350  30
	0	68	1	28	2	90	3	53	4	29	5	48	6	42	7	47	8	10	9	48	10	87	11	95	12	96	13	80	14	21	15	62	16	29	17	98	18	4	19	50	20	90	21	79	22	38	23	40	24	8	25	80	26	54	27	97	28	50	29	12
	0	82	1	94	2	74	3	34	4	94	5	5	6	54	7	76	8	48	9	65	10	98	11	62	12	53	13	88	14	18	15	78	16	43	17	8	18	36	19	14	20	46	21	71	22	20	23	73	24	56	25	89	26	93	27	23	28	67	29	61
	0	57	1	50	2	21	3	81	4	24	5	4	6	68	7	27	8	41	9	87	10	60	11	73	12	65	13	1	14	13	15	83	16	13	17	52	18	6	19	80	20	93	21	98	22	17	23	80	24	99	25	64	26	1	27	63	28	19	29	81
	0	64	1	98	2	93	3	11	4	88	5	53	6	13	7	62	8	11	9	56	10	69	11	21	12	72	13	84	14	59	15	47	16	66	17	13	18	32	19	95	20	71	21	28	22	38	23	79	24	52	25	92	26	89	27	90	28	42	29	37
	0	54	1	19	2	55	3	94	4	62	5	60	6	94	7	99	8	73	9	93	10	44	11	32	12	28	13	60	14	74	15	87	16	12	17	98	18	81	19	62	20	84	21	93	22	47	23	27	24	44	25	52	26	8	27	22	28	56	29	25
	0	42	1	63	2	45	3	14	4	20	5	83	6	29	7	52	8	93	9	32	10	66	11	50	12	8	13	99	14	13	15	23	16	52	17	47	18	39	19	63	20	98	21	66	22	36	23	18	24	86	25	82	26	13	27	74	28	61	29	88
	0	75	1	84	2	59	3	70	4	22	5	59	6	7	7	52	8	14	9	29	10	88	11	95	12	86	13	46	14	63	15	98	16	28	17	69	18	87	19	5	20	37	21	68	22	27	23	12	24	13	25	32	26	88	27	23	28	82	29	67
	0	6	1	10	2	31	3	19	4	46	5	63	6	1	7	60	8	38	9	39	10	95	11	22	12	23	13	55	14	63	15	60	16	93	17	76	18	87	19	95	20	54	21	81	22	86	23	50	24	48	25	40	26	99	27	87	28	95	29	6
	0	22	1	16	2	60	3	8	4	13	5	23	6	52	7	23	8	78	9	39	10	3	11	33	12	10	13	52	14	91	15	8	16	57	17	36	18	97	19	77	20	8	21	38	22	26	23	70	24	50	25	62	26	12	27	40	28	33	29	23
	0	98	1	13	2	35	3	73	4	61	5	4	6	21	7	28	8	22	9	11	10	31	11	30	12	63	13	78	14	54	15	29	16	27	17	75	18	63	19	79	20	99	21	51	22	20	23	75	24	69	25	42	26	74	27	72	28	41	29	55
	0	14	1	69	2	30	3	55	4	56	5	49	6	65	7	22	8	61	9	3	10	95	11	59	12	23	13	81	14	48	15	64	16	77	17	52	18	15	19	4	20	7	21	62	22	40	23	48	24	58	25	20	26	46	27	47	28	86	29	59
	0	24	1	77	2	98	3	44	4	71	5	67	6	53	7	25	8	50	9	87	10	48	11	59	12	5	13	80	14	100	15	56	16	61	17	37	18	91	19	9	20	81	21	69	22	48	23	18	24	85	25	17	26	64	27	26	28	13	29	10
	0	100	1	19	2	24	3	53	4	100	5	56	6	46	7	12	8	27	9	40	10	15	11	27	12	3	13	43	14	84	15	62	16	89	17	31	18	72	19	94	20	64	21	77	22	99	23	70	24	79	25	48	26	14	27	13	28	92	29	88
	0	25	1	31	2	8	3	60	4	72	5	80	6	90	7	100	8	26	9	80	10	12	11	3	12	76	13	70	14	57	15	44	16	55	17	70	18	1	19	97	20	24	21	80	22	20	23	23	24	86	25	37	26	25	27	14	28	33	29	88
	0	98	1	37	2	27	3	88	4	87	5	5	6	72	7	5	8	99	9	63	10	26	11	86	12	74	13	83	14	73	15	45	16	48	17	87	18	41	19	44	20	29	21	59	22	29	23	97	24	44	25	100	26	5	27	22	28	44	29	44
	0	64	1	100	2	50	3	45	4	65	5	37	6	98	7	92	8	94	9	29	10	14	11	19	12	7	13	73	14	13	15	13	16	65	17	85	18	21	19	39	20	57	21	2	22	49	23	37	24	70	25	94	26	77	27	54	28	65	29	6
	0	27	1	29	2	52	3	5	4	23	5	21	6	77	7	7	8	84	9	71	10	83	11	3	12	81	13	33	14	76	15	10	16	61	17	94	18	30	19	23	20	30	21	5	22	14	23	40	24	22	25	62	26	100	27	74	28	18	29	18
	0	21	1	96	2	97	3	23	4	60	5	62	6	99	7	15	8	97	9	7	10	69	11	8	12	50	13	30	14	1	15	56	16	84	17	91	18	83	19	86	20	69	21	94	22	36	23	28	24	19	25	27	26	88	27	83	28	42	29	90
	0	25	1	14	2	71	3	27	4	10	5	48	6	74	7	33	8	68	9	15	10	54	11	21	12	63	13	81	14	81	15	65	16	37	17	30	18	28	19	40	20	76	21	17	22	100	23	33	24	8	25	91	26	75	27	11	28	72	29	60
	0	90	1	49	2	11	3	54	4	60	5	59	6	57	7	86	8	99	9	78	10	27	11	50	12	73	13	10	14	55	15	85	16	27	17	15	18	7	19	88	20	50	21	4	22	72	23	76	24	65	25	79	26	23	27	16	28	77	29	16
	0	82	1	70	2	7	3	7	4	49	5	37	6	77	7	78	8	58	9	84	10	59	11	62	12	84	13	84	14	73	15	10	16	21	17	25	18	14	19	37	20	88	21	48	22	38	23	59	24	33	25	19	26	22	27	71	28	65	29	64
	0	20	1	43	2	9	3	100	4	28	5	73	6	71	7	54	8	59	9	98	10	69	11	55	12	100	13	51	14	51	15	24	16	71	17	36	18	18	19	25	20	36	21	40	22	13	23	20	24	24	25	7	26	56	27	65	28	54	29	50
	0	28	1	36	2	91	3	69	4	25	5	55	6	57	7	7	8	63	9	83	10	85	11	59	12	77	13	73	14	88	15	9	16	50	17	15	18	76	19	78	20	84	21	18	22	58	23	85	24	75	25	2	26	87	27	76	28	71	29	95
	0	61	1	59	2	11	3	69	4	73	5	47	6	87	7	52	8	70	9	20	10	73	11	93	12	82	13	28	14	3	15	80	16	9	17	7	18	10	19	40	20	95	21	3	22	41	23	55	24	13	25	86	26	24	27	80	28	50	29	21
	0	37	1	56	2	64	3	41	4	22	5	44	6	45	7	8	8	33	9	23	10	11	11	77	12	3	13	38	14	20	15	97	16	100	17	77	18	70	19	14	20	68	21	21	22	29	23	55	24	97	25	99	26	9	27	5	28	67	29	32
	0	83	1	23	2	52	3	61	4	5	5	44	6	79	7	76	8	80	9	59	10	85	11	13	12	96	13	91	14	17	15	66	16	16	17	87	18	54	19	35	20	98	21	2	22	69	23	22	24	74	25	53	26	37	27	28	28	20	29	59
	0	71	1	23	2	98	3	90	4	41	5	82	6	47	7	12	8	3	9	23	10	48	11	83	12	47	13	82	14	10	15	29	16	32	17	11	18	31	19	43	20	84	21	83	22	39	23	43	24	66	25	41	26	22	27	95	28	34	29	34
	0	92	1	14	2	58	3	7	4	56	5	57	6	66	7	60	8	70	9	97	10	28	11	79	12	13	13	39	14	7	15	4	16	10	17	10	18	27	19	98	20	73	21	40	22	42	23	19	24	61	25	12	26	19	27	20	28	60	29	54
	0	40	1	21	2	42	3	90	4	9	5	27	6	61	7	86	8	18	9	97	10	78	11	48	12	92	13	79	14	36	15	65	16	35	17	66	18	22	19	2	20	36	21	38	22	95	23	75	24	12	25	2	26	52	27	85	28	96	29	38
	0	71	1	79	2	93	3	11	4	56	5	57	6	65	7	16	8	64	9	62	10	25	11	60	12	94	13	16	14	43	15	97	16	70	17	74	18	83	19	70	20	43	21	26	22	52	23	34	24	93	25	75	26	12	27	57	28	19	29	40
	0	74	1	12	2	32	3	96	4	11	5	36	6	91	7	36	8	21	9	96	10	59	11	2	12	45	13	81	14	61	15	56	16	35	17	45	18	67	19	54	20	87	21	32	22	39	23	56	24	27	25	78	26	11	27	92	28	91	29	71
	0	92	1	57	2	37	3	100	4	17	5	10	6	97	7	46	8	74	9	1	10	32	11	77	12	87	13	45	14	70	15	55	16	42	17	22	18	31	19	74	20	73	21	74	22	66	23	82	24	49	25	16	26	68	27	49	28	37	29	6
	0	32	1	97	2	19	3	15	4	76	5	97	6	94	7	98	8	35	9	1	10	3	11	77	12	10	13	58	14	35	15	60	16	23	17	40	18	22	19	72	20	3	21	76	22	28	23	74	24	21	25	64	26	80	27	81	28	42	29	17
	0	5	1	23	2	52	3	51	4	68	5	98	6	90	7	40	8	27	9	18	10	94	11	78	12	46	13	41	14	27	15	30	16	33	17	39	18	63	19	61	20	4	21	63	22	28	23	81	24	69	25	74	26	37	27	37	28	9	29	79
	0	74	1	39	2	93	3	73	4	99	5	13	6	29	7	90	8	88	9	2	10	74	11	2	12	23	13	67	14	40	15	20	16	9	17	69	18	59	19	4	20	78	21	5	22	13	23	55	24	93	25	57	26	27	27	71	28	79	29	72
	0	86	1	88	2	44	3	64	4	27	5	17	6	55	7	29	8	12	9	75	10	84	11	96	12	91	13	58	14	56	15	73	16	94	17	95	18	43	19	42	20	33	21	1	22	92	23	22	24	93	25	9	26	91	27	11	28	29	29	37
	0	98	1	55	2	28	3	39	4	93	5	28	6	75	7	40	8	32	9	6	10	47	11	42	12	1	13	76	14	26	15	74	16	10	17	13	18	87	19	96	20	73	21	5	22	24	23	5	24	61	25	30	26	10	27	88	28	26	29	92
	0	99	1	21	2	26	3	88	4	24	5	14	6	19	7	55	8	52	9	53	10	80	11	17	12	83	13	79	14	71	15	32	16	24	17	10	18	82	19	19	20	67	21	7	22	99	23	4	24	44	25	15	26	72	27	6	28	49	29	57
	0	5	1	84	2	53	3	48	4	80	5	83	6	35	7	47	8	77	9	62	10	19	11	95	12	76	13	98	14	92	15	75	16	31	17	95	18	27	19	6	20	56	21	39	22	55	23	61	24	82	25	72	26	50	27	58	28	48	29	96
	0	16	1	82	2	48	3	14	4	4	5	20	6	56	7	71	8	88	9	22	10	80	11	50	12	81	13	30	14	35	15	50	16	64	17	23	18	28	19	36	20	69	21	78	22	95	23	32	24	40	25	45	26	38	27	32	28	46	29	88
	0	41	1	6	2	36	3	30	4	79	5	45	6	60	7	17	8	36	9	92	10	85	11	77	12	99	13	14	14	89	15	52	16	100	17	39	18	10	19	17	20	16	21	61	22	82	23	16	24	48	25	74	26	82	27	96	28	43	29	97
	0	81	1	83	2	40	3	8	4	57	5	71	6	31	7	81	8	26	9	93	10	83	11	4	12	95	13	100	14	63	15	34	16	39	17	77	18	52	19	92	20	63	21	50	22	59	23	20	24	91	25	91	26	43	27	52	28	11	29	4
	0	28	1	69	2	47	3	52	4	63	5	39	6	45	7	74	8	46	9	63	10	99	11	80	12	45	13	77	14	59	15	30	16	58	17	82	18	72	19	50	20	100	21	3	22	73	23	20	24	24	25	99	26	18	27	46	28	95	29	69
	0	28	1	8	2	86	3	36	4	85	5	26	6	63	7	97	8	86	9	13	10	72	11	73	12	75	13	87	14	51	15	96	16	88	17	60	18	30	19	17	20	76	21	43	22	89	23	29	24	12	25	25	26	90	27	24	28	80	29	4
	0	98	1	42	2	4	3	1	4	63	5	79	6	78	7	65	8	26	9	48	10	88	11	61	12	66	13	32	14	42	15	99	16	13	17	59	18	62	19	31	20	80	21	88	22	82	23	53	24	96	25	90	26	74	27	63	28	43	29	59
	0	89	1	63	2	33	3	2	4	80	5	27	6	67	7	66	8	57	9	56	10	69	11	18	12	78	13	94	14	91	15	98	16	86	17	76	18	26	19	80	20	33	21	38	22	69	23	33	24	68	25	6	26	29	27	71	28	71	29	37
	0	75	1	10	2	53	3	97	4	59	5	94	6	67	7	81	8	60	9	55	10	96	11	11	12	43	13	1	14	5	15	88	16	21	17	71	18	86	19	58	20	67	21	85	22	23	23	28	24	13	25	80	26	56	27	51	28	31	29	22
	0	36	1	49	2	88	3	18	4	74	5	59	6	22	7	76	8	48	9	10	10	66	11	91	12	16	13	69	14	32	15	52	16	37	17	22	18	36	19	88	20	18	21	59	22	99	23	15	24	23	25	99	26	91	27	44	28	15	29	67
	0	77	1	56	2	22	3	3	4	92	5	66	6	51	7	75	8	48	9	21	10	75	11	12	12	63	13	12	14	82	15	97	16	54	17	92	18	62	19	76	20	22	21	26	22	53	23	70	24	63	25	25	26	97	27	98	28	33	29	31
	0	57	1	57	2	76	3	50	4	3	5	6	6	1	7	75	8	76	9	51	10	48	11	17	12	70	13	37	14	90	15	41	16	6	17	86	18	56	19	4	20	89	21	32	22	77	23	100	24	57	25	59	26	87	27	85	28	76	29	28
	0	33	1	34	2	41	3	52	4	68	5	46	6	73	7	64	8	42	9	6	10	39	11	67	12	14	13	64	14	25	15	87	16	41	17	92	18	43	19	55	20	21	21	37	22	46	23	73	24	2	25	65	26	90	27	70	28	80	29	76
	0	65	1	40	2	39	3	37	4	72	5	10	6	26	7	48	8	47	9	86	10	46	11	58	12	23	13	80	14	22	15	77	16	5	17	16	18	69	19	69	20	95	21	50	22	64	23	4	24	85	25	83	26	10	27	16	28	11	29	23
	0	33	1	97	2	35	3	39	4	58	5	13	6	99	7	14	8	57	9	26	10	58	11	84	12	53	13	68	14	8	15	27	16	29	17	86	18	42	19	26	20	86	21	62	22	10	23	43	24	34	25	80	26	73	27	49	28	20	29	84
	0	70	1	18	2	21	3	59	4	31	5	79	6	55	7	22	8	15	9	74	10	1	11	14	12	62	13	69	14	13	15	15	16	69	17	16	18	78	19	35	20	41	21	76	22	59	23	53	24	79	25	33	26	10	27	7	28	2	29	59
	0	58	1	42	2	16	3	26	4	1	5	86	6	66	7	68	8	52	9	16	10	62	11	28	12	28	13	10	14	35	15	54	16	79	17	15	18	75	19	35	20	92	21	79	22	75	23	73	24	16	25	12	26	40	27	45	28	6	29	89
	0	82	1	2	2	60	3	1	4	90	5	100	6	15	7	18	8	25	9	65	10	31	11	33	12	23	13	38	14	45	15	74	16	70	17	56	18	17	19	23	20	92	21	48	22	77	23	91	24	88	25	75	26	41	27	99	28	75	29	30
	0	68	1	95	2	43	3	69	4	67	5	10	6	30	7	66	8	86	9	9	10	63	11	79	12	28	13	3	14	31	15	96	16	88	17	32	18	85	19	90	20	97	21	35	22	81	23	96	24	24	25	56	26	96	27	95	28	76	29	60
	0	14	1	67	2	75	3	56	4	37	5	54	6	30	7	60	8	71	9	28	10	18	11	27	12	3	13	73	14	41	15	43	16	59	17	17	18	28	19	75	20	16	21	76	22	98	23	84	24	96	25	95	26	5	27	74	28	84	29	93
	0	21	1	33	2	29	3	60	4	40	5	71	6	35	7	49	8	8	9	79	10	40	11	66	12	2	13	51	14	42	15	59	16	23	17	60	18	31	19	44	20	68	21	55	22	19	23	33	24	9	25	42	26	90	27	39	28	75	29	58
	0	6	1	86	2	33	3	45	4	39	5	42	6	6	7	100	8	28	9	51	10	65	11	33	12	61	13	37	14	8	15	79	16	44	17	2	18	85	19	49	20	11	21	48	22	45	23	92	24	71	25	82	26	22	27	21	28	9	29	98
	0	72	1	35	2	88	3	37	4	28	5	11	6	8	7	70	8	51	9	68	10	28	11	56	12	77	13	28	14	54	15	74	16	92	17	20	18	46	19	19	20	97	21	96	22	13	23	24	24	27	25	66	26	69	27	47	28	43	29	73
	0	95	1	19	2	17	3	48	4	27	5	65	6	80	7	35	8	47	9	29	10	86	11	63	12	68	13	65	14	23	15	11	16	32	17	87	18	90	19	98	20	54	21	78	22	87	23	74	24	92	25	96	26	16	27	24	28	30	29	52
	0	79	1	86	2	84	3	25	4	14	5	53	6	88	7	38	8	20	9	11	10	8	11	29	12	54	13	40	14	1	15	76	16	95	17	66	18	7	19	64	20	23	21	49	22	43	23	98	24	40	25	46	26	51	27	13	28	47	29	76
	0	92	1	24	2	51	3	91	4	10	5	16	6	49	7	18	8	8	9	76	10	36	11	21	12	93	13	9	14	30	15	14	16	98	17	93	18	89	19	17	20	82	21	66	22	92	23	27	24	61	25	50	26	98	27	65	28	39	29	50
	0	86	1	95	2	14	3	89	4	84	5	56	6	100	7	68	8	90	9	28	10	94	11	51	12	76	13	37	14	47	15	33	16	23	17	67	18	54	19	18	20	10	21	25	22	58	23	34	24	85	25	97	26	25	27	58	28	62	29	71
	0	47	1	11	2	35	3	21	4	73	5	78	6	12	7	86	8	78	9	34	10	92	11	81	12	23	13	87	14	45	15	19	16	60	17	91	18	75	19	44	20	82	21	57	22	71	23	92	24	32	25	83	26	69	27	39	28	22	29	94
	0	90	1	95	2	15	3	24	4	25	5	55	6	68	7	21	8	77	9	29	10	61	11	43	12	88	13	89	14	43	15	59	16	3	17	17	18	69	19	1	20	60	21	55	22	15	23	16	24	93	25	60	26	93	27	7	28	96	29	47
	0	10	1	85	2	100	3	55	4	26	5	45	6	23	7	64	8	18	9	51	10	28	11	70	12	63	13	2	14	95	15	78	16	71	17	93	18	73	19	71	20	55	21	7	22	86	23	72	24	8	25	3	26	3	27	8	28	29	29	75
	0	100	1	30	2	17	3	9	4	65	5	61	6	8	7	57	8	27	9	78	10	63	11	1	12	23	13	33	14	94	15	93	16	15	17	87	18	96	19	67	20	32	21	6	22	43	23	79	24	92	25	34	26	35	27	28	28	39	29	55
	0	22	1	33	2	98	3	9	4	40	5	94	6	17	7	9	8	37	9	67	10	68	11	91	12	62	13	8	14	26	15	81	16	58	17	76	18	32	19	72	20	76	21	11	22	15	23	42	24	7	25	15	26	51	27	41	28	92	29	3
	0	44	1	59	2	47	3	2	4	90	5	20	6	49	7	20	8	46	9	87	10	31	11	12	12	12	13	62	14	95	15	8	16	12	17	17	18	53	19	85	20	10	21	100	22	40	23	6	24	17	25	83	26	64	27	38	28	69	29	59
	0	92	1	40	2	71	3	16	4	78	5	83	6	58	7	14	8	83	9	20	10	99	11	68	12	56	13	54	14	54	15	13	16	63	17	39	18	60	19	83	20	76	21	34	22	99	23	55	24	86	25	85	26	89	27	24	28	75	29	98
	0	83	1	18	2	72	3	55	4	78	5	63	6	81	7	51	8	67	9	55	10	50	11	78	12	82	13	19	14	22	15	80	16	25	17	31	18	85	19	43	20	59	21	58	22	17	23	11	24	31	25	31	26	85	27	32	28	40	29	50
	0	50	1	72	2	67	3	12	4	87	5	61	6	34	7	75	8	21	9	57	10	66	11	22	12	30	13	27	14	59	15	92	16	84	17	6	18	87	19	68	20	3	21	61	22	6	23	63	24	61	25	82	26	20	27	40	28	75	29	84
	0	38	1	34	2	40	3	63	4	22	5	97	6	13	7	79	8	14	9	65	10	55	11	31	12	85	13	7	14	74	15	56	16	50	17	30	18	43	19	73	20	36	21	36	22	77	23	35	24	5	25	56	26	89	27	89	28	64	29	5
	0	67	1	27	2	7	3	37	4	45	5	2	6	87	7	97	8	47	9	25	10	1	11	88	12	36	13	78	14	39	15	17	16	100	17	2	18	34	19	65	20	45	21	50	22	99	23	16	24	90	25	12	26	68	27	35	28	77	29	49
	0	43	1	67	2	42	3	2	4	30	5	12	6	8	7	44	8	30	9	96	10	5	11	22	12	86	13	36	14	15	15	79	16	24	17	71	18	1	19	56	20	47	21	18	22	82	23	31	24	39	25	50	26	43	27	38	28	15	29	37
	0	97	1	59	2	20	3	77	4	49	5	97	6	48	7	99	8	19	9	72	10	55	11	44	12	24	13	92	14	67	15	39	16	34	17	93	18	20	19	6	20	36	21	57	22	85	23	98	24	91	25	37	26	49	27	45	28	58	29	60
	0	73	1	38	2	16	3	90	4	41	5	1	6	10	7	57	8	59	9	26	10	11	11	97	12	97	13	57	14	62	15	57	16	52	17	69	18	33	19	56	20	89	21	69	22	36	23	1	24	99	25	5	26	52	27	17	28	55	29	72
	0	78	1	29	2	78	3	52	4	95	5	90	6	34	7	22	8	15	9	73	10	20	11	12	12	65	13	54	14	24	15	10	16	95	17	45	18	54	19	34	20	47	21	78	22	75	23	23	24	3	25	30	26	99	27	26	28	95	29	45
	0	18	1	65	2	65	3	95	4	74	5	33	6	93	7	84	8	11	9	33	10	28	11	92	12	43	13	65	14	5	15	5	16	36	17	47	18	22	19	81	20	96	21	83	22	7	23	47	24	7	25	46	26	9	27	42	28	54	29	38
	0	91	1	21	2	28	3	26	4	3	5	11	6	11	7	75	8	61	9	73	10	67	11	43	12	79	13	11	14	2	15	82	16	2	17	41	18	67	19	74	20	62	21	94	22	8	23	4	24	37	25	29	26	96	27	28	28	96	29	83
	0	90	1	9	2	59	3	74	4	13	5	15	6	94	7	31	8	48	9	10	10	49	11	35	12	77	13	76	14	70	15	78	16	25	17	48	18	72	19	77	20	85	21	61	22	52	23	14	24	28	25	23	26	59	27	64	28	34	29	74
	0	76	1	53	2	89	3	92	4	62	5	57	6	29	7	61	8	63	9	12	10	52	11	9	12	99	13	26	14	3	15	67	16	74	17	92	18	1	19	37	20	75	21	56	22	87	23	42	24	51	25	73	26	1	27	7	28	88	29	70
	0	99	1	3	2	31	3	3	4	93	5	31	6	8	7	51	8	67	9	55	10	53	11	10	12	98	13	81	14	50	15	74	16	87	17	70	18	35	19	7	20	74	21	14	22	19	23	45	24	8	25	16	26	38	27	3	28	81	29	59
	0	35	1	41	2	49	3	48	4	15	5	35	6	1	7	62	8	51	9	63	10	51	11	52	12	29	13	85	14	68	15	78	16	37	17	90	18	54	19	47	20	64	21	23	22	47	23	31	24	53	25	42	26	10	27	44	28	14	29	41
	0	29	1	25	2	9	3	49	4	26	5	56	6	51	7	3	8	70	9	4	10	92	11	27	12	38	13	72	14	75	15	98	16	52	17	86	18	88	19	56	20	13	21	80	22	46	23	97	24	82	25	31	26	76	27	67	28	93	29	54
	0	98	1	21	2	14	3	85	4	9	5	41	6	56	7	89	8	33	9	12	10	15	11	71	12	73	13	4	14	15	15	97	16	96	17	9	18	48	19	33	20	28	21	33	22	55	23	60	24	34	25	34	26	96	27	43	28	29	29	70
	0	87	1	36	2	29	3	83	4	13	5	64	6	35	7	41	8	45	9	22	10	24	11	20	12	9	13	63	14	86	15	80	16	7	17	77	18	18	19	84	20	62	21	86	22	77	23	58	24	54	25	96	26	52	27	93	28	67	29	89
	0	1	1	25	2	55	3	44	4	68	5	65	6	11	7	21	8	78	9	49	10	83	11	44	12	58	13	35	14	82	15	68	16	65	17	68	18	66	19	22	20	86	21	86	22	8	23	50	24	51	25	46	26	67	27	8	28	95	29	82
	0	30	1	77	2	23	3	35	4	94	5	97	6	97	7	8	8	1	9	57	10	26	11	43	12	45	13	58	14	41	15	17	16	22	17	66	18	91	19	9	20	82	21	7	22	65	23	84	24	7	25	70	26	60	27	87	28	33	29	33
	0	27	1	63	2	75	3	5	4	75	5	27	6	32	7	78	8	15	9	55	10	81	11	10	12	62	13	76	14	86	15	83	16	47	17	78	18	75	19	24	20	90	21	70	22	73	23	74	24	43	25	45	26	87	27	30	28	10	29	48
	0	74	1	18	2	83	3	48	4	53	5	60	6	79	7	57	8	31	9	34	10	44	11	50	12	62	13	60	14	66	15	78	16	45	17	49	18	21	19	81	20	45	21	99	22	32	23	43	24	95	25	24	26	25	27	39	28	87	29	52
	0	1	1	72	2	96	3	30	4	69	5	1	6	71	7	20	8	5	9	6	10	87	11	75	12	27	13	39	14	58	15	23	16	11	17	57	18	43	19	3	20	79	21	41	22	94	23	37	24	35	25	48	26	32	27	28	28	39	29	38
	0	51	1	98	2	32	3	79	4	88	5	43	6	61	7	38	8	96	9	48	10	66	11	82	12	26	13	77	14	24	15	69	16	94	17	55	18	65	19	95	20	86	21	3	22	6	23	25	24	42	25	73	26	60	27	32	28	4	29	15
	0	31	1	14	2	32	3	69	4	93	5	66	6	18	7	51	8	3	9	25	10	50	11	100	12	21	13	20	14	9	15	77	16	18	17	89	18	1	19	53	20	95	21	53	22	59	23	23	24	58	25	49	26	64	27	30	28	13	29	67
	0	61	1	83	2	69	3	43	4	90	5	5	6	71	7	7	8	43	9	60	10	13	11	83	12	16	13	19	14	77	15	80	16	28	17	80	18	12	19	49	20	18	21	50	22	58	23	67	24	34	25	53	26	63	27	85	28	97	29	22
	0	49	1	52	2	90	3	91	4	40	5	100	6	94	7	85	8	50	9	51	10	97	11	88	12	77	13	80	14	31	15	38	16	82	17	51	18	11	19	52	20	28	21	1	22	92	23	20	24	12	25	51	26	63	27	92	28	16	29	52
	0	34	1	51	2	63	3	15	4	7	5	63	6	53	7	63	8	19	9	27	10	6	11	25	12	100	13	71	14	52	15	39	16	92	17	77	18	32	19	46	20	15	21	25	22	10	23	99	24	80	25	76	26	5	27	93	28	82	29	57
	0	85	1	24	2	25	3	7	4	99	5	6	6	62	7	88	8	36	9	12	10	50	11	87	12	13	13	31	14	55	15	55	16	64	17	33	18	55	19	48	20	67	21	7	22	32	23	93	24	22	25	97	26	43	27	69	28	84	29	61
	0	9	1	79	2	6	3	25	4	78	5	71	6	46	7	6	8	38	9	18	10	37	11	28	12	78	13	64	14	40	15	48	16	45	17	2	18	13	19	88	20	32	21	51	22	75	23	100	24	87	25	17	26	46	27	53	28	52	29	90
	0	90	1	96	2	45	3	100	4	89	5	31	6	61	7	12	8	37	9	19	10	51	11	69	12	27	13	92	14	3	15	90	16	49	17	34	18	40	19	90	20	64	21	79	22	92	23	73	24	85	25	20	26	36	27	18	28	88	29	24
	0	86	1	69	2	59	3	18	4	76	5	80	6	10	7	68	8	97	9	89	10	51	11	79	12	50	13	21	14	93	15	88	16	33	17	42	18	1	19	20	20	88	21	8	22	57	23	35	24	64	25	94	26	75	27	88	28	70	29	85
	0	72	1	71	2	30	3	75	4	22	5	24	6	67	7	90	8	18	9	16	10	68	11	48	12	13	13	44	14	15	15	19	16	45	17	3	18	82	19	31	20	49	21	16	22	25	23	60	24	1	25	36	26	35	27	79	28	66	29	49
	0	11	1	70	2	41	3	54	4	79	5	15	6	8	7	85	8	68	9	16	10	31	11	5	12	14	13	26	14	91	15	99	16	62	17	72	18	14	19	23	20	73	21	11	22	43	23	8	24	65	25	64	26	72	27	12	28	47	29	85
	0	25	1	79	2	16	3	87	4	63	5	37	6	36	7	36	8	37	9	50	10	13	11	60	12	39	13	18	14	33	15	49	16	1	17	56	18	37	19	51	20	50	21	38	22	37	23	74	24	28	25	57	26	8	27	53	28	22	29	47
	0	1	1	56	2	66	3	76	4	71	5	16	6	21	7	83	8	8	9	25	10	28	11	46	12	15	13	34	14	1	15	87	16	79	17	31	18	3	19	54	20	19	21	94	22	23	23	36	24	13	25	49	26	44	27	3	28	35	29	73
	0	68	1	75	2	59	3	28	4	46	5	69	6	100	7	1	8	22	9	59	10	15	11	6	12	94	13	74	14	74	15	68	16	45	17	98	18	67	19	76	20	2	21	57	22	22	23	1	24	24	25	10	26	48	27	6	28	28	29	60
	0	12	1	85	2	1	3	82	4	35	5	22	6	68	7	9	8	55	9	50	10	92	11	33	12	81	13	44	14	43	15	12	16	71	17	4	18	73	19	88	20	67	21	76	22	50	23	58	24	92	25	37	26	64	27	54	28	94	29	54
	0	8	1	22	2	85	3	63	4	81	5	5	6	7	7	52	8	81	9	78	10	23	11	33	12	76	13	74	14	40	15	43	16	78	17	17	18	69	19	99	20	54	21	45	22	8	23	13	24	42	25	74	26	5	27	31	28	75	29	62
	0	16	1	41	2	13	3	56	4	85	5	95	6	39	7	34	8	5	9	18	10	78	11	81	12	25	13	88	14	42	15	52	16	32	17	43	18	99	19	20	20	15	21	23	22	28	23	9	24	77	25	59	26	20	27	50	28	74	29	75
	0	9	1	31	2	81	3	53	4	63	5	8	6	25	7	85	8	73	9	9	10	21	11	11	12	99	13	51	14	12	15	14	16	77	17	39	18	7	19	27	20	98	21	29	22	38	23	61	24	7	25	71	26	18	27	72	28	70	29	58
	0	42	1	27	2	37	3	59	4	69	5	16	6	76	7	99	8	1	9	49	10	57	11	22	12	3	13	9	14	28	15	48	16	71	17	76	18	87	19	10	20	20	21	14	22	67	23	30	24	51	25	11	26	71	27	74	28	34	29	2
	0	25	1	95	2	86	3	7	4	52	5	44	6	65	7	96	8	63	9	28	10	90	11	17	12	30	13	17	14	58	15	83	16	94	17	59	18	18	19	100	20	1	21	39	22	36	23	65	24	90	25	83	26	49	27	87	28	72	29	12
	0	84	1	86	2	62	3	85	4	15	5	1	6	67	7	90	8	61	9	96	10	32	11	69	12	56	13	35	14	5	15	89	16	49	17	88	18	73	19	95	20	5	21	79	22	66	23	4	24	28	25	78	26	46	27	28	28	9	29	14
	0	31	1	33	2	86	3	52	4	4	5	80	6	72	7	58	8	14	9	98	10	59	11	60	12	85	13	73	14	41	15	61	16	63	17	85	18	98	19	72	20	85	21	96	22	17	23	69	24	50	25	84	26	75	27	91	28	12	29	78
	0	92	1	35	2	42	3	32	4	17	5	16	6	19	7	57	8	32	9	90	10	48	11	72	12	68	13	69	14	21	15	69	16	74	17	68	18	57	19	4	20	84	21	70	22	96	23	29	24	68	25	91	26	43	27	57	28	66	29	80
	0	58	1	24	2	42	3	4	4	65	5	61	6	10	7	83	8	19	9	21	10	3	11	75	12	42	13	18	14	4	15	44	16	34	17	62	18	63	19	44	20	8	21	95	22	46	23	8	24	17	25	84	26	9	27	28	28	52	29	7
	0	95	1	60	2	50	3	36	4	85	5	90	6	34	7	19	8	56	9	47	10	65	11	1	12	25	13	55	14	90	15	45	16	93	17	47	18	11	19	31	20	3	21	89	22	11	23	60	24	79	25	98	26	3	27	81	28	22	29	30
	0	7	1	15	2	67	3	87	4	49	5	56	6	30	7	76	8	51	9	58	10	3	11	92	12	58	13	55	14	72	15	35	16	5	17	60	18	66	19	75	20	37	21	35	22	67	23	19	24	27	25	53	26	34	27	43	28	58	29	67
	0	21	1	7	2	57	3	68	4	92	5	55	6	12	7	5	8	69	9	60	10	90	11	83	12	61	13	89	14	50	15	67	16	51	17	83	18	24	19	74	20	64	21	68	22	92	23	8	24	15	25	62	26	91	27	77	28	25	29	36
	0	26	1	11	2	55	3	38	4	73	5	50	6	90	7	96	8	92	9	82	10	77	11	52	12	95	13	49	14	92	15	1	16	34	17	48	18	1	19	34	20	100	21	100	22	35	23	3	24	49	25	61	26	88	27	62	28	6	29	89
	0	18	1	57	2	2	3	15	4	4	5	62	6	44	7	51	8	88	9	82	10	35	11	61	12	12	13	77	14	79	15	63	16	19	17	77	18	51	19	33	20	94	21	85	22	9	23	51	24	34	25	97	26	79	27	80	28	10	29	76
	0	46	1	98	2	41	3	77	4	21	5	1	6	82	7	84	8	81	9	59	10	20	11	25	12	84	13	91	14	13	15	76	16	27	17	83	18	24	19	58	20	85	21	87	22	34	23	99	24	46	25	42	26	25	27	4	28	47	29	30
	0	87	1	76	2	55	3	61	4	78	5	54	6	68	7	23	8	34	9	73	10	13	11	66	12	28	13	74	14	77	15	99	16	3	17	2	18	93	19	21	20	44	21	72	22	67	23	100	24	59	25	99	26	28	27	90	28	79	29	20
	0	14	1	52	2	9	3	47	4	49	5	91	6	71	7	37	8	70	9	59	10	41	11	61	12	94	13	63	14	64	15	18	16	47	17	91	18	90	19	21	20	1	21	37	22	75	23	36	24	73	25	87	26	40	27	77	28	90	29	14
	0	77	1	78	2	35	3	61	4	48	5	89	6	12	7	50	8	19	9	62	10	1	11	12	12	13	13	45	14	92	15	46	16	85	17	87	18	23	19	45	20	62	21	17	22	48	23	44	24	72	25	57	26	24	27	93	28	80	29	85
	0	89	1	33	2	4	3	52	4	62	5	53	6	60	7	15	8	100	9	51	10	82	11	56	12	79	13	16	14	95	15	85	16	2	17	9	18	58	19	46	20	29	21	19	22	90	23	83	24	99	25	9	26	45	27	31	28	86	29	87
	0	14	1	43	2	2	3	68	4	56	5	52	6	42	7	96	8	83	9	52	10	37	11	60	12	73	13	35	14	69	15	28	16	65	17	8	18	33	19	51	20	55	21	3	22	83	23	46	24	28	25	30	26	88	27	46	28	64	29	44
	0	72	1	66	2	13	3	31	4	26	5	44	6	35	7	30	8	15	9	37	10	37	11	43	12	21	13	95	14	68	15	2	16	80	17	32	18	33	19	1	20	19	21	70	22	59	23	3	24	1	25	36	26	15	27	82	28	23	29	24
	0	57	1	68	2	38	3	51	4	77	5	96	6	77	7	84	8	52	9	76	10	20	11	1	12	27	13	43	14	17	15	25	16	96	17	52	18	67	19	39	20	43	21	18	22	12	23	65	24	59	25	30	26	91	27	76	28	70	29	76
	0	80	1	63	2	9	3	67	4	86	5	94	6	42	7	47	8	95	9	14	10	25	11	18	12	89	13	85	14	38	15	22	16	63	17	68	18	47	19	66	20	29	21	88	22	69	23	76	24	85	25	41	26	52	27	8	28	60	29	28
	0	95	1	64	2	6	3	33	4	62	5	92	6	65	7	68	8	73	9	60	10	37	11	63	12	80	13	25	14	49	15	68	16	40	17	64	18	63	19	99	20	68	21	17	22	13	23	42	24	22	25	56	26	31	27	98	28	44	29	99
	0	8	1	32	2	77	3	12	4	17	5	57	6	17	7	86	8	67	9	78	10	72	11	71	12	82	13	59	14	51	15	4	16	23	17	1	18	85	19	67	20	97	21	39	22	63	23	64	24	9	25	93	26	42	27	3	28	64	29	44
	0	46	1	5	2	30	3	5	4	85	5	100	6	1	7	10	8	33	9	78	10	30	11	52	12	72	13	84	14	27	15	34	16	80	17	100	18	31	19	15	20	8	21	42	22	11	23	64	24	95	25	58	26	52	27	57	28	3	29	27
	0	17	1	84	2	80	3	67	4	17	5	39	6	68	7	22	8	16	9	17	10	26	11	87	12	39	13	45	14	38	15	65	16	92	17	20	18	17	19	100	20	85	21	15	22	27	23	16	24	24	25	100	26	83	27	38	28	24	29	79
	0	14	1	100	2	45	3	27	4	74	5	64	6	56	7	4	8	62	9	87	10	89	11	55	12	70	13	21	14	22	15	41	16	69	17	43	18	17	19	50	20	18	21	28	22	95	23	84	24	41	25	30	26	23	27	26	28	7	29	30
	0	52	1	29	2	13	3	60	4	22	5	82	6	65	7	15	8	29	9	45	10	84	11	16	12	19	13	54	14	98	15	79	16	54	17	47	18	96	19	14	20	61	21	61	22	50	23	46	24	65	25	81	26	35	27	36	28	67	29	71
	0	1	1	52	2	8	3	4	4	74	5	9	6	43	7	61	8	96	9	79	10	12	11	84	12	33	13	45	14	74	15	93	16	99	17	46	18	54	19	100	20	83	21	35	22	3	23	89	24	84	25	58	26	95	27	41	28	75	29	4
	0	84	1	16	2	61	3	11	4	8	5	27	6	2	7	12	8	22	9	76	10	20	11	52	12	78	13	22	14	92	15	25	16	94	17	6	18	20	19	98	20	86	21	60	22	28	23	30	24	45	25	73	26	2	27	4	28	80	29	78
	0	10	1	15	2	74	3	94	4	36	5	100	6	16	7	50	8	37	9	99	10	97	11	43	12	95	13	71	14	94	15	33	16	25	17	20	18	87	19	74	20	67	21	99	22	62	23	17	24	59	25	85	26	6	27	54	28	93	29	66
	0	9	1	80	2	70	3	67	4	6	5	91	6	37	7	5	8	39	9	48	10	48	11	63	12	21	13	76	14	90	15	9	16	24	17	70	18	82	19	9	20	33	21	35	22	4	23	3	24	36	25	86	26	41	27	51	28	28	29	73
	0	52	1	63	2	69	3	12	4	72	5	69	6	20	7	40	8	30	9	97	10	30	11	26	12	39	13	62	14	71	15	94	16	80	17	82	18	25	19	61	20	94	21	84	22	83	23	74	24	50	25	53	26	10	27	8	28	68	29	42
	0	71	1	73	2	84	3	54	4	40	5	16	6	12	7	46	8	25	9	31	10	41	11	40	12	89	13	12	14	49	15	18	16	44	17	16	18	48	19	43	20	51	21	12	22	73	23	51	24	55	25	29	26	86	27	80	28	29	29	51
	0	69	1	37	2	18	3	100	4	1	5	36	6	99	7	11	8	71	9	37	10	3	11	1	12	52	13	85	14	57	15	63	16	47	17	16	18	55	19	62	20	85	21	83	22	51	23	4	24	17	25	32	26	41	27	90	28	48	29	6
	0	85	1	9	2	4	3	80	4	69	5	99	6	24	7	46	8	17	9	93	10	11	11	94	12	3	13	42	14	3	15	72	16	26	17	63	18	34	19	7	20	43	21	55	22	90	23	35	24	69	25	95	26	5	27	60	28	1	29	100
	0	30	1	39	2	15	3	5	4	68	5	76	6	48	7	19	8	78	9	60	10	61	11	32	12	78	13	84	14	46	15	96	16	94	17	30	18	29	19	20	20	46	21	5	22	63	23	18	24	69	25	69	26	45	27	22	28	100	29	85
	0	66	1	50	2	85	3	79	4	1	5	87	6	87	7	97	8	96	9	10	10	1	11	93	12	93	13	76	14	2	15	88	16	24	17	57	18	81	19	78	20	45	21	72	22	52	23	87	24	95	25	78	26	37	27	93	28	13	29	94
	0	46	1	69	2	39	3	85	4	22	5	14	6	70	7	27	8	20	9	79	10	76	11	23	12	35	13	100	14	70	15	52	16	93	17	100	18	99	19	69	20	76	21	23	22	100	23	80	24	52	25	95	26	35	27	60	28	16	29	58
	0	4	1	1	2	72	3	90	4	89	5	2	6	10	7	22	8	95	9	28	10	61	11	19	12	71	13	9	14	32	15	72	16	46	17	59	18	46	19	30	20	2	21	31	22	53	23	61	24	65	25	34	26	80	27	36	28	2	29	93
	0	36	1	49	2	43	3	7	4	87	5	37	6	61	7	48	8	73	9	67	10	94	11	18	12	34	13	82	14	85	15	25	16	50	17	42	18	69	19	77	20	38	21	99	22	36	23	89	24	41	25	80	26	54	27	50	28	3	29	81
	0	35	1	8	2	35	3	94	4	50	5	53	6	86	7	17	8	65	9	22	10	97	11	5	12	30	13	49	14	97	15	94	16	42	17	25	18	57	19	82	20	81	21	59	22	29	23	46	24	72	25	44	26	27	27	52	28	30	29	70
	0	20	1	62	2	92	3	35	4	58	5	59	6	43	7	56	8	45	9	47	10	85	11	75	12	22	13	81	14	12	15	3	16	41	17	47	18	84	19	66	20	26	21	2	22	22	23	36	24	61	25	22	26	54	27	48	28	56	29	43
	0	97	1	63	2	62	3	79	4	52	5	9	6	59	7	49	8	31	9	12	10	23	11	62	12	73	13	9	14	47	15	27	16	93	17	86	18	89	19	96	20	77	21	9	22	40	23	50	24	25	25	16	26	60	27	91	28	95	29	4
	0	32	1	4	2	9	3	24	4	96	5	93	6	15	7	64	8	99	9	6	10	22	11	91	12	61	13	8	14	53	15	78	16	30	17	67	18	74	19	34	20	98	21	61	22	6	23	13	24	89	25	15	26	20	27	84	28	35	29	32
	0	78	1	67	2	15	3	78	4	61	5	76	6	19	7	32	8	100	9	36	10	48	11	15	12	18	13	41	14	85	15	46	16	18	17	88	18	84	19	11	20	98	21	6	22	57	23	25	24	74	25	41	26	71	27	26	28	32	29	100
	0	76	1	40	2	57	3	42	4	25	5	96	6	95	7	67	8	61	9	86	10	48	11	63	12	81	13	97	14	16	15	85	16	2	17	53	18	33	19	96	20	83	21	60	22	56	23	88	24	89	25	36	26	7	27	55	28	93	29	47
	0	80	1	1	2	58	3	20	4	57	5	87	6	37	7	77	8	1	9	73	10	85	11	10	12	19	13	85	14	85	15	12	16	9	17	24	18	3	19	16	20	31	21	10	22	58	23	4	24	83	25	95	26	47	27	5	28	52	29	23
	0	67	1	85	2	80	3	1	4	37	5	95	6	70	7	13	8	86	9	31	10	9	11	94	12	89	13	21	14	94	15	42	16	50	17	62	18	84	19	36	20	61	21	40	22	17	23	90	24	95	25	20	26	59	27	66	28	19	29	7
	0	73	1	9	2	15	3	85	4	42	5	90	6	52	7	1	8	63	9	79	10	64	11	55	12	99	13	60	14	1	15	3	16	74	17	77	18	79	19	85	20	25	21	73	22	31	23	42	24	67	25	49	26	42	27	78	28	9	29	69
	0	27	1	84	2	57	3	83	4	67	5	30	6	73	7	36	8	27	9	85	10	71	11	98	12	21	13	38	14	94	15	25	16	83	17	3	18	79	19	35	20	78	21	60	22	11	23	67	24	53	25	54	26	24	27	48	28	2	29	33
	0	6	1	96	2	23	3	37	4	11	5	14	6	58	7	42	8	73	9	82	10	67	11	13	12	97	13	35	14	65	15	55	16	63	17	71	18	30	19	31	20	53	21	61	22	64	23	4	24	15	25	24	26	47	27	20	28	4	29	4
	0	37	1	31	2	66	3	66	4	93	5	37	6	60	7	74	8	35	9	84	10	39	11	49	12	59	13	62	14	19	15	5	16	61	17	71	18	19	19	6	20	69	21	62	22	56	23	2	24	61	25	72	26	7	27	27	28	20	29	2
	0	94	1	83	2	66	3	7	4	50	5	27	6	56	7	13	8	53	9	36	10	50	11	56	12	63	13	32	14	74	15	23	16	81	17	75	18	33	19	41	20	23	21	64	22	60	23	36	24	71	25	6	26	100	27	62	28	50	29	36
	0	57	1	72	2	49	3	2	4	66	5	86	6	65	7	50	8	64	9	63	10	56	11	74	12	63	13	99	14	31	15	5	16	66	17	2	18	1	19	64	20	61	21	9	22	79	23	7	24	97	25	54	26	100	27	26	28	20	29	6
	0	5	1	89	2	29	3	18	4	96	5	31	6	73	7	79	8	64	9	37	10	1	11	45	12	58	13	66	14	43	15	91	16	27	17	18	18	72	19	19	20	65	21	41	22	86	23	7	24	36	25	21	26	5	27	86	28	67	29	11
	0	69	1	79	2	27	3	97	4	89	5	43	6	32	7	91	8	80	9	90	10	44	11	11	12	85	13	86	14	67	15	87	16	66	17	51	18	29	19	97	20	10	21	8	22	30	23	30	24	3	25	56	26	91	27	22	28	43	29	60
	0	15	1	17	2	2	3	92	4	67	5	51	6	72	7	61	8	23	9	55	10	37	11	8	12	49	13	26	14	66	15	71	16	10	17	19	18	15	19	35	20	8	21	46	22	83	23	17	24	22	25	4	26	68	27	67	28	84	29	50
	0	3	1	73	2	6	3	97	4	81	5	99	6	69	7	17	8	97	9	4	10	6	11	47	12	53	13	15	14	67	15	62	16	27	17	55	18	36	19	40	20	83	21	40	22	34	23	43	24	76	25	7	26	40	27	87	28	92	29	40
	0	1	1	72	2	9	3	84	4	26	5	9	6	78	7	89	8	76	9	37	10	65	11	14	12	91	13	43	14	94	15	80	16	32	17	23	18	83	19	52	20	15	21	35	22	69	23	100	24	71	25	44	26	56	27	56	28	51	29	55
	0	47	1	64	2	73	3	83	4	18	5	17	6	78	7	11	8	70	9	92	10	23	11	31	12	61	13	51	14	53	15	70	16	85	17	60	18	21	19	42	20	83	21	44	22	36	23	87	24	80	25	91	26	77	27	83	28	74	29	52
	0	93	1	38	2	59	3	16	4	77	5	3	6	20	7	57	8	86	9	62	10	44	11	77	12	42	13	95	14	50	15	86	16	43	17	7	18	6	19	3	20	60	21	77	22	9	23	75	24	9	25	81	26	31	27	26	28	6	29	68
	0	64	1	100	2	75	3	15	4	16	5	63	6	34	7	79	8	39	9	58	10	95	11	24	12	95	13	53	14	60	15	2	16	84	17	6	18	78	19	84	20	99	21	47	22	19	23	15	24	75	25	53	26	62	27	5	28	46	29	57
	0	9	1	86	2	41	3	19	4	75	5	17	6	60	7	61	8	13	9	84	10	29	11	35	12	71	13	60	14	23	15	65	16	99	17	99	18	94	19	10	20	47	21	84	22	61	23	15	24	12	25	66	26	27	27	51	28	47	29	47
	0	55	1	75	2	31	3	98	4	4	5	41	6	43	7	26	8	93	9	56	10	25	11	19	12	79	13	67	14	98	15	34	16	38	17	100	18	78	19	13	20	97	21	13	22	9	23	40	24	46	25	23	26	98	27	70	28	46	29	6
	0	34	1	97	2	98	3	11	4	11	5	43	6	35	7	11	8	98	9	78	10	75	11	81	12	29	13	11	14	10	15	97	16	83	17	12	18	59	19	83	20	9	21	46	22	89	23	44	24	95	25	37	26	69	27	74	28	85	29	91
	0	43	1	18	2	14	3	48	4	19	5	36	6	85	7	37	8	100	9	92	10	30	11	57	12	22	13	59	14	27	15	12	16	76	17	34	18	52	19	62	20	11	21	79	22	100	23	77	24	52	25	46	26	3	27	12	28	100	29	60
	0	22	1	21	2	66	3	51	4	98	5	92	6	74	7	56	8	84	9	72	10	44	11	56	12	98	13	3	14	10	15	3	16	68	17	4	18	65	19	50	20	50	21	52	22	26	23	89	24	54	25	61	26	51	27	73	28	4	29	53
	0	68	1	65	2	6	3	78	4	91	5	35	6	18	7	25	8	25	9	21	10	34	11	15	12	99	13	93	14	33	15	3	16	71	17	14	18	46	19	91	20	95	21	79	22	45	23	54	24	45	25	58	26	72	27	29	28	31	29	98
	0	39	1	100	2	60	3	58	4	78	5	8	6	30	7	63	8	25	9	42	10	41	11	16	12	58	13	14	14	77	15	5	16	36	17	98	18	96	19	82	20	99	21	8	22	20	23	23	24	23	25	40	26	18	27	65	28	46	29	91
	0	21	1	4	2	18	3	45	4	21	5	99	6	25	7	80	8	27	9	92	10	91	11	43	12	100	13	69	14	70	15	88	16	74	17	8	18	77	19	81	20	33	21	87	22	13	23	13	24	24	25	44	26	91	27	84	28	1	29	32
	0	66	1	30	2	35	3	91	4	22	5	30	6	52	7	37	8	79	9	93	10	59	11	41	12	10	13	26	14	88	15	43	16	85	17	36	18	69	19	35	20	98	21	94	22	88	23	97	24	17	25	93	26	26	27	72	28	78	29	60
	0	58	1	17	2	18	3	10	4	68	5	72	6	3	7	49	8	13	9	11	10	18	11	71	12	34	13	97	14	92	15	93	16	98	17	43	18	9	19	34	20	23	21	29	22	10	23	35	24	26	25	69	26	87	27	61	28	76	29	97
	0	31	1	46	2	61	3	20	4	80	5	66	6	96	7	72	8	83	9	50	10	24	11	46	12	63	13	66	14	96	15	9	16	73	17	46	18	31	19	11	20	45	21	32	22	81	23	49	24	96	25	48	26	68	27	50	28	41	29	55
	0	59	1	77	2	18	3	21	4	91	5	78	6	30	7	15	8	81	9	34	10	53	11	29	12	58	13	60	14	84	15	54	16	19	17	90	18	5	19	90	20	96	21	31	22	91	23	58	24	70	25	69	26	6	27	33	28	95	29	76
	0	47	1	42	2	91	3	31	4	28	5	64	6	36	7	68	8	36	9	48	10	67	11	11	12	75	13	36	14	51	15	58	16	93	17	41	18	12	19	17	20	61	21	31	22	9	23	23	24	40	25	17	26	100	27	75	28	65	29	41
	0	42	1	71	2	14	3	14	4	20	5	43	6	70	7	57	8	90	9	5	10	66	11	32	12	79	13	74	14	84	15	72	16	92	17	33	18	49	19	56	20	15	21	30	22	36	23	76	24	96	25	47	26	82	27	90	28	62	29	68
	0	64	1	71	2	6	3	50	4	100	5	90	6	30	7	63	8	73	9	84	10	58	11	44	12	81	13	11	14	26	15	5	16	80	17	88	18	32	19	69	20	56	21	57	22	2	23	37	24	44	25	34	26	89	27	2	28	100	29	34
	0	34	1	64	2	67	3	78	4	39	5	15	6	6	7	15	8	36	9	2	10	85	11	28	12	51	13	79	14	38	15	7	16	2	17	1	18	39	19	90	20	78	21	38	22	63	23	27	24	79	25	6	26	20	27	15	28	27	29	28
	0	74	1	84	2	72	3	91	4	7	5	66	6	53	7	57	8	79	9	61	10	84	11	37	12	78	13	77	14	87	15	43	16	87	17	17	18	80	19	73	20	2	21	31	22	93	23	2	24	65	25	78	26	85	27	70	28	18	29	32
	0	59	1	1	2	77	3	50	4	19	5	93	6	88	7	91	8	16	9	58	10	11	11	28	12	57	13	8	14	41	15	19	16	94	17	7	18	78	19	14	20	17	21	47	22	85	23	20	24	1	25	11	26	2	27	45	28	92	29	27
	0	13	1	98	2	40	3	38	4	81	5	20	6	98	7	27	8	84	9	61	10	55	11	88	12	39	13	39	14	66	15	20	16	84	17	41	18	6	19	84	20	52	21	50	22	55	23	63	24	71	25	15	26	82	27	5	28	58	29	92
	0	6	1	40	2	2	3	28	4	35	5	94	6	50	7	57	8	17	9	65	10	40	11	36	12	54	13	7	14	47	15	48	16	59	17	42	18	38	19	37	20	67	21	22	22	47	23	52	24	17	25	73	26	15	27	25	28	75	29	12
	0	65	1	10	2	63	3	32	4	1	5	40	6	14	7	65	8	46	9	2	10	64	11	92	12	70	13	26	14	54	15	61	16	63	17	32	18	14	19	6	20	55	21	98	22	25	23	11	24	97	25	23	26	8	27	45	28	42	29	14
	0	74	1	51	2	98	3	15	4	35	5	95	6	44	7	52	8	57	9	83	10	23	11	72	12	12	13	8	14	58	15	94	16	57	17	88	18	59	19	96	20	44	21	9	22	5	23	18	24	40	25	80	26	30	27	43	28	17	29	60
	0	47	1	93	2	35	3	27	4	79	5	49	6	24	7	81	8	89	9	83	10	51	11	22	12	33	13	61	14	16	15	25	16	61	17	54	18	20	19	15	20	56	21	72	22	92	23	12	24	80	25	93	26	78	27	95	28	70	29	70
	0	17	1	15	2	95	3	28	4	69	5	36	6	73	7	84	8	67	9	10	10	13	11	55	12	91	13	93	14	23	15	38	16	14	17	73	18	4	19	71	20	58	21	56	22	16	23	17	24	37	25	39	26	93	27	21	28	11	29	63
	0	36	1	37	2	60	3	18	4	23	5	36	6	46	7	64	8	93	9	14	10	32	11	62	12	13	13	91	14	79	15	47	16	35	17	50	18	28	19	91	20	83	21	64	22	45	23	17	24	50	25	17	26	89	27	80	28	74	29	100
	0	22	1	29	2	43	3	54	4	85	5	94	6	36	7	83	8	91	9	84	10	95	11	64	12	21	13	83	14	5	15	15	16	26	17	75	18	5	19	20	20	61	21	37	22	65	23	99	24	12	25	90	26	12	27	82	28	90	29	88
	0	78	1	30	2	100	3	78	4	100	5	7	6	12	7	80	8	10	9	90	10	92	11	60	12	82	13	81	14	69	15	85	16	29	17	55	18	50	19	4	20	66	21	49	22	98	23	80	24	85	25	99	26	47	27	59	28	2	29	49
	0	17	1	80	2	76	3	14	4	43	5	33	6	13	7	59	8	44	9	29	10	93	11	28	12	90	13	42	14	2	15	43	16	43	17	40	18	41	19	37	20	78	21	4	22	46	23	13	24	10	25	3	26	50	27	34	28	99	29	94
	0	65	1	84	2	79	3	37	4	63	5	54	6	54	7	57	8	81	9	50	10	65	11	5	12	1	13	19	14	86	15	73	16	47	17	52	18	43	19	88	20	20	21	91	22	42	23	81	24	68	25	63	26	49	27	6	28	39	29	28
	0	70	1	57	2	93	3	77	4	16	5	3	6	51	7	57	8	48	9	52	10	2	11	96	12	45	13	89	14	22	15	38	16	40	17	83	18	57	19	36	20	3	21	29	22	66	23	47	24	86	25	81	26	50	27	31	28	49	29	99
	0	97	1	56	2	25	3	96	4	21	5	45	6	4	7	90	8	74	9	28	10	45	11	58	12	65	13	90	14	36	15	76	16	14	17	11	18	66	19	90	20	14	21	52	22	87	23	31	24	96	25	38	26	58	27	90	28	6	29	22
	0	29	1	8	2	44	3	45	4	83	5	52	6	30	7	32	8	49	9	69	10	87	11	77	12	73	13	54	14	57	15	1	16	70	17	72	18	4	19	14	20	40	21	4	22	48	23	82	24	94	25	25	26	51	27	99	28	16	29	32
	0	45	1	19	2	88	3	75	4	67	5	73	6	21	7	51	8	48	9	10	10	92	11	78	12	63	13	12	14	68	15	61	16	60	17	76	18	65	19	1	20	90	21	76	22	93	23	21	24	32	25	34	26	56	27	3	28	89	29	64
	0	25	1	71	2	72	3	80	4	10	5	53	6	25	7	69	8	77	9	10	10	45	11	74	12	6	13	18	14	99	15	44	16	75	17	35	18	51	19	36	20	22	21	98	22	42	23	79	24	16	25	28	26	87	27	44	28	37	29	25
	0	91	1	71	2	59	3	8	4	86	5	42	6	62	7	11	8	46	9	14	10	44	11	36	12	39	13	48	14	95	15	56	16	8	17	88	18	45	19	74	20	2	21	80	22	21	23	15	24	98	25	54	26	55	27	100	28	77	29	74
	0	34	1	14	2	57	3	58	4	97	5	86	6	82	7	16	8	91	9	30	10	30	11	42	12	72	13	24	14	93	15	84	16	98	17	20	18	26	19	57	20	39	21	13	22	81	23	85	24	29	25	14	26	67	27	84	28	16	29	2
	0	13	1	12	2	77	3	55	4	7	5	66	6	28	7	84	8	49	9	92	10	31	11	7	12	45	13	37	14	72	15	57	16	15	17	56	18	87	19	5	20	10	21	67	22	23	23	28	24	50	25	2	26	95	27	75	28	29	29	5
	0	63	1	87	2	49	3	73	4	29	5	1	6	83	7	35	8	49	9	23	10	75	11	36	12	95	13	52	14	32	15	34	16	11	17	8	18	57	19	70	20	65	21	67	22	34	23	35	24	73	25	34	26	68	27	60	28	48	29	89
	0	34	1	4	2	16	3	98	4	88	5	99	6	84	7	64	8	45	9	11	10	65	11	61	12	40	13	88	14	81	15	91	16	1	17	22	18	14	19	41	20	19	21	54	22	70	23	30	24	95	25	82	26	72	27	82	28	89	29	65
	0	2	1	65	2	2	3	18	4	54	5	68	6	74	7	58	8	72	9	25	10	75	11	37	12	87	13	96	14	19	15	68	16	69	17	61	18	31	19	39	20	62	21	5	22	43	23	64	24	71	25	78	26	10	27	28	28	12	29	66
	0	61	1	97	2	55	3	21	4	23	5	38	6	14	7	16	8	99	9	45	10	52	11	26	12	75	13	61	14	34	15	64	16	85	17	71	18	22	19	16	20	74	21	75	22	98	23	42	24	19	25	85	26	70	27	61	28	16	29	94
	0	90	1	16	2	28	3	16	4	86	5	93	6	59	7	5	8	90	9	52	10	1	11	80	12	20	13	73	14	67	15	29	16	35	17	42	18	5	19	68	20	87	21	21	22	50	23	74	24	19	25	81	26	82	27	26	28	4	29	94
	0	70	1	5	2	14	3	4	4	31	5	57	6	57	7	30	8	39	9	12	10	35	11	76	12	61	13	13	14	2	15	39	16	93	17	92	18	26	19	45	20	40	21	7	22	91	23	58	24	51	25	29	26	81	27	40	28	12	29	22
	0	39	1	54	2	50	3	86	4	97	5	38	6	3	7	30	8	13	9	94	10	66	11	4	12	59	13	75	14	6	15	17	16	56	17	58	18	17	19	1	20	49	21	26	22	47	23	14	24	46	25	21	26	38	27	84	28	99	29	27
	0	32	1	37	2	77	3	84	4	53	5	64	6	63	7	67	8	75	9	24	10	82	11	62	12	12	13	76	14	29	15	27	16	10	17	92	18	77	19	29	20	20	21	8	22	55	23	78	24	81	25	90	26	47	27	20	28	43	29	38
	0	44	1	38	2	14	3	59	4	52	5	90	6	98	7	68	8	41	9	79	10	72	11	4	12	74	13	25	14	18	15	76	16	72	17	97	18	90	19	68	20	88	21	15	22	7	23	69	24	4	25	35	26	88	27	12	28	70	29	77
	0	69	1	38	2	46	3	59	4	73	5	4	6	30	7	41	8	23	9	27	10	69	11	100	12	16	13	11	14	83	15	88	16	97	17	4	18	70	19	41	20	9	21	97	22	48	23	43	24	1	25	38	26	63	27	65	28	12	29	36
	0	75	1	29	2	87	3	84	4	92	5	65	6	71	7	16	8	10	9	73	10	87	11	73	12	92	13	97	14	21	15	62	16	86	17	70	18	31	19	10	20	66	21	3	22	77	23	61	24	48	25	5	26	46	27	73	28	5	29	82
	0	92	1	92	2	6	3	27	4	41	5	28	6	28	7	19	8	12	9	62	10	25	11	83	12	70	13	40	14	64	15	73	16	100	17	52	18	42	19	4	20	73	21	96	22	58	23	16	24	46	25	66	26	10	27	57	28	6	29	33
	0	13	1	32	2	62	3	87	4	87	5	37	6	43	7	73	8	56	9	74	10	50	11	38	12	40	13	34	14	70	15	62	16	46	17	73	18	59	19	52	20	91	21	38	22	47	23	17	24	4	25	2	26	18	27	47	28	92	29	17
	0	66	1	79	2	77	3	5	4	52	5	7	6	27	7	38	8	78	9	74	10	38	11	73	12	82	13	67	14	52	15	52	16	7	17	75	18	8	19	79	20	100	21	9	22	60	23	32	24	47	25	77	26	18	27	73	28	35	29	64
	0	83	1	69	2	32	3	73	4	96	5	28	6	85	7	11	8	18	9	22	10	99	11	37	12	92	13	45	14	48	15	96	16	92	17	28	18	22	19	18	20	26	21	14	22	21	23	48	24	56	25	62	26	35	27	35	28	72	29	30
	0	88	1	3	2	4	3	61	4	27	5	78	6	75	7	68	8	82	9	37	10	32	11	98	12	29	13	19	14	95	15	12	16	37	17	2	18	24	19	16	20	75	21	30	22	85	23	39	24	14	25	68	26	69	27	17	28	47	29	98
	0	98	1	62	2	12	3	79	4	11	5	4	6	98	7	59	8	28	9	31	10	58	11	99	12	27	13	86	14	64	15	31	16	81	17	82	18	82	19	85	20	43	21	36	22	47	23	51	24	77	25	53	26	67	27	48	28	72	29	100
	0	86	1	26	2	83	3	47	4	87	5	30	6	90	7	73	8	11	9	84	10	76	11	60	12	24	13	88	14	43	15	22	16	68	17	32	18	42	19	53	20	60	21	75	22	79	23	69	24	38	25	25	26	4	27	96	28	63	29	40
	0	21	1	29	2	29	3	32	4	73	5	54	6	40	7	25	8	64	9	10	10	51	11	21	12	48	13	39	14	85	15	69	16	1	17	56	18	75	19	36	20	29	21	12	22	96	23	25	24	94	25	63	26	70	27	95	28	72	29	46
	0	80	1	75	2	56	3	36	4	19	5	78	6	73	7	39	8	42	9	55	10	84	11	17	12	26	13	39	14	82	15	92	16	43	17	87	18	8	19	51	20	93	21	7	22	48	23	37	24	57	25	18	26	81	27	28	28	84	29	7
	0	98	1	20	2	94	3	60	4	97	5	66	6	72	7	80	8	43	9	47	10	8	11	41	12	37	13	62	14	61	15	10	16	21	17	80	18	95	19	63	20	50	21	84	22	95	23	60	24	65	25	91	26	59	27	62	28	70	29	39
	0	43	1	9	2	5	3	74	4	72	5	78	6	50	7	79	8	75	9	4	10	4	11	14	12	1	13	28	14	41	15	77	16	5	17	8	18	20	19	3	20	31	21	91	22	100	23	48	24	27	25	62	26	4	27	29	28	61	29	90
	0	19	1	35	2	29	3	49	4	26	5	5	6	79	7	89	8	100	9	49	10	83	11	67	12	33	13	63	14	28	15	91	16	50	17	58	18	24	19	6	20	39	21	3	22	40	23	47	24	10	25	48	26	7	27	32	28	47	29	96
	0	67	1	65	2	23	3	20	4	44	5	78	6	100	7	46	8	76	9	29	10	19	11	62	12	22	13	40	14	64	15	8	16	40	17	27	18	46	19	66	20	7	21	82	22	45	23	57	24	4	25	79	26	17	27	4	28	21	29	41
	0	31	1	23	2	27	3	73	4	7	5	60	6	11	7	47	8	73	9	72	10	17	11	12	12	60	13	22	14	90	15	43	16	91	17	51	18	37	19	64	20	47	21	24	22	60	23	11	24	15	25	85	26	100	27	14	28	41	29	49
	0	25	1	10	2	54	3	32	4	36	5	29	6	29	7	86	8	74	9	11	10	1	11	93	12	52	13	28	14	58	15	44	16	53	17	49	18	64	19	82	20	61	21	53	22	4	23	21	24	14	25	75	26	32	27	42	28	2	29	55
	0	83	1	33	2	47	3	12	4	70	5	33	6	37	7	74	8	82	9	94	10	96	11	23	12	47	13	63	14	28	15	42	16	31	17	57	18	49	19	82	20	92	21	81	22	99	23	75	24	99	25	8	26	15	27	54	28	90	29	25
	0	78	1	81	2	28	3	16	4	84	5	73	6	93	7	27	8	13	9	76	10	89	11	43	12	61	13	41	14	81	15	72	16	85	17	98	18	80	19	7	20	85	21	19	22	42	23	19	24	87	25	33	26	48	27	2	28	34	29	29
	0	86	1	70	2	91	3	48	4	44	5	75	6	5	7	69	8	91	9	2	10	97	11	27	12	8	13	56	14	72	15	24	16	82	17	50	18	60	19	14	20	91	21	51	22	39	23	85	24	37	25	54	26	2	27	61	28	100	29	84
	0	60	1	86	2	28	3	51	4	1	5	90	6	81	7	100	8	46	9	29	10	93	11	35	12	65	13	50	14	29	15	20	16	55	17	29	18	36	19	65	20	85	21	86	22	30	23	61	24	60	25	61	26	59	27	31	28	69	29	17
	0	36	1	97	2	2	3	10	4	33	5	81	6	62	7	15	8	74	9	95	10	17	11	32	12	86	13	95	14	39	15	90	16	74	17	88	18	54	19	20	20	37	21	26	22	86	23	87	24	46	25	23	26	67	27	76	28	49	29	89
	0	58	1	87	2	71	3	51	4	90	5	87	6	22	7	12	8	24	9	8	10	37	11	78	12	96	13	9	14	12	15	36	16	87	17	21	18	100	19	74	20	34	21	59	22	87	23	79	24	86	25	67	26	72	27	39	28	47	29	14
	0	3	1	53	2	83	3	83	4	50	5	18	6	74	7	7	8	26	9	36	10	32	11	33	12	71	13	82	14	33	15	43	16	74	17	3	18	20	19	44	20	94	21	59	22	81	23	10	24	96	25	10	26	2	27	50	28	24	29	21
	0	60	1	6	2	77	3	36	4	5	5	43	6	55	7	34	8	25	9	59	10	84	11	84	12	26	13	28	14	56	15	53	16	46	17	68	18	30	19	32	20	97	21	85	22	78	23	85	24	100	25	40	26	81	27	45	28	47	29	38
	0	99	1	99	2	37	3	39	4	85	5	44	6	29	7	32	8	98	9	100	10	34	11	36	12	43	13	25	14	41	15	8	16	58	17	52	18	26	19	70	20	98	21	44	22	21	23	97	24	6	25	60	26	17	27	16	28	67	29	47
	0	30	1	11	2	79	3	15	4	76	5	49	6	97	7	67	8	6	9	41	10	23	11	81	12	12	13	30	14	56	15	68	16	8	17	65	18	23	19	52	20	33	21	88	22	52	23	52	24	41	25	61	26	65	27	57	28	79	29	6
	0	88	1	21	2	54	3	24	4	28	5	26	6	48	7	24	8	43	9	89	10	32	11	89	12	10	13	6	14	90	15	38	16	86	17	61	18	54	19	69	20	82	21	43	22	96	23	9	24	26	25	58	26	49	27	83	28	74	29	11
	0	52	1	82	2	85	3	7	4	19	5	8	6	92	7	1	8	93	9	4	10	8	11	79	12	48	13	21	14	70	15	67	16	21	17	54	18	3	19	89	20	1	21	63	22	49	23	28	24	16	25	75	26	10	27	52	28	86	29	96
	0	86	1	22	2	24	3	17	4	6	5	88	6	17	7	71	8	100	9	27	10	22	11	82	12	38	13	99	14	42	15	8	16	46	17	22	18	76	19	78	20	83	21	81	22	64	23	71	24	18	25	22	26	65	27	77	28	52	29	12
	0	35	1	59	2	86	3	54	4	1	5	83	6	9	7	84	8	39	9	100	10	65	11	100	12	17	13	98	14	34	15	95	16	45	17	47	18	15	19	91	20	47	21	8	22	14	23	99	24	56	25	89	26	68	27	57	28	84	29	60
	0	58	1	8	2	27	3	59	4	92	5	35	6	11	7	56	8	56	9	54	10	69	11	55	12	82	13	35	14	28	15	49	16	58	17	8	18	35	19	64	20	87	21	60	22	48	23	46	24	88	25	49	26	85	27	93	28	62	29	77
	0	83	1	18	2	94	3	97	4	36	5	8	6	55	7	57	8	1	9	13	10	22	11	97	12	88	13	74	14	29	15	59	16	77	17	80	18	26	19	63	20	34	21	8	22	4	23	77	24	12	25	96	26	5	27	73	28	54	29	34
	0	42	1	41	2	46	3	99	4	79	5	25	6	83	7	45	8	60	9	76	10	42	11	33	12	85	13	51	14	71	15	72	16	66	17	11	18	56	19	89	20	14	21	77	22	11	23	58	24	40	25	56	26	91	27	60	28	76	29	53
	0	59	1	40	2	37	3	23	4	23	5	1	6	94	7	29	8	34	9	37	10	21	11	12	12	19	13	96	14	33	15	91	16	88	17	41	18	37	19	47	20	29	21	24	22	56	23	55	24	78	25	18	26	5	27	74	28	60	29	44
	0	16	1	11	2	96	3	16	4	56	5	9	6	39	7	74	8	77	9	33	10	98	11	75	12	90	13	50	14	43	15	83	16	62	17	35	18	7	19	47	20	68	21	36	22	26	23	88	24	44	25	91	26	95	27	18	28	39	29	72
	0	13	1	58	2	51	3	6	4	52	5	42	6	92	7	100	8	85	9	20	10	22	11	50	12	34	13	79	14	47	15	38	16	43	17	77	18	76	19	35	20	87	21	36	22	68	23	61	24	52	25	32	26	26	27	68	28	65	29	15
	0	14	1	56	2	63	3	8	4	13	5	39	6	12	7	77	8	21	9	12	10	24	11	91	12	83	13	83	14	41	15	94	16	9	17	88	18	68	19	64	20	86	21	88	22	87	23	27	24	30	25	20	26	79	27	59	28	9	29	59
	0	37	1	94	2	39	3	94	4	45	5	6	6	41	7	47	8	54	9	53	10	100	11	73	12	91	13	92	14	71	15	25	16	68	17	93	18	22	19	77	20	88	21	30	22	11	23	24	24	57	25	20	26	28	27	23	28	52	29	27
	0	59	1	25	2	7	3	64	4	52	5	22	6	15	7	64	8	85	9	8	10	55	11	83	12	71	13	27	14	88	15	80	16	54	17	57	18	6	19	73	20	67	21	45	22	93	23	61	24	77	25	17	26	45	27	87	28	19	29	96
	0	83	1	40	2	97	3	17	4	14	5	63	6	24	7	35	8	48	9	95	10	98	11	39	12	82	13	53	14	58	15	32	16	91	17	62	18	58	19	47	20	94	21	59	22	59	23	97	24	93	25	49	26	20	27	77	28	94	29	79
	0	44	1	78	2	58	3	59	4	5	5	74	6	43	7	54	8	61	9	97	10	39	11	15	12	47	13	94	14	3	15	28	16	68	17	58	18	42	19	98	20	69	21	56	22	13	23	5	24	42	25	2	26	19	27	84	28	82	29	55
	0	42	1	24	2	26	3	22	4	30	5	93	6	19	7	25	8	25	9	27	10	1	11	31	12	3	13	41	14	1	15	69	16	76	17	46	18	90	19	91	20	58	21	98	22	28	23	32	24	91	25	87	26	96	27	92	28	22	29	58
	0	13	1	39	2	21	3	24	4	71	5	96	6	26	7	4	8	38	9	88	10	35	11	99	12	13	13	29	14	78	15	90	16	39	17	98	18	59	19	27	20	96	21	30	22	22	23	26	24	35	25	11	26	4	27	12	28	33	29	64
	0	73	1	66	2	72	3	58	4	61	5	61	6	69	7	82	8	39	9	5	10	14	11	69	12	95	13	12	14	2	15	43	16	20	17	83	18	50	19	52	20	3	21	63	22	42	23	89	24	91	25	95	26	48	27	20	28	68	29	10
	0	98	1	79	2	64	3	3	4	24	5	78	6	86	7	91	8	89	9	75	10	35	11	61	12	58	13	63	14	71	15	37	16	2	17	93	18	4	19	41	20	28	21	44	22	53	23	23	24	67	25	96	26	89	27	70	28	82	29	75
	0	49	1	39	2	67	3	61	4	7	5	66	6	44	7	7	8	13	9	48	10	88	11	85	12	50	13	88	14	41	15	57	16	74	17	69	18	84	19	59	20	30	21	88	22	75	23	24	24	53	25	56	26	90	27	93	28	13	29	70
	0	11	1	79	2	56	3	84	4	52	5	100	6	35	7	55	8	12	9	90	10	59	11	41	12	2	13	35	14	90	15	55	16	90	17	23	18	63	19	32	20	49	21	87	22	13	23	47	24	2	25	84	26	38	27	84	28	15	29	34
	0	30	1	62	2	67	3	26	4	43	5	55	6	96	7	49	8	99	9	70	10	18	11	11	12	33	13	57	14	51	15	64	16	32	17	81	18	90	19	25	20	39	21	75	22	30	23	89	24	92	25	46	26	27	27	50	28	42	29	7
	0	29	1	91	2	74	3	67	4	37	5	99	6	11	7	92	8	73	9	25	10	73	11	12	12	60	13	94	14	39	15	59	16	38	17	22	18	23	19	36	20	83	21	14	22	50	23	74	24	97	25	37	26	25	27	11	28	77	29	93
	0	91	1	1	2	1	3	46	4	55	5	57	6	69	7	69	8	4	9	57	10	94	11	8	12	50	13	86	14	42	15	1	16	79	17	86	18	49	19	77	20	78	21	45	22	71	23	33	24	89	25	32	26	48	27	70	28	89	29	72
	0	85	1	18	2	11	3	20	4	84	5	98	6	48	7	55	8	67	9	96	10	14	11	42	12	99	13	45	14	43	15	95	16	77	17	34	18	47	19	56	20	52	21	7	22	86	23	80	24	11	25	10	26	95	27	77	28	16	29	90
	0	85	1	60	2	94	3	72	4	17	5	92	6	11	7	59	8	1	9	37	10	95	11	32	12	76	13	65	14	63	15	44	16	86	17	48	18	86	19	33	20	36	21	60	22	99	23	8	24	4	25	68	26	21	27	66	28	50	29	65
	0	68	1	64	2	30	3	8	4	51	5	40	6	26	7	23	8	1	9	54	10	32	11	28	12	72	13	13	14	73	15	68	16	94	17	78	18	34	19	52	20	98	21	79	22	32	23	68	24	23	25	86	26	61	27	85	28	75	29	9
	0	84	1	79	2	2	3	22	4	64	5	48	6	16	7	47	8	44	9	97	10	55	11	25	12	29	13	8	14	75	15	69	16	29	17	22	18	30	19	86	20	60	21	16	22	48	23	91	24	15	25	26	26	43	27	65	28	54	29	62
	0	4	1	35	2	72	3	27	4	50	5	58	6	47	7	18	8	53	9	55	10	78	11	73	12	55	13	24	14	51	15	4	16	42	17	16	18	18	19	26	20	45	21	68	22	60	23	53	24	80	25	25	26	64	27	56	28	56	29	81
	0	52	1	77	2	98	3	32	4	32	5	45	6	75	7	31	8	59	9	53	10	35	11	68	12	25	13	86	14	68	15	21	16	26	17	100	18	66	19	59	20	56	21	1	22	45	23	91	24	49	25	75	26	48	27	80	28	50	29	58
	0	47	1	83	2	94	3	64	4	4	5	74	6	30	7	94	8	75	9	63	10	99	11	93	12	43	13	27	14	82	15	48	16	43	17	98	18	53	19	27	20	98	21	95	22	7	23	99	24	67	25	82	26	61	27	96	28	9	29	90
	0	41	1	6	2	79	3	36	4	89	5	6	6	30	7	27	8	75	9	63	10	79	11	41	12	88	13	77	14	66	15	12	16	39	17	49	18	12	19	50	20	2	21	71	22	48	23	6	24	77	25	96	26	84	27	38	28	53	29	32
	0	32	1	32	2	100	3	54	4	3	5	19	6	17	7	38	8	36	9	43	10	24	11	67	12	50	13	16	14	68	15	49	16	99	17	42	18	81	19	54	20	88	21	89	22	12	23	66	24	82	25	66	26	20	27	95	28	99	29	14
	0	2	1	2	2	93	3	20	4	86	5	29	6	47	7	23	8	28	9	47	10	45	11	66	12	77	13	47	14	83	15	2	16	99	17	50	18	48	19	78	20	89	21	4	22	70	23	39	24	94	25	1	26	26	27	38	28	35	29	27
	0	49	1	33	2	2	3	24	4	73	5	6	6	51	7	37	8	28	9	56	10	42	11	70	12	35	13	28	14	80	15	72	16	7	17	79	18	63	19	25	20	24	21	15	22	39	23	18	24	38	25	39	26	27	27	14	28	62	29	73
	0	65	1	47	2	3	3	80	4	70	5	18	6	65	7	83	8	45	9	60	10	39	11	39	12	48	13	99	14	44	15	48	16	25	17	37	18	84	19	88	20	62	21	23	22	47	23	92	24	3	25	92	26	55	27	40	28	63	29	96
	0	32	1	10	2	99	3	40	4	65	5	6	6	45	7	8	8	67	9	82	10	11	11	56	12	63	13	5	14	9	15	74	16	64	17	38	18	48	19	62	20	5	21	37	22	17	23	89	24	45	25	84	26	48	27	98	28	66	29	11
	0	22	1	90	2	33	3	80	4	73	5	13	6	69	7	24	8	82	9	17	10	85	11	73	12	90	13	61	14	60	15	3	16	55	17	87	18	50	19	95	20	32	21	96	22	100	23	97	24	71	25	74	26	53	27	6	28	35	29	82
	0	100	1	31	2	95	3	88	4	21	5	100	6	64	7	4	8	84	9	13	10	60	11	70	12	35	13	67	14	16	15	85	16	75	17	97	18	87	19	85	20	10	21	9	22	4	23	12	24	26	25	3	26	88	27	30	28	14	29	12
	0	23	1	71	2	70	3	96	4	45	5	37	6	11	7	79	8	100	9	75	10	10	11	14	12	76	13	94	14	37	15	11	16	20	17	16	18	37	19	62	20	77	21	62	22	13	23	55	24	36	25	13	26	76	27	54	28	49	29	8
	0	81	1	95	2	64	3	65	4	68	5	14	6	2	7	33	8	74	9	12	10	49	11	15	12	82	13	34	14	49	15	18	16	23	17	94	18	25	19	20	20	57	21	91	22	68	23	67	24	85	25	100	26	47	27	25	28	76	29	13
	0	58	1	63	2	10	3	86	4	6	5	42	6	72	7	8	8	70	9	24	10	40	11	86	12	28	13	40	14	65	15	43	16	17	17	71	18	29	19	41	20	55	21	38	22	26	23	88	24	71	25	98	26	8	27	99	28	100	29	2
	0	83	1	8	2	40	3	51	4	71	5	59	6	92	7	57	8	42	9	15	10	20	11	11	12	97	13	75	14	98	15	93	16	59	17	75	18	38	19	87	20	2	21	19	22	24	23	87	24	23	25	72	26	69	27	7	28	25	29	97
	0	3	1	26	2	88	3	30	4	37	5	30	6	36	7	21	8	62	9	42	10	21	11	87	12	96	13	46	14	89	15	42	16	64	17	42	18	96	19	28	20	93	21	96	22	96	23	32	24	43	25	61	26	6	27	76	28	16	29	96
	0	34	1	26	2	11	3	3	4	14	5	33	6	15	7	58	8	88	9	24	10	48	11	2	12	35	13	88	14	10	15	30	16	20	17	42	18	79	19	84	20	42	21	65	22	80	23	35	24	70	25	24	26	20	27	32	28	17	29	47
	0	34	1	18	2	93	3	9	4	23	5	67	6	19	7	39	8	57	9	95	10	18	11	55	12	82	13	24	14	90	15	97	16	46	17	19	18	51	19	15	20	39	21	39	22	94	23	12	24	20	25	40	26	95	27	78	28	57	29	47
	0	81	1	46	2	17	3	79	4	16	5	58	6	82	7	79	8	91	9	29	10	69	11	5	12	23	13	41	14	86	15	66	16	80	17	9	18	58	19	20	20	100	21	92	22	86	23	57	24	82	25	60	26	52	27	49	28	48	29	16
	0	50	1	30	2	5	3	49	4	29	5	36	6	75	7	72	8	80	9	25	10	52	11	52	12	77	13	50	14	10	15	49	16	82	17	68	18	77	19	29	20	69	21	89	22	43	23	95	24	9	25	12	26	70	27	64	28	36	29	100
	0	12	1	100	2	93	3	82	4	80	5	46	6	5	7	98	8	2	9	42	10	52	11	19	12	58	13	19	14	24	15	96	16	91	17	86	18	85	19	42	20	38	21	80	22	75	23	37	24	16	25	30	26	40	27	8	28	55	29	41
	0	54	1	36	2	81	3	28	4	73	5	79	6	79	7	39	8	48	9	25	10	85	11	47	12	77	13	1	14	94	15	5	16	79	17	10	18	88	19	94	20	4	21	79	22	4	23	97	24	40	25	24	26	11	27	98	28	57	29	71
	0	65	1	76	2	7	3	98	4	55	5	41	6	73	7	76	8	58	9	45	10	33	11	28	12	69	13	52	14	82	15	37	16	83	17	52	18	25	19	59	20	31	21	58	22	46	23	46	24	96	25	30	26	98	27	62	28	76	29	84
	0	84	1	57	2	62	3	13	4	15	5	30	6	42	7	16	8	73	9	2	10	55	11	98	12	7	13	72	14	58	15	17	16	38	17	21	18	78	19	62	20	71	21	15	22	57	23	2	24	12	25	86	26	20	27	41	28	56	29	17
	0	20	1	66	2	88	3	47	4	41	5	65	6	21	7	79	8	58	9	70	10	46	11	65	12	93	13	41	14	83	15	69	16	14	17	85	18	61	19	72	20	64	21	3	22	43	23	47	24	10	25	85	26	99	27	20	28	63	29	10
	0	88	1	3	2	9	3	8	4	86	5	49	6	29	7	6	8	86	9	92	10	26	11	61	12	61	13	48	14	75	15	35	16	48	17	88	18	57	19	92	20	13	21	37	22	60	23	7	24	87	25	31	26	42	27	10	28	99	29	45
	0	97	1	26	2	41	3	87	4	66	5	65	6	35	7	97	8	87	9	76	10	92	11	17	12	79	13	84	14	82	15	10	16	89	17	54	18	59	19	46	20	64	21	63	22	2	23	88	24	18	25	70	26	72	27	39	28	16	29	17
	0	98	1	33	2	75	3	97	4	31	5	89	6	71	7	80	8	41	9	54	10	8	11	76	12	43	13	5	14	56	15	72	16	70	17	89	18	6	19	85	20	41	21	12	22	69	23	9	24	78	25	25	26	23	27	53	28	85	29	48
	0	98	1	83	2	79	3	34	4	33	5	41	6	45	7	78	8	65	9	86	10	54	11	6	12	17	13	75	14	61	15	8	16	3	17	100	18	80	19	97	20	77	21	30	22	91	23	8	24	66	25	34	26	41	27	74	28	92	29	79
	0	34	1	36	2	65	3	28	4	20	5	75	6	92	7	94	8	38	9	77	10	44	11	5	12	68	13	68	14	73	15	3	16	89	17	79	18	77	19	79	20	61	21	24	22	39	23	4	24	76	25	6	26	6	27	27	28	33	29	87
	0	75	1	36	2	48	3	82	4	1	5	9	6	94	7	58	8	53	9	2	10	40	11	58	12	62	13	47	14	26	15	81	16	69	17	56	18	91	19	74	20	39	21	63	22	60	23	37	24	10	25	39	26	34	27	30	28	96	29	70
	0	43	1	44	2	54	3	77	4	74	5	67	6	98	7	21	8	70	9	63	10	100	11	28	12	47	13	48	14	32	15	11	16	12	17	11	18	27	19	92	20	50	21	49	22	61	23	41	24	18	25	77	26	91	27	78	28	72	29	57
	0	4	1	31	2	4	3	50	4	47	5	18	6	83	7	74	8	55	9	100	10	10	11	47	12	2	13	47	14	26	15	22	16	25	17	87	18	57	19	53	20	6	21	36	22	72	23	61	24	20	25	42	26	72	27	65	28	67	29	79
	0	68	1	13	2	54	3	69	4	94	5	37	6	100	7	39	8	64	9	86	10	79	11	20	12	74	13	41	14	9	15	51	16	16	17	8	18	67	19	52	20	40	21	28	22	95	23	74	24	79	25	72	26	4	27	37	28	52	29	96
	0	4	1	14	2	70	3	78	4	26	5	32	6	40	7	64	8	97	9	86	10	25	11	88	12	86	13	95	14	17	15	55	16	55	17	42	18	26	19	87	20	46	21	73	22	81	23	82	24	18	25	59	26	18	27	42	28	6	29	33
	0	85	1	43	2	53	3	70	4	98	5	81	6	63	7	54	8	9	9	17	10	50	11	65	12	98	13	69	14	99	15	77	16	88	17	75	18	55	19	40	20	34	21	89	22	5	23	7	24	47	25	89	26	29	27	5	28	52	29	34
	0	28	1	77	2	95	3	54	4	45	5	46	6	39	7	6	8	60	9	63	10	16	11	6	12	7	13	50	14	31	15	17	16	48	17	57	18	32	19	62	20	8	21	77	22	90	23	97	24	44	25	98	26	52	27	50	28	18	29	92
	0	68	1	12	2	80	3	55	4	99	5	55	6	96	7	58	8	54	9	85	10	73	11	72	12	23	13	72	14	48	15	78	16	97	17	21	18	73	19	66	20	89	21	56	22	98	23	98	24	12	25	46	26	25	27	80	28	53	29	90
	0	5	1	63	2	71	3	43	4	79	5	91	6	9	7	49	8	5	9	32	10	71	11	3	12	16	13	86	14	34	15	79	16	85	17	49	18	85	19	74	20	18	21	74	22	96	23	73	24	87	25	65	26	90	27	21	28	63	29	76
	0	53	1	64	2	44	3	27	4	87	5	95	6	50	7	51	8	35	9	14	10	52	11	13	12	91	13	98	14	59	15	96	16	1	17	17	18	64	19	27	20	6	21	69	22	40	23	90	24	81	25	3	26	23	27	52	28	84	29	61
	0	34	1	99	2	100	3	51	4	23	5	56	6	63	7	35	8	28	9	37	10	78	11	6	12	1	13	57	14	84	15	58	16	32	17	85	18	19	19	7	20	63	21	43	22	93	23	1	24	99	25	60	26	73	27	17	28	37	29	47
	0	26	1	53	2	71	3	49	4	89	5	57	6	60	7	84	8	65	9	36	10	52	11	92	12	39	13	55	14	99	15	33	16	89	17	22	18	20	19	23	20	29	21	92	22	93	23	87	24	97	25	66	26	66	27	72	28	93	29	58
	0	41	1	54	2	14	3	40	4	64	5	18	6	59	7	16	8	9	9	13	10	80	11	68	12	72	13	96	14	12	15	71	16	74	17	27	18	19	19	81	20	69	21	70	22	20	23	43	24	98	25	18	26	90	27	63	28	19	29	53
	0	56	1	48	2	32	3	89	4	21	5	12	6	61	7	84	8	94	9	87	10	55	11	5	12	15	13	7	14	44	15	71	16	85	17	39	18	41	19	38	20	53	21	80	22	81	23	76	24	22	25	59	26	55	27	57	28	65	29	91
	0	42	1	65	2	76	3	86	4	88	5	82	6	87	7	13	8	68	9	16	10	23	11	56	12	16	13	89	14	98	15	27	16	32	17	76	18	44	19	19	20	92	21	78	22	44	23	12	24	16	25	77	26	13	27	63	28	73	29	88
	0	34	1	50	2	29	3	15	4	60	5	47	6	70	7	78	8	23	9	40	10	50	11	72	12	22	13	37	14	42	15	57	16	77	17	6	18	9	19	9	20	70	21	51	22	7	23	74	24	13	25	23	26	92	27	2	28	16	29	7
	0	94	1	60	2	31	3	45	4	81	5	44	6	11	7	81	8	24	9	37	10	13	11	38	12	29	13	98	14	12	15	67	16	18	17	65	18	20	19	21	20	55	21	8	22	36	23	48	24	46	25	66	26	53	27	11	28	84	29	66
	0	99	1	69	2	94	3	88	4	8	5	79	6	8	7	35	8	27	9	17	10	75	11	31	12	8	13	7	14	83	15	29	16	57	17	14	18	60	19	34	20	15	21	53	22	57	23	49	24	15	25	2	26	53	27	11	28	24	29	26
	0	26	1	74	2	74	3	51	4	81	5	47	6	39	7	58	8	25	9	9	10	100	11	60	12	34	13	47	14	30	15	96	16	51	17	91	18	68	19	69	20	18	21	47	22	72	23	84	24	12	25	49	26	71	27	81	28	53	29	77
	0	61	1	67	2	9	3	21	4	2	5	86	6	95	7	79	8	19	9	90	10	58	11	26	12	21	13	89	14	93	15	86	16	73	17	6	18	28	19	97	20	3	21	51	22	73	23	53	24	19	25	97	26	22	27	62	28	67	29	29
	0	56	1	47	2	66	3	88	4	83	5	89	6	85	7	30	8	10	9	90	10	62	11	82	12	39	13	86	14	72	15	64	16	29	17	64	18	99	19	91	20	67	21	49	22	63	23	6	24	40	25	65	26	6	27	75	28	99	29	81
	0	60	1	67	2	54	3	18	4	12	5	92	6	55	7	52	8	73	9	67	10	33	11	49	12	1	13	47	14	8	15	27	16	34	17	17	18	98	19	9	20	42	21	56	22	78	23	41	24	93	25	6	26	68	27	58	28	3	29	7
	0	62	1	41	2	100	3	92	4	21	5	2	6	44	7	35	8	89	9	71	10	60	11	8	12	2	13	90	14	93	15	96	16	12	17	26	18	81	19	61	20	44	21	65	22	6	23	57	24	31	25	52	26	88	27	49	28	36	29	73
	0	100	1	80	2	38	3	12	4	36	5	79	6	16	7	23	8	74	9	23	10	7	11	96	12	87	13	88	14	89	15	9	16	13	17	43	18	9	19	100	20	82	21	81	22	88	23	90	24	65	25	1	26	51	27	54	28	84	29	61
	0	59	1	16	2	6	3	82	4	61	5	6	6	10	7	77	8	78	9	21	10	87	11	16	12	91	13	66	14	39	15	73	16	100	17	70	18	55	19	2	20	61	21	4	22	4	23	42	24	39	25	54	26	62	27	48	28	24	29	4
	0	64	1	93	2	83	3	53	4	54	5	6	6	75	7	72	8	60	9	14	10	31	11	50	12	38	13	23	14	79	15	11	16	45	17	51	18	71	19	96	20	36	21	91	22	39	23	34	24	6	25	85	26	86	27	42	28	13	29	9
	0	91	1	50	2	57	3	24	4	86	5	19	6	93	7	43	8	28	9	1	10	19	11	95	12	80	13	77	14	52	15	6	16	66	17	47	18	83	19	39	20	75	21	79	22	92	23	29	24	24	25	22	26	45	27	26	28	1	29	56
	0	3	1	46	2	52	3	32	4	35	5	59	6	81	7	10	8	96	9	89	10	81	11	20	12	16	13	98	14	15	15	83	16	23	17	79	18	6	19	83	20	72	21	81	22	12	23	71	24	80	25	34	26	1	27	41	28	72	29	59
	0	40	1	7	2	87	3	73	4	65	5	73	6	18	7	29	8	11	9	87	10	53	11	37	12	98	13	96	14	75	15	81	16	8	17	64	18	17	19	6	20	12	21	12	22	80	23	46	24	21	25	92	26	76	27	29	28	67	29	4
	0	33	1	54	2	40	3	24	4	91	5	57	6	46	7	90	8	69	9	92	10	56	11	74	12	77	13	87	14	53	15	36	16	14	17	77	18	11	19	30	20	70	21	4	22	52	23	21	24	18	25	31	26	69	27	22	28	77	29	36
	0	23	1	61	2	70	3	57	4	22	5	48	6	11	7	14	8	67	9	88	10	98	11	32	12	24	13	61	14	1	15	36	16	29	17	86	18	49	19	97	20	64	21	5	22	88	23	40	24	53	25	84	26	43	27	58	28	59	29	7
	0	1	1	80	2	80	3	2	4	20	5	92	6	90	7	35	8	12	9	12	10	61	11	59	12	61	13	61	14	59	15	1	16	75	17	85	18	13	19	29	20	89	21	26	22	85	23	25	24	47	25	34	26	2	27	62	28	58	29	76
	0	24	1	58	2	85	3	87	4	57	5	56	6	16	7	59	8	31	9	55	10	32	11	73	12	16	13	86	14	56	15	16	16	37	17	11	18	75	19	36	20	4	21	89	22	39	23	28	24	78	25	44	26	95	27	58	28	40	29	9
	0	10	1	63	2	33	3	49	4	88	5	86	6	79	7	91	8	86	9	34	10	13	11	92	12	77	13	68	14	79	15	40	16	29	17	62	18	67	19	71	20	92	21	92	22	6	23	29	24	100	25	42	26	28	27	27	28	47	29	33
	0	69	1	65	2	93	3	19	4	85	5	18	6	88	7	4	8	80	9	15	10	53	11	70	12	89	13	44	14	24	15	20	16	54	17	83	18	71	19	89	20	90	21	27	22	40	23	59	24	33	25	50	26	67	27	85	28	4	29	54
	0	92	1	34	2	47	3	60	4	44	5	75	6	13	7	68	8	84	9	74	10	3	11	72	12	34	13	96	14	94	15	22	16	22	17	5	18	4	19	64	20	18	21	16	22	81	23	89	24	53	25	43	26	5	27	94	28	32	29	49
	0	58	1	18	2	87	3	87	4	91	5	14	6	48	7	86	8	83	9	63	10	94	11	27	12	96	13	50	14	44	15	19	16	45	17	53	18	87	19	49	20	50	21	22	22	51	23	85	24	46	25	29	26	86	27	52	28	50	29	39
	0	80	1	4	2	22	3	29	4	61	5	70	6	74	7	36	8	32	9	33	10	94	11	36	12	58	13	98	14	18	15	71	16	92	17	21	18	43	19	77	20	8	21	30	22	69	23	84	24	97	25	67	26	26	27	86	28	12	29	96
	0	4	1	5	2	94	3	95	4	15	5	8	6	10	7	10	8	28	9	21	10	73	11	27	12	77	13	79	14	36	15	22	16	33	17	100	18	82	19	61	20	71	21	49	22	44	23	78	24	97	25	68	26	27	27	59	28	93	29	59
	0	26	1	87	2	13	3	50	4	51	5	46	6	36	7	91	8	5	9	89	10	44	11	58	12	88	13	2	14	96	15	53	16	7	17	36	18	13	19	38	20	14	21	74	22	96	23	35	24	23	25	74	26	28	27	79	28	60	29	86
	0	53	1	16	2	44	3	37	4	27	5	71	6	22	7	54	8	68	9	29	10	83	11	38	12	68	13	20	14	43	15	21	16	48	17	79	18	71	19	78	20	41	21	27	22	82	23	75	24	66	25	19	26	44	27	51	28	13	29	13
	0	56	1	96	2	45	3	86	4	1	5	60	6	7	7	3	8	75	9	97	10	75	11	86	12	54	13	42	14	7	15	74	16	49	17	71	18	63	19	43	20	50	21	90	22	5	23	49	24	77	25	50	26	14	27	97	28	76	29	93
	0	62	1	52	2	25	3	67	4	40	5	62	6	52	7	73	8	19	9	21	10	74	11	24	12	6	13	41	14	98	15	34	16	24	17	71	18	60	19	67	20	4	21	98	22	83	23	12	24	1	25	22	26	85	27	66	28	52	29	79
	0	60	1	36	2	42	3	72	4	19	5	3	6	41	7	1	8	74	9	94	10	40	11	41	12	77	13	67	14	93	15	86	16	65	17	3	18	39	19	56	20	77	21	52	22	65	23	56	24	33	25	88	26	32	27	4	28	86	29	64
	0	81	1	91	2	5	3	68	4	78	5	33	6	37	7	32	8	86	9	27	10	63	11	41	12	51	13	14	14	37	15	29	16	48	17	27	18	74	19	86	20	32	21	60	22	48	23	93	24	77	25	98	26	81	27	64	28	13	29	95
	0	57	1	63	2	78	3	70	4	91	5	27	6	52	7	87	8	23	9	12	10	44	11	24	12	36	13	34	14	46	15	34	16	2	17	92	18	69	19	85	20	16	21	73	22	38	23	3	24	62	25	86	26	98	27	66	28	28	29	85
Reldue
-1	14037	-1	1
-1	7874	-1	1
-1	15646	-1	1
-1	13517	-1	1
-1	3446	-1	1
-1	15526	-1	1
-1	15687	-1	1
-1	2870	-1	1
-1	2913	-1	1
-1	16806	-1	1
-1	14886	-1	1
-1	6908	-1	1
-1	5507	-1	1
-1	10200	-1	1
-1	7535	-1	1
-1	21265	-1	1
-1	6036	-1	1
-1	8240	-1	1
-1	5477	-1	1
-1	4994	-1	1
-1	8847	-1	1
-1	20649	-1	1
-1	12177	-1	1
-1	2844	-1	1
-1	12450	-1	1
-1	20905	-1	1
-1	13166	-1	1
-1	11883	-1	1
-1	6650	-1	1
-1	15070	-1	1
-1	21055	-1	1
-1	21598	-1	1
-1	2982	-1	1
-1	18938	-1	1
-1	19632	-1	1
-1	6218	-1	1
-1	5039	-1	1
-1	12717	-1	1
-1	14030	-1	1
-1	10459	-1	1
-1	9002	-1	1
-1	6959	-1	1
-1	21562	-1	1
-1	18092	-1	1
-1	10472	-1	1
-1	20865	-1	1
-1	21554	-1	1
-1	12587	-1	1
-1	18526	-1	1
-1	17311	-1	1
-1	6565	-1	1
-1	8621	-1	1
-1	3486	-1	1
-1	2821	-1	1
-1	4399	-1	1
-1	16882	-1	1
-1	7666	-1	1
-1	9179	-1	1
-1	4792	-1	1
-1	8908	-1	1
-1	17934	-1	1
-1	15956	-1	1
-1	7671	-1	1
-1	13178	-1	1
-1	18012	-1	1
-1	17177	-1	1
-1	17688	-1	1
-1	2103	-1	1
-1	7992	-1	1
-1	3467	-1	1
-1	13234	-1	1
-1	8955	-1	1
-1	21772	-1	1
-1	13235	-1	1
-1	2599	-1	1
-1	5272	-1	1
-1	19238	-1	1
-1	14331	-1	1
-1	6843	-1	1
-1	7585	-1	1
-1	11562	-1	1
-1	17948	-1	1
-1	12510	-1	1
-1	13510	-1	1
-1	8496	-1	1
-1	17405	-1	1
-1	21708	-1	1
-1	7670	-1	1
-1	16964	-1	1
-1	4663	-1	1
-1	14336	-1	1
-1	4870	-1	1
-1	7473	-1	1
-1	4711	-1	1
-1	19454	-1	1
-1	3624	-1	1
-1	8152	-1	1
-1	13313	-1	1
-1	21225	-1	1
-1	6097	-1	1
-1	14582	-1	1
-1	6604	-1	1
-1	5666	-1	1
-1	7354	-1	1
-1	4286	-1	1
-1	17266	-1	1
-1	2683	-1	1
-1	20612	-1	1
-1	12129	-1	1
-1	18811	-1	1
-1	2700	-1	1
-1	11610	-1	1
-1	9410	-1	1
-1	19787	-1	1
-1	9433	-1	1
-1	17296	-1	1
-1	9556	-1	1
-1	20085	-1	1
-1	18771	-1	1
-1	14144	-1	1
-1	14114	-1	1
-1	2798	-1	1
-1	16520	-1	1
-1	19817	-1	1
-1	13459	-1	1
-1	20877	-1	1
-1	13319	-1	1
-1	3404	-1	1
-1	3409	-1	1
-1	5965	-1	1
-1	20864	-1	1
-1	18468	-1	1
-1	3815	-1	1
-1	4032	-1	1
-1	17513	-1	1
-1	5032	-1	1
-1	10522	-1	1
-1	18371	-1	1
-1	15927	-1	1
-1	2402	-1	1
-1	15702	-1	1
-1	15667	-1	1
-1	12737	-1	1
-1	10462	-1	1
-1	18033	-1	1
-1	20361	-1	1
-1	2384	-1	1
-1	12954	-1	1
-1	8785	-1	1
-1	9057	-1	1
-1	3934	-1	1
-1	6051	-1	1
-1	4223	-1	1
-1	16709	-1	1
-1	14918	-1	1
-1	19500	-1	1
-1	21024	-1	1
-1	17423	-1	1
-1	9792	-1	1
-1	3442	-1	1
-1	15484	-1	1
-1	21371	-1	1
-1	6295	-1	1
-1	14974	-1	1
-1	10855	-1	1
-1	20165	-1	1
-1	9494	-1	1
-1	11606	-1	1
-1	6646	-1	1
-1	13697	-1	1
-1	5725	-1	1
-1	13354	-1	1
-1	3452	-1	1
-1	18840	-1	1
-1	4887	-1	1
-1	10113	-1	1
-1	5226	-1	1
-1	5106	-1	1
-1	15340	-1	1
-1	8667	-1	1
-1	4891	-1	1
-1	5163	-1	1
-1	19363	-1	1
-1	3089	-1	1
-1	3878	-1	1
-1	17636	-1	1
-1	2245	-1	1
-1	14660	-1	1
-1	21818	-1	1
-1	19615	-1	1
-1	13572	-1	1
-1	14827	-1	1
-1	17915	-1	1
-1	14089	-1	1
-1	5995	-1	1
-1	6432	-1	1
-1	7883	-1	1
-1	2776	-1	1
-1	15862	-1	1
-1	7215	-1	1
-1	10023	-1	1
-1	18076	-1	1
-1	4043	-1	1
-1	2310	-1	1
-1	14969	-1	1
-1	15276	-1	1
-1	10690	-1	1
-1	16844	-1	1
-1	19768	-1	1
-1	6928	-1	1
-1	11772	-1	1
-1	7961	-1	1
-1	13028	-1	1
-1	12185	-1	1
-1	2040	-1	1
-1	15342	-1	1
-1	21290	-1	1
-1	14361	-1	1
-1	19932	-1	1
-1	21312	-1	1
-1	14005	-1	1
-1	5868	-1	1
-1	13536	-1	1
-1	9243	-1	1
-1	5645	-1	1
-1	6014	-1	1
-1	7791	-1	1
-1	18865	-1	1
-1	3380	-1	1
-1	21578	-1	1
-1	5403	-1	1
-1	2096	-1	1
-1	9780	-1	1
-1	4455	-1	1
-1	12129	-1	1
-1	2816	-1	1
-1	16923	-1	1
-1	4643	-1	1
-1	6145	-1	1
-1	17388	-1	1
-1	12701	-1	1
-1	6917	-1	1
-1	13795	-1	1
-1	9709	-1	1
-1	5220	-1	1
-1	16834	-1	1
-1	2200	-1	1
-1	3556	-1	1
-1	16576	-1	1
-1	13493	-1	1
-1	19117	-1	1
-1	21033	-1	1
-1	2268	-1	1
-1	7031	-1	1
-1	2593	-1	1
-1	18259	-1	1
-1	14890	-1	1
-1	6934	-1	1
-1	18440	-1	1
-1	14068	-1	1
-1	2415	-1	1
-1	10072	-1	1
-1	20439	-1	1
-1	16725	-1	1
-1	6526	-1	1
-1	3179	-1	1
-1	20371	-1	1
-1	13977	-1	1
-1	2360	-1	1
-1	19188	-1	1
-1	11001	-1	1
-1	18645	-1	1
-1	16049	-1	1
-1	13777	-1	1
-1	2877	-1	1
-1	8130	-1	1
-1	9650	-1	1
-1	8618	-1	1
-1	4606	-1	1
-1	18149	-1	1
-1	20907	-1	1
-1	19473	-1	1
-1	19509	-1	1
-1	20528	-1	1
-1	17660	-1	1
-1	7105	-1	1
-1	17402	-1	1
-1	14181	-1	1
-1	3981	-1	1
-1	14541	-1	1
-1	4050	-1	1
-1	8754	-1	1
-1	6643	-1	1
-1	3841	-1	1
-1	17964	-1	1
-1	2387	-1	1
-1	12350	-1	1
-1	2707	-1	1
-1	8300	-1	1
-1	20316	-1	1
-1	10557	-1	1
-1	4590	-1	1
-1	9324	-1	1
-1	7970	-1	1
-1	3815	-1	1
-1	4254	-1	1
-1	19129	-1	1
-1	12646	-1	1
-1	11375	-1	1
-1	19551	-1	1
-1	7986	-1	1
-1	20489	-1	1
-1	17360	-1	1
-1	14708	-1	1
-1	10102	-1	1
-1	11922	-1	1
-1	18319	-1	1
-1	2809	-1	1
-1	19225	-1	1
-1	9339	-1	1
-1	12234	-1	1
-1	14422	-1	1
-1	9233	-1	1
-1	14983	-1	1
-1	14307	-1	1
-1	21402	-1	1
-1	8652	-1	1
-1	19893	-1	1
-1	11104	-1	1
-1	9186	-1	1
-1	4157	-1	1
-1	11630	-1	1
-1	7875	-1	1
-1	18541	-1	1
-1	9073	-1	1
-1	12742	-1	1
-1	11124	-1	1
-1	2567	-1	1
-1	2442	-1	1
-1	8167	-1	1
-1	11894	-1	1
-1	5009	-1	1
-1	5172	-1	1
-1	2041	-1	1
-1	20352	-1	1
-1	19150	-1	1
-1	8743	-1	1
-1	12472	-1	1
-1	8618	-1	1
-1	3584	-1	1
LBCmax: 19857
