50  50
	0	62	1	21	2	21	3	66	4	77	5	90	6	100	7	93	8	31	9	26	10	86	11	87	12	60	13	50	14	96	15	52	16	32	17	92	18	86	19	99	20	69	21	2	22	14	23	92	24	49	25	1	26	58	27	11	28	32	29	96	30	30	31	14	32	46	33	71	34	72	35	63	36	36	37	8	38	7	39	52	40	58	41	3	42	68	43	33	44	60	45	93	46	55	47	56	48	10	49	86
	0	78	1	45	2	32	3	90	4	73	5	85	6	73	7	55	8	32	9	93	10	23	11	90	12	60	13	1	14	42	15	13	16	45	17	63	18	73	19	52	20	24	21	73	22	55	23	99	24	75	25	63	26	46	27	83	28	57	29	89	30	36	31	22	32	81	33	62	34	12	35	66	36	3	37	63	38	76	39	43	40	44	41	35	42	71	43	55	44	99	45	68	46	37	47	19	48	80	49	9
	0	100	1	14	2	4	3	55	4	92	5	1	6	31	7	22	8	29	9	23	10	1	11	92	12	1	13	90	14	36	15	84	16	61	17	32	18	91	19	1	20	8	21	44	22	88	23	45	24	5	25	78	26	57	27	8	28	74	29	47	30	66	31	74	32	58	33	52	34	18	35	95	36	48	37	35	38	51	39	32	40	7	41	30	42	59	43	57	44	53	45	70	46	26	47	69	48	64	49	50
	0	45	1	71	2	24	3	80	4	53	5	9	6	37	7	55	8	16	9	64	10	58	11	48	12	33	13	54	14	27	15	87	16	59	17	93	18	7	19	66	20	48	21	92	22	58	23	35	24	72	25	29	26	99	27	30	28	81	29	4	30	41	31	50	32	92	33	49	34	90	35	9	36	24	37	86	38	63	39	2	40	26	41	29	42	47	43	60	44	60	45	75	46	14	47	2	48	40	49	49
	0	63	1	97	2	29	3	76	4	43	5	82	6	50	7	3	8	2	9	27	10	76	11	1	12	40	13	22	14	81	15	12	16	78	17	31	18	82	19	17	20	59	21	43	22	9	23	50	24	60	25	8	26	69	27	87	28	63	29	49	30	94	31	66	32	17	33	72	34	97	35	35	36	7	37	31	38	77	39	24	40	84	41	9	42	32	43	1	44	47	45	24	46	78	47	39	48	66	49	83
	0	1	1	14	2	87	3	20	4	58	5	25	6	72	7	10	8	28	9	68	10	48	11	39	12	73	13	50	14	78	15	73	16	50	17	97	18	76	19	54	20	5	21	92	22	25	23	10	24	13	25	67	26	78	27	75	28	74	29	9	30	45	31	42	32	52	33	71	34	91	35	89	36	35	37	2	38	17	39	70	40	51	41	22	42	78	43	50	44	52	45	5	46	63	47	21	48	82	49	67
	0	61	1	38	2	55	3	58	4	63	5	55	6	32	7	94	8	83	9	60	10	76	11	4	12	8	13	22	14	2	15	53	16	96	17	17	18	72	19	83	20	86	21	82	22	95	23	79	24	93	25	24	26	25	27	39	28	96	29	77	30	81	31	26	32	55	33	85	34	21	35	21	36	92	37	59	38	44	39	100	40	42	41	27	42	14	43	7	44	59	45	80	46	12	47	6	48	12	49	88
	0	73	1	20	2	29	3	31	4	66	5	98	6	66	7	65	8	6	9	61	10	10	11	39	12	31	13	31	14	32	15	8	16	65	17	36	18	65	19	24	20	51	21	30	22	72	23	88	24	37	25	3	26	11	27	9	28	38	29	50	30	31	31	100	32	11	33	17	34	52	35	88	36	11	37	60	38	5	39	43	40	29	41	81	42	44	43	46	44	12	45	17	46	51	47	39	48	22	49	7
	0	94	1	42	2	100	3	56	4	20	5	20	6	15	7	79	8	81	9	42	10	33	11	84	12	27	13	64	14	28	15	29	16	20	17	15	18	27	19	78	20	48	21	92	22	50	23	12	24	48	25	75	26	98	27	95	28	54	29	20	30	95	31	90	32	47	33	93	34	82	35	78	36	67	37	63	38	38	39	22	40	97	41	51	42	43	43	80	44	58	45	4	46	40	47	64	48	55	49	62
	0	52	1	88	2	68	3	9	4	44	5	68	6	75	7	44	8	59	9	50	10	64	11	7	12	57	13	93	14	51	15	48	16	37	17	19	18	26	19	22	20	17	21	22	22	93	23	46	24	12	25	90	26	64	27	60	28	31	29	79	30	39	31	68	32	72	33	53	34	68	35	56	36	6	37	62	38	91	39	7	40	60	41	49	42	88	43	74	44	55	45	76	46	90	47	67	48	46	49	33
	0	43	1	66	2	81	3	69	4	12	5	78	6	77	7	40	8	69	9	86	10	54	11	85	12	9	13	63	14	17	15	63	16	87	17	58	18	52	19	13	20	67	21	59	22	63	23	30	24	15	25	4	26	1	27	49	28	6	29	96	30	37	31	97	32	97	33	27	34	83	35	56	36	4	37	36	38	71	39	35	40	78	41	48	42	35	43	44	44	61	45	64	46	64	47	35	48	96	49	5
	0	18	1	39	2	81	3	33	4	22	5	11	6	19	7	98	8	81	9	75	10	98	11	73	12	85	13	16	14	1	15	2	16	94	17	78	18	28	19	49	20	24	21	54	22	80	23	30	24	69	25	69	26	50	27	78	28	33	29	12	30	97	31	51	32	61	33	59	34	21	35	4	36	90	37	86	38	54	39	68	40	51	41	68	42	26	43	25	44	7	45	21	46	99	47	52	48	4	49	30
	0	49	1	83	2	59	3	55	4	48	5	25	6	21	7	24	8	86	9	100	10	90	11	64	12	27	13	14	14	58	15	96	16	82	17	81	18	12	19	24	20	58	21	44	22	35	23	93	24	4	25	67	26	68	27	72	28	69	29	1	30	27	31	10	32	41	33	45	34	94	35	70	36	35	37	44	38	28	39	27	40	40	41	16	42	49	43	86	44	54	45	76	46	5	47	71	48	67	49	17
	0	31	1	72	2	52	3	66	4	31	5	69	6	6	7	3	8	78	9	51	10	20	11	40	12	94	13	15	14	86	15	80	16	46	17	10	18	78	19	11	20	95	21	45	22	38	23	98	24	64	25	3	26	80	27	82	28	21	29	10	30	85	31	1	32	83	33	54	34	40	35	90	36	4	37	62	38	63	39	27	40	91	41	70	42	95	43	20	44	58	45	47	46	73	47	73	48	23	49	61
	0	98	1	63	2	98	3	98	4	66	5	11	6	40	7	63	8	40	9	43	10	42	11	39	12	56	13	62	14	1	15	69	16	9	17	86	18	90	19	95	20	64	21	20	22	7	23	68	24	72	25	58	26	92	27	8	28	99	29	47	30	30	31	87	32	97	33	52	34	85	35	56	36	67	37	7	38	23	39	42	40	1	41	33	42	27	43	85	44	4	45	68	46	13	47	94	48	26	49	38
	0	98	1	38	2	55	3	56	4	72	5	8	6	58	7	37	8	88	9	100	10	70	11	65	12	68	13	27	14	62	15	45	16	73	17	43	18	41	19	26	20	7	21	43	22	63	23	90	24	54	25	78	26	65	27	26	28	43	29	81	30	46	31	44	32	3	33	15	34	42	35	94	36	75	37	80	38	95	39	1	40	62	41	30	42	98	43	28	44	33	45	97	46	61	47	20	48	48	49	33
	0	47	1	98	2	30	3	95	4	59	5	16	6	23	7	49	8	80	9	83	10	7	11	60	12	2	13	15	14	53	15	1	16	86	17	83	18	54	19	3	20	57	21	59	22	45	23	3	24	3	25	78	26	16	27	89	28	44	29	72	30	68	31	50	32	1	33	43	34	76	35	54	36	55	37	78	38	51	39	29	40	99	41	24	42	20	43	37	44	12	45	78	46	66	47	23	48	9	49	64
	0	89	1	21	2	52	3	85	4	93	5	28	6	15	7	94	8	3	9	74	10	47	11	9	12	62	13	74	14	77	15	69	16	73	17	1	18	49	19	5	20	78	21	54	22	78	23	72	24	92	25	94	26	77	27	73	28	31	29	59	30	88	31	63	32	8	33	3	34	19	35	16	36	81	37	14	38	69	39	94	40	76	41	98	42	85	43	54	44	28	45	32	46	8	47	74	48	96	49	45
	0	73	1	93	2	64	3	59	4	84	5	92	6	26	7	91	8	79	9	55	10	5	11	38	12	59	13	98	14	81	15	47	16	32	17	54	18	1	19	74	20	9	21	37	22	12	23	81	24	59	25	42	26	34	27	5	28	83	29	43	30	64	31	23	32	91	33	100	34	89	35	80	36	88	37	86	38	22	39	64	40	87	41	90	42	18	43	41	44	15	45	74	46	26	47	76	48	95	49	64
	0	71	1	19	2	88	3	20	4	82	5	24	6	52	7	24	8	19	9	25	10	50	11	53	12	43	13	95	14	100	15	48	16	53	17	56	18	73	19	95	20	75	21	25	22	47	23	63	24	68	25	2	26	9	27	87	28	6	29	41	30	48	31	75	32	25	33	65	34	66	35	78	36	56	37	3	38	29	39	64	40	92	41	76	42	13	43	68	44	42	45	50	46	30	47	25	48	76	49	28
	0	25	1	99	2	75	3	62	4	92	5	68	6	25	7	5	8	49	9	20	10	29	11	19	12	61	13	82	14	18	15	27	16	9	17	88	18	95	19	69	20	37	21	41	22	33	23	93	24	37	25	41	26	17	27	4	28	44	29	79	30	100	31	37	32	43	33	20	34	8	35	42	36	37	37	17	38	29	39	85	40	3	41	47	42	47	43	12	44	39	45	41	46	28	47	22	48	93	49	62
	0	58	1	50	2	8	3	46	4	92	5	62	6	43	7	15	8	69	9	97	10	36	11	27	12	85	13	27	14	30	15	14	16	55	17	5	18	79	19	34	20	89	21	31	22	95	23	29	24	60	25	51	26	18	27	76	28	49	29	71	30	1	31	54	32	98	33	53	34	56	35	87	36	89	37	22	38	9	39	22	40	43	41	99	42	35	43	48	44	13	45	42	46	98	47	80	48	92	49	71
	0	97	1	58	2	86	3	81	4	9	5	19	6	10	7	92	8	69	9	71	10	100	11	93	12	24	13	57	14	65	15	59	16	77	17	85	18	15	19	63	20	71	21	83	22	33	23	3	24	3	25	83	26	86	27	30	28	66	29	55	30	90	31	35	32	56	33	40	34	71	35	26	36	85	37	56	38	87	39	18	40	93	41	76	42	16	43	11	44	61	45	1	46	2	47	27	48	51	49	73
	0	29	1	25	2	25	3	7	4	73	5	31	6	32	7	40	8	25	9	38	10	64	11	15	12	17	13	68	14	2	15	49	16	63	17	7	18	21	19	70	20	26	21	38	22	25	23	6	24	56	25	49	26	19	27	58	28	49	29	91	30	40	31	100	32	64	33	3	34	23	35	93	36	46	37	31	38	51	39	91	40	75	41	15	42	26	43	74	44	34	45	19	46	61	47	64	48	56	49	20
	0	73	1	79	2	6	3	89	4	35	5	39	6	96	7	31	8	11	9	36	10	41	11	63	12	89	13	30	14	20	15	40	16	74	17	30	18	80	19	77	20	18	21	69	22	96	23	13	24	95	25	86	26	98	27	12	28	47	29	81	30	10	31	8	32	56	33	91	34	53	35	33	36	23	37	16	38	34	39	86	40	61	41	84	42	8	43	31	44	26	45	39	46	70	47	32	48	47	49	95
	0	47	1	70	2	25	3	74	4	72	5	85	6	23	7	45	8	64	9	49	10	53	11	8	12	56	13	70	14	41	15	3	16	36	17	61	18	22	19	43	20	89	21	42	22	97	23	90	24	75	25	59	26	62	27	18	28	55	29	28	30	67	31	53	32	65	33	38	34	98	35	70	36	6	37	84	38	68	39	83	40	78	41	8	42	57	43	68	44	99	45	53	46	58	47	99	48	71	49	86
	0	99	1	92	2	100	3	28	4	59	5	80	6	63	7	90	8	89	9	72	10	88	11	26	12	18	13	59	14	98	15	35	16	95	17	83	18	23	19	68	20	98	21	70	22	85	23	42	24	18	25	98	26	8	27	57	28	94	29	55	30	19	31	52	32	54	33	95	34	24	35	76	36	91	37	20	38	88	39	40	40	85	41	20	42	51	43	77	44	41	45	58	46	54	47	41	48	7	49	5
	0	66	1	92	2	86	3	18	4	22	5	84	6	80	7	50	8	29	9	34	10	95	11	34	12	87	13	28	14	18	15	53	16	42	17	19	18	46	19	16	20	62	21	3	22	9	23	95	24	97	25	84	26	36	27	84	28	87	29	63	30	56	31	91	32	99	33	17	34	16	35	75	36	25	37	41	38	66	39	89	40	73	41	87	42	63	43	90	44	26	45	9	46	57	47	25	48	53	49	93
	0	88	1	9	2	91	3	52	4	2	5	44	6	51	7	1	8	59	9	58	10	97	11	37	12	100	13	60	14	7	15	2	16	76	17	29	18	21	19	97	20	87	21	92	22	24	23	71	24	60	25	64	26	33	27	18	28	69	29	41	30	76	31	33	32	83	33	85	34	77	35	33	36	89	37	29	38	4	39	32	40	26	41	92	42	28	43	21	44	27	45	97	46	96	47	9	48	67	49	9
	0	37	1	12	2	33	3	55	4	36	5	92	6	5	7	86	8	51	9	2	10	84	11	89	12	51	13	78	14	10	15	64	16	17	17	70	18	78	19	24	20	21	21	35	22	8	23	87	24	69	25	2	26	61	27	48	28	89	29	4	30	92	31	81	32	91	33	24	34	78	35	84	36	33	37	7	38	73	39	78	40	66	41	38	42	65	43	24	44	39	45	66	46	53	47	7	48	5	49	64
	0	59	1	20	2	37	3	18	4	36	5	31	6	57	7	95	8	54	9	26	10	33	11	49	12	66	13	49	14	99	15	47	16	79	17	1	18	10	19	27	20	99	21	48	22	11	23	26	24	8	25	66	26	21	27	39	28	4	29	15	30	27	31	92	32	5	33	19	34	56	35	42	36	98	37	4	38	71	39	39	40	96	41	5	42	93	43	14	44	10	45	60	46	72	47	72	48	75	49	40
	0	30	1	12	2	75	3	94	4	66	5	95	6	44	7	96	8	97	9	40	10	64	11	27	12	68	13	8	14	73	15	40	16	52	17	18	18	41	19	74	20	37	21	1	22	6	23	26	24	56	25	65	26	53	27	96	28	16	29	64	30	90	31	52	32	29	33	74	34	51	35	4	36	52	37	1	38	33	39	62	40	90	41	12	42	41	43	21	44	5	45	42	46	100	47	12	48	72	49	10
	0	68	1	96	2	27	3	73	4	38	5	92	6	29	7	72	8	33	9	80	10	31	11	69	12	27	13	100	14	13	15	77	16	35	17	53	18	40	19	24	20	70	21	74	22	39	23	1	24	51	25	14	26	13	27	100	28	10	29	83	30	29	31	33	32	41	33	17	34	57	35	77	36	78	37	72	38	37	39	8	40	94	41	74	42	15	43	5	44	75	45	62	46	57	47	38	48	93	49	8
	0	43	1	72	2	83	3	7	4	9	5	54	6	17	7	63	8	61	9	66	10	5	11	12	12	11	13	52	14	80	15	72	16	88	17	57	18	44	19	97	20	29	21	45	22	90	23	79	24	59	25	70	26	5	27	29	28	6	29	23	30	47	31	22	32	21	33	80	34	32	35	1	36	80	37	21	38	72	39	62	40	13	41	1	42	74	43	72	44	73	45	86	46	61	47	84	48	28	49	87
	0	90	1	63	2	71	3	57	4	79	5	35	6	50	7	37	8	71	9	7	10	78	11	51	12	79	13	38	14	77	15	10	16	10	17	57	18	55	19	52	20	54	21	48	22	30	23	40	24	86	25	51	26	42	27	4	28	20	29	66	30	30	31	66	32	98	33	30	34	51	35	22	36	31	37	21	38	71	39	55	40	9	41	16	42	58	43	93	44	28	45	91	46	63	47	48	48	43	49	44
	0	58	1	98	2	11	3	92	4	65	5	97	6	95	7	52	8	13	9	28	10	49	11	21	12	90	13	20	14	86	15	23	16	78	17	16	18	23	19	55	20	99	21	51	22	38	23	90	24	4	25	70	26	91	27	100	28	74	29	9	30	89	31	93	32	31	33	13	34	98	35	7	36	70	37	62	38	36	39	89	40	56	41	29	42	100	43	40	44	52	45	1	46	5	47	29	48	79	49	19
	0	37	1	93	2	8	3	28	4	60	5	77	6	42	7	55	8	23	9	76	10	50	11	34	12	41	13	98	14	38	15	52	16	77	17	46	18	91	19	99	20	27	21	94	22	5	23	33	24	81	25	3	26	4	27	90	28	37	29	1	30	4	31	12	32	65	33	33	34	66	35	65	36	61	37	38	38	71	39	74	40	35	41	20	42	77	43	90	44	23	45	19	46	63	47	72	48	20	49	99
	0	68	1	53	2	70	3	9	4	71	5	15	6	58	7	78	8	80	9	91	10	98	11	55	12	20	13	77	14	8	15	10	16	37	17	19	18	8	19	51	20	58	21	4	22	99	23	20	24	87	25	72	26	92	27	79	28	10	29	31	30	5	31	96	32	38	33	43	34	49	35	94	36	29	37	2	38	55	39	25	40	59	41	36	42	37	43	71	44	19	45	98	46	72	47	97	48	79	49	22
	0	51	1	4	2	41	3	71	4	41	5	54	6	56	7	99	8	37	9	65	10	3	11	89	12	18	13	5	14	32	15	64	16	30	17	20	18	29	19	73	20	55	21	91	22	64	23	85	24	35	25	94	26	9	27	60	28	72	29	8	30	48	31	83	32	24	33	2	34	28	35	57	36	49	37	88	38	7	39	19	40	82	41	30	42	88	43	6	44	53	45	34	46	78	47	89	48	65	49	73
	0	90	1	59	2	97	3	11	4	67	5	22	6	6	7	32	8	19	9	52	10	32	11	96	12	92	13	87	14	44	15	64	16	99	17	92	18	65	19	80	20	5	21	5	22	82	23	88	24	28	25	47	26	11	27	31	28	97	29	67	30	84	31	55	32	99	33	42	34	79	35	12	36	80	37	60	38	98	39	59	40	1	41	61	42	83	43	51	44	57	45	98	46	8	47	21	48	3	49	59
	0	92	1	72	2	65	3	58	4	25	5	20	6	10	7	75	8	4	9	82	10	8	11	24	12	4	13	78	14	17	15	55	16	56	17	9	18	66	19	37	20	89	21	9	22	26	23	77	24	63	25	6	26	82	27	54	28	99	29	21	30	58	31	92	32	88	33	1	34	43	35	4	36	34	37	68	38	39	39	56	40	48	41	10	42	23	43	61	44	23	45	72	46	72	47	83	48	41	49	4
	0	28	1	19	2	94	3	85	4	82	5	93	6	17	7	28	8	5	9	70	10	81	11	23	12	54	13	78	14	71	15	89	16	43	17	96	18	61	19	41	20	42	21	59	22	68	23	82	24	51	25	57	26	21	27	78	28	65	29	63	30	6	31	90	32	18	33	95	34	56	35	51	36	83	37	2	38	2	39	28	40	54	41	39	42	2	43	1	44	52	45	53	46	15	47	47	48	13	49	15
	0	94	1	10	2	64	3	51	4	98	5	99	6	95	7	68	8	63	9	55	10	66	11	84	12	79	13	49	14	33	15	86	16	55	17	35	18	59	19	99	20	78	21	52	22	58	23	29	24	92	25	46	26	82	27	7	28	54	29	78	30	48	31	67	32	53	33	11	34	73	35	4	36	79	37	5	38	54	39	26	40	95	41	71	42	16	43	85	44	47	45	52	46	13	47	35	48	2	49	31
	0	63	1	80	2	16	3	87	4	36	5	84	6	64	7	58	8	44	9	81	10	78	11	72	12	85	13	84	14	89	15	44	16	55	17	90	18	59	19	80	20	22	21	38	22	46	23	12	24	24	25	58	26	54	27	59	28	45	29	14	30	40	31	95	32	65	33	42	34	93	35	60	36	7	37	28	38	14	39	56	40	10	41	67	42	35	43	7	44	11	45	28	46	88	47	73	48	17	49	83
	0	95	1	44	2	88	3	91	4	30	5	77	6	72	7	45	8	3	9	19	10	61	11	21	12	46	13	49	14	60	15	87	16	95	17	35	18	81	19	57	20	20	21	69	22	20	23	7	24	32	25	53	26	53	27	82	28	69	29	25	30	87	31	58	32	51	33	58	34	38	35	44	36	40	37	78	38	12	39	41	40	54	41	69	42	40	43	80	44	29	45	77	46	59	47	15	48	15	49	16
	0	68	1	47	2	44	3	43	4	86	5	99	6	32	7	68	8	89	9	61	10	82	11	94	12	14	13	92	14	100	15	20	16	52	17	37	18	54	19	42	20	66	21	93	22	24	23	37	24	2	25	42	26	33	27	29	28	95	29	28	30	54	31	46	32	68	33	50	34	30	35	35	36	90	37	88	38	57	39	96	40	36	41	3	42	11	43	35	44	64	45	64	46	22	47	68	48	5	49	84
	0	35	1	10	2	25	3	97	4	90	5	39	6	17	7	84	8	32	9	17	10	22	11	31	12	21	13	8	14	81	15	92	16	6	17	20	18	84	19	73	20	87	21	75	22	63	23	75	24	72	25	69	26	27	27	53	28	4	29	77	30	67	31	76	32	24	33	37	34	51	35	3	36	85	37	79	38	98	39	11	40	33	41	20	42	14	43	31	44	33	45	22	46	100	47	79	48	80	49	85
	0	91	1	4	2	60	3	29	4	78	5	68	6	15	7	79	8	12	9	42	10	42	11	65	12	5	13	81	14	48	15	92	16	77	17	12	18	100	19	53	20	3	21	54	22	79	23	77	24	64	25	33	26	14	27	49	28	13	29	91	30	47	31	29	32	4	33	82	34	71	35	71	36	40	37	2	38	22	39	14	40	47	41	13	42	40	43	84	44	80	45	43	46	17	47	58	48	7	49	76
	0	85	1	43	2	37	3	68	4	42	5	96	6	87	7	47	8	97	9	88	10	5	11	87	12	81	13	69	14	85	15	61	16	72	17	5	18	48	19	22	20	7	21	86	22	82	23	52	24	9	25	31	26	49	27	83	28	21	29	32	30	14	31	99	32	46	33	21	34	48	35	40	36	28	37	44	38	18	39	85	40	21	41	78	42	55	43	99	44	41	45	34	46	68	47	45	48	74	49	22
	0	51	1	100	2	20	3	72	4	87	5	44	6	67	7	36	8	64	9	99	10	37	11	26	12	40	13	37	14	48	15	50	16	31	17	77	18	77	19	56	20	11	21	57	22	36	23	95	24	38	25	40	26	68	27	67	28	57	29	91	30	47	31	4	32	40	33	35	34	40	35	12	36	52	37	77	38	43	39	73	40	72	41	65	42	22	43	65	44	1	45	96	46	14	47	80	48	27	49	19
Reldue
-1	2155	-1	1
-1	1823	-1	1
-1	1944	-1	1
-1	2314	-1	1
-1	2507	-1	1
-1	2109	-1	1
-1	1753	-1	1
-1	2511	-1	1
-1	2398	-1	1
-1	1772	-1	1
-1	1792	-1	1
-1	1590	-1	1
-1	1696	-1	1
-1	1726	-1	1
-1	2071	-1	1
-1	2051	-1	1
-1	2347	-1	1
-1	1644	-1	1
-1	2420	-1	1
-1	1951	-1	1
-1	2231	-1	1
-1	2055	-1	1
-1	1688	-1	1
-1	1841	-1	1
-1	1676	-1	1
-1	2416	-1	1
-1	2339	-1	1
-1	1887	-1	1
-1	1766	-1	1
-1	2035	-1	1
-1	1718	-1	1
-1	1799	-1	1
-1	2401	-1	1
-1	1780	-1	1
-1	1571	-1	1
-1	2154	-1	1
-1	2195	-1	1
-1	1720	-1	1
-1	2291	-1	1
-1	1851	-1	1
-1	1533	-1	1
-1	2325	-1	1
-1	1721	-1	1
-1	2038	-1	1
-1	2213	-1	1
-1	1819	-1	1
-1	2275	-1	1
-1	1545	-1	1
-1	2425	-1	1
-1	1918	-1	1
LBCmax: 5099
