50  30
	0	19	1	83	2	36	3	28	4	15	5	65	6	25	7	87	8	21	9	68	10	20	11	19	12	17	13	53	14	1	15	65	16	100	17	81	18	35	19	32	20	82	21	77	22	38	23	46	24	59	25	37	26	59	27	63	28	62	29	63
	0	95	1	86	2	42	3	38	4	11	5	63	6	41	7	74	8	28	9	59	10	60	11	1	12	97	13	35	14	24	15	70	16	75	17	66	18	98	19	96	20	78	21	92	22	13	23	66	24	63	25	85	26	2	27	79	28	72	29	63
	0	57	1	1	2	49	3	93	4	50	5	46	6	88	7	66	8	90	9	18	10	99	11	30	12	1	13	82	14	90	15	23	16	46	17	38	18	92	19	28	20	28	21	20	22	95	23	49	24	55	25	51	26	54	27	92	28	32	29	9
	0	96	1	79	2	26	3	9	4	28	5	41	6	31	7	83	8	26	9	67	10	100	11	26	12	71	13	3	14	43	15	41	16	41	17	29	18	100	19	86	20	87	21	63	22	40	23	29	24	48	25	52	26	45	27	49	28	88	29	75
	0	82	1	34	2	52	3	50	4	60	5	77	6	83	7	23	8	42	9	74	10	41	11	85	12	56	13	54	14	9	15	42	16	6	17	11	18	100	19	39	20	1	21	20	22	78	23	96	24	49	25	50	26	59	27	41	28	65	29	5
	0	70	1	7	2	6	3	61	4	68	5	57	6	46	7	76	8	49	9	47	10	12	11	97	12	7	13	29	14	86	15	84	16	11	17	80	18	27	19	26	20	23	21	75	22	58	23	23	24	64	25	69	26	45	27	60	28	4	29	42
	0	39	1	89	2	41	3	27	4	80	5	100	6	81	7	18	8	65	9	51	10	43	11	35	12	39	13	80	14	56	15	96	16	65	17	25	18	10	19	10	20	68	21	21	22	76	23	3	24	75	25	55	26	30	27	35	28	86	29	89
	0	21	1	74	2	42	3	99	4	74	5	35	6	98	7	63	8	33	9	91	10	95	11	26	12	64	13	23	14	91	15	4	16	79	17	72	18	11	19	12	20	69	21	91	22	7	23	34	24	32	25	24	26	52	27	50	28	42	29	62
	0	100	1	19	2	2	3	42	4	89	5	57	6	75	7	97	8	75	9	63	10	79	11	73	12	8	13	98	14	94	15	63	16	8	17	1	18	22	19	34	20	90	21	7	22	86	23	46	24	46	25	2	26	72	27	80	28	83	29	21
	0	48	1	33	2	87	3	82	4	99	5	41	6	44	7	14	8	81	9	44	10	46	11	14	12	76	13	1	14	71	15	43	16	100	17	17	18	98	19	54	20	91	21	44	22	13	23	98	24	89	25	60	26	4	27	67	28	85	29	51
	0	59	1	57	2	81	3	44	4	15	5	63	6	22	7	55	8	14	9	46	10	63	11	67	12	67	13	32	14	93	15	49	16	47	17	14	18	29	19	66	20	41	21	99	22	50	23	58	24	34	25	1	26	43	27	85	28	22	29	71
	0	66	1	58	2	66	3	23	4	54	5	5	6	26	7	96	8	37	9	57	10	52	11	58	12	27	13	25	14	14	15	34	16	5	17	31	18	95	19	40	20	12	21	100	22	87	23	22	24	18	25	17	26	55	27	57	28	42	29	35
	0	63	1	55	2	20	3	58	4	84	5	62	6	66	7	42	8	28	9	71	10	69	11	9	12	57	13	79	14	9	15	41	16	83	17	40	18	95	19	1	20	68	21	25	22	63	23	27	24	56	25	62	26	76	27	54	28	21	29	35
	0	14	1	90	2	6	3	66	4	59	5	49	6	90	7	92	8	97	9	92	10	3	11	26	12	2	13	63	14	73	15	64	16	78	17	99	18	92	19	71	20	54	21	51	22	15	23	51	24	79	25	67	26	39	27	8	28	60	29	88
	0	24	1	28	2	21	3	92	4	54	5	50	6	3	7	68	8	55	9	7	10	9	11	9	12	99	13	52	14	76	15	59	16	88	17	99	18	37	19	49	20	76	21	48	22	81	23	12	24	80	25	77	26	39	27	54	28	96	29	2
	0	64	1	31	2	1	3	58	4	57	5	47	6	30	7	55	8	80	9	92	10	46	11	81	12	48	13	58	14	40	15	90	16	89	17	27	18	38	19	91	20	22	21	6	22	94	23	96	24	82	25	55	26	3	27	38	28	6	29	39
	0	58	1	36	2	40	3	81	4	33	5	74	6	48	7	28	8	75	9	30	10	24	11	35	12	25	13	60	14	44	15	21	16	15	17	35	18	97	19	84	20	1	21	76	22	99	23	47	24	22	25	39	26	72	27	89	28	18	29	45
	0	24	1	82	2	28	3	56	4	99	5	25	6	49	7	49	8	53	9	69	10	52	11	27	12	81	13	50	14	49	15	70	16	7	17	93	18	87	19	32	20	14	21	38	22	3	23	19	24	71	25	15	26	59	27	6	28	72	29	63
	0	56	1	86	2	21	3	62	4	75	5	57	6	9	7	42	8	21	9	84	10	66	11	69	12	44	13	98	14	99	15	32	16	72	17	11	18	32	19	81	20	87	21	78	22	13	23	86	24	15	25	7	26	71	27	16	28	23	29	23
	0	14	1	64	2	42	3	26	4	8	5	69	6	43	7	87	8	94	9	96	10	67	11	8	12	11	13	91	14	55	15	98	16	39	17	12	18	41	19	63	20	95	21	11	22	17	23	20	24	23	25	14	26	51	27	58	28	66	29	19
	0	53	1	22	2	35	3	19	4	96	5	6	6	79	7	8	8	45	9	45	10	40	11	44	12	50	13	73	14	46	15	62	16	8	17	82	18	67	19	61	20	100	21	80	22	58	23	17	24	50	25	60	26	30	27	96	28	73	29	12
	0	54	1	60	2	6	3	34	4	80	5	93	6	35	7	44	8	10	9	97	10	61	11	83	12	87	13	29	14	78	15	62	16	61	17	75	18	47	19	8	20	58	21	90	22	88	23	91	24	62	25	52	26	29	27	48	28	82	29	96
	0	88	1	39	2	69	3	36	4	63	5	93	6	3	7	92	8	70	9	35	10	59	11	71	12	46	13	1	14	34	15	85	16	7	17	80	18	82	19	83	20	37	21	35	22	94	23	47	24	38	25	6	26	33	27	80	28	67	29	89
	0	79	1	67	2	46	3	35	4	74	5	10	6	23	7	32	8	65	9	59	10	8	11	48	12	70	13	77	14	23	15	55	16	38	17	34	18	35	19	62	20	63	21	8	22	63	23	23	24	65	25	22	26	80	27	8	28	80	29	81
	0	47	1	35	2	85	3	50	4	45	5	21	6	69	7	9	8	5	9	88	10	35	11	77	12	51	13	32	14	66	15	75	16	86	17	49	18	15	19	88	20	6	21	68	22	94	23	31	24	28	25	35	26	70	27	42	28	39	29	58
	0	93	1	48	2	23	3	95	4	16	5	77	6	26	7	47	8	83	9	22	10	50	11	100	12	90	13	68	14	96	15	10	16	55	17	40	18	97	19	41	20	36	21	46	22	11	23	85	24	97	25	1	26	58	27	34	28	13	29	73
	0	34	1	93	2	46	3	88	4	19	5	25	6	50	7	67	8	79	9	86	10	79	11	4	12	18	13	6	14	16	15	93	16	36	17	84	18	28	19	63	20	92	21	40	22	32	23	99	24	84	25	26	26	27	27	29	28	100	29	86
	0	9	1	20	2	81	3	28	4	97	5	22	6	30	7	35	8	21	9	30	10	34	11	42	12	55	13	75	14	90	15	47	16	3	17	52	18	58	19	30	20	57	21	47	22	75	23	4	24	91	25	25	26	7	27	32	28	71	29	91
	0	18	1	57	2	79	3	29	4	90	5	52	6	85	7	87	8	20	9	85	10	21	11	64	12	71	13	43	14	39	15	17	16	67	17	67	18	54	19	85	20	46	21	2	22	99	23	8	24	21	25	47	26	60	27	92	28	4	29	69
	0	51	1	27	2	99	3	15	4	52	5	83	6	67	7	32	8	31	9	31	10	24	11	89	12	100	13	56	14	13	15	42	16	93	17	76	18	69	19	9	20	75	21	69	22	79	23	30	24	93	25	79	26	75	27	31	28	42	29	56
	0	48	1	30	2	18	3	40	4	49	5	30	6	66	7	5	8	14	9	13	10	43	11	18	12	47	13	10	14	65	15	83	16	28	17	23	18	11	19	63	20	40	21	19	22	83	23	22	24	30	25	21	26	59	27	5	28	53	29	72
	0	98	1	64	2	54	3	35	4	60	5	99	6	95	7	75	8	65	9	56	10	27	11	13	12	7	13	26	14	66	15	64	16	83	17	8	18	31	19	92	20	22	21	54	22	40	23	45	24	1	25	100	26	68	27	59	28	4	29	46
	0	39	1	35	2	49	3	49	4	85	5	30	6	95	7	34	8	85	9	21	10	2	11	38	12	97	13	31	14	94	15	47	16	25	17	19	18	77	19	88	20	82	21	84	22	85	23	87	24	51	25	34	26	62	27	98	28	58	29	2
	0	13	1	75	2	91	3	38	4	71	5	37	6	47	7	88	8	75	9	43	10	85	11	44	12	37	13	90	14	13	15	38	16	58	17	85	18	42	19	92	20	28	21	65	22	84	23	61	24	94	25	65	26	78	27	38	28	4	29	52
	0	60	1	89	2	56	3	81	4	35	5	51	6	1	7	40	8	93	9	8	10	84	11	86	12	84	13	20	14	38	15	92	16	56	17	86	18	35	19	62	20	3	21	54	22	74	23	72	24	89	25	10	26	74	27	55	28	42	29	8
	0	75	1	34	2	29	3	32	4	88	5	65	6	68	7	96	8	29	9	60	10	21	11	17	12	40	13	85	14	89	15	26	16	83	17	61	18	4	19	99	20	45	21	10	22	64	23	27	24	13	25	31	26	91	27	45	28	84	29	89
	0	86	1	98	2	30	3	57	4	16	5	20	6	43	7	43	8	55	9	45	10	8	11	88	12	72	13	67	14	93	15	30	16	29	17	41	18	54	19	54	20	30	21	82	22	90	23	78	24	53	25	85	26	100	27	51	28	30	29	7
	0	16	1	62	2	74	3	62	4	31	5	73	6	65	7	20	8	40	9	45	10	36	11	21	12	46	13	4	14	37	15	37	16	26	17	73	18	53	19	48	20	44	21	68	22	3	23	13	24	55	25	28	26	68	27	52	28	46	29	34
	0	94	1	64	2	93	3	32	4	91	5	59	6	50	7	72	8	18	9	75	10	80	11	15	12	17	13	1	14	9	15	78	16	48	17	32	18	54	19	30	20	29	21	27	22	51	23	39	24	87	25	49	26	7	27	36	28	76	29	5
	0	22	1	67	2	13	3	9	4	74	5	24	6	39	7	45	8	64	9	85	10	12	11	4	12	47	13	11	14	77	15	12	16	21	17	68	18	85	19	85	20	26	21	81	22	46	23	63	24	84	25	39	26	40	27	23	28	97	29	91
	0	15	1	73	2	57	3	28	4	64	5	63	6	49	7	24	8	44	9	81	10	60	11	80	12	78	13	2	14	9	15	5	16	63	17	34	18	65	19	21	20	71	21	55	22	24	23	72	24	16	25	41	26	58	27	83	28	16	29	42
	0	59	1	99	2	94	3	34	4	35	5	85	6	68	7	74	8	39	9	85	10	51	11	27	12	32	13	64	14	43	15	43	16	15	17	84	18	95	19	95	20	79	21	73	22	76	23	27	24	61	25	9	26	66	27	50	28	94	29	23
	0	66	1	94	2	7	3	77	4	91	5	20	6	1	7	93	8	94	9	13	10	1	11	20	12	23	13	47	14	82	15	86	16	30	17	74	18	97	19	48	20	61	21	80	22	63	23	51	24	16	25	13	26	85	27	67	28	48	29	76
	0	26	1	51	2	34	3	41	4	43	5	58	6	56	7	14	8	56	9	97	10	53	11	83	12	23	13	12	14	48	15	5	16	20	17	30	18	55	19	23	20	71	21	11	22	20	23	20	24	70	25	68	26	50	27	51	28	75	29	80
	0	32	1	11	2	90	3	97	4	61	5	20	6	46	7	88	8	8	9	50	10	60	11	31	12	3	13	9	14	26	15	2	16	29	17	68	18	62	19	23	20	33	21	91	22	35	23	1	24	3	25	1	26	15	27	28	28	83	29	7
	0	45	1	51	2	9	3	46	4	33	5	30	6	82	7	48	8	82	9	28	10	36	11	14	12	29	13	19	14	48	15	45	16	64	17	98	18	95	19	2	20	36	21	28	22	70	23	56	24	71	25	61	26	8	27	61	28	68	29	24
	0	67	1	71	2	39	3	44	4	90	5	74	6	10	7	60	8	28	9	17	10	98	11	51	12	1	13	43	14	38	15	72	16	36	17	71	18	24	19	73	20	90	21	77	22	72	23	48	24	72	25	74	26	41	27	48	28	6	29	86
	0	58	1	38	2	98	3	63	4	37	5	88	6	6	7	91	8	83	9	34	10	25	11	96	12	25	13	48	14	33	15	28	16	21	17	92	18	61	19	92	20	27	21	62	22	81	23	63	24	14	25	26	26	36	27	77	28	93	29	33
	0	38	1	18	2	72	3	41	4	17	5	26	6	48	7	75	8	10	9	93	10	21	11	39	12	95	13	28	14	74	15	19	16	33	17	7	18	68	19	70	20	61	21	43	22	23	23	65	24	56	25	33	26	8	27	42	28	57	29	73
	0	55	1	98	2	13	3	46	4	54	5	91	6	11	7	32	8	17	9	63	10	73	11	78	12	2	13	1	14	55	15	37	16	44	17	82	18	71	19	74	20	27	21	84	22	22	23	83	24	99	25	45	26	22	27	61	28	13	29	18
Reldue
-1	2085	-1	1
-1	2946	-1	1
-1	2735	-1	1
-1	2883	-1	1
-1	1708	-1	1
-1	1749	-1	1
-1	1417	-1	1
-1	2650	-1	1
-1	1605	-1	1
-1	4244	-1	1
-1	1915	-1	1
-1	3936	-1	1
-1	4574	-1	1
-1	2916	-1	1
-1	1592	-1	1
-1	4406	-1	1
-1	1794	-1	1
-1	1904	-1	1
-1	1552	-1	1
-1	3785	-1	1
-1	4585	-1	1
-1	3957	-1	1
-1	1322	-1	1
-1	1253	-1	1
-1	3987	-1	1
-1	4924	-1	1
-1	3972	-1	1
-1	2389	-1	1
-1	1354	-1	1
-1	1985	-1	1
-1	4711	-1	1
-1	1666	-1	1
-1	2020	-1	1
-1	3471	-1	1
-1	2894	-1	1
-1	4423	-1	1
-1	4729	-1	1
-1	1907	-1	1
-1	4658	-1	1
-1	1984	-1	1
-1	4913	-1	1
-1	4740	-1	1
-1	3753	-1	1
-1	4541	-1	1
-1	3792	-1	1
-1	4905	-1	1
-1	2822	-1	1
-1	4765	-1	1
-1	4539	-1	1
-1	3139	-1	1
LBCmax: 3877
