250  50
	0	76	1	40	2	48	3	74	4	4	5	35	6	83	7	83	8	24	9	85	10	51	11	65	12	99	13	23	14	84	15	83	16	81	17	30	18	66	19	24	20	71	21	49	22	85	23	3	24	1	25	25	26	55	27	51	28	30	29	93	30	9	31	53	32	46	33	6	34	77	35	5	36	12	37	87	38	94	39	10	40	3	41	41	42	98	43	60	44	26	45	61	46	22	47	39	48	14	49	25
	0	81	1	61	2	33	3	44	4	20	5	31	6	53	7	36	8	59	9	83	10	61	11	19	12	55	13	41	14	27	15	47	16	88	17	1	18	45	19	41	20	100	21	36	22	8	23	88	24	84	25	67	26	100	27	3	28	83	29	50	30	99	31	77	32	39	33	87	34	31	35	67	36	22	37	39	38	29	39	93	40	14	41	12	42	65	43	43	44	35	45	49	46	81	47	13	48	25	49	29
	0	21	1	27	2	38	3	86	4	49	5	7	6	97	7	64	8	6	9	1	10	17	11	97	12	29	13	83	14	7	15	82	16	51	17	80	18	88	19	52	20	41	21	94	22	8	23	6	24	68	25	21	26	32	27	33	28	78	29	95	30	31	31	33	32	42	33	88	34	15	35	35	36	91	37	66	38	70	39	57	40	59	41	70	42	93	43	62	44	4	45	78	46	50	47	2	48	60	49	58
	0	86	1	46	2	60	3	28	4	71	5	59	6	24	7	79	8	49	9	53	10	98	11	24	12	41	13	30	14	91	15	84	16	10	17	10	18	59	19	23	20	83	21	78	22	8	23	92	24	99	25	30	26	31	27	35	28	26	29	79	30	8	31	92	32	55	33	50	34	14	35	73	36	80	37	91	38	26	39	4	40	12	41	68	42	26	43	67	44	87	45	18	46	37	47	86	48	71	49	90
	0	36	1	26	2	59	3	86	4	34	5	10	6	46	7	85	8	25	9	69	10	90	11	23	12	29	13	87	14	3	15	43	16	88	17	97	18	56	19	50	20	95	21	46	22	66	23	38	24	57	25	33	26	97	27	68	28	28	29	80	30	16	31	6	32	59	33	12	34	68	35	66	36	51	37	34	38	64	39	15	40	9	41	32	42	91	43	20	44	39	45	59	46	8	47	56	48	27	49	55
	0	68	1	8	2	87	3	22	4	75	5	28	6	93	7	69	8	92	9	30	10	98	11	67	12	34	13	40	14	28	15	6	16	26	17	31	18	6	19	35	20	1	21	9	22	14	23	15	24	75	25	31	26	37	27	42	28	20	29	72	30	31	31	91	32	28	33	66	34	91	35	11	36	25	37	1	38	42	39	60	40	90	41	29	42	60	43	60	44	85	45	25	46	98	47	22	48	92	49	18
	0	79	1	50	2	30	3	56	4	78	5	49	6	81	7	96	8	5	9	81	10	58	11	25	12	60	13	41	14	92	15	52	16	28	17	56	18	21	19	24	20	23	21	32	22	4	23	67	24	15	25	89	26	98	27	47	28	82	29	64	30	72	31	93	32	83	33	80	34	41	35	49	36	48	37	4	38	46	39	30	40	7	41	38	42	12	43	2	44	31	45	27	46	66	47	17	48	51	49	66
	0	90	1	63	2	62	3	50	4	42	5	23	6	42	7	96	8	73	9	41	10	50	11	25	12	17	13	47	14	64	15	90	16	45	17	80	18	78	19	88	20	99	21	25	22	91	23	87	24	41	25	40	26	20	27	61	28	96	29	43	30	48	31	12	32	78	33	89	34	90	35	15	36	9	37	52	38	5	39	37	40	80	41	98	42	32	43	86	44	22	45	98	46	98	47	9	48	74	49	46
	0	31	1	49	2	68	3	50	4	86	5	17	6	76	7	28	8	58	9	45	10	77	11	35	12	39	13	29	14	51	15	71	16	49	17	71	18	2	19	86	20	52	21	84	22	59	23	56	24	15	25	19	26	29	27	92	28	98	29	29	30	79	31	42	32	75	33	74	34	74	35	49	36	7	37	29	38	18	39	7	40	37	41	69	42	48	43	26	44	75	45	19	46	97	47	83	48	89	49	99
	0	15	1	34	2	11	3	19	4	22	5	6	6	42	7	83	8	26	9	99	10	8	11	7	12	33	13	66	14	90	15	88	16	34	17	44	18	48	19	41	20	37	21	68	22	4	23	13	24	94	25	76	26	43	27	44	28	22	29	98	30	65	31	19	32	40	33	80	34	95	35	43	36	49	37	92	38	17	39	26	40	44	41	18	42	3	43	65	44	27	45	18	46	59	47	57	48	60	49	34
	0	89	1	83	2	75	3	56	4	66	5	44	6	44	7	72	8	59	9	33	10	55	11	90	12	42	13	91	14	59	15	86	16	99	17	69	18	92	19	8	20	98	21	88	22	60	23	72	24	95	25	87	26	76	27	99	28	77	29	84	30	58	31	94	32	91	33	1	34	44	35	65	36	88	37	21	38	72	39	25	40	76	41	78	42	43	43	38	44	91	45	13	46	54	47	90	48	100	49	22
	0	72	1	1	2	5	3	94	4	97	5	12	6	24	7	22	8	11	9	12	10	44	11	13	12	33	13	74	14	98	15	53	16	25	17	43	18	90	19	89	20	1	21	76	22	77	23	35	24	54	25	20	26	94	27	23	28	99	29	7	30	60	31	44	32	82	33	67	34	13	35	62	36	23	37	17	38	66	39	84	40	86	41	60	42	70	43	26	44	82	45	3	46	37	47	12	48	70	49	88
	0	52	1	85	2	94	3	89	4	78	5	24	6	77	7	16	8	38	9	97	10	66	11	27	12	22	13	90	14	83	15	57	16	55	17	95	18	52	19	90	20	29	21	49	22	75	23	51	24	71	25	43	26	99	27	85	28	18	29	65	30	2	31	50	32	13	33	33	34	64	35	58	36	29	37	30	38	21	39	7	40	18	41	51	42	20	43	19	44	11	45	28	46	10	47	70	48	23	49	90
	0	42	1	62	2	53	3	60	4	71	5	91	6	72	7	26	8	72	9	1	10	34	11	13	12	14	13	31	14	66	15	48	16	65	17	1	18	11	19	100	20	14	21	76	22	39	23	40	24	23	25	26	26	38	27	43	28	63	29	60	30	66	31	28	32	97	33	90	34	14	35	21	36	90	37	90	38	6	39	73	40	85	41	8	42	61	43	72	44	68	45	84	46	66	47	31	48	1	49	63
	0	41	1	48	2	7	3	9	4	10	5	58	6	32	7	71	8	95	9	31	10	18	11	29	12	91	13	82	14	66	15	58	16	15	17	2	18	65	19	57	20	11	21	23	22	18	23	42	24	56	25	70	26	99	27	13	28	22	29	75	30	18	31	17	32	65	33	49	34	69	35	92	36	52	37	37	38	98	39	49	40	55	41	3	42	17	43	35	44	62	45	14	46	44	47	76	48	98	49	37
	0	52	1	5	2	37	3	53	4	45	5	12	6	61	7	50	8	10	9	74	10	5	11	60	12	8	13	62	14	65	15	44	16	90	17	12	18	92	19	51	20	69	21	36	22	77	23	84	24	74	25	82	26	3	27	73	28	71	29	82	30	34	31	22	32	25	33	48	34	39	35	80	36	36	37	7	38	100	39	71	40	75	41	76	42	39	43	57	44	9	45	22	46	53	47	38	48	81	49	59
	0	63	1	8	2	87	3	82	4	100	5	15	6	73	7	31	8	93	9	1	10	32	11	38	12	27	13	20	14	81	15	100	16	81	17	59	18	57	19	89	20	80	21	3	22	39	23	78	24	11	25	25	26	3	27	49	28	77	29	100	30	72	31	24	32	9	33	61	34	91	35	14	36	49	37	48	38	70	39	92	40	72	41	24	42	57	43	34	44	16	45	56	46	35	47	79	48	33	49	86
	0	67	1	99	2	90	3	32	4	15	5	90	6	60	7	11	8	19	9	22	10	14	11	61	12	14	13	100	14	79	15	97	16	13	17	35	18	29	19	51	20	88	21	25	22	34	23	61	24	22	25	88	26	70	27	21	28	24	29	3	30	77	31	92	32	24	33	54	34	2	35	57	36	90	37	76	38	89	39	54	40	29	41	45	42	77	43	20	44	78	45	80	46	33	47	46	48	83	49	26
	0	28	1	5	2	24	3	45	4	34	5	19	6	49	7	42	8	94	9	66	10	3	11	92	12	97	13	52	14	78	15	49	16	72	17	92	18	18	19	49	20	54	21	79	22	54	23	51	24	11	25	36	26	57	27	61	28	35	29	73	30	23	31	44	32	19	33	6	34	42	35	15	36	83	37	93	38	3	39	66	40	22	41	12	42	50	43	67	44	90	45	78	46	76	47	52	48	39	49	65
	0	25	1	75	2	71	3	2	4	57	5	96	6	92	7	34	8	62	9	39	10	60	11	87	12	54	13	22	14	56	15	63	16	78	17	54	18	51	19	68	20	98	21	56	22	25	23	39	24	62	25	52	26	58	27	19	28	59	29	10	30	21	31	16	32	7	33	70	34	13	35	26	36	48	37	65	38	32	39	4	40	26	41	14	42	89	43	31	44	90	45	70	46	76	47	1	48	38	49	27
	0	65	1	19	2	88	3	36	4	3	5	93	6	56	7	70	8	12	9	66	10	65	11	47	12	24	13	3	14	31	15	5	16	11	17	46	18	80	19	70	20	73	21	99	22	100	23	86	24	12	25	91	26	40	27	74	28	100	29	58	30	100	31	56	32	11	33	7	34	78	35	54	36	92	37	86	38	69	39	49	40	69	41	48	42	26	43	63	44	34	45	95	46	32	47	99	48	55	49	44
	0	55	1	49	2	92	3	35	4	58	5	57	6	26	7	90	8	9	9	99	10	29	11	84	12	8	13	11	14	31	15	86	16	15	17	87	18	58	19	89	20	61	21	15	22	56	23	33	24	70	25	34	26	20	27	75	28	18	29	23	30	92	31	92	32	17	33	65	34	96	35	94	36	93	37	29	38	35	39	91	40	99	41	82	42	50	43	45	44	82	45	14	46	26	47	95	48	91	49	37
	0	2	1	43	2	9	3	99	4	7	5	28	6	20	7	12	8	34	9	42	10	66	11	2	12	25	13	49	14	58	15	9	16	28	17	21	18	19	19	9	20	53	21	95	22	4	23	41	24	32	25	23	26	7	27	41	28	54	29	67	30	45	31	33	32	56	33	48	34	12	35	30	36	63	37	79	38	94	39	28	40	12	41	7	42	23	43	11	44	17	45	67	46	12	47	99	48	62	49	25
	0	70	1	3	2	1	3	43	4	17	5	68	6	24	7	11	8	41	9	16	10	32	11	18	12	61	13	31	14	87	15	72	16	89	17	42	18	75	19	72	20	6	21	87	22	69	23	97	24	8	25	75	26	90	27	83	28	62	29	78	30	5	31	80	32	99	33	20	34	6	35	15	36	22	37	33	38	63	39	16	40	13	41	17	42	33	43	59	44	68	45	13	46	93	47	45	48	79	49	68
	0	99	1	30	2	66	3	72	4	9	5	51	6	7	7	73	8	20	9	25	10	35	11	18	12	97	13	22	14	80	15	68	16	6	17	29	18	2	19	81	20	64	21	62	22	21	23	73	24	91	25	86	26	40	27	87	28	5	29	61	30	42	31	44	32	100	33	18	34	77	35	42	36	13	37	25	38	81	39	35	40	43	41	11	42	1	43	15	44	11	45	54	46	10	47	59	48	43	49	44
	0	34	1	35	2	28	3	83	4	33	5	64	6	94	7	85	8	96	9	90	10	88	11	78	12	58	13	7	14	52	15	38	16	39	17	33	18	47	19	86	20	57	21	42	22	54	23	46	24	78	25	92	26	53	27	41	28	3	29	7	30	71	31	57	32	91	33	94	34	37	35	32	36	88	37	23	38	91	39	33	40	1	41	83	42	38	43	20	44	26	45	96	46	36	47	30	48	47	49	57
	0	62	1	16	2	34	3	26	4	4	5	26	6	30	7	1	8	60	9	12	10	93	11	25	12	48	13	3	14	39	15	33	16	55	17	71	18	96	19	32	20	87	21	93	22	66	23	55	24	86	25	73	26	69	27	50	28	39	29	76	30	91	31	3	32	87	33	12	34	83	35	73	36	1	37	33	38	62	39	17	40	4	41	62	42	38	43	29	44	43	45	57	46	42	47	5	48	33	49	80
	0	35	1	28	2	44	3	20	4	45	5	19	6	94	7	86	8	25	9	13	10	59	11	96	12	58	13	36	14	39	15	85	16	42	17	18	18	14	19	43	20	30	21	44	22	90	23	47	24	13	25	38	26	30	27	34	28	57	29	39	30	99	31	51	32	57	33	97	34	84	35	55	36	41	37	20	38	57	39	77	40	58	41	26	42	100	43	47	44	27	45	99	46	15	47	58	48	21	49	48
	0	67	1	15	2	31	3	12	4	53	5	90	6	13	7	70	8	92	9	87	10	40	11	39	12	69	13	89	14	80	15	77	16	86	17	31	18	98	19	23	20	3	21	22	22	47	23	35	24	73	25	28	26	75	27	10	28	94	29	71	30	2	31	3	32	43	33	3	34	9	35	78	36	64	37	76	38	57	39	46	40	22	41	9	42	37	43	87	44	39	45	17	46	96	47	57	48	86	49	69
	0	9	1	24	2	95	3	65	4	95	5	86	6	99	7	76	8	74	9	63	10	40	11	76	12	34	13	73	14	82	15	46	16	53	17	24	18	25	19	55	20	81	21	88	22	17	23	30	24	94	25	42	26	88	27	69	28	65	29	80	30	80	31	78	32	11	33	45	34	25	35	12	36	24	37	28	38	5	39	66	40	90	41	32	42	99	43	39	44	38	45	100	46	83	47	74	48	97	49	59
	0	72	1	42	2	42	3	20	4	84	5	20	6	51	7	39	8	79	9	92	10	18	11	38	12	18	13	57	14	84	15	33	16	21	17	36	18	76	19	10	20	27	21	13	22	86	23	63	24	98	25	42	26	6	27	79	28	2	29	4	30	22	31	21	32	72	33	14	34	17	35	68	36	37	37	91	38	41	39	89	40	56	41	51	42	57	43	76	44	12	45	94	46	57	47	62	48	41	49	70
	0	15	1	83	2	8	3	71	4	18	5	82	6	51	7	79	8	100	9	53	10	53	11	45	12	52	13	71	14	27	15	13	16	5	17	57	18	99	19	89	20	95	21	80	22	48	23	22	24	54	25	90	26	29	27	66	28	2	29	34	30	79	31	14	32	23	33	100	34	99	35	34	36	40	37	90	38	50	39	59	40	50	41	21	42	8	43	94	44	57	45	99	46	69	47	46	48	24	49	18
	0	100	1	2	2	38	3	77	4	65	5	96	6	50	7	28	8	95	9	40	10	38	11	76	12	59	13	31	14	3	15	15	16	60	17	34	18	1	19	65	20	74	21	6	22	60	23	31	24	97	25	35	26	54	27	21	28	67	29	83	30	12	31	80	32	77	33	58	34	91	35	22	36	1	37	77	38	57	39	88	40	93	41	70	42	27	43	42	44	39	45	49	46	79	47	84	48	55	49	40
	0	42	1	61	2	81	3	55	4	2	5	82	6	6	7	44	8	4	9	80	10	18	11	57	12	28	13	74	14	76	15	22	16	71	17	31	18	31	19	85	20	60	21	21	22	66	23	1	24	79	25	12	26	11	27	58	28	96	29	64	30	62	31	65	32	3	33	10	34	15	35	58	36	18	37	27	38	82	39	83	40	12	41	43	42	56	43	68	44	52	45	34	46	50	47	98	48	88	49	100
	0	16	1	53	2	9	3	31	4	11	5	66	6	46	7	95	8	97	9	14	10	17	11	15	12	61	13	57	14	19	15	19	16	1	17	81	18	23	19	68	20	26	21	7	22	30	23	6	24	45	25	77	26	82	27	94	28	62	29	31	30	50	31	99	32	96	33	29	34	29	35	70	36	86	37	88	38	29	39	23	40	54	41	36	42	27	43	97	44	43	45	5	46	17	47	73	48	48	49	2
	0	98	1	60	2	1	3	57	4	55	5	93	6	83	7	12	8	39	9	91	10	79	11	3	12	57	13	75	14	98	15	72	16	14	17	44	18	6	19	77	20	73	21	58	22	71	23	9	24	31	25	72	26	5	27	35	28	24	29	31	30	47	31	15	32	98	33	9	34	25	35	64	36	29	37	50	38	100	39	62	40	62	41	63	42	80	43	37	44	8	45	53	46	27	47	59	48	27	49	11
	0	43	1	34	2	66	3	85	4	70	5	78	6	54	7	4	8	55	9	15	10	58	11	32	12	71	13	27	14	48	15	73	16	73	17	47	18	40	19	54	20	61	21	82	22	12	23	48	24	47	25	93	26	95	27	33	28	76	29	79	30	2	31	78	32	27	33	49	34	44	35	19	36	6	37	57	38	42	39	57	40	5	41	50	42	36	43	88	44	77	45	59	46	40	47	62	48	82	49	17
	0	21	1	6	2	61	3	91	4	70	5	89	6	75	7	71	8	7	9	92	10	16	11	36	12	44	13	6	14	48	15	1	16	88	17	99	18	67	19	21	20	61	21	99	22	76	23	85	24	67	25	92	26	6	27	47	28	41	29	35	30	42	31	70	32	50	33	34	34	29	35	72	36	37	37	28	38	63	39	11	40	25	41	84	42	4	43	46	44	28	45	7	46	51	47	56	48	23	49	92
	0	73	1	9	2	96	3	98	4	98	5	3	6	58	7	9	8	79	9	41	10	85	11	7	12	4	13	95	14	50	15	94	16	27	17	71	18	33	19	8	20	20	21	91	22	29	23	40	24	79	25	42	26	98	27	44	28	39	29	73	30	21	31	92	32	78	33	25	34	55	35	25	36	9	37	27	38	10	39	83	40	1	41	3	42	77	43	41	44	75	45	68	46	90	47	67	48	50	49	100
	0	1	1	76	2	61	3	27	4	93	5	65	6	62	7	68	8	71	9	31	10	75	11	96	12	97	13	18	14	67	15	37	16	64	17	49	18	52	19	18	20	19	21	34	22	62	23	12	24	93	25	52	26	21	27	53	28	85	29	60	30	25	31	32	32	3	33	79	34	10	35	78	36	86	37	45	38	58	39	85	40	33	41	36	42	78	43	60	44	15	45	15	46	59	47	77	48	69	49	45
	0	81	1	79	2	77	3	59	4	30	5	59	6	79	7	7	8	66	9	5	10	93	11	8	12	13	13	7	14	20	15	65	16	99	17	37	18	72	19	37	20	53	21	66	22	38	23	75	24	25	25	90	26	80	27	58	28	6	29	41	30	40	31	87	32	55	33	48	34	72	35	31	36	61	37	50	38	51	39	26	40	90	41	69	42	19	43	73	44	6	45	28	46	56	47	85	48	67	49	39
	0	12	1	79	2	19	3	100	4	14	5	20	6	52	7	97	8	46	9	45	10	93	11	90	12	63	13	52	14	45	15	5	16	85	17	100	18	90	19	4	20	96	21	79	22	32	23	75	24	14	25	42	26	31	27	63	28	34	29	91	30	62	31	58	32	60	33	85	34	7	35	87	36	58	37	89	38	50	39	86	40	9	41	3	42	36	43	46	44	46	45	16	46	24	47	68	48	96	49	92
	0	38	1	56	2	71	3	87	4	90	5	46	6	72	7	30	8	46	9	41	10	95	11	37	12	38	13	6	14	66	15	43	16	55	17	44	18	36	19	58	20	72	21	45	22	13	23	84	24	87	25	99	26	18	27	59	28	78	29	93	30	75	31	11	32	5	33	54	34	2	35	25	36	18	37	92	38	35	39	76	40	43	41	59	42	5	43	77	44	58	45	36	46	77	47	20	48	79	49	1
	0	86	1	48	2	25	3	57	4	47	5	66	6	27	7	100	8	27	9	63	10	98	11	77	12	93	13	35	14	77	15	59	16	88	17	16	18	28	19	14	20	88	21	50	22	47	23	76	24	47	25	68	26	93	27	37	28	33	29	58	30	81	31	2	32	15	33	37	34	76	35	89	36	43	37	57	38	74	39	66	40	42	41	9	42	83	43	56	44	13	45	21	46	22	47	48	48	96	49	38
	0	91	1	99	2	63	3	43	4	14	5	15	6	24	7	68	8	21	9	40	10	72	11	77	12	46	13	5	14	2	15	52	16	48	17	100	18	81	19	87	20	74	21	77	22	54	23	81	24	42	25	3	26	93	27	1	28	89	29	11	30	64	31	18	32	35	33	27	34	36	35	78	36	34	37	63	38	62	39	37	40	29	41	13	42	23	43	74	44	41	45	82	46	94	47	71	48	25	49	38
	0	86	1	16	2	10	3	78	4	70	5	66	6	88	7	32	8	89	9	84	10	13	11	52	12	100	13	37	14	46	15	62	16	29	17	100	18	30	19	72	20	5	21	37	22	11	23	64	24	16	25	19	26	14	27	19	28	10	29	25	30	46	31	39	32	25	33	28	34	96	35	77	36	22	37	49	38	46	39	96	40	49	41	57	42	10	43	89	44	85	45	25	46	66	47	62	48	10	49	85
	0	58	1	57	2	19	3	29	4	68	5	41	6	71	7	63	8	99	9	17	10	40	11	96	12	7	13	28	14	16	15	37	16	79	17	47	18	59	19	21	20	46	21	85	22	19	23	81	24	78	25	54	26	65	27	66	28	99	29	72	30	91	31	31	32	6	33	99	34	88	35	80	36	11	37	29	38	6	39	30	40	12	41	89	42	42	43	18	44	66	45	19	46	17	47	80	48	38	49	24
	0	52	1	70	2	26	3	31	4	39	5	96	6	100	7	94	8	61	9	93	10	2	11	25	12	29	13	65	14	95	15	40	16	18	17	54	18	56	19	53	20	35	21	24	22	49	23	65	24	46	25	76	26	35	27	18	28	34	29	23	30	87	31	9	32	92	33	89	34	34	35	2	36	45	37	16	38	39	39	70	40	63	41	93	42	94	43	45	44	28	45	42	46	80	47	88	48	36	49	19
	0	30	1	77	2	66	3	22	4	93	5	87	6	51	7	5	8	84	9	15	10	18	11	56	12	70	13	67	14	90	15	71	16	22	17	9	18	67	19	34	20	44	21	55	22	31	23	3	24	49	25	44	26	37	27	40	28	47	29	15	30	88	31	45	32	64	33	5	34	2	35	80	36	7	37	11	38	29	39	96	40	43	41	94	42	65	43	99	44	67	45	26	46	77	47	11	48	54	49	97
	0	31	1	18	2	44	3	38	4	94	5	12	6	100	7	23	8	49	9	67	10	17	11	57	12	39	13	2	14	1	15	80	16	41	17	30	18	37	19	8	20	18	21	87	22	99	23	24	24	17	25	96	26	87	27	79	28	6	29	6	30	99	31	55	32	60	33	14	34	53	35	23	36	54	37	61	38	37	39	72	40	3	41	54	42	40	43	14	44	78	45	62	46	89	47	81	48	79	49	80
	0	14	1	63	2	31	3	70	4	96	5	66	6	61	7	17	8	76	9	84	10	48	11	53	12	34	13	9	14	70	15	42	16	66	17	25	18	81	19	42	20	10	21	71	22	84	23	63	24	3	25	50	26	12	27	99	28	84	29	30	30	5	31	15	32	49	33	73	34	48	35	88	36	36	37	68	38	27	39	62	40	9	41	61	42	96	43	52	44	46	45	22	46	74	47	2	48	63	49	76
	0	16	1	99	2	23	3	89	4	21	5	78	6	25	7	92	8	68	9	89	10	52	11	86	12	3	13	96	14	38	15	53	16	21	17	35	18	79	19	68	20	95	21	54	22	96	23	95	24	62	25	5	26	28	27	99	28	78	29	68	30	3	31	20	32	72	33	26	34	42	35	82	36	90	37	12	38	54	39	34	40	94	41	8	42	63	43	48	44	54	45	63	46	57	47	29	48	71	49	58
	0	44	1	94	2	85	3	45	4	80	5	35	6	80	7	13	8	80	9	83	10	85	11	92	12	33	13	16	14	30	15	72	16	87	17	98	18	11	19	6	20	77	21	30	22	58	23	35	24	99	25	53	26	33	27	28	28	69	29	42	30	91	31	54	32	5	33	62	34	68	35	11	36	36	37	95	38	3	39	82	40	12	41	56	42	94	43	100	44	78	45	37	46	42	47	33	48	39	49	72
	0	49	1	24	2	8	3	1	4	48	5	50	6	47	7	78	8	11	9	84	10	16	11	46	12	42	13	72	14	98	15	76	16	55	17	57	18	71	19	52	20	4	21	17	22	40	23	40	24	97	25	99	26	49	27	71	28	31	29	61	30	34	31	28	32	15	33	59	34	98	35	32	36	75	37	35	38	2	39	39	40	53	41	99	42	25	43	12	44	58	45	14	46	11	47	31	48	6	49	14
	0	26	1	47	2	78	3	25	4	89	5	94	6	85	7	68	8	39	9	17	10	90	11	57	12	69	13	81	14	67	15	30	16	28	17	71	18	66	19	72	20	69	21	90	22	22	23	16	24	4	25	21	26	40	27	30	28	96	29	11	30	24	31	38	32	75	33	86	34	39	35	16	36	92	37	19	38	40	39	66	40	22	41	91	42	81	43	74	44	97	45	33	46	4	47	83	48	13	49	29
	0	71	1	47	2	58	3	25	4	74	5	56	6	47	7	71	8	64	9	26	10	59	11	87	12	58	13	15	14	25	15	37	16	21	17	100	18	87	19	51	20	41	21	27	22	58	23	23	24	39	25	16	26	27	27	76	28	75	29	88	30	2	31	85	32	60	33	46	34	88	35	78	36	60	37	18	38	27	39	74	40	72	41	57	42	65	43	21	44	4	45	53	46	14	47	35	48	80	49	89
	0	25	1	69	2	65	3	61	4	87	5	56	6	66	7	41	8	29	9	92	10	72	11	46	12	75	13	77	14	23	15	57	16	87	17	19	18	29	19	74	20	2	21	54	22	77	23	30	24	36	25	63	26	1	27	90	28	15	29	76	30	90	31	97	32	59	33	90	34	80	35	55	36	34	37	47	38	37	39	54	40	30	41	49	42	31	43	81	44	45	45	11	46	70	47	69	48	88	49	61
	0	22	1	76	2	13	3	51	4	66	5	3	6	52	7	54	8	34	9	89	10	31	11	23	12	48	13	39	14	54	15	68	16	52	17	74	18	5	19	67	20	96	21	17	22	13	23	8	24	36	25	46	26	59	27	56	28	32	29	73	30	36	31	52	32	78	33	50	34	82	35	18	36	91	37	86	38	53	39	21	40	34	41	41	42	2	43	2	44	69	45	32	46	82	47	99	48	41	49	58
	0	90	1	1	2	59	3	40	4	21	5	16	6	15	7	17	8	95	9	44	10	61	11	62	12	79	13	83	14	30	15	1	16	16	17	24	18	77	19	42	20	34	21	82	22	77	23	61	24	98	25	1	26	88	27	94	28	21	29	15	30	4	31	24	32	61	33	50	34	9	35	85	36	53	37	11	38	42	39	1	40	66	41	71	42	27	43	30	44	76	45	82	46	7	47	8	48	4	49	48
	0	21	1	84	2	48	3	44	4	83	5	94	6	20	7	75	8	64	9	45	10	58	11	91	12	91	13	65	14	73	15	27	16	3	17	67	18	68	19	18	20	35	21	28	22	15	23	99	24	22	25	73	26	93	27	15	28	32	29	29	30	16	31	87	32	87	33	75	34	9	35	4	36	19	37	9	38	7	39	41	40	72	41	6	42	89	43	37	44	49	45	52	46	65	47	60	48	65	49	51
	0	81	1	54	2	58	3	57	4	22	5	52	6	57	7	87	8	4	9	90	10	24	11	97	12	8	13	51	14	11	15	34	16	84	17	45	18	98	19	1	20	26	21	82	22	9	23	1	24	16	25	4	26	20	27	31	28	57	29	89	30	93	31	54	32	66	33	21	34	22	35	72	36	95	37	20	38	67	39	72	40	91	41	51	42	99	43	22	44	17	45	64	46	99	47	27	48	1	49	41
	0	75	1	95	2	80	3	43	4	94	5	55	6	50	7	83	8	41	9	26	10	53	11	72	12	51	13	45	14	53	15	15	16	79	17	84	18	78	19	56	20	2	21	28	22	42	23	83	24	65	25	89	26	62	27	62	28	27	29	74	30	46	31	56	32	54	33	38	34	2	35	35	36	63	37	92	38	8	39	2	40	45	41	36	42	39	43	77	44	77	45	44	46	31	47	17	48	32	49	31
	0	47	1	76	2	35	3	57	4	54	5	9	6	28	7	63	8	47	9	98	10	43	11	46	12	61	13	41	14	81	15	8	16	61	17	32	18	75	19	42	20	17	21	30	22	59	23	37	24	85	25	89	26	78	27	24	28	49	29	100	30	24	31	78	32	11	33	62	34	61	35	63	36	34	37	93	38	89	39	83	40	58	41	38	42	64	43	67	44	46	45	39	46	51	47	7	48	55	49	71
	0	8	1	33	2	12	3	73	4	6	5	83	6	43	7	5	8	31	9	7	10	9	11	23	12	46	13	14	14	10	15	58	16	92	17	50	18	94	19	36	20	43	21	66	22	62	23	62	24	76	25	9	26	62	27	78	28	1	29	64	30	19	31	56	32	62	33	96	34	33	35	78	36	5	37	3	38	48	39	38	40	82	41	68	42	74	43	36	44	36	45	58	46	21	47	75	48	62	49	25
	0	54	1	77	2	81	3	3	4	12	5	64	6	37	7	100	8	23	9	78	10	16	11	34	12	18	13	51	14	53	15	63	16	30	17	30	18	69	19	3	20	16	21	14	22	51	23	35	24	65	25	78	26	73	27	53	28	49	29	85	30	26	31	97	32	43	33	99	34	90	35	64	36	41	37	51	38	76	39	16	40	5	41	47	42	23	43	100	44	51	45	89	46	23	47	70	48	60	49	53
	0	8	1	66	2	50	3	72	4	25	5	85	6	60	7	77	8	84	9	71	10	34	11	27	12	58	13	75	14	97	15	18	16	50	17	96	18	66	19	47	20	90	21	85	22	38	23	83	24	97	25	70	26	48	27	62	28	31	29	50	30	90	31	11	32	25	33	50	34	32	35	67	36	62	37	48	38	95	39	50	40	42	41	6	42	50	43	100	44	52	45	70	46	61	47	93	48	40	49	20
	0	87	1	87	2	48	3	90	4	13	5	73	6	58	7	81	8	75	9	30	10	56	11	42	12	91	13	6	14	21	15	92	16	28	17	67	18	92	19	5	20	63	21	3	22	63	23	85	24	2	25	72	26	24	27	96	28	85	29	21	30	32	31	36	32	86	33	21	34	90	35	61	36	77	37	90	38	71	39	93	40	28	41	16	42	99	43	83	44	44	45	80	46	91	47	4	48	88	49	55
	0	13	1	89	2	16	3	30	4	11	5	56	6	29	7	71	8	9	9	66	10	30	11	38	12	92	13	19	14	29	15	14	16	23	17	82	18	37	19	2	20	46	21	95	22	36	23	5	24	80	25	15	26	39	27	12	28	24	29	74	30	43	31	27	32	95	33	85	34	63	35	16	36	92	37	97	38	1	39	91	40	62	41	97	42	64	43	20	44	85	45	22	46	65	47	45	48	29	49	89
	0	54	1	59	2	38	3	3	4	64	5	48	6	41	7	78	8	71	9	24	10	6	11	69	12	7	13	93	14	77	15	27	16	71	17	34	18	61	19	10	20	23	21	89	22	61	23	7	24	61	25	79	26	68	27	72	28	23	29	6	30	56	31	67	32	50	33	6	34	48	35	58	36	5	37	61	38	42	39	16	40	45	41	73	42	19	43	30	44	79	45	77	46	70	47	5	48	66	49	46
	0	15	1	26	2	31	3	89	4	100	5	14	6	5	7	70	8	95	9	76	10	19	11	2	12	25	13	56	14	4	15	75	16	23	17	27	18	89	19	21	20	65	21	75	22	72	23	57	24	38	25	75	26	37	27	19	28	53	29	56	30	30	31	4	32	98	33	1	34	96	35	74	36	98	37	39	38	87	39	84	40	14	41	15	42	47	43	56	44	26	45	45	46	53	47	85	48	53	49	6
	0	76	1	73	2	12	3	100	4	74	5	13	6	34	7	100	8	47	9	71	10	78	11	71	12	3	13	47	14	100	15	18	16	19	17	96	18	90	19	5	20	5	21	54	22	70	23	47	24	89	25	1	26	21	27	76	28	91	29	47	30	76	31	16	32	60	33	22	34	4	35	40	36	76	37	16	38	76	39	76	40	52	41	100	42	65	43	93	44	84	45	6	46	55	47	86	48	37	49	68
	0	34	1	34	2	67	3	49	4	3	5	8	6	6	7	87	8	39	9	41	10	70	11	59	12	73	13	6	14	68	15	40	16	85	17	44	18	16	19	83	20	24	21	53	22	82	23	86	24	6	25	15	26	29	27	98	28	43	29	42	30	16	31	69	32	7	33	54	34	86	35	78	36	47	37	8	38	43	39	75	40	83	41	85	42	100	43	11	44	73	45	48	46	60	47	61	48	16	49	64
	0	35	1	66	2	37	3	53	4	49	5	25	6	62	7	83	8	52	9	31	10	88	11	49	12	59	13	39	14	8	15	90	16	85	17	91	18	32	19	37	20	28	21	44	22	24	23	4	24	50	25	78	26	47	27	44	28	27	29	86	30	82	31	52	32	86	33	59	34	66	35	79	36	46	37	24	38	65	39	94	40	25	41	1	42	61	43	95	44	98	45	86	46	55	47	71	48	93	49	76
	0	84	1	59	2	72	3	83	4	5	5	46	6	45	7	26	8	13	9	23	10	96	11	76	12	85	13	62	14	27	15	94	16	61	17	9	18	50	19	8	20	17	21	95	22	78	23	95	24	77	25	97	26	1	27	80	28	86	29	27	30	49	31	57	32	24	33	14	34	68	35	98	36	37	37	10	38	68	39	12	40	36	41	37	42	23	43	60	44	49	45	50	46	25	47	42	48	65	49	97
	0	22	1	12	2	90	3	87	4	98	5	87	6	99	7	97	8	66	9	55	10	60	11	90	12	98	13	2	14	66	15	21	16	92	17	8	18	4	19	46	20	61	21	79	22	23	23	67	24	100	25	28	26	18	27	74	28	55	29	14	30	16	31	75	32	5	33	89	34	28	35	22	36	30	37	40	38	31	39	63	40	26	41	9	42	56	43	92	44	94	45	16	46	24	47	74	48	5	49	46
	0	57	1	58	2	23	3	60	4	29	5	21	6	50	7	37	8	56	9	92	10	98	11	58	12	48	13	49	14	23	15	2	16	44	17	2	18	77	19	8	20	26	21	92	22	46	23	5	24	73	25	70	26	98	27	41	28	3	29	43	30	47	31	58	32	22	33	98	34	11	35	78	36	52	37	33	38	30	39	4	40	48	41	66	42	45	43	63	44	90	45	4	46	85	47	33	48	21	49	82
	0	100	1	33	2	80	3	5	4	24	5	68	6	32	7	58	8	78	9	61	10	6	11	77	12	43	13	8	14	90	15	73	16	40	17	45	18	38	19	62	20	28	21	15	22	99	23	57	24	94	25	56	26	68	27	1	28	83	29	73	30	13	31	69	32	19	33	44	34	36	35	50	36	89	37	91	38	72	39	96	40	13	41	98	42	30	43	100	44	1	45	68	46	27	47	40	48	83	49	60
	0	76	1	96	2	68	3	16	4	34	5	28	6	51	7	5	8	1	9	77	10	90	11	29	12	43	13	20	14	8	15	63	16	81	17	4	18	7	19	26	20	54	21	21	22	86	23	12	24	67	25	11	26	11	27	30	28	65	29	6	30	69	31	13	32	2	33	49	34	2	35	18	36	99	37	46	38	29	39	14	40	5	41	46	42	63	43	25	44	7	45	45	46	4	47	99	48	48	49	68
	0	72	1	93	2	58	3	76	4	91	5	5	6	6	7	88	8	47	9	96	10	11	11	32	12	87	13	84	14	96	15	59	16	21	17	99	18	59	19	77	20	50	21	28	22	90	23	98	24	41	25	94	26	68	27	4	28	97	29	49	30	15	31	70	32	14	33	75	34	86	35	3	36	26	37	14	38	29	39	85	40	65	41	83	42	38	43	31	44	83	45	38	46	83	47	95	48	42	49	97
	0	1	1	89	2	43	3	31	4	62	5	100	6	48	7	86	8	63	9	10	10	38	11	1	12	6	13	65	14	94	15	18	16	59	17	46	18	2	19	19	20	15	21	32	22	2	23	24	24	92	25	64	26	61	27	34	28	35	29	48	30	21	31	16	32	31	33	53	34	46	35	45	36	22	37	97	38	87	39	65	40	95	41	28	42	34	43	30	44	89	45	35	46	8	47	33	48	18	49	51
	0	33	1	37	2	39	3	35	4	82	5	64	6	88	7	47	8	83	9	17	10	69	11	39	12	43	13	24	14	75	15	38	16	2	17	33	18	66	19	7	20	48	21	8	22	42	23	72	24	52	25	4	26	79	27	87	28	83	29	96	30	26	31	64	32	43	33	23	34	68	35	79	36	7	37	62	38	12	39	47	40	68	41	22	42	45	43	13	44	27	45	53	46	82	47	20	48	65	49	94
	0	88	1	27	2	1	3	8	4	48	5	10	6	13	7	74	8	35	9	56	10	79	11	44	12	64	13	36	14	64	15	74	16	68	17	23	18	67	19	93	20	20	21	81	22	93	23	73	24	72	25	45	26	24	27	99	28	18	29	72	30	94	31	70	32	73	33	32	34	100	35	70	36	30	37	60	38	1	39	86	40	61	41	3	42	90	43	81	44	36	45	15	46	35	47	23	48	99	49	4
	0	29	1	44	2	39	3	19	4	93	5	82	6	2	7	33	8	20	9	22	10	71	11	70	12	60	13	40	14	4	15	70	16	81	17	13	18	75	19	94	20	53	21	72	22	9	23	16	24	40	25	74	26	63	27	55	28	4	29	44	30	16	31	34	32	49	33	16	34	64	35	81	36	62	37	53	38	31	39	3	40	30	41	47	42	50	43	93	44	36	45	20	46	59	47	68	48	63	49	72
	0	40	1	32	2	67	3	53	4	72	5	9	6	90	7	55	8	90	9	8	10	25	11	51	12	68	13	4	14	60	15	26	16	65	17	42	18	50	19	75	20	4	21	7	22	7	23	60	24	82	25	19	26	9	27	69	28	11	29	29	30	49	31	95	32	51	33	48	34	97	35	39	36	92	37	23	38	30	39	17	40	80	41	30	42	62	43	94	44	3	45	79	46	82	47	5	48	76	49	24
	0	65	1	29	2	8	3	25	4	32	5	15	6	16	7	29	8	68	9	82	10	28	11	32	12	23	13	42	14	6	15	68	16	55	17	32	18	55	19	25	20	84	21	22	22	17	23	77	24	85	25	64	26	60	27	3	28	16	29	95	30	7	31	3	32	74	33	85	34	78	35	63	36	21	37	28	38	22	39	6	40	14	41	94	42	75	43	34	44	54	45	92	46	73	47	67	48	12	49	18
	0	91	1	9	2	11	3	91	4	4	5	8	6	72	7	91	8	76	9	94	10	47	11	54	12	36	13	7	14	2	15	100	16	92	17	52	18	23	19	79	20	88	21	33	22	54	23	81	24	9	25	67	26	91	27	33	28	90	29	74	30	96	31	77	32	79	33	96	34	99	35	13	36	67	37	82	38	9	39	44	40	83	41	48	42	40	43	56	44	9	45	15	46	29	47	22	48	74	49	52
	0	20	1	13	2	24	3	97	4	4	5	55	6	87	7	39	8	68	9	70	10	65	11	69	12	92	13	75	14	39	15	33	16	73	17	39	18	50	19	60	20	92	21	31	22	8	23	39	24	46	25	86	26	47	27	58	28	96	29	87	30	94	31	47	32	24	33	37	34	60	35	84	36	85	37	69	38	56	39	38	40	2	41	22	42	78	43	82	44	45	45	67	46	38	47	93	48	86	49	84
	0	17	1	6	2	21	3	98	4	74	5	15	6	97	7	45	8	38	9	16	10	1	11	21	12	67	13	50	14	85	15	26	16	47	17	83	18	30	19	15	20	62	21	25	22	90	23	20	24	77	25	97	26	56	27	100	28	90	29	77	30	29	31	28	32	56	33	84	34	7	35	32	36	97	37	1	38	9	39	47	40	41	41	24	42	98	43	39	44	53	45	100	46	80	47	14	48	54	49	84
	0	76	1	22	2	46	3	39	4	16	5	10	6	82	7	48	8	84	9	7	10	52	11	11	12	21	13	14	14	70	15	60	16	66	17	58	18	90	19	100	20	79	21	20	22	86	23	68	24	2	25	44	26	57	27	60	28	24	29	4	30	73	31	80	32	71	33	60	34	42	35	96	36	42	37	54	38	83	39	21	40	46	41	10	42	27	43	48	44	17	45	51	46	87	47	1	48	25	49	39
	0	63	1	90	2	90	3	6	4	72	5	82	6	83	7	28	8	31	9	23	10	60	11	59	12	14	13	62	14	68	15	39	16	83	17	87	18	18	19	26	20	38	21	53	22	18	23	24	24	64	25	69	26	5	27	10	28	52	29	77	30	16	31	80	32	19	33	27	34	4	35	63	36	70	37	57	38	69	39	73	40	70	41	7	42	69	43	8	44	10	45	27	46	29	47	6	48	93	49	80
	0	73	1	14	2	79	3	34	4	32	5	47	6	57	7	80	8	3	9	26	10	32	11	58	12	80	13	23	14	55	15	42	16	69	17	61	18	20	19	32	20	48	21	51	22	17	23	56	24	60	25	45	26	13	27	70	28	24	29	47	30	95	31	22	32	20	33	21	34	7	35	3	36	78	37	72	38	44	39	14	40	63	41	1	42	15	43	16	44	66	45	48	46	67	47	44	48	13	49	84
	0	33	1	97	2	64	3	21	4	56	5	42	6	77	7	26	8	93	9	90	10	31	11	89	12	6	13	34	14	55	15	63	16	92	17	54	18	5	19	77	20	10	21	30	22	72	23	97	24	7	25	26	26	31	27	76	28	45	29	18	30	49	31	32	32	91	33	97	34	20	35	32	36	22	37	63	38	98	39	73	40	44	41	87	42	36	43	96	44	37	45	14	46	57	47	72	48	75	49	29
	0	19	1	31	2	85	3	15	4	48	5	43	6	36	7	62	8	39	9	66	10	72	11	25	12	72	13	17	14	43	15	25	16	75	17	21	18	91	19	43	20	31	21	69	22	78	23	61	24	31	25	73	26	96	27	36	28	86	29	93	30	68	31	25	32	85	33	91	34	44	35	81	36	41	37	30	38	50	39	3	40	63	41	18	42	29	43	4	44	60	45	65	46	13	47	28	48	47	49	17
	0	85	1	33	2	20	3	65	4	29	5	15	6	18	7	63	8	85	9	53	10	89	11	83	12	53	13	88	14	23	15	4	16	7	17	68	18	35	19	16	20	16	21	25	22	81	23	69	24	91	25	69	26	73	27	19	28	92	29	4	30	12	31	34	32	74	33	11	34	39	35	73	36	50	37	54	38	6	39	47	40	4	41	92	42	90	43	16	44	83	45	16	46	15	47	5	48	40	49	41
	0	46	1	20	2	25	3	10	4	83	5	95	6	30	7	11	8	56	9	32	10	43	11	1	12	4	13	79	14	69	15	80	16	96	17	72	18	14	19	83	20	11	21	47	22	45	23	57	24	1	25	79	26	79	27	60	28	96	29	20	30	54	31	92	32	25	33	26	34	84	35	38	36	63	37	12	38	11	39	98	40	34	41	74	42	98	43	20	44	14	45	45	46	31	47	72	48	32	49	1
	0	15	1	10	2	58	3	23	4	96	5	30	6	14	7	74	8	34	9	21	10	62	11	62	12	4	13	42	14	52	15	82	16	22	17	94	18	26	19	75	20	95	21	74	22	16	23	27	24	60	25	14	26	91	27	16	28	62	29	43	30	21	31	66	32	68	33	43	34	80	35	74	36	43	37	68	38	4	39	14	40	12	41	52	42	67	43	33	44	94	45	34	46	44	47	2	48	89	49	61
	0	82	1	77	2	39	3	61	4	95	5	90	6	3	7	86	8	42	9	63	10	12	11	78	12	68	13	38	14	8	15	94	16	16	17	39	18	64	19	5	20	31	21	30	22	45	23	58	24	21	25	26	26	69	27	41	28	47	29	62	30	55	31	26	32	51	33	53	34	96	35	55	36	45	37	73	38	69	39	93	40	32	41	50	42	75	43	86	44	13	45	49	46	88	47	74	48	14	49	95
	0	34	1	53	2	34	3	65	4	39	5	95	6	93	7	21	8	21	9	63	10	43	11	1	12	10	13	78	14	59	15	72	16	12	17	30	18	24	19	2	20	74	21	40	22	83	23	25	24	92	25	5	26	29	27	96	28	86	29	97	30	31	31	59	32	23	33	98	34	39	35	76	36	66	37	71	38	9	39	89	40	89	41	23	42	45	43	26	44	64	45	5	46	41	47	48	48	31	49	38
	0	71	1	16	2	100	3	87	4	76	5	29	6	48	7	98	8	19	9	42	10	95	11	79	12	30	13	87	14	96	15	4	16	51	17	34	18	72	19	45	20	54	21	89	22	56	23	74	24	99	25	3	26	48	27	98	28	40	29	28	30	89	31	6	32	11	33	67	34	4	35	44	36	49	37	90	38	73	39	54	40	22	41	13	42	32	43	35	44	82	45	72	46	14	47	12	48	61	49	24
	0	70	1	28	2	70	3	68	4	48	5	94	6	84	7	67	8	13	9	50	10	6	11	4	12	21	13	36	14	49	15	25	16	9	17	72	18	98	19	25	20	42	21	92	22	8	23	97	24	33	25	85	26	67	27	48	28	32	29	38	30	40	31	47	32	46	33	83	34	57	35	65	36	41	37	88	38	13	39	13	40	30	41	56	42	97	43	3	44	55	45	10	46	75	47	70	48	10	49	85
	0	78	1	42	2	78	3	53	4	80	5	49	6	55	7	48	8	71	9	89	10	2	11	76	12	44	13	16	14	55	15	23	16	72	17	5	18	52	19	87	20	28	21	3	22	91	23	10	24	79	25	92	26	14	27	84	28	59	29	97	30	74	31	48	32	99	33	37	34	46	35	8	36	75	37	86	38	74	39	46	40	90	41	6	42	71	43	97	44	12	45	58	46	23	47	15	48	32	49	3
	0	46	1	49	2	9	3	62	4	8	5	10	6	26	7	77	8	18	9	91	10	55	11	18	12	36	13	76	14	30	15	93	16	59	17	53	18	61	19	91	20	87	21	1	22	26	23	50	24	80	25	47	26	63	27	16	28	46	29	75	30	8	31	64	32	32	33	60	34	66	35	77	36	13	37	55	38	19	39	5	40	82	41	42	42	3	43	54	44	2	45	39	46	1	47	85	48	73	49	10
	0	39	1	9	2	12	3	39	4	90	5	10	6	66	7	49	8	2	9	44	10	89	11	73	12	34	13	82	14	65	15	29	16	41	17	4	18	58	19	46	20	48	21	59	22	14	23	23	24	21	25	45	26	48	27	55	28	94	29	77	30	90	31	29	32	45	33	51	34	87	35	86	36	99	37	17	38	62	39	3	40	15	41	13	42	90	43	28	44	97	45	38	46	45	47	95	48	11	49	58
	0	18	1	84	2	10	3	63	4	21	5	97	6	12	7	41	8	21	9	95	10	55	11	19	12	59	13	86	14	46	15	90	16	70	17	69	18	81	19	37	20	96	21	85	22	71	23	6	24	56	25	12	26	45	27	5	28	17	29	23	30	83	31	20	32	83	33	72	34	11	35	80	36	3	37	4	38	61	39	9	40	39	41	82	42	82	43	54	44	72	45	84	46	42	47	66	48	38	49	17
	0	68	1	79	2	91	3	48	4	23	5	22	6	63	7	49	8	82	9	43	10	72	11	1	12	1	13	37	14	70	15	16	16	62	17	11	18	55	19	60	20	39	21	29	22	88	23	91	24	35	25	11	26	68	27	51	28	65	29	79	30	91	31	62	32	4	33	87	34	64	35	22	36	4	37	73	38	59	39	14	40	70	41	2	42	45	43	49	44	37	45	16	46	10	47	23	48	84	49	97
	0	69	1	57	2	95	3	95	4	26	5	47	6	29	7	9	8	31	9	44	10	82	11	96	12	48	13	35	14	36	15	48	16	30	17	13	18	34	19	84	20	62	21	34	22	30	23	20	24	19	25	10	26	100	27	32	28	59	29	100	30	7	31	17	32	31	33	65	34	64	35	15	36	81	37	27	38	40	39	58	40	89	41	44	42	92	43	48	44	47	45	72	46	24	47	86	48	98	49	4
	0	12	1	96	2	59	3	85	4	41	5	26	6	20	7	55	8	29	9	22	10	90	11	57	12	66	13	91	14	22	15	30	16	63	17	10	18	52	19	61	20	99	21	53	22	16	23	60	24	24	25	30	26	50	27	6	28	31	29	64	30	73	31	52	32	22	33	62	34	11	35	99	36	36	37	36	38	19	39	80	40	97	41	88	42	99	43	7	44	5	45	77	46	20	47	75	48	91	49	18
	0	6	1	29	2	96	3	82	4	32	5	28	6	45	7	98	8	34	9	77	10	31	11	85	12	53	13	95	14	30	15	52	16	44	17	57	18	12	19	56	20	35	21	9	22	10	23	94	24	100	25	60	26	76	27	71	28	96	29	98	30	31	31	89	32	84	33	62	34	78	35	21	36	3	37	10	38	50	39	77	40	2	41	21	42	4	43	89	44	33	45	45	46	85	47	48	48	59	49	90
	0	18	1	82	2	29	3	93	4	6	5	70	6	29	7	33	8	39	9	9	10	20	11	74	12	49	13	86	14	94	15	45	16	51	17	32	18	38	19	93	20	70	21	53	22	72	23	79	24	40	25	58	26	5	27	90	28	19	29	45	30	24	31	84	32	64	33	96	34	9	35	8	36	56	37	11	38	42	39	41	40	62	41	67	42	52	43	57	44	93	45	89	46	15	47	12	48	79	49	71
	0	92	1	93	2	67	3	76	4	87	5	94	6	34	7	12	8	53	9	96	10	46	11	54	12	80	13	74	14	18	15	73	16	28	17	57	18	64	19	73	20	14	21	1	22	20	23	59	24	52	25	75	26	93	27	89	28	98	29	51	30	81	31	80	32	67	33	52	34	36	35	61	36	7	37	8	38	91	39	8	40	59	41	4	42	63	43	100	44	36	45	49	46	5	47	75	48	85	49	71
	0	68	1	79	2	42	3	33	4	95	5	37	6	73	7	32	8	64	9	94	10	63	11	99	12	37	13	90	14	8	15	38	16	7	17	87	18	13	19	66	20	23	21	45	22	99	23	34	24	52	25	21	26	72	27	46	28	6	29	52	30	25	31	5	32	36	33	14	34	43	35	57	36	79	37	95	38	65	39	12	40	1	41	23	42	100	43	46	44	84	45	23	46	8	47	45	48	39	49	97
	0	8	1	15	2	50	3	59	4	44	5	81	6	74	7	71	8	40	9	57	10	63	11	46	12	35	13	43	14	72	15	28	16	54	17	96	18	71	19	63	20	70	21	71	22	85	23	12	24	69	25	34	26	16	27	88	28	2	29	95	30	28	31	97	32	14	33	3	34	99	35	27	36	60	37	15	38	76	39	15	40	60	41	24	42	74	43	85	44	50	45	95	46	10	47	36	48	31	49	74
	0	77	1	12	2	30	3	46	4	78	5	9	6	3	7	56	8	86	9	84	10	74	11	35	12	99	13	60	14	73	15	79	16	6	17	62	18	11	19	86	20	87	21	34	22	23	23	40	24	95	25	88	26	50	27	96	28	19	29	14	30	53	31	15	32	12	33	51	34	77	35	47	36	25	37	78	38	2	39	56	40	3	41	100	42	49	43	40	44	11	45	18	46	48	47	95	48	14	49	20
	0	54	1	18	2	17	3	24	4	91	5	51	6	40	7	63	8	60	9	9	10	100	11	6	12	17	13	47	14	97	15	29	16	44	17	63	18	53	19	94	20	38	21	31	22	35	23	11	24	2	25	11	26	59	27	73	28	21	29	4	30	75	31	94	32	41	33	13	34	62	35	92	36	96	37	54	38	82	39	6	40	50	41	23	42	86	43	18	44	41	45	98	46	63	47	34	48	54	49	59
	0	74	1	49	2	53	3	27	4	8	5	85	6	50	7	76	8	66	9	87	10	97	11	59	12	47	13	14	14	21	15	48	16	97	17	63	18	41	19	97	20	48	21	3	22	37	23	55	24	43	25	19	26	65	27	99	28	48	29	91	30	30	31	75	32	81	33	48	34	60	35	45	36	7	37	76	38	56	39	88	40	90	41	87	42	99	43	16	44	97	45	54	46	37	47	78	48	84	49	73
	0	96	1	80	2	29	3	27	4	80	5	46	6	72	7	44	8	46	9	81	10	98	11	68	12	86	13	30	14	49	15	9	16	40	17	34	18	71	19	29	20	29	21	29	22	22	23	65	24	70	25	33	26	99	27	22	28	27	29	34	30	65	31	72	32	6	33	55	34	67	35	45	36	87	37	65	38	5	39	91	40	64	41	76	42	65	43	68	44	34	45	17	46	39	47	66	48	48	49	98
	0	100	1	76	2	23	3	4	4	87	5	75	6	75	7	69	8	37	9	68	10	26	11	23	12	65	13	27	14	83	15	24	16	67	17	7	18	8	19	9	20	6	21	23	22	19	23	21	24	10	25	35	26	81	27	7	28	93	29	67	30	7	31	90	32	51	33	41	34	37	35	49	36	39	37	38	38	100	39	85	40	99	41	80	42	62	43	30	44	93	45	17	46	12	47	43	48	89	49	56
	0	41	1	98	2	73	3	66	4	30	5	51	6	5	7	53	8	29	9	49	10	34	11	71	12	9	13	15	14	39	15	35	16	15	17	24	18	69	19	37	20	48	21	42	22	85	23	87	24	62	25	16	26	40	27	33	28	45	29	17	30	52	31	22	32	29	33	83	34	37	35	10	36	37	37	4	38	24	39	43	40	76	41	66	42	70	43	56	44	19	45	31	46	37	47	58	48	49	49	15
	0	98	1	19	2	44	3	4	4	99	5	54	6	44	7	17	8	80	9	85	10	6	11	5	12	32	13	27	14	57	15	37	16	61	17	11	18	100	19	19	20	52	21	67	22	13	23	58	24	93	25	9	26	71	27	47	28	74	29	100	30	72	31	35	32	82	33	96	34	36	35	36	36	56	37	87	38	24	39	48	40	69	41	93	42	91	43	16	44	65	45	78	46	60	47	62	48	41	49	86
	0	1	1	38	2	83	3	23	4	29	5	3	6	74	7	34	8	70	9	22	10	40	11	39	12	65	13	26	14	7	15	43	16	87	17	6	18	77	19	30	20	12	21	99	22	47	23	93	24	63	25	11	26	41	27	75	28	16	29	88	30	7	31	19	32	41	33	4	34	17	35	53	36	7	37	55	38	71	39	49	40	90	41	67	42	80	43	43	44	54	45	53	46	95	47	1	48	85	49	81
	0	90	1	68	2	15	3	36	4	37	5	34	6	58	7	2	8	11	9	3	10	48	11	68	12	20	13	56	14	40	15	59	16	61	17	33	18	25	19	43	20	21	21	85	22	77	23	47	24	98	25	68	26	11	27	10	28	98	29	73	30	36	31	31	32	34	33	23	34	33	35	5	36	44	37	80	38	81	39	53	40	83	41	41	42	24	43	85	44	75	45	8	46	40	47	50	48	31	49	81
	0	58	1	75	2	47	3	88	4	46	5	77	6	55	7	61	8	51	9	16	10	3	11	27	12	67	13	28	14	53	15	56	16	63	17	24	18	56	19	9	20	8	21	80	22	21	23	52	24	60	25	45	26	100	27	50	28	4	29	25	30	53	31	53	32	74	33	33	34	53	35	18	36	83	37	21	38	72	39	57	40	37	41	18	42	28	43	95	44	25	45	45	46	100	47	70	48	97	49	90
	0	43	1	11	2	85	3	50	4	51	5	91	6	13	7	85	8	55	9	21	10	13	11	31	12	56	13	45	14	38	15	79	16	26	17	48	18	44	19	100	20	25	21	78	22	76	23	89	24	25	25	73	26	77	27	57	28	35	29	3	30	22	31	77	32	60	33	94	34	27	35	82	36	52	37	1	38	90	39	64	40	32	41	24	42	70	43	20	44	80	45	92	46	10	47	47	48	36	49	66
	0	55	1	81	2	49	3	39	4	19	5	27	6	80	7	21	8	10	9	39	10	27	11	34	12	21	13	34	14	42	15	76	16	22	17	46	18	64	19	16	20	40	21	71	22	58	23	27	24	98	25	44	26	73	27	66	28	46	29	53	30	36	31	73	32	13	33	86	34	38	35	42	36	65	37	59	38	8	39	63	40	34	41	70	42	51	43	82	44	71	45	88	46	10	47	91	48	26	49	64
	0	83	1	57	2	58	3	19	4	91	5	59	6	40	7	55	8	90	9	80	10	94	11	84	12	62	13	87	14	86	15	89	16	42	17	76	18	56	19	37	20	60	21	88	22	77	23	28	24	91	25	4	26	45	27	41	28	64	29	88	30	66	31	10	32	65	33	34	34	85	35	50	36	24	37	16	38	60	39	9	40	93	41	86	42	2	43	7	44	32	45	36	46	9	47	12	48	70	49	24
	0	81	1	41	2	20	3	46	4	86	5	95	6	40	7	95	8	12	9	74	10	91	11	29	12	41	13	8	14	21	15	47	16	8	17	32	18	80	19	59	20	42	21	62	22	53	23	75	24	10	25	66	26	47	27	65	28	92	29	32	30	88	31	52	32	74	33	76	34	2	35	56	36	31	37	53	38	97	39	92	40	36	41	41	42	57	43	89	44	17	45	34	46	22	47	84	48	56	49	57
	0	16	1	9	2	89	3	73	4	49	5	77	6	54	7	79	8	93	9	32	10	12	11	76	12	20	13	21	14	13	15	75	16	56	17	97	18	2	19	85	20	69	21	69	22	74	23	77	24	14	25	59	26	33	27	18	28	95	29	25	30	8	31	46	32	23	33	54	34	27	35	2	36	66	37	60	38	67	39	42	40	35	41	9	42	17	43	23	44	48	45	78	46	23	47	95	48	62	49	13
	0	8	1	79	2	71	3	38	4	83	5	89	6	94	7	43	8	98	9	39	10	28	11	34	12	84	13	47	14	24	15	47	16	99	17	9	18	100	19	32	20	75	21	28	22	23	23	82	24	27	25	3	26	12	27	58	28	74	29	23	30	36	31	13	32	78	33	19	34	26	35	53	36	11	37	64	38	14	39	59	40	90	41	28	42	63	43	69	44	53	45	33	46	73	47	1	48	71	49	58
	0	51	1	40	2	100	3	86	4	90	5	52	6	29	7	99	8	9	9	88	10	79	11	70	12	24	13	70	14	64	15	96	16	66	17	4	18	4	19	63	20	73	21	39	22	57	23	67	24	3	25	75	26	26	27	4	28	60	29	98	30	29	31	14	32	29	33	70	34	61	35	40	36	51	37	33	38	83	39	43	40	95	41	81	42	100	43	75	44	5	45	20	46	36	47	99	48	28	49	22
	0	1	1	27	2	52	3	30	4	21	5	92	6	5	7	85	8	62	9	88	10	5	11	80	12	77	13	41	14	53	15	48	16	69	17	95	18	5	19	52	20	18	21	22	22	84	23	42	24	42	25	3	26	93	27	64	28	83	29	20	30	60	31	78	32	39	33	70	34	16	35	92	36	69	37	87	38	88	39	23	40	63	41	36	42	63	43	55	44	43	45	8	46	46	47	36	48	34	49	27
	0	32	1	54	2	35	3	72	4	45	5	63	6	55	7	46	8	33	9	67	10	19	11	53	12	15	13	79	14	48	15	83	16	13	17	100	18	63	19	91	20	26	21	1	22	78	23	30	24	20	25	95	26	72	27	83	28	44	29	40	30	59	31	93	32	97	33	94	34	4	35	81	36	9	37	25	38	37	39	21	40	3	41	57	42	74	43	93	44	55	45	74	46	54	47	37	48	73	49	43
	0	32	1	93	2	53	3	19	4	1	5	75	6	97	7	36	8	31	9	39	10	85	11	100	12	43	13	23	14	45	15	42	16	65	17	89	18	62	19	1	20	27	21	73	22	15	23	27	24	99	25	35	26	51	27	48	28	79	29	75	30	8	31	22	32	78	33	33	34	58	35	69	36	71	37	5	38	45	39	78	40	7	41	46	42	20	43	99	44	79	45	28	46	7	47	85	48	28	49	87
	0	47	1	49	2	14	3	74	4	12	5	35	6	68	7	78	8	80	9	29	10	40	11	20	12	15	13	55	14	70	15	4	16	90	17	30	18	73	19	80	20	50	21	85	22	7	23	78	24	5	25	56	26	58	27	91	28	94	29	19	30	75	31	19	32	68	33	18	34	28	35	21	36	70	37	1	38	72	39	22	40	27	41	81	42	48	43	70	44	72	45	72	46	51	47	48	48	55	49	70
	0	36	1	84	2	30	3	84	4	59	5	12	6	4	7	31	8	64	9	74	10	2	11	59	12	58	13	78	14	84	15	46	16	48	17	39	18	100	19	9	20	25	21	67	22	86	23	7	24	12	25	99	26	40	27	18	28	32	29	62	30	18	31	47	32	35	33	32	34	35	35	68	36	11	37	23	38	89	39	23	40	77	41	15	42	8	43	30	44	98	45	12	46	14	47	61	48	97	49	79
	0	43	1	11	2	58	3	17	4	58	5	52	6	35	7	59	8	65	9	53	10	94	11	92	12	99	13	7	14	90	15	61	16	51	17	93	18	30	19	91	20	40	21	69	22	73	23	29	24	74	25	74	26	87	27	16	28	33	29	79	30	41	31	18	32	76	33	17	34	27	35	76	36	51	37	97	38	13	39	78	40	73	41	48	42	90	43	37	44	80	45	86	46	67	47	39	48	93	49	79
	0	6	1	95	2	46	3	46	4	23	5	7	6	42	7	46	8	87	9	42	10	75	11	4	12	95	13	60	14	5	15	7	16	3	17	49	18	84	19	63	20	41	21	60	22	73	23	92	24	43	25	47	26	96	27	9	28	78	29	57	30	10	31	10	32	48	33	17	34	1	35	70	36	92	37	16	38	39	39	14	40	31	41	89	42	31	43	31	44	17	45	37	46	71	47	20	48	82	49	44
	0	79	1	11	2	7	3	86	4	59	5	84	6	45	7	23	8	44	9	89	10	78	11	34	12	85	13	35	14	83	15	40	16	10	17	94	18	42	19	2	20	74	21	62	22	22	23	10	24	50	25	43	26	11	27	5	28	49	29	63	30	78	31	70	32	69	33	39	34	95	35	14	36	7	37	41	38	60	39	18	40	77	41	30	42	69	43	17	44	32	45	66	46	63	47	50	48	83	49	14
	0	29	1	84	2	39	3	88	4	34	5	9	6	39	7	13	8	27	9	48	10	44	11	5	12	24	13	38	14	96	15	87	16	85	17	78	18	74	19	91	20	20	21	37	22	4	23	22	24	98	25	76	26	100	27	80	28	56	29	32	30	40	31	62	32	6	33	61	34	9	35	1	36	9	37	41	38	63	39	1	40	58	41	76	42	96	43	79	44	77	45	59	46	6	47	31	48	52	49	89
	0	1	1	78	2	30	3	37	4	96	5	48	6	57	7	11	8	70	9	17	10	52	11	74	12	8	13	10	14	20	15	6	16	41	17	29	18	63	19	13	20	44	21	59	22	45	23	26	24	76	25	82	26	11	27	48	28	55	29	89	30	64	31	34	32	14	33	58	34	63	35	25	36	78	37	76	38	84	39	46	40	53	41	81	42	63	43	66	44	20	45	69	46	13	47	70	48	75	49	9
	0	78	1	85	2	64	3	26	4	73	5	63	6	90	7	78	8	22	9	19	10	7	11	15	12	89	13	78	14	17	15	4	16	64	17	60	18	35	19	67	20	62	21	34	22	98	23	42	24	19	25	98	26	21	27	89	28	24	29	81	30	36	31	95	32	10	33	65	34	60	35	31	36	73	37	75	38	75	39	90	40	25	41	89	42	34	43	4	44	85	45	59	46	2	47	1	48	48	49	53
	0	9	1	68	2	18	3	52	4	82	5	31	6	70	7	63	8	59	9	60	10	86	11	41	12	28	13	55	14	83	15	15	16	28	17	90	18	19	19	79	20	2	21	9	22	58	23	76	24	15	25	91	26	9	27	96	28	40	29	48	30	100	31	68	32	100	33	16	34	26	35	6	36	18	37	47	38	88	39	56	40	94	41	9	42	26	43	31	44	41	45	70	46	92	47	50	48	21	49	12
	0	35	1	19	2	74	3	89	4	76	5	2	6	36	7	47	8	13	9	82	10	87	11	58	12	75	13	17	14	66	15	38	16	6	17	28	18	50	19	48	20	65	21	72	22	91	23	3	24	70	25	8	26	47	27	36	28	4	29	33	30	53	31	92	32	85	33	64	34	26	35	47	36	56	37	86	38	93	39	85	40	42	41	86	42	80	43	60	44	98	45	67	46	21	47	49	48	20	49	74
	0	55	1	62	2	13	3	9	4	24	5	50	6	36	7	5	8	99	9	63	10	54	11	82	12	92	13	14	14	81	15	11	16	28	17	66	18	95	19	52	20	88	21	55	22	39	23	57	24	40	25	95	26	66	27	34	28	41	29	54	30	79	31	30	32	45	33	76	34	64	35	64	36	74	37	94	38	38	39	32	40	35	41	73	42	47	43	64	44	65	45	52	46	82	47	82	48	82	49	91
	0	11	1	25	2	31	3	47	4	40	5	16	6	72	7	19	8	45	9	88	10	55	11	45	12	37	13	6	14	62	15	43	16	70	17	39	18	32	19	20	20	88	21	76	22	75	23	6	24	61	25	98	26	58	27	70	28	88	29	26	30	22	31	33	32	41	33	30	34	42	35	91	36	79	37	64	38	62	39	2	40	71	41	49	42	52	43	6	44	94	45	41	46	82	47	81	48	5	49	35
	0	93	1	52	2	88	3	100	4	21	5	13	6	41	7	56	8	13	9	20	10	48	11	21	12	15	13	65	14	44	15	96	16	46	17	54	18	83	19	77	20	78	21	27	22	51	23	88	24	81	25	8	26	96	27	99	28	14	29	70	30	61	31	56	32	64	33	51	34	41	35	44	36	61	37	59	38	6	39	61	40	32	41	42	42	55	43	67	44	62	45	26	46	98	47	52	48	77	49	44
	0	74	1	8	2	73	3	93	4	62	5	30	6	45	7	11	8	33	9	70	10	99	11	56	12	52	13	7	14	56	15	21	16	42	17	23	18	61	19	25	20	42	21	86	22	72	23	67	24	47	25	95	26	95	27	18	28	1	29	28	30	77	31	6	32	72	33	86	34	82	35	11	36	53	37	48	38	6	39	65	40	41	41	72	42	12	43	49	44	13	45	95	46	91	47	1	48	81	49	30
	0	74	1	5	2	7	3	57	4	50	5	14	6	8	7	60	8	80	9	7	10	72	11	58	12	95	13	26	14	91	15	18	16	23	17	8	18	40	19	70	20	85	21	10	22	2	23	49	24	60	25	20	26	96	27	28	28	98	29	70	30	46	31	35	32	33	33	7	34	29	35	52	36	40	37	91	38	66	39	45	40	16	41	24	42	52	43	74	44	89	45	29	46	38	47	86	48	95	49	23
	0	12	1	73	2	60	3	72	4	42	5	70	6	82	7	9	8	77	9	15	10	11	11	49	12	18	13	84	14	55	15	53	16	6	17	100	18	75	19	96	20	96	21	57	22	34	23	63	24	99	25	13	26	24	27	77	28	19	29	49	30	83	31	11	32	27	33	88	34	67	35	69	36	33	37	35	38	53	39	16	40	50	41	68	42	76	43	95	44	73	45	98	46	41	47	79	48	7	49	80
	0	43	1	14	2	18	3	32	4	98	5	82	6	93	7	12	8	73	9	73	10	33	11	43	12	53	13	41	14	14	15	96	16	100	17	7	18	92	19	65	20	76	21	6	22	31	23	100	24	44	25	5	26	85	27	78	28	72	29	35	30	71	31	26	32	93	33	23	34	96	35	33	36	6	37	5	38	34	39	9	40	16	41	58	42	75	43	80	44	53	45	93	46	73	47	29	48	9	49	80
	0	82	1	11	2	91	3	11	4	54	5	25	6	76	7	15	8	21	9	99	10	15	11	86	12	7	13	20	14	30	15	85	16	41	17	47	18	87	19	17	20	44	21	44	22	43	23	14	24	35	25	50	26	15	27	66	28	72	29	71	30	5	31	74	32	11	33	50	34	69	35	22	36	76	37	60	38	37	39	99	40	43	41	12	42	17	43	11	44	94	45	98	46	18	47	55	48	7	49	90
	0	3	1	70	2	63	3	60	4	49	5	59	6	99	7	17	8	55	9	69	10	51	11	60	12	55	13	60	14	32	15	86	16	14	17	97	18	73	19	21	20	5	21	73	22	10	23	46	24	8	25	1	26	83	27	47	28	76	29	76	30	97	31	3	32	51	33	77	34	51	35	99	36	39	37	53	38	49	39	23	40	68	41	26	42	20	43	81	44	83	45	1	46	42	47	47	48	62	49	60
	0	40	1	28	2	62	3	89	4	76	5	8	6	4	7	64	8	93	9	4	10	85	11	78	12	55	13	55	14	58	15	19	16	92	17	7	18	26	19	93	20	59	21	88	22	36	23	77	24	59	25	75	26	72	27	48	28	87	29	91	30	84	31	94	32	94	33	1	34	98	35	40	36	89	37	78	38	1	39	19	40	15	41	60	42	80	43	84	44	74	45	40	46	86	47	37	48	85	49	30
	0	28	1	15	2	2	3	6	4	22	5	74	6	20	7	31	8	62	9	42	10	55	11	100	12	82	13	51	14	73	15	64	16	14	17	56	18	94	19	14	20	78	21	2	22	10	23	56	24	56	25	2	26	90	27	79	28	29	29	39	30	55	31	16	32	74	33	97	34	44	35	49	36	71	37	83	38	22	39	93	40	53	41	12	42	80	43	85	44	91	45	44	46	34	47	39	48	14	49	9
	0	30	1	53	2	97	3	61	4	9	5	85	6	66	7	32	8	86	9	21	10	12	11	96	12	42	13	15	14	98	15	52	16	48	17	64	18	12	19	86	20	58	21	53	22	100	23	76	24	43	25	80	26	80	27	51	28	54	29	52	30	15	31	8	32	31	33	5	34	3	35	59	36	13	37	91	38	20	39	61	40	88	41	39	42	96	43	42	44	9	45	77	46	45	47	34	48	70	49	78
	0	56	1	76	2	89	3	57	4	18	5	43	6	68	7	50	8	48	9	15	10	31	11	30	12	37	13	1	14	29	15	59	16	25	17	73	18	94	19	70	20	85	21	67	22	69	23	35	24	73	25	77	26	41	27	56	28	66	29	38	30	65	31	91	32	98	33	64	34	46	35	2	36	77	37	8	38	26	39	82	40	31	41	40	42	83	43	2	44	11	45	76	46	48	47	78	48	72	49	93
	0	93	1	71	2	87	3	16	4	48	5	36	6	69	7	64	8	39	9	6	10	19	11	94	12	79	13	81	14	15	15	72	16	32	17	37	18	9	19	57	20	32	21	94	22	94	23	99	24	49	25	97	26	75	27	60	28	9	29	5	30	39	31	26	32	25	33	93	34	10	35	62	36	87	37	97	38	40	39	30	40	28	41	83	42	71	43	75	44	57	45	2	46	67	47	37	48	20	49	61
	0	99	1	65	2	48	3	26	4	37	5	24	6	88	7	47	8	74	9	18	10	29	11	58	12	2	13	89	14	70	15	85	16	95	17	51	18	96	19	97	20	78	21	67	22	52	23	43	24	96	25	89	26	37	27	87	28	96	29	10	30	51	31	25	32	94	33	96	34	79	35	49	36	92	37	14	38	78	39	86	40	62	41	55	42	18	43	29	44	20	45	16	46	82	47	51	48	41	49	15
	0	28	1	44	2	7	3	30	4	75	5	47	6	78	7	88	8	52	9	41	10	29	11	56	12	40	13	34	14	96	15	2	16	77	17	58	18	23	19	32	20	20	21	48	22	100	23	15	24	83	25	91	26	34	27	54	28	84	29	44	30	5	31	77	32	82	33	72	34	82	35	38	36	81	37	54	38	5	39	58	40	33	41	50	42	72	43	54	44	70	45	41	46	67	47	26	48	39	49	74
	0	30	1	4	2	33	3	69	4	57	5	80	6	26	7	90	8	70	9	64	10	70	11	70	12	3	13	48	14	4	15	42	16	93	17	75	18	76	19	27	20	77	21	28	22	4	23	74	24	18	25	98	26	94	27	54	28	25	29	97	30	8	31	46	32	42	33	21	34	57	35	88	36	11	37	74	38	45	39	51	40	35	41	21	42	4	43	86	44	6	45	28	46	82	47	40	48	62	49	88
	0	85	1	29	2	99	3	63	4	85	5	51	6	40	7	95	8	37	9	29	10	46	11	38	12	70	13	51	14	23	15	36	16	52	17	43	18	45	19	56	20	32	21	75	22	20	23	16	24	20	25	1	26	45	27	8	28	52	29	79	30	44	31	89	32	53	33	26	34	84	35	70	36	91	37	94	38	96	39	66	40	92	41	75	42	65	43	55	44	60	45	88	46	69	47	70	48	100	49	76
	0	53	1	27	2	76	3	38	4	97	5	51	6	22	7	73	8	8	9	66	10	96	11	100	12	27	13	53	14	46	15	84	16	55	17	93	18	33	19	93	20	24	21	46	22	26	23	55	24	75	25	48	26	54	27	87	28	9	29	4	30	100	31	30	32	34	33	26	34	58	35	94	36	23	37	43	38	86	39	17	40	41	41	69	42	37	43	69	44	30	45	21	46	50	47	72	48	39	49	16
	0	16	1	16	2	48	3	86	4	71	5	81	6	24	7	3	8	76	9	3	10	4	11	85	12	76	13	47	14	97	15	31	16	58	17	73	18	36	19	25	20	56	21	93	22	49	23	74	24	48	25	79	26	8	27	96	28	72	29	60	30	75	31	61	32	42	33	7	34	72	35	49	36	35	37	16	38	21	39	98	40	96	41	16	42	51	43	24	44	67	45	76	46	57	47	60	48	51	49	83
	0	58	1	41	2	48	3	19	4	92	5	28	6	46	7	51	8	45	9	46	10	39	11	18	12	7	13	90	14	8	15	85	16	84	17	12	18	92	19	76	20	31	21	97	22	27	23	35	24	75	25	96	26	37	27	61	28	39	29	68	30	4	31	6	32	94	33	52	34	47	35	59	36	90	37	64	38	91	39	30	40	62	41	3	42	97	43	21	44	88	45	5	46	5	47	47	48	56	49	68
	0	89	1	28	2	78	3	54	4	28	5	95	6	38	7	40	8	66	9	53	10	75	11	52	12	82	13	3	14	30	15	31	16	11	17	31	18	21	19	6	20	90	21	89	22	10	23	63	24	15	25	42	26	78	27	44	28	21	29	66	30	40	31	21	32	41	33	92	34	42	35	14	36	5	37	57	38	32	39	59	40	59	41	1	42	2	43	45	44	45	45	10	46	37	47	66	48	64	49	6
	0	20	1	69	2	97	3	27	4	73	5	86	6	79	7	59	8	46	9	88	10	37	11	92	12	74	13	92	14	36	15	36	16	64	17	8	18	7	19	7	20	84	21	20	22	38	23	58	24	70	25	22	26	49	27	40	28	68	29	59	30	5	31	4	32	79	33	53	34	9	35	72	36	68	37	96	38	99	39	48	40	67	41	54	42	32	43	52	44	76	45	14	46	30	47	84	48	39	49	58
	0	30	1	61	2	51	3	54	4	46	5	77	6	32	7	94	8	44	9	83	10	59	11	26	12	99	13	98	14	49	15	50	16	69	17	74	18	47	19	81	20	1	21	88	22	26	23	99	24	78	25	47	26	50	27	36	28	50	29	9	30	22	31	75	32	15	33	60	34	27	35	56	36	46	37	13	38	51	39	14	40	75	41	5	42	27	43	97	44	85	45	13	46	39	47	40	48	65	49	14
	0	91	1	94	2	36	3	62	4	14	5	19	6	45	7	59	8	79	9	19	10	94	11	35	12	26	13	59	14	47	15	70	16	34	17	86	18	22	19	22	20	99	21	72	22	84	23	49	24	74	25	15	26	70	27	23	28	16	29	93	30	31	31	96	32	16	33	50	34	71	35	50	36	32	37	50	38	95	39	43	40	31	41	40	42	29	43	40	44	21	45	98	46	57	47	86	48	30	49	67
	0	79	1	64	2	53	3	98	4	6	5	33	6	84	7	39	8	31	9	57	10	2	11	65	12	46	13	54	14	71	15	30	16	97	17	38	18	85	19	66	20	88	21	31	22	57	23	88	24	95	25	50	26	35	27	69	28	23	29	28	30	6	31	86	32	41	33	97	34	100	35	60	36	75	37	55	38	25	39	41	40	18	41	93	42	81	43	6	44	34	45	45	46	38	47	79	48	22	49	11
	0	90	1	80	2	79	3	32	4	90	5	68	6	98	7	47	8	54	9	41	10	66	11	43	12	83	13	95	14	53	15	84	16	34	17	67	18	15	19	86	20	46	21	7	22	49	23	61	24	91	25	51	26	65	27	55	28	31	29	5	30	77	31	55	32	69	33	46	34	16	35	33	36	47	37	99	38	19	39	61	40	21	41	69	42	54	43	5	44	18	45	10	46	80	47	86	48	57	49	66
	0	51	1	76	2	79	3	38	4	12	5	44	6	31	7	26	8	53	9	97	10	96	11	81	12	12	13	59	14	54	15	53	16	45	17	96	18	26	19	12	20	5	21	75	22	39	23	98	24	98	25	14	26	99	27	9	28	7	29	68	30	79	31	43	32	99	33	49	34	40	35	47	36	67	37	75	38	57	39	45	40	59	41	8	42	14	43	43	44	98	45	14	46	82	47	33	48	6	49	59
	0	9	1	53	2	77	3	23	4	66	5	61	6	57	7	96	8	47	9	36	10	39	11	97	12	16	13	22	14	72	15	9	16	27	17	64	18	43	19	40	20	80	21	12	22	88	23	53	24	96	25	91	26	24	27	12	28	1	29	55	30	35	31	38	32	61	33	84	34	24	35	91	36	19	37	83	38	34	39	6	40	16	41	100	42	4	43	40	44	95	45	68	46	79	47	33	48	21	49	30
	0	41	1	75	2	73	3	20	4	91	5	25	6	90	7	91	8	4	9	45	10	64	11	29	12	62	13	25	14	29	15	78	16	6	17	18	18	74	19	75	20	78	21	22	22	94	23	72	24	46	25	66	26	49	27	84	28	24	29	78	30	86	31	3	32	30	33	68	34	64	35	50	36	64	37	41	38	72	39	72	40	67	41	9	42	34	43	1	44	13	45	88	46	43	47	25	48	53	49	91
	0	63	1	38	2	82	3	52	4	99	5	87	6	34	7	45	8	18	9	13	10	4	11	74	12	68	13	52	14	52	15	59	16	39	17	73	18	49	19	46	20	54	21	26	22	66	23	100	24	80	25	60	26	12	27	73	28	16	29	26	30	66	31	51	32	77	33	64	34	85	35	28	36	84	37	47	38	53	39	51	40	51	41	35	42	15	43	31	44	97	45	63	46	15	47	40	48	44	49	48
	0	32	1	12	2	79	3	9	4	73	5	17	6	80	7	29	8	73	9	1	10	45	11	100	12	16	13	91	14	64	15	31	16	72	17	11	18	35	19	14	20	12	21	56	22	5	23	71	24	45	25	33	26	85	27	35	28	3	29	54	30	81	31	26	32	46	33	35	34	25	35	45	36	81	37	58	38	20	39	75	40	9	41	70	42	7	43	75	44	45	45	55	46	30	47	7	48	72	49	85
	0	69	1	16	2	37	3	36	4	45	5	81	6	80	7	41	8	28	9	79	10	65	11	94	12	9	13	44	14	67	15	41	16	1	17	16	18	1	19	25	20	93	21	1	22	28	23	56	24	65	25	98	26	63	27	37	28	40	29	51	30	61	31	63	32	38	33	47	34	77	35	69	36	42	37	63	38	99	39	95	40	2	41	23	42	25	43	8	44	46	45	28	46	19	47	81	48	50	49	72
	0	68	1	20	2	100	3	51	4	33	5	9	6	62	7	26	8	52	9	84	10	15	11	8	12	59	13	86	14	25	15	61	16	99	17	32	18	76	19	55	20	79	21	8	22	70	23	8	24	73	25	92	26	69	27	96	28	70	29	31	30	45	31	27	32	34	33	49	34	49	35	7	36	21	37	58	38	26	39	34	40	66	41	96	42	35	43	15	44	31	45	19	46	47	47	79	48	93	49	5
	0	35	1	32	2	89	3	72	4	73	5	88	6	73	7	96	8	11	9	51	10	32	11	97	12	96	13	58	14	73	15	16	16	58	17	89	18	86	19	6	20	66	21	8	22	25	23	21	24	37	25	96	26	89	27	53	28	53	29	86	30	67	31	71	32	16	33	12	34	97	35	54	36	39	37	33	38	57	39	22	40	62	41	89	42	65	43	8	44	43	45	6	46	79	47	30	48	51	49	58
	0	16	1	36	2	76	3	48	4	24	5	62	6	16	7	64	8	88	9	9	10	26	11	29	12	50	13	13	14	21	15	49	16	62	17	98	18	77	19	26	20	27	21	20	22	73	23	92	24	72	25	23	26	60	27	76	28	67	29	98	30	61	31	14	32	96	33	4	34	30	35	71	36	25	37	72	38	26	39	24	40	31	41	31	42	79	43	21	44	91	45	14	46	61	47	36	48	43	49	27
	0	78	1	64	2	58	3	95	4	50	5	34	6	3	7	24	8	53	9	37	10	71	11	33	12	28	13	94	14	6	15	45	16	88	17	5	18	62	19	55	20	77	21	66	22	64	23	92	24	62	25	39	26	61	27	63	28	57	29	7	30	90	31	37	32	18	33	58	34	92	35	3	36	59	37	75	38	52	39	22	40	61	41	25	42	45	43	45	44	99	45	77	46	19	47	70	48	90	49	94
	0	38	1	67	2	39	3	71	4	80	5	90	6	54	7	23	8	50	9	45	10	33	11	33	12	51	13	1	14	54	15	34	16	44	17	50	18	21	19	66	20	59	21	54	22	57	23	34	24	66	25	48	26	31	27	78	28	5	29	65	30	60	31	94	32	27	33	17	34	37	35	11	36	16	37	51	38	70	39	77	40	67	41	52	42	27	43	26	44	70	45	71	46	25	47	30	48	98	49	95
	0	16	1	46	2	10	3	84	4	44	5	29	6	29	7	59	8	87	9	53	10	30	11	95	12	5	13	78	14	75	15	63	16	56	17	42	18	54	19	25	20	54	21	71	22	45	23	73	24	79	25	35	26	83	27	75	28	56	29	1	30	8	31	48	32	85	33	44	34	34	35	1	36	62	37	33	38	49	39	93	40	38	41	97	42	55	43	1	44	14	45	31	46	95	47	17	48	38	49	15
	0	24	1	92	2	87	3	37	4	32	5	2	6	40	7	50	8	24	9	14	10	53	11	13	12	99	13	71	14	21	15	78	16	8	17	23	18	79	19	37	20	62	21	68	22	65	23	43	24	35	25	98	26	61	27	51	28	72	29	41	30	83	31	65	32	98	33	57	34	81	35	71	36	2	37	32	38	68	39	99	40	22	41	71	42	4	43	49	44	67	45	78	46	80	47	54	48	52	49	91
	0	100	1	95	2	26	3	5	4	53	5	65	6	22	7	81	8	99	9	54	10	62	11	49	12	48	13	19	14	95	15	50	16	79	17	35	18	45	19	60	20	30	21	50	22	100	23	1	24	81	25	3	26	77	27	32	28	72	29	69	30	34	31	77	32	61	33	24	34	17	35	26	36	97	37	73	38	62	39	19	40	68	41	66	42	91	43	7	44	50	45	93	46	80	47	30	48	59	49	53
	0	74	1	82	2	99	3	7	4	77	5	38	6	38	7	86	8	64	9	51	10	68	11	7	12	65	13	75	14	29	15	7	16	33	17	53	18	1	19	20	20	96	21	60	22	88	23	29	24	54	25	32	26	62	27	91	28	62	29	81	30	33	31	15	32	20	33	98	34	57	35	18	36	69	37	91	38	12	39	21	40	35	41	2	42	94	43	41	44	2	45	10	46	8	47	89	48	89	49	10
	0	75	1	94	2	63	3	27	4	63	5	98	6	18	7	92	8	15	9	6	10	95	11	15	12	41	13	73	14	37	15	7	16	92	17	66	18	84	19	49	20	24	21	46	22	66	23	5	24	36	25	36	26	47	27	30	28	32	29	81	30	25	31	25	32	37	33	25	34	94	35	19	36	79	37	45	38	18	39	8	40	97	41	21	42	80	43	69	44	62	45	44	46	97	47	12	48	3	49	75
	0	29	1	73	2	77	3	13	4	4	5	31	6	36	7	42	8	49	9	12	10	67	11	56	12	98	13	24	14	13	15	81	16	18	17	13	18	5	19	52	20	63	21	52	22	56	23	8	24	62	25	7	26	3	27	11	28	94	29	16	30	94	31	8	32	3	33	3	34	56	35	88	36	66	37	2	38	96	39	2	40	99	41	58	42	15	43	53	44	87	45	37	46	38	47	69	48	57	49	61
	0	94	1	17	2	29	3	48	4	97	5	26	6	31	7	20	8	6	9	17	10	40	11	24	12	78	13	66	14	2	15	55	16	29	17	50	18	39	19	93	20	73	21	45	22	37	23	96	24	7	25	73	26	91	27	95	28	52	29	35	30	29	31	93	32	80	33	53	34	64	35	69	36	81	37	26	38	24	39	26	40	45	41	72	42	71	43	43	44	75	45	89	46	17	47	22	48	48	49	94
	0	81	1	30	2	85	3	90	4	46	5	84	6	10	7	84	8	27	9	31	10	6	11	64	12	50	13	16	14	82	15	85	16	86	17	44	18	29	19	47	20	22	21	69	22	28	23	49	24	39	25	82	26	15	27	59	28	35	29	74	30	48	31	28	32	19	33	90	34	5	35	46	36	55	37	2	38	23	39	16	40	36	41	77	42	57	43	81	44	26	45	12	46	99	47	54	48	82	49	49
	0	19	1	16	2	51	3	18	4	94	5	87	6	20	7	48	8	33	9	92	10	37	11	56	12	44	13	73	14	53	15	1	16	65	17	10	18	38	19	60	20	76	21	62	22	78	23	70	24	69	25	49	26	64	27	39	28	15	29	14	30	11	31	15	32	87	33	50	34	83	35	71	36	16	37	85	38	7	39	55	40	74	41	48	42	1	43	91	44	37	45	67	46	51	47	45	48	55	49	69
	0	15	1	93	2	35	3	82	4	31	5	48	6	17	7	71	8	62	9	34	10	96	11	33	12	2	13	23	14	27	15	55	16	36	17	52	18	100	19	10	20	17	21	16	22	89	23	24	24	97	25	78	26	9	27	60	28	51	29	53	30	23	31	97	32	50	33	63	34	95	35	98	36	97	37	47	38	80	39	87	40	15	41	10	42	91	43	93	44	54	45	5	46	90	47	27	48	73	49	11
	0	84	1	92	2	85	3	43	4	39	5	55	6	95	7	92	8	26	9	15	10	63	11	9	12	74	13	61	14	55	15	58	16	87	17	97	18	96	19	10	20	48	21	79	22	14	23	54	24	33	25	91	26	36	27	46	28	86	29	48	30	100	31	25	32	40	33	24	34	66	35	54	36	90	37	16	38	58	39	85	40	36	41	11	42	66	43	48	44	71	45	12	46	84	47	94	48	73	49	29
	0	69	1	76	2	16	3	67	4	44	5	32	6	34	7	37	8	89	9	82	10	81	11	93	12	71	13	96	14	71	15	63	16	36	17	66	18	17	19	22	20	42	21	87	22	70	23	42	24	10	25	56	26	36	27	94	28	38	29	11	30	49	31	9	32	76	33	91	34	90	35	8	36	87	37	87	38	94	39	56	40	21	41	1	42	100	43	23	44	85	45	55	46	15	47	32	48	92	49	98
	0	5	1	26	2	2	3	2	4	41	5	12	6	16	7	72	8	46	9	39	10	63	11	79	12	43	13	16	14	100	15	99	16	80	17	100	18	18	19	36	20	92	21	86	22	13	23	41	24	27	25	91	26	86	27	59	28	41	29	16	30	50	31	70	32	44	33	20	34	87	35	13	36	46	37	43	38	74	39	87	40	40	41	67	42	52	43	92	44	17	45	93	46	42	47	45	48	8	49	81
	0	9	1	75	2	91	3	80	4	17	5	93	6	1	7	35	8	62	9	89	10	51	11	65	12	47	13	6	14	33	15	35	16	41	17	77	18	66	19	70	20	44	21	40	22	11	23	88	24	39	25	71	26	63	27	47	28	25	29	80	30	100	31	26	32	26	33	76	34	36	35	5	36	52	37	99	38	22	39	86	40	48	41	57	42	81	43	93	44	41	45	29	46	78	47	42	48	4	49	30
	0	61	1	41	2	57	3	26	4	11	5	1	6	9	7	64	8	9	9	48	10	90	11	50	12	93	13	51	14	33	15	87	16	58	17	41	18	10	19	53	20	45	21	62	22	23	23	97	24	99	25	79	26	9	27	64	28	94	29	50	30	9	31	82	32	77	33	18	34	16	35	88	36	51	37	95	38	87	39	45	40	14	41	31	42	1	43	9	44	28	45	8	46	86	47	32	48	66	49	83
	0	53	1	1	2	85	3	70	4	13	5	73	6	5	7	64	8	49	9	38	10	3	11	8	12	88	13	23	14	42	15	80	16	92	17	23	18	99	19	45	20	47	21	15	22	71	23	97	24	40	25	9	26	59	27	92	28	37	29	13	30	56	31	40	32	13	33	38	34	12	35	7	36	88	37	73	38	34	39	54	40	79	41	80	42	35	43	4	44	66	45	17	46	66	47	16	48	27	49	78
	0	80	1	19	2	7	3	3	4	5	5	7	6	11	7	4	8	42	9	34	10	37	11	8	12	4	13	35	14	91	15	15	16	58	17	59	18	64	19	14	20	53	21	19	22	38	23	20	24	28	25	63	26	63	27	5	28	44	29	32	30	32	31	53	32	77	33	71	34	30	35	61	36	73	37	90	38	38	39	50	40	46	41	6	42	26	43	71	44	71	45	4	46	61	47	29	48	9	49	100
	0	2	1	38	2	59	3	95	4	84	5	89	6	27	7	53	8	96	9	5	10	51	11	47	12	92	13	99	14	33	15	45	16	24	17	72	18	67	19	36	20	64	21	4	22	45	23	17	24	45	25	34	26	98	27	100	28	64	29	34	30	10	31	95	32	7	33	14	34	87	35	78	36	97	37	21	38	86	39	77	40	75	41	10	42	46	43	94	44	58	45	17	46	47	47	76	48	44	49	41
	0	10	1	1	2	54	3	25	4	21	5	18	6	28	7	3	8	12	9	87	10	15	11	32	12	65	13	95	14	32	15	38	16	99	17	33	18	76	19	50	20	67	21	79	22	8	23	93	24	72	25	19	26	54	27	61	28	74	29	84	30	89	31	2	32	58	33	4	34	93	35	74	36	64	37	95	38	3	39	64	40	21	41	45	42	96	43	78	44	35	45	43	46	73	47	31	48	96	49	84
	0	41	1	13	2	37	3	42	4	97	5	100	6	52	7	85	8	74	9	38	10	31	11	83	12	3	13	17	14	100	15	29	16	85	17	13	18	72	19	78	20	95	21	77	22	16	23	66	24	61	25	78	26	37	27	70	28	73	29	42	30	6	31	22	32	32	33	47	34	75	35	89	36	39	37	56	38	96	39	66	40	82	41	4	42	89	43	71	44	77	45	71	46	60	47	23	48	55	49	5
	0	51	1	32	2	25	3	79	4	72	5	57	6	35	7	89	8	49	9	95	10	20	11	46	12	93	13	3	14	9	15	92	16	65	17	80	18	26	19	60	20	92	21	52	22	11	23	67	24	79	25	39	26	45	27	79	28	90	29	98	30	50	31	17	32	15	33	63	34	7	35	84	36	43	37	41	38	12	39	23	40	6	41	29	42	45	43	45	44	54	45	45	46	53	47	89	48	99	49	15
	0	46	1	91	2	15	3	46	4	67	5	88	6	90	7	65	8	87	9	80	10	80	11	30	12	34	13	13	14	85	15	15	16	52	17	82	18	72	19	53	20	56	21	38	22	98	23	68	24	28	25	68	26	18	27	30	28	65	29	81	30	78	31	34	32	83	33	2	34	20	35	66	36	24	37	79	38	67	39	18	40	31	41	41	42	49	43	57	44	95	45	64	46	90	47	73	48	67	49	41
	0	79	1	42	2	2	3	48	4	76	5	1	6	91	7	69	8	47	9	5	10	67	11	11	12	10	13	14	14	16	15	23	16	46	17	43	18	27	19	2	20	14	21	53	22	47	23	55	24	51	25	86	26	38	27	39	28	68	29	58	30	51	31	3	32	70	33	72	34	56	35	17	36	48	37	3	38	4	39	29	40	34	41	81	42	99	43	26	44	10	45	73	46	17	47	60	48	15	49	22
	0	92	1	74	2	93	3	16	4	51	5	42	6	71	7	82	8	91	9	9	10	63	11	34	12	2	13	90	14	33	15	20	16	94	17	60	18	80	19	39	20	80	21	57	22	8	23	33	24	25	25	73	26	3	27	68	28	57	29	99	30	31	31	65	32	4	33	59	34	24	35	43	36	5	37	48	38	30	39	77	40	100	41	47	42	28	43	99	44	12	45	98	46	39	47	78	48	61	49	44
	0	94	1	65	2	79	3	87	4	29	5	100	6	25	7	99	8	20	9	93	10	99	11	97	12	81	13	43	14	20	15	76	16	82	17	57	18	16	19	46	20	77	21	69	22	34	23	28	24	23	25	96	26	68	27	99	28	41	29	52	30	73	31	89	32	72	33	23	34	7	35	81	36	90	37	85	38	4	39	57	40	1	41	83	42	4	43	92	44	35	45	46	46	66	47	94	48	5	49	71
	0	37	1	35	2	99	3	17	4	78	5	28	6	17	7	2	8	52	9	44	10	76	11	61	12	18	13	65	14	53	15	47	16	11	17	25	18	18	19	54	20	83	21	98	22	93	23	12	24	27	25	97	26	47	27	74	28	39	29	35	30	84	31	87	32	65	33	41	34	12	35	45	36	43	37	26	38	85	39	35	40	41	41	60	42	64	43	40	44	51	45	92	46	34	47	57	48	89	49	35
	0	69	1	40	2	6	3	74	4	50	5	93	6	18	7	2	8	51	9	44	10	6	11	71	12	71	13	96	14	44	15	18	16	66	17	41	18	56	19	99	20	13	21	53	22	10	23	48	24	6	25	37	26	1	27	46	28	69	29	64	30	81	31	51	32	37	33	37	34	36	35	42	36	36	37	76	38	22	39	72	40	68	41	85	42	3	43	27	44	73	45	79	46	61	47	43	48	45	49	57
	0	65	1	29	2	90	3	53	4	26	5	89	6	87	7	13	8	64	9	51	10	71	11	68	12	72	13	40	14	46	15	5	16	58	17	58	18	21	19	53	20	82	21	51	22	96	23	43	24	40	25	78	26	58	27	5	28	50	29	23	30	63	31	10	32	41	33	98	34	18	35	68	36	54	37	38	38	75	39	44	40	9	41	83	42	10	43	58	44	95	45	97	46	52	47	67	48	75	49	80
	0	84	1	53	2	32	3	57	4	22	5	74	6	93	7	51	8	49	9	32	10	91	11	89	12	70	13	80	14	71	15	91	16	3	17	73	18	51	19	29	20	21	21	21	22	73	23	70	24	14	25	12	26	25	27	41	28	46	29	9	30	11	31	68	32	11	33	46	34	6	35	87	36	11	37	51	38	11	39	26	40	28	41	7	42	6	43	1	44	48	45	12	46	66	47	93	48	61	49	83
	0	73	1	70	2	57	3	48	4	66	5	93	6	69	7	95	8	85	9	20	10	51	11	85	12	13	13	84	14	96	15	38	16	29	17	13	18	14	19	60	20	13	21	32	22	35	23	67	24	67	25	44	26	9	27	13	28	56	29	91	30	14	31	48	32	69	33	47	34	1	35	43	36	65	37	82	38	18	39	66	40	41	41	8	42	21	43	9	44	44	45	89	46	41	47	78	48	25	49	85
	0	63	1	2	2	88	3	52	4	68	5	37	6	88	7	30	8	2	9	57	10	90	11	73	12	94	13	62	14	85	15	22	16	50	17	38	18	20	19	20	20	64	21	67	22	7	23	5	24	47	25	61	26	90	27	49	28	55	29	50	30	11	31	27	32	74	33	90	34	94	35	20	36	82	37	32	38	29	39	97	40	5	41	81	42	39	43	30	44	38	45	53	46	59	47	35	48	87	49	80
	0	50	1	42	2	66	3	34	4	39	5	36	6	48	7	84	8	56	9	29	10	57	11	81	12	99	13	42	14	44	15	54	16	61	17	21	18	91	19	55	20	95	21	10	22	33	23	84	24	95	25	54	26	94	27	93	28	29	29	100	30	76	31	29	32	46	33	33	34	40	35	90	36	43	37	57	38	78	39	86	40	70	41	98	42	71	43	35	44	98	45	8	46	55	47	35	48	90	49	90
	0	65	1	99	2	38	3	61	4	29	5	32	6	69	7	37	8	16	9	89	10	24	11	10	12	65	13	60	14	66	15	32	16	61	17	46	18	64	19	46	20	26	21	39	22	76	23	23	24	31	25	13	26	12	27	82	28	70	29	91	30	50	31	18	32	33	33	46	34	53	35	69	36	73	37	53	38	91	39	76	40	65	41	89	42	72	43	33	44	83	45	61	46	41	47	26	48	63	49	5
	0	99	1	11	2	9	3	80	4	42	5	77	6	77	7	60	8	39	9	94	10	36	11	91	12	81	13	42	14	82	15	67	16	82	17	76	18	75	19	40	20	13	21	66	22	11	23	80	24	93	25	14	26	45	27	35	28	72	29	57	30	36	31	56	32	85	33	83	34	82	35	6	36	55	37	31	38	59	39	56	40	74	41	53	42	83	43	21	44	95	45	56	46	56	47	21	48	12	49	56
	0	80	1	50	2	9	3	5	4	33	5	89	6	4	7	75	8	46	9	98	10	30	11	17	12	28	13	78	14	7	15	23	16	29	17	84	18	22	19	59	20	33	21	21	22	6	23	44	24	22	25	79	26	73	27	1	28	58	29	57	30	75	31	6	32	64	33	4	34	69	35	93	36	15	37	79	38	19	39	14	40	63	41	82	42	56	43	49	44	45	45	41	46	95	47	17	48	67	49	40
	0	70	1	36	2	63	3	16	4	20	5	28	6	49	7	78	8	65	9	73	10	47	11	13	12	47	13	50	14	36	15	88	16	8	17	32	18	52	19	55	20	43	21	6	22	60	23	31	24	61	25	49	26	52	27	1	28	24	29	77	30	49	31	66	32	48	33	40	34	22	35	37	36	95	37	44	38	42	39	44	40	95	41	17	42	43	43	17	44	53	45	39	46	39	47	50	48	57	49	23
	0	43	1	60	2	79	3	3	4	80	5	4	6	28	7	64	8	70	9	6	10	14	11	43	12	58	13	20	14	23	15	48	16	89	17	24	18	9	19	6	20	61	21	20	22	53	23	30	24	19	25	85	26	60	27	51	28	48	29	3	30	71	31	72	32	99	33	77	34	27	35	32	36	50	37	73	38	9	39	93	40	79	41	90	42	31	43	80	44	10	45	20	46	85	47	41	48	52	49	53
	0	30	1	6	2	50	3	59	4	2	5	64	6	10	7	21	8	80	9	90	10	71	11	25	12	23	13	83	14	35	15	25	16	79	17	97	18	80	19	27	20	25	21	84	22	16	23	79	24	86	25	81	26	55	27	52	28	41	29	1	30	8	31	39	32	25	33	10	34	36	35	31	36	75	37	17	38	8	39	19	40	74	41	87	42	49	43	57	44	7	45	65	46	76	47	66	48	24	49	80
	0	63	1	66	2	71	3	40	4	77	5	87	6	35	7	65	8	75	9	63	10	21	11	10	12	59	13	38	14	57	15	64	16	26	17	18	18	75	19	42	20	61	21	64	22	44	23	98	24	55	25	4	26	37	27	26	28	55	29	99	30	46	31	39	32	74	33	5	34	8	35	14	36	14	37	15	38	79	39	77	40	84	41	67	42	75	43	54	44	16	45	43	46	80	47	89	48	14	49	19
	0	74	1	44	2	76	3	28	4	40	5	7	6	96	7	36	8	47	9	78	10	12	11	61	12	25	13	6	14	72	15	73	16	72	17	10	18	39	19	57	20	67	21	90	22	31	23	39	24	72	25	19	26	100	27	86	28	48	29	81	30	73	31	43	32	17	33	77	34	19	35	71	36	57	37	25	38	10	39	87	40	94	41	31	42	95	43	32	44	34	45	95	46	98	47	13	48	64	49	85
	0	21	1	93	2	89	3	1	4	97	5	20	6	3	7	92	8	36	9	41	10	7	11	15	12	62	13	17	14	18	15	49	16	11	17	44	18	34	19	89	20	71	21	53	22	52	23	100	24	59	25	26	26	44	27	90	28	76	29	84	30	60	31	47	32	85	33	92	34	83	35	37	36	94	37	14	38	77	39	63	40	60	41	17	42	100	43	42	44	21	45	80	46	60	47	18	48	33	49	88
	0	57	1	62	2	82	3	96	4	16	5	99	6	68	7	100	8	21	9	58	10	12	11	56	12	3	13	54	14	15	15	15	16	33	17	48	18	69	19	91	20	25	21	24	22	14	23	66	24	66	25	88	26	73	27	85	28	99	29	94	30	24	31	30	32	56	33	35	34	81	35	42	36	2	37	47	38	94	39	49	40	24	41	36	42	97	43	14	44	9	45	18	46	56	47	9	48	66	49	14
	0	1	1	83	2	100	3	66	4	48	5	75	6	36	7	57	8	24	9	100	10	59	11	40	12	79	13	88	14	7	15	23	16	40	17	82	18	47	19	60	20	16	21	5	22	10	23	44	24	2	25	59	26	62	27	2	28	5	29	11	30	56	31	39	32	2	33	86	34	70	35	84	36	20	37	75	38	41	39	30	40	62	41	6	42	34	43	68	44	52	45	69	46	32	47	70	48	60	49	67
	0	7	1	60	2	21	3	42	4	30	5	74	6	83	7	3	8	17	9	19	10	21	11	48	12	21	13	54	14	16	15	62	16	30	17	73	18	97	19	30	20	3	21	63	22	60	23	99	24	92	25	43	26	55	27	69	28	95	29	46	30	78	31	18	32	59	33	67	34	4	35	72	36	30	37	97	38	77	39	75	40	1	41	35	42	19	43	34	44	27	45	17	46	22	47	35	48	89	49	32
	0	51	1	49	2	43	3	89	4	72	5	88	6	67	7	82	8	58	9	72	10	10	11	47	12	63	13	14	14	100	15	4	16	67	17	44	18	53	19	58	20	7	21	15	22	10	23	67	24	73	25	76	26	81	27	14	28	28	29	95	30	82	31	57	32	66	33	77	34	73	35	20	36	35	37	97	38	66	39	53	40	87	41	52	42	34	43	95	44	18	45	3	46	48	47	96	48	21	49	50
	0	35	1	82	2	74	3	81	4	8	5	83	6	14	7	65	8	40	9	55	10	79	11	94	12	59	13	51	14	30	15	97	16	5	17	40	18	70	19	65	20	64	21	74	22	28	23	73	24	68	25	41	26	75	27	95	28	39	29	70	30	84	31	19	32	9	33	68	34	67	35	41	36	34	37	5	38	31	39	84	40	2	41	78	42	50	43	49	44	95	45	14	46	39	47	33	48	43	49	14
	0	78	1	42	2	9	3	18	4	24	5	87	6	60	7	60	8	3	9	62	10	33	11	52	12	83	13	17	14	2	15	93	16	53	17	80	18	94	19	4	20	71	21	5	22	14	23	46	24	50	25	42	26	82	27	51	28	1	29	49	30	88	31	81	32	46	33	94	34	18	35	6	36	74	37	34	38	4	39	54	40	1	41	45	42	7	43	73	44	50	45	53	46	38	47	9	48	86	49	95
	0	64	1	4	2	38	3	88	4	65	5	52	6	21	7	18	8	33	9	67	10	26	11	45	12	36	13	56	14	43	15	3	16	78	17	14	18	39	19	45	20	38	21	54	22	3	23	44	24	60	25	63	26	29	27	73	28	35	29	45	30	99	31	98	32	94	33	79	34	95	35	84	36	93	37	12	38	36	39	86	40	84	41	67	42	36	43	63	44	77	45	34	46	18	47	61	48	47	49	66
	0	34	1	38	2	45	3	13	4	74	5	27	6	12	7	54	8	69	9	61	10	7	11	9	12	12	13	16	14	99	15	56	16	62	17	31	18	77	19	70	20	4	21	19	22	87	23	60	24	60	25	81	26	98	27	82	28	8	29	77	30	52	31	40	32	34	33	23	34	55	35	16	36	14	37	23	38	1	39	80	40	26	41	43	42	63	43	82	44	23	45	89	46	69	47	13	48	18	49	57
	0	46	1	97	2	63	3	55	4	17	5	57	6	33	7	20	8	81	9	48	10	28	11	73	12	93	13	66	14	69	15	97	16	41	17	69	18	52	19	28	20	87	21	78	22	66	23	81	24	7	25	24	26	17	27	70	28	63	29	80	30	97	31	78	32	70	33	90	34	88	35	95	36	69	37	68	38	99	39	36	40	2	41	53	42	78	43	85	44	37	45	22	46	31	47	45	48	23	49	10
	0	54	1	98	2	50	3	84	4	63	5	78	6	39	7	70	8	60	9	28	10	7	11	38	12	94	13	1	14	67	15	72	16	82	17	5	18	59	19	6	20	11	21	28	22	34	23	97	24	42	25	63	26	23	27	43	28	67	29	44	30	66	31	99	32	17	33	58	34	90	35	36	36	96	37	76	38	54	39	33	40	1	41	46	42	3	43	19	44	61	45	20	46	99	47	93	48	86	49	15
	0	21	1	86	2	29	3	30	4	44	5	54	6	83	7	72	8	61	9	10	10	82	11	58	12	80	13	25	14	70	15	93	16	28	17	75	18	55	19	55	20	42	21	2	22	71	23	19	24	19	25	9	26	5	27	20	28	75	29	31	30	70	31	17	32	10	33	23	34	19	35	18	36	96	37	78	38	51	39	91	40	30	41	60	42	39	43	41	44	22	45	4	46	76	47	55	48	5	49	43
	0	35	1	34	2	88	3	41	4	85	5	59	6	94	7	43	8	96	9	74	10	48	11	88	12	37	13	70	14	5	15	36	16	57	17	6	18	48	19	97	20	76	21	11	22	80	23	78	24	60	25	35	26	90	27	76	28	30	29	58	30	81	31	84	32	42	33	72	34	74	35	94	36	41	37	89	38	40	39	9	40	57	41	44	42	15	43	95	44	26	45	95	46	99	47	43	48	26	49	47
	0	53	1	16	2	73	3	39	4	31	5	4	6	23	7	71	8	33	9	10	10	61	11	80	12	39	13	41	14	87	15	68	16	76	17	78	18	18	19	49	20	35	21	45	22	71	23	81	24	21	25	8	26	5	27	78	28	11	29	65	30	17	31	34	32	59	33	17	34	37	35	96	36	74	37	26	38	65	39	72	40	40	41	100	42	30	43	65	44	79	45	61	46	90	47	57	48	64	49	89
	0	80	1	90	2	32	3	43	4	80	5	26	6	55	7	10	8	78	9	70	10	77	11	24	12	30	13	98	14	13	15	58	16	49	17	16	18	70	19	87	20	80	21	46	22	50	23	69	24	30	25	20	26	25	27	93	28	79	29	16	30	7	31	97	32	72	33	80	34	50	35	44	36	80	37	7	38	51	39	10	40	78	41	84	42	54	43	45	44	69	45	9	46	52	47	75	48	70	49	49
	0	49	1	80	2	21	3	93	4	43	5	63	6	89	7	15	8	19	9	87	10	89	11	60	12	67	13	53	14	24	15	99	16	80	17	42	18	30	19	44	20	89	21	45	22	76	23	98	24	20	25	52	26	51	27	77	28	11	29	79	30	46	31	56	32	13	33	48	34	97	35	100	36	48	37	57	38	66	39	87	40	23	41	92	42	63	43	42	44	99	45	80	46	47	47	42	48	86	49	83
	0	41	1	44	2	94	3	77	4	70	5	54	6	73	7	72	8	97	9	50	10	21	11	57	12	4	13	16	14	33	15	88	16	77	17	45	18	37	19	52	20	52	21	32	22	20	23	62	24	53	25	56	26	59	27	79	28	34	29	19	30	98	31	62	32	87	33	4	34	37	35	96	36	96	37	58	38	31	39	34	40	36	41	16	42	7	43	75	44	56	45	18	46	52	47	48	48	87	49	94
	0	28	1	76	2	75	3	16	4	14	5	52	6	18	7	34	8	93	9	29	10	63	11	51	12	18	13	30	14	97	15	8	16	32	17	17	18	20	19	81	20	32	21	69	22	8	23	2	24	90	25	74	26	94	27	67	28	82	29	27	30	10	31	1	32	84	33	83	34	90	35	65	36	28	37	17	38	24	39	47	40	44	41	84	42	95	43	76	44	19	45	86	46	58	47	33	48	42	49	82
	0	40	1	57	2	36	3	6	4	57	5	72	6	86	7	71	8	95	9	84	10	6	11	75	12	86	13	12	14	14	15	53	16	89	17	70	18	7	19	14	20	45	21	5	22	53	23	75	24	71	25	45	26	44	27	80	28	16	29	41	30	72	31	61	32	90	33	84	34	21	35	81	36	38	37	33	38	6	39	61	40	18	41	100	42	77	43	95	44	17	45	59	46	72	47	94	48	96	49	87
	0	14	1	3	2	65	3	57	4	52	5	10	6	17	7	23	8	7	9	18	10	74	11	85	12	73	13	50	14	33	15	24	16	87	17	27	18	10	19	28	20	58	21	14	22	5	23	63	24	17	25	41	26	57	27	64	28	57	29	38	30	67	31	36	32	34	33	44	34	74	35	92	36	71	37	72	38	41	39	89	40	89	41	52	42	92	43	8	44	44	45	69	46	69	47	4	48	54	49	81
	0	44	1	39	2	42	3	79	4	80	5	34	6	21	7	19	8	23	9	40	10	14	11	48	12	91	13	99	14	73	15	99	16	68	17	38	18	35	19	24	20	36	21	37	22	46	23	90	24	89	25	40	26	25	27	69	28	28	29	15	30	62	31	81	32	17	33	89	34	56	35	79	36	52	37	89	38	52	39	84	40	87	41	86	42	33	43	9	44	90	45	24	46	55	47	32	48	55	49	61
	0	64	1	1	2	73	3	74	4	1	5	88	6	42	7	1	8	5	9	23	10	72	11	11	12	71	13	66	14	12	15	38	16	93	17	15	18	11	19	16	20	45	21	47	22	78	23	92	24	48	25	35	26	19	27	23	28	27	29	7	30	47	31	65	32	72	33	18	34	12	35	21	36	48	37	58	38	85	39	100	40	17	41	34	42	98	43	11	44	62	45	78	46	22	47	88	48	41	49	64
	0	29	1	20	2	4	3	66	4	87	5	37	6	41	7	67	8	66	9	72	10	53	11	93	12	67	13	97	14	71	15	65	16	90	17	13	18	53	19	58	20	11	21	36	22	38	23	30	24	36	25	96	26	35	27	58	28	49	29	76	30	83	31	79	32	63	33	17	34	4	35	54	36	57	37	89	38	37	39	69	40	51	41	10	42	20	43	57	44	43	45	40	46	66	47	9	48	30	49	1
	0	50	1	3	2	68	3	95	4	92	5	66	6	47	7	16	8	13	9	51	10	99	11	82	12	97	13	91	14	52	15	39	16	90	17	74	18	94	19	3	20	7	21	37	22	27	23	41	24	34	25	68	26	13	27	16	28	59	29	94	30	39	31	48	32	45	33	55	34	65	35	54	36	48	37	24	38	26	39	79	40	36	41	2	42	90	43	21	44	58	45	7	46	17	47	32	48	78	49	41
	0	59	1	27	2	68	3	89	4	81	5	33	6	23	7	100	8	20	9	87	10	45	11	39	12	2	13	31	14	13	15	31	16	68	17	79	18	20	19	11	20	100	21	61	22	68	23	59	24	44	25	52	26	34	27	10	28	63	29	56	30	53	31	22	32	71	33	94	34	81	35	72	36	30	37	18	38	33	39	23	40	19	41	54	42	18	43	43	44	93	45	41	46	100	47	98	48	100	49	23
	0	67	1	61	2	29	3	100	4	89	5	71	6	93	7	69	8	91	9	60	10	77	11	84	12	72	13	33	14	8	15	29	16	54	17	59	18	28	19	91	20	32	21	14	22	69	23	57	24	64	25	76	26	63	27	86	28	23	29	75	30	41	31	30	32	94	33	37	34	7	35	1	36	3	37	89	38	77	39	6	40	87	41	93	42	28	43	3	44	60	45	45	46	5	47	44	48	38	49	49
	0	59	1	14	2	8	3	49	4	39	5	75	6	65	7	91	8	50	9	84	10	67	11	31	12	32	13	33	14	52	15	25	16	60	17	30	18	33	19	63	20	43	21	38	22	78	23	23	24	71	25	17	26	16	27	79	28	54	29	43	30	33	31	67	32	39	33	9	34	68	35	4	36	5	37	27	38	100	39	12	40	72	41	70	42	90	43	88	44	68	45	52	46	34	47	41	48	46	49	17
	0	21	1	47	2	46	3	76	4	15	5	39	6	40	7	40	8	4	9	7	10	7	11	15	12	80	13	68	14	19	15	66	16	41	17	60	18	51	19	68	20	41	21	43	22	33	23	91	24	19	25	21	26	5	27	100	28	83	29	24	30	56	31	59	32	32	33	97	34	48	35	73	36	43	37	8	38	54	39	3	40	64	41	54	42	71	43	41	44	68	45	29	46	82	47	36	48	75	49	96
	0	68	1	96	2	57	3	63	4	16	5	10	6	52	7	54	8	55	9	75	10	84	11	42	12	16	13	15	14	48	15	69	16	21	17	19	18	3	19	72	20	14	21	49	22	2	23	95	24	14	25	90	26	30	27	56	28	44	29	36	30	41	31	97	32	57	33	45	34	11	35	28	36	90	37	2	38	56	39	64	40	88	41	66	42	69	43	89	44	82	45	7	46	75	47	22	48	42	49	43
	0	32	1	50	2	5	3	37	4	97	5	58	6	60	7	20	8	46	9	81	10	52	11	46	12	26	13	45	14	24	15	90	16	63	17	71	18	5	19	57	20	70	21	78	22	32	23	51	24	13	25	86	26	45	27	24	28	36	29	15	30	99	31	16	32	61	33	38	34	93	35	39	36	97	37	21	38	90	39	80	40	40	41	64	42	90	43	10	44	40	45	26	46	84	47	45	48	66	49	2
Reldue
-1	19022	-1	1
-1	16818	-1	1
-1	4697	-1	1
-1	16200	-1	1
-1	15677	-1	1
-1	19327	-1	1
-1	10489	-1	1
-1	16644	-1	1
-1	8561	-1	1
-1	6942	-1	1
-1	16321	-1	1
-1	5860	-1	1
-1	17445	-1	1
-1	11150	-1	1
-1	7171	-1	1
-1	6031	-1	1
-1	8898	-1	1
-1	10852	-1	1
-1	7642	-1	1
-1	6945	-1	1
-1	11201	-1	1
-1	5178	-1	1
-1	16904	-1	1
-1	18231	-1	1
-1	15252	-1	1
-1	10216	-1	1
-1	6675	-1	1
-1	8609	-1	1
-1	13889	-1	1
-1	13820	-1	1
-1	15445	-1	1
-1	5231	-1	1
-1	15959	-1	1
-1	18249	-1	1
-1	8980	-1	1
-1	18377	-1	1
-1	12916	-1	1
-1	13638	-1	1
-1	6713	-1	1
-1	11087	-1	1
-1	17175	-1	1
-1	19711	-1	1
-1	14074	-1	1
-1	14800	-1	1
-1	4719	-1	1
-1	15802	-1	1
-1	8064	-1	1
-1	6545	-1	1
-1	11190	-1	1
-1	11260	-1	1
-1	13092	-1	1
-1	8121	-1	1
-1	7508	-1	1
-1	7523	-1	1
-1	17407	-1	1
-1	15173	-1	1
-1	10680	-1	1
-1	19814	-1	1
-1	19461	-1	1
-1	10139	-1	1
-1	17637	-1	1
-1	9129	-1	1
-1	8040	-1	1
-1	11065	-1	1
-1	11290	-1	1
-1	7191	-1	1
-1	4957	-1	1
-1	5022	-1	1
-1	16620	-1	1
-1	17405	-1	1
-1	12363	-1	1
-1	16298	-1	1
-1	4858	-1	1
-1	12723	-1	1
-1	16395	-1	1
-1	12845	-1	1
-1	13515	-1	1
-1	18705	-1	1
-1	19228	-1	1
-1	15839	-1	1
-1	12723	-1	1
-1	13925	-1	1
-1	14195	-1	1
-1	16435	-1	1
-1	15620	-1	1
-1	10670	-1	1
-1	6044	-1	1
-1	11039	-1	1
-1	16758	-1	1
-1	9855	-1	1
-1	13925	-1	1
-1	11524	-1	1
-1	19247	-1	1
-1	17242	-1	1
-1	13896	-1	1
-1	12912	-1	1
-1	17522	-1	1
-1	6029	-1	1
-1	10883	-1	1
-1	11976	-1	1
-1	5274	-1	1
-1	5254	-1	1
-1	5701	-1	1
-1	5784	-1	1
-1	5441	-1	1
-1	7943	-1	1
-1	8865	-1	1
-1	10088	-1	1
-1	15927	-1	1
-1	8406	-1	1
-1	12056	-1	1
-1	18951	-1	1
-1	13220	-1	1
-1	7900	-1	1
-1	15469	-1	1
-1	14321	-1	1
-1	6975	-1	1
-1	15168	-1	1
-1	14241	-1	1
-1	15775	-1	1
-1	4832	-1	1
-1	11026	-1	1
-1	19252	-1	1
-1	11510	-1	1
-1	10528	-1	1
-1	18220	-1	1
-1	7870	-1	1
-1	13128	-1	1
-1	13947	-1	1
-1	8712	-1	1
-1	9887	-1	1
-1	6500	-1	1
-1	12081	-1	1
-1	11308	-1	1
-1	17796	-1	1
-1	18280	-1	1
-1	11895	-1	1
-1	6549	-1	1
-1	10751	-1	1
-1	16862	-1	1
-1	15830	-1	1
-1	10004	-1	1
-1	18393	-1	1
-1	12621	-1	1
-1	9775	-1	1
-1	14972	-1	1
-1	16887	-1	1
-1	7394	-1	1
-1	7727	-1	1
-1	4606	-1	1
-1	19184	-1	1
-1	12801	-1	1
-1	12437	-1	1
-1	17933	-1	1
-1	6566	-1	1
-1	9078	-1	1
-1	15064	-1	1
-1	13392	-1	1
-1	9979	-1	1
-1	10488	-1	1
-1	7814	-1	1
-1	11341	-1	1
-1	11146	-1	1
-1	9619	-1	1
-1	17917	-1	1
-1	6846	-1	1
-1	10184	-1	1
-1	4831	-1	1
-1	6917	-1	1
-1	19514	-1	1
-1	13848	-1	1
-1	13154	-1	1
-1	18292	-1	1
-1	8698	-1	1
-1	8197	-1	1
-1	5300	-1	1
-1	12144	-1	1
-1	13200	-1	1
-1	13887	-1	1
-1	9151	-1	1
-1	6996	-1	1
-1	6771	-1	1
-1	4990	-1	1
-1	4894	-1	1
-1	5664	-1	1
-1	19690	-1	1
-1	11267	-1	1
-1	18742	-1	1
-1	11760	-1	1
-1	10058	-1	1
-1	8939	-1	1
-1	15474	-1	1
-1	19034	-1	1
-1	12167	-1	1
-1	19293	-1	1
-1	19661	-1	1
-1	12499	-1	1
-1	7354	-1	1
-1	12498	-1	1
-1	12299	-1	1
-1	8807	-1	1
-1	6443	-1	1
-1	13052	-1	1
-1	9773	-1	1
-1	14283	-1	1
-1	10954	-1	1
-1	11879	-1	1
-1	17148	-1	1
-1	12165	-1	1
-1	13379	-1	1
-1	12656	-1	1
-1	10392	-1	1
-1	18034	-1	1
-1	17198	-1	1
-1	8581	-1	1
-1	14183	-1	1
-1	16790	-1	1
-1	15203	-1	1
-1	10689	-1	1
-1	9379	-1	1
-1	11299	-1	1
-1	6199	-1	1
-1	8041	-1	1
-1	19690	-1	1
-1	19016	-1	1
-1	11592	-1	1
-1	19132	-1	1
-1	12249	-1	1
-1	9674	-1	1
-1	11350	-1	1
-1	15425	-1	1
-1	15144	-1	1
-1	10298	-1	1
-1	13194	-1	1
-1	6370	-1	1
-1	17769	-1	1
-1	11260	-1	1
-1	13917	-1	1
-1	13257	-1	1
-1	18862	-1	1
-1	14338	-1	1
-1	13164	-1	1
-1	14843	-1	1
-1	9800	-1	1
-1	17056	-1	1
-1	14453	-1	1
-1	12639	-1	1
-1	5693	-1	1
-1	6650	-1	1
-1	13176	-1	1
LBCmax: 15291
