50  50
	0	75	1	4	2	18	3	63	4	42	5	12	6	63	7	68	8	77	9	66	10	25	11	54	12	62	13	18	14	71	15	42	16	90	17	78	18	41	19	78	20	9	21	99	22	31	23	84	24	6	25	59	26	53	27	65	28	18	29	2	30	63	31	80	32	97	33	14	34	99	35	38	36	61	37	53	38	71	39	76	40	4	41	65	42	95	43	38	44	53	45	53	46	63	47	56	48	99	49	77
	0	90	1	100	2	27	3	95	4	90	5	65	6	34	7	98	8	51	9	83	10	2	11	73	12	29	13	2	14	71	15	4	16	81	17	62	18	26	19	7	20	90	21	57	22	91	23	44	24	70	25	70	26	1	27	70	28	52	29	11	30	84	31	2	32	74	33	3	34	89	35	22	36	40	37	91	38	25	39	53	40	25	41	73	42	5	43	52	44	22	45	77	46	21	47	37	48	76	49	27
	0	77	1	22	2	45	3	77	4	55	5	31	6	76	7	13	8	8	9	22	10	99	11	41	12	95	13	31	14	70	15	9	16	99	17	29	18	12	19	46	20	94	21	38	22	41	23	4	24	64	25	70	26	79	27	32	28	69	29	54	30	78	31	37	32	28	33	98	34	20	35	90	36	61	37	79	38	68	39	94	40	100	41	66	42	68	43	15	44	75	45	19	46	36	47	56	48	27	49	14
	0	91	1	7	2	4	3	98	4	99	5	10	6	39	7	57	8	46	9	32	10	31	11	74	12	61	13	11	14	61	15	84	16	56	17	42	18	17	19	70	20	40	21	3	22	19	23	59	24	35	25	45	26	62	27	98	28	17	29	94	30	18	31	30	32	25	33	36	34	59	35	100	36	31	37	90	38	9	39	48	40	75	41	82	42	18	43	91	44	87	45	83	46	29	47	84	48	53	49	66
	0	76	1	10	2	13	3	97	4	30	5	59	6	83	7	80	8	91	9	74	10	38	11	89	12	84	13	80	14	15	15	87	16	13	17	40	18	1	19	6	20	73	21	77	22	29	23	27	24	36	25	75	26	96	27	99	28	54	29	51	30	67	31	83	32	38	33	34	34	45	35	95	36	17	37	28	38	1	39	8	40	90	41	31	42	7	43	20	44	9	45	19	46	23	47	2	48	60	49	40
	0	8	1	85	2	50	3	80	4	76	5	48	6	89	7	75	8	13	9	22	10	32	11	90	12	14	13	5	14	48	15	100	16	25	17	81	18	86	19	28	20	87	21	56	22	85	23	32	24	15	25	80	26	46	27	52	28	66	29	10	30	45	31	48	32	81	33	17	34	82	35	95	36	93	37	68	38	72	39	13	40	46	41	25	42	25	43	60	44	65	45	33	46	95	47	98	48	75	49	1
	0	62	1	22	2	48	3	91	4	95	5	12	6	36	7	77	8	19	9	37	10	23	11	33	12	54	13	41	14	86	15	56	16	29	17	62	18	66	19	48	20	78	21	92	22	85	23	99	24	68	25	67	26	52	27	57	28	14	29	39	30	49	31	68	32	90	33	75	34	96	35	19	36	36	37	85	38	27	39	32	40	24	41	85	42	27	43	80	44	20	45	19	46	17	47	22	48	70	49	21
	0	86	1	87	2	97	3	86	4	3	5	46	6	66	7	73	8	61	9	54	10	87	11	65	12	35	13	56	14	36	15	54	16	53	17	83	18	19	19	43	20	28	21	80	22	24	23	56	24	70	25	48	26	22	27	11	28	4	29	97	30	8	31	16	32	54	33	26	34	10	35	52	36	57	37	85	38	93	39	90	40	41	41	93	42	39	43	41	44	53	45	7	46	86	47	28	48	49	49	69
	0	48	1	52	2	60	3	70	4	54	5	61	6	2	7	25	8	82	9	72	10	8	11	28	12	63	13	89	14	78	15	42	16	96	17	18	18	85	19	47	20	94	21	79	22	93	23	30	24	41	25	60	26	58	27	24	28	47	29	66	30	21	31	98	32	26	33	55	34	30	35	68	36	21	37	66	38	31	39	87	40	70	41	84	42	25	43	26	44	78	45	88	46	73	47	53	48	30	49	92
	0	9	1	77	2	85	3	57	4	81	5	11	6	9	7	43	8	34	9	74	10	46	11	41	12	13	13	33	14	48	15	73	16	24	17	49	18	99	19	87	20	23	21	99	22	100	23	53	24	81	25	65	26	13	27	59	28	65	29	15	30	80	31	57	32	33	33	35	34	52	35	89	36	23	37	71	38	5	39	36	40	2	41	90	42	29	43	24	44	77	45	73	46	7	47	3	48	15	49	5
	0	34	1	89	2	100	3	16	4	30	5	16	6	38	7	84	8	52	9	52	10	84	11	23	12	11	13	72	14	44	15	95	16	51	17	94	18	97	19	34	20	37	21	11	22	11	23	67	24	64	25	91	26	76	27	60	28	90	29	17	30	55	31	44	32	43	33	92	34	45	35	81	36	67	37	32	38	88	39	87	40	96	41	15	42	69	43	11	44	82	45	75	46	13	47	44	48	8	49	41
	0	37	1	13	2	57	3	69	4	48	5	66	6	40	7	17	8	76	9	72	10	80	11	65	12	81	13	83	14	13	15	66	16	95	17	27	18	59	19	90	20	57	21	41	22	70	23	2	24	69	25	54	26	50	27	79	28	92	29	85	30	19	31	51	32	38	33	10	34	62	35	34	36	29	37	10	38	63	39	81	40	54	41	28	42	53	43	75	44	13	45	58	46	99	47	34	48	49	49	75
	0	3	1	3	2	3	3	76	4	15	5	66	6	37	7	64	8	63	9	72	10	18	11	34	12	53	13	97	14	48	15	15	16	95	17	59	18	5	19	88	20	62	21	62	22	93	23	83	24	84	25	47	26	52	27	15	28	30	29	68	30	60	31	37	32	39	33	14	34	19	35	88	36	96	37	62	38	37	39	93	40	69	41	22	42	7	43	19	44	46	45	4	46	78	47	10	48	45	49	24
	0	58	1	53	2	86	3	40	4	87	5	35	6	40	7	63	8	84	9	18	10	2	11	93	12	40	13	10	14	52	15	88	16	29	17	37	18	96	19	46	20	39	21	30	22	7	23	72	24	63	25	86	26	6	27	45	28	93	29	63	30	45	31	35	32	4	33	19	34	4	35	98	36	33	37	19	38	86	39	78	40	75	41	42	42	84	43	86	44	61	45	85	46	75	47	21	48	90	49	45
	0	20	1	77	2	22	3	7	4	15	5	39	6	69	7	93	8	10	9	50	10	17	11	32	12	75	13	22	14	92	15	69	16	5	17	21	18	40	19	9	20	79	21	25	22	78	23	77	24	14	25	76	26	50	27	39	28	83	29	31	30	91	31	100	32	92	33	15	34	73	35	91	36	24	37	21	38	91	39	10	40	8	41	97	42	33	43	66	44	58	45	46	46	4	47	45	48	99	49	92
	0	23	1	18	2	76	3	13	4	24	5	28	6	100	7	41	8	94	9	39	10	99	11	68	12	56	13	53	14	56	15	21	16	84	17	92	18	61	19	89	20	81	21	26	22	17	23	17	24	81	25	100	26	65	27	92	28	52	29	57	30	16	31	1	32	5	33	99	34	25	35	28	36	30	37	12	38	21	39	13	40	35	41	42	42	90	43	3	44	40	45	20	46	78	47	57	48	59	49	55
	0	48	1	94	2	69	3	40	4	28	5	91	6	57	7	59	8	9	9	70	10	85	11	77	12	5	13	34	14	15	15	44	16	70	17	31	18	95	19	62	20	26	21	75	22	75	23	91	24	69	25	38	26	32	27	81	28	43	29	88	30	6	31	66	32	4	33	59	34	72	35	66	36	98	37	53	38	17	39	60	40	51	41	21	42	82	43	42	44	39	45	83	46	94	47	82	48	54	49	63
	0	1	1	24	2	34	3	62	4	74	5	21	6	92	7	99	8	53	9	78	10	58	11	81	12	44	13	52	14	40	15	88	16	88	17	33	18	57	19	88	20	74	21	4	22	98	23	9	24	56	25	53	26	6	27	39	28	87	29	84	30	10	31	37	32	13	33	60	34	35	35	58	36	49	37	55	38	64	39	39	40	57	41	21	42	47	43	2	44	97	45	75	46	65	47	60	48	98	49	84
	0	6	1	33	2	1	3	85	4	98	5	25	6	52	7	73	8	19	9	96	10	49	11	58	12	71	13	47	14	77	15	42	16	90	17	2	18	74	19	6	20	33	21	39	22	31	23	80	24	57	25	21	26	99	27	40	28	83	29	28	30	65	31	74	32	14	33	77	34	24	35	84	36	50	37	88	38	48	39	33	40	9	41	48	42	42	43	52	44	61	45	61	46	24	47	61	48	27	49	83
	0	83	1	75	2	93	3	4	4	94	5	91	6	55	7	9	8	90	9	88	10	92	11	26	12	36	13	74	14	21	15	58	16	32	17	72	18	93	19	42	20	57	21	24	22	27	23	93	24	36	25	52	26	4	27	23	28	67	29	18	30	49	31	41	32	66	33	51	34	82	35	68	36	98	37	55	38	28	39	38	40	21	41	1	42	87	43	62	44	41	45	70	46	40	47	69	48	67	49	10
	0	15	1	58	2	20	3	4	4	47	5	27	6	7	7	86	8	15	9	56	10	3	11	30	12	25	13	69	14	71	15	15	16	86	17	90	18	31	19	35	20	82	21	81	22	46	23	99	24	58	25	20	26	92	27	60	28	50	29	52	30	34	31	45	32	48	33	35	34	16	35	94	36	59	37	51	38	43	39	16	40	6	41	58	42	8	43	28	44	97	45	9	46	5	47	35	48	34	49	56
	0	8	1	59	2	47	3	14	4	31	5	42	6	88	7	62	8	83	9	56	10	3	11	2	12	92	13	16	14	70	15	98	16	53	17	79	18	78	19	66	20	35	21	49	22	86	23	4	24	46	25	57	26	78	27	59	28	31	29	67	30	100	31	80	32	82	33	20	34	69	35	14	36	47	37	27	38	58	39	27	40	94	41	85	42	22	43	65	44	58	45	51	46	2	47	95	48	75	49	7
	0	36	1	74	2	86	3	26	4	57	5	44	6	60	7	75	8	47	9	63	10	72	11	60	12	6	13	100	14	35	15	72	16	16	17	60	18	75	19	94	20	45	21	28	22	83	23	89	24	97	25	39	26	9	27	64	28	13	29	7	30	55	31	93	32	86	33	80	34	4	35	29	36	16	37	7	38	77	39	56	40	59	41	21	42	7	43	49	44	17	45	82	46	85	47	38	48	78	49	31
	0	3	1	18	2	17	3	57	4	96	5	22	6	91	7	73	8	77	9	62	10	17	11	35	12	3	13	13	14	3	15	89	16	6	17	81	18	58	19	98	20	8	21	87	22	35	23	84	24	73	25	57	26	44	27	18	28	81	29	1	30	63	31	9	32	25	33	15	34	41	35	82	36	58	37	53	38	37	39	67	40	55	41	38	42	72	43	12	44	59	45	8	46	79	47	10	48	16	49	40
	0	72	1	96	2	44	3	68	4	68	5	51	6	66	7	99	8	43	9	28	10	5	11	9	12	100	13	77	14	47	15	40	16	80	17	48	18	79	19	66	20	38	21	74	22	92	23	75	24	81	25	94	26	95	27	85	28	30	29	51	30	67	31	7	32	40	33	61	34	62	35	15	36	21	37	77	38	38	39	79	40	15	41	56	42	72	43	74	44	39	45	21	46	78	47	87	48	88	49	74
	0	49	1	58	2	67	3	98	4	94	5	47	6	95	7	66	8	20	9	11	10	90	11	22	12	99	13	20	14	43	15	26	16	20	17	57	18	27	19	66	20	2	21	87	22	9	23	76	24	30	25	74	26	49	27	26	28	38	29	88	30	20	31	58	32	45	33	39	34	68	35	94	36	26	37	14	38	7	39	36	40	72	41	22	42	13	43	36	44	59	45	56	46	55	47	2	48	59	49	37
	0	91	1	74	2	24	3	4	4	16	5	85	6	59	7	48	8	21	9	80	10	54	11	16	12	20	13	75	14	24	15	35	16	54	17	70	18	11	19	28	20	58	21	43	22	22	23	14	24	76	25	6	26	5	27	31	28	45	29	76	30	2	31	12	32	87	33	10	34	33	35	1	36	73	37	9	38	73	39	1	40	65	41	73	42	60	43	81	44	33	45	75	46	25	47	86	48	11	49	83
	0	30	1	27	2	33	3	50	4	77	5	49	6	74	7	48	8	99	9	2	10	81	11	12	12	58	13	55	14	58	15	31	16	11	17	37	18	63	19	100	20	18	21	2	22	11	23	96	24	100	25	34	26	97	27	85	28	73	29	44	30	91	31	44	32	20	33	39	34	62	35	47	36	73	37	53	38	22	39	77	40	12	41	63	42	21	43	50	44	15	45	49	46	20	47	51	48	2	49	60
	0	15	1	35	2	73	3	84	4	10	5	41	6	23	7	64	8	43	9	9	10	72	11	78	12	21	13	15	14	77	15	84	16	21	17	50	18	81	19	15	20	56	21	14	22	25	23	47	24	22	25	8	26	45	27	96	28	57	29	30	30	5	31	6	32	2	33	20	34	50	35	43	36	35	37	2	38	87	39	99	40	2	41	27	42	13	43	69	44	95	45	10	46	56	47	67	48	31	49	3
	0	4	1	89	2	34	3	77	4	23	5	28	6	35	7	79	8	4	9	7	10	25	11	83	12	78	13	3	14	43	15	86	16	94	17	41	18	76	19	75	20	59	21	6	22	97	23	96	24	66	25	12	26	79	27	91	28	67	29	85	30	59	31	75	32	78	33	94	34	32	35	88	36	3	37	17	38	6	39	32	40	31	41	12	42	49	43	76	44	36	45	65	46	2	47	91	48	82	49	1
	0	46	1	58	2	12	3	92	4	46	5	50	6	86	7	17	8	8	9	78	10	82	11	22	12	16	13	62	14	72	15	10	16	47	17	71	18	66	19	64	20	78	21	16	22	45	23	52	24	26	25	26	26	54	27	98	28	88	29	20	30	24	31	13	32	76	33	49	34	28	35	2	36	65	37	97	38	11	39	8	40	90	41	36	42	26	43	51	44	60	45	88	46	88	47	85	48	97	49	49
	0	23	1	61	2	88	3	52	4	50	5	82	6	21	7	1	8	61	9	94	10	55	11	83	12	63	13	30	14	20	15	49	16	97	17	21	18	64	19	26	20	59	21	22	22	99	23	86	24	84	25	37	26	93	27	2	28	61	29	27	30	18	31	48	32	92	33	35	34	67	35	42	36	33	37	72	38	72	39	22	40	48	41	36	42	5	43	19	44	76	45	69	46	49	47	59	48	15	49	71
	0	47	1	98	2	35	3	12	4	83	5	99	6	1	7	31	8	62	9	80	10	57	11	12	12	70	13	98	14	100	15	56	16	44	17	60	18	64	19	6	20	84	21	61	22	60	23	95	24	83	25	92	26	71	27	12	28	59	29	83	30	87	31	16	32	15	33	54	34	24	35	43	36	59	37	97	38	76	39	74	40	61	41	23	42	77	43	77	44	31	45	26	46	81	47	29	48	42	49	60
	0	94	1	82	2	36	3	40	4	3	5	32	6	78	7	92	8	90	9	3	10	61	11	26	12	26	13	58	14	63	15	9	16	94	17	95	18	14	19	55	20	68	21	96	22	27	23	63	24	53	25	24	26	99	27	64	28	75	29	2	30	80	31	72	32	58	33	12	34	75	35	36	36	39	37	97	38	28	39	37	40	6	41	51	42	90	43	95	44	54	45	36	46	83	47	57	48	97	49	63
	0	6	1	98	2	94	3	17	4	46	5	53	6	52	7	20	8	93	9	44	10	33	11	59	12	70	13	1	14	73	15	23	16	18	17	74	18	88	19	29	20	13	21	71	22	28	23	31	24	100	25	97	26	97	27	31	28	61	29	67	30	66	31	54	32	62	33	5	34	27	35	45	36	44	37	76	38	72	39	96	40	53	41	100	42	12	43	25	44	22	45	31	46	42	47	53	48	53	49	33
	0	29	1	55	2	59	3	65	4	95	5	79	6	65	7	44	8	94	9	62	10	79	11	84	12	20	13	91	14	82	15	2	16	99	17	77	18	98	19	42	20	45	21	45	22	38	23	67	24	77	25	63	26	41	27	20	28	45	29	58	30	40	31	43	32	96	33	93	34	40	35	14	36	80	37	97	38	81	39	45	40	87	41	86	42	14	43	31	44	56	45	9	46	34	47	72	48	1	49	99
	0	25	1	85	2	34	3	26	4	28	5	83	6	2	7	75	8	25	9	4	10	51	11	6	12	6	13	84	14	85	15	48	16	72	17	44	18	88	19	50	20	61	21	14	22	29	23	1	24	37	25	8	26	59	27	60	28	56	29	46	30	80	31	88	32	92	33	67	34	37	35	61	36	24	37	87	38	66	39	4	40	70	41	95	42	8	43	79	44	52	45	90	46	46	47	14	48	17	49	4
	0	58	1	68	2	42	3	65	4	79	5	42	6	18	7	89	8	93	9	7	10	57	11	7	12	41	13	7	14	9	15	77	16	83	17	38	18	45	19	18	20	60	21	29	22	67	23	82	24	47	25	73	26	45	27	44	28	88	29	78	30	84	31	71	32	62	33	45	34	80	35	15	36	5	37	84	38	17	39	27	40	7	41	29	42	19	43	92	44	47	45	11	46	30	47	29	48	36	49	7
	0	33	1	19	2	78	3	71	4	100	5	31	6	83	7	98	8	27	9	83	10	79	11	10	12	25	13	48	14	3	15	38	16	49	17	81	18	82	19	43	20	95	21	51	22	31	23	18	24	89	25	86	26	20	27	41	28	56	29	66	30	89	31	83	32	49	33	32	34	25	35	87	36	51	37	84	38	14	39	81	40	7	41	95	42	44	43	75	44	39	45	65	46	18	47	69	48	48	49	81
	0	93	1	70	2	4	3	65	4	79	5	81	6	88	7	28	8	38	9	30	10	35	11	56	12	73	13	44	14	75	15	3	16	14	17	76	18	96	19	58	20	20	21	57	22	64	23	17	24	66	25	22	26	70	27	79	28	76	29	24	30	91	31	37	32	30	33	58	34	93	35	52	36	49	37	38	38	8	39	7	40	39	41	99	42	57	43	93	44	48	45	33	46	11	47	78	48	64	49	75
	0	6	1	50	2	64	3	82	4	51	5	42	6	84	7	92	8	8	9	72	10	81	11	52	12	17	13	71	14	90	15	39	16	6	17	70	18	19	19	24	20	8	21	65	22	15	23	57	24	59	25	98	26	7	27	58	28	81	29	5	30	2	31	59	32	48	33	31	34	91	35	20	36	88	37	11	38	98	39	15	40	85	41	54	42	67	43	69	44	82	45	7	46	82	47	83	48	84	49	54
	0	51	1	88	2	19	3	96	4	21	5	2	6	22	7	20	8	78	9	89	10	27	11	34	12	65	13	43	14	85	15	49	16	31	17	54	18	65	19	17	20	64	21	9	22	83	23	62	24	3	25	51	26	65	27	70	28	18	29	99	30	60	31	15	32	92	33	93	34	44	35	43	36	66	37	25	38	76	39	32	40	20	41	61	42	11	43	16	44	96	45	82	46	73	47	29	48	94	49	77
	0	45	1	6	2	95	3	82	4	26	5	57	6	90	7	41	8	62	9	86	10	21	11	36	12	65	13	42	14	67	15	15	16	53	17	2	18	17	19	100	20	91	21	36	22	25	23	73	24	16	25	3	26	46	27	67	28	66	29	72	30	76	31	99	32	60	33	76	34	63	35	29	36	84	37	30	38	60	39	45	40	92	41	86	42	22	43	82	44	24	45	99	46	89	47	46	48	89	49	22
	0	1	1	94	2	87	3	59	4	19	5	89	6	47	7	50	8	73	9	33	10	12	11	57	12	52	13	42	14	11	15	74	16	99	17	38	18	73	19	95	20	82	21	33	22	94	23	98	24	58	25	62	26	58	27	28	28	51	29	89	30	64	31	1	32	1	33	63	34	26	35	56	36	58	37	36	38	25	39	13	40	44	41	48	42	54	43	37	44	84	45	44	46	72	47	100	48	89	49	81
	0	55	1	96	2	53	3	39	4	27	5	54	6	74	7	44	8	83	9	45	10	29	11	65	12	61	13	90	14	58	15	51	16	17	17	6	18	35	19	5	20	97	21	49	22	35	23	25	24	31	25	44	26	13	27	56	28	84	29	6	30	79	31	24	32	35	33	1	34	7	35	62	36	69	37	88	38	25	39	31	40	10	41	46	42	82	43	7	44	33	45	92	46	72	47	91	48	15	49	18
	0	73	1	51	2	25	3	17	4	26	5	12	6	76	7	85	8	66	9	42	10	62	11	96	12	72	13	19	14	65	15	6	16	8	17	65	18	20	19	34	20	71	21	68	22	47	23	2	24	52	25	60	26	3	27	61	28	99	29	5	30	17	31	25	32	28	33	94	34	95	35	78	36	9	37	97	38	20	39	44	40	50	41	82	42	88	43	22	44	28	45	8	46	42	47	33	48	55	49	73
	0	100	1	28	2	81	3	37	4	94	5	59	6	64	7	88	8	64	9	1	10	55	11	4	12	70	13	87	14	89	15	18	16	11	17	94	18	82	19	8	20	86	21	83	22	58	23	69	24	16	25	93	26	67	27	22	28	8	29	30	30	77	31	77	32	48	33	9	34	33	35	60	36	50	37	42	38	25	39	65	40	81	41	70	42	11	43	90	44	62	45	91	46	78	47	69	48	98	49	28
	0	50	1	12	2	95	3	38	4	61	5	11	6	71	7	66	8	64	9	81	10	51	11	73	12	38	13	31	14	27	15	16	16	11	17	98	18	7	19	51	20	27	21	80	22	88	23	77	24	99	25	52	26	29	27	51	28	51	29	60	30	3	31	45	32	27	33	13	34	62	35	24	36	19	37	28	38	47	39	50	40	55	41	93	42	3	43	63	44	34	45	55	46	15	47	89	48	8	49	52
	0	52	1	64	2	41	3	37	4	89	5	81	6	6	7	68	8	51	9	6	10	94	11	66	12	90	13	13	14	34	15	58	16	98	17	31	18	69	19	57	20	7	21	6	22	31	23	58	24	43	25	29	26	95	27	31	28	14	29	72	30	23	31	61	32	70	33	34	34	24	35	53	36	59	37	94	38	79	39	6	40	55	41	24	42	29	43	27	44	47	45	100	46	1	47	28	48	8	49	25
	0	35	1	47	2	89	3	46	4	42	5	62	6	94	7	25	8	82	9	6	10	45	11	8	12	66	13	2	14	39	15	91	16	15	17	60	18	44	19	81	20	22	21	23	22	11	23	97	24	8	25	46	26	79	27	76	28	64	29	48	30	94	31	50	32	22	33	61	34	96	35	35	36	97	37	81	38	25	39	33	40	90	41	91	42	51	43	44	44	52	45	94	46	32	47	43	48	35	49	4
Reldue
-1	4095	-1	1
-1	3993	-1	1
-1	5177	-1	1
-1	4278	-1	1
-1	3475	-1	1
-1	3736	-1	1
-1	2904	-1	1
-1	5106	-1	1
-1	2811	-1	1
-1	2740	-1	1
-1	4405	-1	1
-1	4681	-1	1
-1	3924	-1	1
-1	3211	-1	1
-1	2911	-1	1
-1	4643	-1	1
-1	2529	-1	1
-1	4973	-1	1
-1	4148	-1	1
-1	4772	-1	1
-1	3874	-1	1
-1	4195	-1	1
-1	3759	-1	1
-1	4147	-1	1
-1	5088	-1	1
-1	3168	-1	1
-1	2530	-1	1
-1	5068	-1	1
-1	2942	-1	1
-1	4525	-1	1
-1	4990	-1	1
-1	3668	-1	1
-1	4958	-1	1
-1	4793	-1	1
-1	2961	-1	1
-1	4299	-1	1
-1	5096	-1	1
-1	2857	-1	1
-1	4616	-1	1
-1	5241	-1	1
-1	5261	-1	1
-1	4743	-1	1
-1	4370	-1	1
-1	2994	-1	1
-1	4568	-1	1
-1	3940	-1	1
-1	5093	-1	1
-1	4922	-1	1
-1	4147	-1	1
-1	4522	-1	1
LBCmax: 4851
