350  30
	0	60	1	26	2	87	3	71	4	97	5	10	6	82	7	4	8	23	9	7	10	8	11	57	12	16	13	41	14	23	15	4	16	4	17	16	18	10	19	89	20	95	21	70	22	64	23	25	24	45	25	47	26	13	27	70	28	57	29	79
	0	72	1	50	2	71	3	90	4	8	5	84	6	96	7	58	8	83	9	27	10	100	11	91	12	82	13	35	14	46	15	7	16	66	17	15	18	41	19	28	20	79	21	34	22	49	23	28	24	26	25	71	26	70	27	84	28	87	29	52
	0	93	1	36	2	32	3	7	4	81	5	38	6	61	7	22	8	33	9	70	10	78	11	94	12	33	13	47	14	75	15	99	16	97	17	13	18	79	19	31	20	60	21	49	22	3	23	80	24	71	25	12	26	89	27	58	28	81	29	66
	0	37	1	75	2	62	3	14	4	63	5	39	6	72	7	8	8	30	9	35	10	52	11	3	12	39	13	90	14	38	15	94	16	76	17	43	18	18	19	40	20	58	21	71	22	52	23	70	24	17	25	49	26	50	27	17	28	13	29	29
	0	81	1	39	2	80	3	75	4	37	5	9	6	27	7	99	8	95	9	93	10	54	11	65	12	41	13	40	14	67	15	66	16	54	17	57	18	85	19	97	20	53	21	48	22	85	23	71	24	76	25	32	26	16	27	50	28	24	29	65
	0	94	1	90	2	91	3	50	4	47	5	29	6	83	7	92	8	71	9	54	10	69	11	33	12	32	13	40	14	36	15	90	16	97	17	34	18	36	19	58	20	9	21	32	22	42	23	72	24	20	25	79	26	64	27	27	28	53	29	82
	0	75	1	4	2	57	3	13	4	55	5	50	6	71	7	50	8	64	9	11	10	24	11	85	12	87	13	23	14	20	15	79	16	16	17	89	18	98	19	74	20	62	21	22	22	60	23	57	24	20	25	21	26	9	27	59	28	18	29	1
	0	37	1	33	2	30	3	8	4	62	5	33	6	34	7	89	8	97	9	94	10	36	11	92	12	97	13	85	14	10	15	7	16	33	17	90	18	6	19	100	20	71	21	27	22	31	23	78	24	63	25	21	26	16	27	86	28	79	29	86
	0	9	1	49	2	36	3	81	4	63	5	77	6	1	7	49	8	12	9	21	10	75	11	54	12	53	13	35	14	84	15	65	16	70	17	84	18	42	19	69	20	76	21	13	22	49	23	99	24	60	25	53	26	47	27	11	28	56	29	30
	0	42	1	52	2	79	3	18	4	77	5	90	6	90	7	41	8	100	9	24	10	93	11	99	12	64	13	60	14	63	15	18	16	62	17	46	18	69	19	100	20	76	21	1	22	42	23	43	24	99	25	61	26	88	27	77	28	49	29	55
	0	61	1	95	2	91	3	61	4	40	5	9	6	42	7	17	8	76	9	51	10	17	11	85	12	99	13	80	14	31	15	85	16	8	17	97	18	91	19	67	20	79	21	56	22	23	23	62	24	65	25	33	26	21	27	47	28	74	29	82
	0	15	1	18	2	47	3	98	4	2	5	34	6	76	7	72	8	74	9	6	10	28	11	90	12	42	13	23	14	75	15	21	16	50	17	39	18	28	19	1	20	14	21	77	22	44	23	5	24	29	25	15	26	51	27	51	28	45	29	55
	0	97	1	1	2	99	3	4	4	25	5	33	6	34	7	2	8	38	9	10	10	70	11	90	12	2	13	64	14	98	15	95	16	85	17	80	18	5	19	71	20	56	21	39	22	56	23	43	24	76	25	47	26	96	27	13	28	52	29	93
	0	38	1	48	2	56	3	69	4	62	5	57	6	2	7	72	8	29	9	13	10	51	11	75	12	88	13	91	14	96	15	8	16	43	17	18	18	14	19	19	20	85	21	70	22	23	23	94	24	26	25	43	26	59	27	40	28	85	29	98
	0	65	1	81	2	97	3	52	4	72	5	22	6	74	7	61	8	80	9	63	10	13	11	29	12	8	13	74	14	44	15	20	16	54	17	80	18	65	19	78	20	67	21	100	22	87	23	63	24	52	25	28	26	15	27	71	28	46	29	88
	0	15	1	1	2	32	3	63	4	54	5	57	6	83	7	99	8	10	9	37	10	56	11	28	12	91	13	24	14	73	15	63	16	9	17	79	18	67	19	70	20	86	21	21	22	68	23	85	24	19	25	15	26	63	27	78	28	97	29	34
	0	62	1	49	2	63	3	41	4	41	5	16	6	70	7	18	8	52	9	38	10	56	11	46	12	22	13	68	14	56	15	88	16	80	17	52	18	13	19	57	20	70	21	89	22	62	23	59	24	64	25	41	26	93	27	34	28	73	29	57
	0	28	1	53	2	2	3	33	4	62	5	28	6	24	7	40	8	42	9	55	10	57	11	80	12	4	13	89	14	68	15	62	16	80	17	24	18	33	19	100	20	46	21	32	22	43	23	78	24	79	25	67	26	20	27	34	28	31	29	64
	0	91	1	56	2	49	3	64	4	29	5	1	6	6	7	61	8	59	9	64	10	100	11	48	12	1	13	69	14	54	15	4	16	75	17	62	18	18	19	50	20	8	21	19	22	53	23	72	24	12	25	4	26	59	27	86	28	23	29	32
	0	62	1	87	2	23	3	43	4	81	5	16	6	79	7	66	8	43	9	25	10	70	11	43	12	6	13	47	14	5	15	48	16	16	17	70	18	23	19	98	20	11	21	97	22	50	23	73	24	38	25	33	26	48	27	59	28	55	29	19
	0	79	1	6	2	23	3	28	4	71	5	59	6	30	7	73	8	56	9	90	10	82	11	98	12	26	13	58	14	53	15	60	16	10	17	62	18	4	19	4	20	86	21	79	22	79	23	11	24	74	25	76	26	63	27	62	28	68	29	64
	0	52	1	34	2	14	3	27	4	59	5	48	6	31	7	27	8	84	9	12	10	38	11	91	12	88	13	45	14	41	15	17	16	70	17	63	18	78	19	60	20	42	21	62	22	32	23	86	24	27	25	52	26	65	27	94	28	47	29	94
	0	34	1	64	2	69	3	63	4	77	5	67	6	23	7	47	8	95	9	42	10	13	11	26	12	69	13	34	14	84	15	20	16	75	17	55	18	17	19	95	20	92	21	90	22	62	23	40	24	26	25	79	26	42	27	93	28	81	29	46
	0	67	1	51	2	52	3	33	4	59	5	2	6	33	7	2	8	75	9	66	10	50	11	77	12	72	13	19	14	66	15	40	16	53	17	67	18	31	19	32	20	86	21	59	22	54	23	3	24	4	25	73	26	28	27	97	28	94	29	21
	0	46	1	100	2	59	3	48	4	75	5	69	6	5	7	11	8	72	9	8	10	84	11	83	12	78	13	82	14	97	15	12	16	16	17	77	18	31	19	18	20	61	21	37	22	4	23	22	24	87	25	49	26	14	27	33	28	93	29	50
	0	37	1	40	2	59	3	79	4	15	5	86	6	100	7	100	8	25	9	14	10	100	11	62	12	25	13	17	14	58	15	85	16	6	17	38	18	74	19	69	20	18	21	94	22	59	23	84	24	30	25	15	26	34	27	84	28	48	29	33
	0	71	1	30	2	5	3	65	4	86	5	55	6	86	7	57	8	71	9	77	10	70	11	99	12	47	13	44	14	83	15	25	16	62	17	86	18	3	19	47	20	70	21	88	22	67	23	7	24	66	25	14	26	55	27	33	28	58	29	61
	0	68	1	25	2	8	3	2	4	17	5	25	6	65	7	51	8	81	9	40	10	76	11	79	12	22	13	19	14	61	15	34	16	49	17	2	18	58	19	67	20	72	21	98	22	99	23	59	24	90	25	56	26	68	27	94	28	3	29	37
	0	45	1	38	2	46	3	100	4	46	5	9	6	75	7	65	8	2	9	45	10	66	11	5	12	49	13	13	14	96	15	90	16	11	17	16	18	23	19	85	20	11	21	83	22	81	23	69	24	30	25	59	26	58	27	30	28	96	29	17
	0	32	1	48	2	97	3	73	4	58	5	88	6	20	7	70	8	62	9	43	10	77	11	62	12	65	13	10	14	68	15	9	16	42	17	91	18	87	19	72	20	12	21	47	22	80	23	67	24	79	25	50	26	1	27	17	28	99	29	6
	0	27	1	5	2	31	3	54	4	39	5	25	6	93	7	56	8	62	9	82	10	46	11	31	12	37	13	83	14	60	15	2	16	58	17	28	18	41	19	68	20	97	21	88	22	31	23	3	24	19	25	28	26	2	27	45	28	20	29	11
	0	99	1	52	2	83	3	5	4	24	5	7	6	16	7	56	8	44	9	14	10	100	11	16	12	77	13	15	14	1	15	36	16	91	17	18	18	88	19	55	20	7	21	30	22	73	23	52	24	4	25	3	26	76	27	51	28	64	29	71
	0	66	1	73	2	1	3	23	4	31	5	89	6	65	7	23	8	92	9	28	10	12	11	8	12	55	13	22	14	86	15	95	16	57	17	5	18	56	19	84	20	73	21	100	22	87	23	48	24	63	25	52	26	61	27	40	28	99	29	99
	0	65	1	63	2	89	3	86	4	8	5	64	6	84	7	59	8	44	9	80	10	55	11	7	12	8	13	24	14	45	15	25	16	90	17	87	18	66	19	24	20	9	21	13	22	73	23	4	24	60	25	59	26	39	27	79	28	40	29	45
	0	26	1	11	2	86	3	65	4	7	5	84	6	78	7	10	8	100	9	40	10	81	11	23	12	8	13	57	14	48	15	88	16	84	17	28	18	86	19	18	20	56	21	76	22	65	23	10	24	95	25	30	26	41	27	64	28	92	29	24
	0	89	1	86	2	93	3	2	4	93	5	38	6	10	7	53	8	28	9	84	10	81	11	87	12	31	13	60	14	78	15	48	16	59	17	63	18	78	19	9	20	55	21	30	22	28	23	99	24	94	25	67	26	88	27	71	28	73	29	27
	0	32	1	80	2	61	3	73	4	32	5	65	6	32	7	57	8	58	9	30	10	33	11	98	12	76	13	80	14	81	15	61	16	12	17	47	18	74	19	52	20	33	21	23	22	62	23	81	24	52	25	82	26	25	27	65	28	49	29	44
	0	35	1	78	2	91	3	43	4	19	5	54	6	67	7	67	8	34	9	10	10	82	11	5	12	27	13	52	14	78	15	23	16	49	17	63	18	76	19	26	20	33	21	98	22	46	23	2	24	52	25	40	26	67	27	63	28	44	29	77
	0	19	1	95	2	39	3	9	4	22	5	9	6	32	7	15	8	22	9	54	10	11	11	100	12	82	13	19	14	99	15	38	16	28	17	52	18	90	19	66	20	56	21	56	22	85	23	83	24	12	25	55	26	56	27	94	28	85	29	35
	0	97	1	60	2	85	3	94	4	28	5	78	6	95	7	75	8	78	9	81	10	13	11	47	12	60	13	44	14	29	15	63	16	98	17	35	18	10	19	25	20	87	21	33	22	61	23	12	24	86	25	26	26	21	27	67	28	86	29	39
	0	87	1	40	2	85	3	66	4	80	5	40	6	78	7	4	8	4	9	43	10	42	11	19	12	51	13	45	14	59	15	72	16	65	17	81	18	31	19	11	20	52	21	27	22	59	23	93	24	18	25	69	26	2	27	87	28	56	29	98
	0	36	1	89	2	24	3	73	4	69	5	30	6	79	7	56	8	100	9	74	10	61	11	11	12	18	13	31	14	45	15	22	16	70	17	30	18	100	19	68	20	61	21	24	22	30	23	73	24	57	25	38	26	74	27	4	28	4	29	65
	0	99	1	88	2	84	3	71	4	19	5	79	6	66	7	81	8	7	9	95	10	36	11	36	12	99	13	85	14	7	15	62	16	96	17	31	18	37	19	75	20	17	21	72	22	9	23	20	24	65	25	1	26	65	27	24	28	99	29	95
	0	73	1	97	2	25	3	50	4	92	5	26	6	62	7	58	8	52	9	34	10	31	11	32	12	60	13	4	14	72	15	67	16	18	17	93	18	4	19	98	20	87	21	81	22	68	23	90	24	57	25	35	26	23	27	78	28	98	29	71
	0	79	1	22	2	96	3	60	4	4	5	76	6	2	7	9	8	17	9	57	10	61	11	95	12	65	13	73	14	82	15	54	16	54	17	63	18	67	19	45	20	62	21	28	22	30	23	36	24	76	25	73	26	41	27	94	28	13	29	94
	0	8	1	63	2	25	3	68	4	69	5	69	6	3	7	34	8	41	9	89	10	16	11	77	12	84	13	58	14	67	15	48	16	40	17	29	18	37	19	82	20	80	21	78	22	58	23	3	24	58	25	39	26	33	27	23	28	56	29	10
	0	93	1	70	2	75	3	49	4	66	5	15	6	94	7	80	8	82	9	68	10	18	11	48	12	62	13	72	14	70	15	6	16	41	17	14	18	10	19	32	20	37	21	32	22	88	23	93	24	76	25	80	26	48	27	7	28	2	29	91
	0	55	1	86	2	64	3	51	4	15	5	41	6	50	7	48	8	85	9	86	10	100	11	99	12	26	13	84	14	28	15	44	16	26	17	12	18	36	19	56	20	98	21	35	22	89	23	23	24	31	25	26	26	96	27	92	28	57	29	68
	0	17	1	84	2	50	3	14	4	72	5	8	6	75	7	16	8	47	9	53	10	59	11	20	12	6	13	24	14	38	15	9	16	59	17	50	18	17	19	36	20	47	21	82	22	42	23	70	24	46	25	67	26	58	27	57	28	92	29	52
	0	27	1	65	2	81	3	57	4	9	5	76	6	11	7	41	8	36	9	13	10	49	11	19	12	44	13	54	14	50	15	18	16	12	17	47	18	66	19	95	20	66	21	30	22	14	23	31	24	14	25	35	26	85	27	79	28	25	29	100
	0	34	1	45	2	81	3	57	4	69	5	18	6	58	7	40	8	18	9	75	10	12	11	39	12	64	13	34	14	74	15	99	16	73	17	31	18	89	19	38	20	36	21	40	22	53	23	33	24	21	25	66	26	20	27	91	28	100	29	73
	0	94	1	12	2	88	3	37	4	27	5	14	6	25	7	27	8	83	9	67	10	75	11	61	12	49	13	60	14	25	15	89	16	91	17	5	18	13	19	89	20	92	21	35	22	23	23	93	24	16	25	74	26	100	27	77	28	98	29	64
	0	8	1	67	2	38	3	88	4	14	5	67	6	54	7	21	8	64	9	94	10	24	11	4	12	11	13	78	14	25	15	11	16	80	17	78	18	47	19	61	20	4	21	98	22	26	23	6	24	51	25	18	26	51	27	70	28	27	29	79
	0	17	1	44	2	46	3	78	4	36	5	60	6	68	7	52	8	34	9	79	10	70	11	82	12	82	13	88	14	99	15	31	16	53	17	87	18	4	19	95	20	99	21	96	22	75	23	36	24	81	25	32	26	15	27	26	28	12	29	27
	0	22	1	18	2	80	3	85	4	68	5	27	6	74	7	2	8	1	9	86	10	23	11	1	12	100	13	4	14	15	15	46	16	58	17	51	18	77	19	50	20	85	21	34	22	13	23	76	24	48	25	62	26	29	27	9	28	81	29	83
	0	11	1	43	2	52	3	61	4	25	5	4	6	53	7	34	8	48	9	26	10	60	11	39	12	58	13	14	14	78	15	28	16	37	17	93	18	52	19	95	20	75	21	24	22	38	23	94	24	63	25	9	26	44	27	7	28	23	29	47
	0	86	1	5	2	17	3	100	4	28	5	6	6	20	7	84	8	97	9	24	10	61	11	82	12	87	13	58	14	61	15	60	16	100	17	69	18	24	19	34	20	90	21	50	22	57	23	99	24	93	25	73	26	31	27	39	28	76	29	83
	0	1	1	68	2	34	3	60	4	57	5	75	6	8	7	76	8	65	9	70	10	17	11	20	12	21	13	60	14	18	15	66	16	35	17	95	18	34	19	96	20	5	21	61	22	28	23	25	24	67	25	27	26	4	27	71	28	5	29	51
	0	55	1	76	2	83	3	12	4	2	5	68	6	17	7	29	8	94	9	19	10	97	11	73	12	52	13	49	14	49	15	90	16	86	17	62	18	66	19	88	20	14	21	30	22	70	23	58	24	65	25	58	26	79	27	26	28	43	29	91
	0	84	1	69	2	85	3	48	4	72	5	30	6	37	7	99	8	40	9	14	10	34	11	12	12	83	13	66	14	60	15	39	16	71	17	39	18	19	19	24	20	25	21	24	22	49	23	43	24	66	25	95	26	46	27	14	28	3	29	76
	0	4	1	35	2	72	3	54	4	68	5	40	6	54	7	87	8	57	9	77	10	25	11	72	12	20	13	57	14	22	15	88	16	18	17	18	18	19	19	15	20	41	21	3	22	62	23	1	24	15	25	58	26	97	27	35	28	63	29	84
	0	80	1	23	2	100	3	10	4	81	5	10	6	98	7	67	8	96	9	64	10	47	11	75	12	32	13	33	14	92	15	83	16	47	17	41	18	26	19	18	20	36	21	63	22	69	23	30	24	13	25	30	26	60	27	49	28	25	29	25
	0	51	1	84	2	85	3	77	4	65	5	21	6	34	7	75	8	67	9	23	10	51	11	55	12	67	13	20	14	78	15	16	16	32	17	47	18	24	19	91	20	2	21	71	22	71	23	69	24	16	25	10	26	96	27	38	28	2	29	45
	0	72	1	5	2	92	3	59	4	25	5	9	6	54	7	77	8	57	9	31	10	62	11	76	12	52	13	67	14	44	15	89	16	35	17	29	18	70	19	29	20	52	21	68	22	87	23	10	24	82	25	57	26	93	27	26	28	11	29	64
	0	29	1	22	2	14	3	4	4	12	5	79	6	40	7	59	8	39	9	88	10	88	11	96	12	63	13	74	14	17	15	24	16	76	17	10	18	37	19	70	20	80	21	40	22	62	23	68	24	38	25	73	26	34	27	91	28	4	29	38
	0	41	1	63	2	99	3	10	4	88	5	37	6	82	7	42	8	2	9	27	10	17	11	65	12	70	13	28	14	48	15	37	16	45	17	61	18	31	19	64	20	73	21	25	22	82	23	14	24	19	25	49	26	37	27	95	28	100	29	73
	0	48	1	80	2	53	3	4	4	41	5	91	6	88	7	10	8	21	9	71	10	18	11	78	12	2	13	20	14	56	15	23	16	90	17	65	18	19	19	28	20	50	21	83	22	90	23	69	24	39	25	13	26	19	27	32	28	83	29	15
	0	61	1	45	2	19	3	66	4	95	5	67	6	54	7	97	8	65	9	20	10	91	11	16	12	25	13	43	14	31	15	69	16	4	17	19	18	55	19	34	20	3	21	91	22	41	23	51	24	94	25	67	26	64	27	26	28	92	29	5
	0	98	1	74	2	5	3	86	4	9	5	84	6	100	7	51	8	8	9	13	10	28	11	49	12	99	13	53	14	95	15	15	16	57	17	26	18	83	19	90	20	7	21	95	22	47	23	26	24	83	25	2	26	49	27	74	28	10	29	67
	0	1	1	19	2	21	3	13	4	28	5	18	6	4	7	100	8	81	9	64	10	41	11	75	12	44	13	71	14	99	15	87	16	32	17	52	18	58	19	11	20	68	21	49	22	4	23	78	24	81	25	27	26	26	27	24	28	74	29	30
	0	79	1	79	2	41	3	87	4	14	5	76	6	36	7	97	8	82	9	55	10	37	11	33	12	65	13	70	14	39	15	48	16	90	17	47	18	73	19	75	20	30	21	41	22	42	23	51	24	100	25	88	26	19	27	1	28	91	29	55
	0	50	1	68	2	17	3	29	4	40	5	90	6	59	7	7	8	39	9	23	10	22	11	68	12	47	13	95	14	59	15	37	16	96	17	31	18	14	19	89	20	87	21	71	22	89	23	38	24	95	25	88	26	42	27	6	28	58	29	67
	0	68	1	84	2	13	3	10	4	16	5	12	6	60	7	69	8	58	9	54	10	59	11	31	12	95	13	34	14	75	15	2	16	74	17	67	18	54	19	61	20	62	21	97	22	77	23	89	24	73	25	24	26	28	27	90	28	77	29	92
	0	77	1	61	2	17	3	53	4	56	5	64	6	12	7	50	8	95	9	32	10	31	11	63	12	22	13	99	14	67	15	25	16	66	17	22	18	32	19	2	20	12	21	67	22	67	23	80	24	78	25	42	26	38	27	23	28	46	29	29
	0	42	1	79	2	38	3	31	4	70	5	55	6	33	7	29	8	87	9	90	10	70	11	49	12	23	13	85	14	63	15	40	16	100	17	89	18	49	19	36	20	22	21	36	22	26	23	67	24	9	25	74	26	59	27	10	28	63	29	59
	0	63	1	14	2	74	3	79	4	87	5	40	6	29	7	35	8	54	9	95	10	69	11	7	12	47	13	57	14	96	15	71	16	28	17	8	18	53	19	51	20	36	21	38	22	7	23	13	24	11	25	70	26	14	27	42	28	20	29	35
	0	44	1	61	2	3	3	93	4	1	5	81	6	51	7	64	8	65	9	88	10	86	11	37	12	30	13	1	14	16	15	53	16	32	17	74	18	65	19	98	20	77	21	13	22	20	23	36	24	19	25	32	26	37	27	71	28	52	29	73
	0	95	1	22	2	1	3	56	4	94	5	54	6	50	7	50	8	40	9	96	10	19	11	63	12	55	13	21	14	88	15	1	16	4	17	1	18	35	19	47	20	35	21	40	22	21	23	51	24	80	25	55	26	60	27	40	28	36	29	56
	0	37	1	82	2	50	3	41	4	72	5	74	6	75	7	24	8	41	9	25	10	50	11	39	12	5	13	57	14	46	15	4	16	7	17	59	18	67	19	28	20	29	21	47	22	4	23	7	24	28	25	21	26	73	27	31	28	2	29	37
	0	93	1	100	2	33	3	13	4	85	5	27	6	15	7	48	8	91	9	68	10	90	11	25	12	55	13	13	14	5	15	23	16	98	17	28	18	96	19	58	20	97	21	26	22	57	23	31	24	47	25	7	26	38	27	54	28	45	29	15
	0	89	1	75	2	55	3	66	4	43	5	35	6	32	7	78	8	11	9	10	10	97	11	90	12	8	13	45	14	14	15	51	16	72	17	62	18	11	19	28	20	7	21	4	22	18	23	49	24	85	25	58	26	46	27	91	28	83	29	57
	0	19	1	72	2	32	3	57	4	25	5	9	6	21	7	42	8	56	9	57	10	57	11	96	12	52	13	36	14	3	15	56	16	71	17	100	18	29	19	29	20	43	21	26	22	41	23	31	24	86	25	18	26	96	27	89	28	91	29	48
	0	93	1	14	2	5	3	81	4	17	5	38	6	63	7	68	8	63	9	56	10	55	11	90	12	75	13	40	14	26	15	88	16	76	17	3	18	49	19	21	20	70	21	29	22	7	23	33	24	42	25	99	26	89	27	16	28	95	29	85
	0	80	1	3	2	94	3	87	4	93	5	36	6	96	7	24	8	88	9	76	10	12	11	27	12	59	13	68	14	3	15	82	16	97	17	67	18	25	19	13	20	56	21	90	22	58	23	18	24	77	25	50	26	100	27	95	28	50	29	90
	0	9	1	11	2	19	3	25	4	5	5	12	6	58	7	43	8	93	9	72	10	77	11	52	12	54	13	30	14	32	15	44	16	3	17	61	18	48	19	35	20	42	21	85	22	83	23	95	24	29	25	6	26	84	27	65	28	51	29	32
	0	25	1	52	2	81	3	31	4	21	5	17	6	40	7	3	8	55	9	25	10	3	11	93	12	63	13	5	14	23	15	66	16	70	17	39	18	56	19	18	20	73	21	92	22	15	23	96	24	2	25	41	26	85	27	52	28	14	29	59
	0	73	1	52	2	99	3	77	4	79	5	13	6	9	7	26	8	12	9	51	10	26	11	17	12	91	13	46	14	39	15	34	16	97	17	63	18	2	19	33	20	61	21	95	22	72	23	77	24	27	25	1	26	70	27	44	28	4	29	69
	0	15	1	98	2	95	3	19	4	95	5	6	6	88	7	24	8	11	9	35	10	25	11	23	12	92	13	68	14	92	15	45	16	56	17	25	18	99	19	77	20	90	21	75	22	41	23	36	24	52	25	68	26	57	27	29	28	26	29	37
	0	28	1	19	2	89	3	39	4	86	5	28	6	64	7	42	8	15	9	35	10	64	11	66	12	81	13	62	14	58	15	42	16	10	17	53	18	20	19	56	20	98	21	89	22	28	23	75	24	37	25	87	26	29	27	83	28	79	29	87
	0	90	1	64	2	75	3	18	4	100	5	28	6	62	7	98	8	94	9	53	10	86	11	17	12	13	13	81	14	76	15	88	16	12	17	16	18	22	19	87	20	97	21	91	22	9	23	7	24	45	25	9	26	11	27	96	28	29	29	77
	0	61	1	59	2	68	3	86	4	29	5	31	6	65	7	100	8	87	9	75	10	3	11	71	12	49	13	43	14	11	15	82	16	3	17	98	18	26	19	82	20	73	21	12	22	11	23	84	24	90	25	65	26	100	27	13	28	46	29	12
	0	81	1	47	2	70	3	4	4	47	5	76	6	47	7	77	8	63	9	79	10	67	11	33	12	43	13	92	14	72	15	88	16	18	17	7	18	48	19	66	20	53	21	46	22	80	23	49	24	43	25	79	26	46	27	25	28	86	29	93
	0	43	1	83	2	26	3	26	4	63	5	59	6	96	7	22	8	56	9	25	10	29	11	78	12	53	13	70	14	98	15	76	16	41	17	28	18	3	19	37	20	94	21	40	22	29	23	28	24	30	25	67	26	31	27	9	28	28	29	74
	0	30	1	15	2	27	3	64	4	10	5	89	6	96	7	38	8	69	9	26	10	51	11	97	12	55	13	98	14	45	15	13	16	86	17	47	18	65	19	40	20	41	21	89	22	19	23	48	24	73	25	61	26	78	27	89	28	74	29	96
	0	31	1	27	2	90	3	10	4	39	5	6	6	90	7	47	8	21	9	29	10	2	11	4	12	100	13	65	14	93	15	31	16	85	17	14	18	56	19	93	20	72	21	4	22	18	23	20	24	95	25	93	26	89	27	94	28	53	29	87
	0	24	1	49	2	95	3	24	4	57	5	73	6	44	7	65	8	26	9	53	10	82	11	100	12	12	13	85	14	40	15	53	16	50	17	57	18	61	19	52	20	93	21	66	22	11	23	1	24	23	25	26	26	91	27	53	28	60	29	88
	0	52	1	87	2	95	3	68	4	7	5	32	6	57	7	64	8	25	9	98	10	91	11	96	12	20	13	92	14	1	15	14	16	80	17	36	18	94	19	45	20	6	21	32	22	10	23	83	24	51	25	13	26	58	27	43	28	71	29	85
	0	54	1	20	2	42	3	64	4	57	5	43	6	97	7	46	8	45	9	6	10	87	11	64	12	63	13	8	14	72	15	25	16	54	17	49	18	96	19	43	20	47	21	54	22	1	23	88	24	58	25	25	26	81	27	24	28	28	29	45
	0	94	1	21	2	23	3	79	4	62	5	49	6	39	7	51	8	43	9	87	10	13	11	86	12	54	13	20	14	27	15	57	16	70	17	95	18	37	19	62	20	38	21	53	22	93	23	31	24	68	25	78	26	17	27	35	28	11	29	20
	0	50	1	45	2	14	3	71	4	98	5	70	6	20	7	19	8	25	9	59	10	65	11	100	12	83	13	56	14	70	15	30	16	78	17	50	18	40	19	74	20	100	21	39	22	23	23	94	24	71	25	12	26	79	27	87	28	2	29	22
	0	71	1	88	2	47	3	96	4	81	5	21	6	97	7	12	8	95	9	6	10	59	11	22	12	32	13	61	14	10	15	31	16	1	17	56	18	18	19	35	20	6	21	12	22	75	23	81	24	41	25	51	26	78	27	22	28	46	29	27
	0	59	1	58	2	11	3	16	4	49	5	89	6	40	7	32	8	18	9	35	10	36	11	93	12	44	13	87	14	56	15	68	16	83	17	91	18	33	19	62	20	57	21	97	22	83	23	34	24	78	25	1	26	50	27	56	28	71	29	77
	0	32	1	36	2	69	3	81	4	1	5	94	6	94	7	55	8	30	9	43	10	43	11	88	12	63	13	15	14	38	15	86	16	95	17	49	18	23	19	80	20	70	21	14	22	12	23	62	24	86	25	42	26	7	27	29	28	82	29	94
	0	61	1	80	2	41	3	80	4	44	5	90	6	33	7	15	8	30	9	64	10	89	11	71	12	37	13	29	14	64	15	57	16	59	17	44	18	52	19	57	20	85	21	5	22	39	23	80	24	8	25	94	26	23	27	15	28	43	29	6
	0	34	1	2	2	21	3	24	4	23	5	51	6	29	7	51	8	17	9	72	10	11	11	23	12	45	13	6	14	47	15	35	16	1	17	56	18	81	19	72	20	76	21	72	22	54	23	37	24	87	25	29	26	79	27	97	28	97	29	8
	0	51	1	90	2	78	3	69	4	79	5	90	6	76	7	65	8	3	9	93	10	85	11	59	12	98	13	82	14	27	15	17	16	4	17	92	18	3	19	3	20	37	21	71	22	59	23	100	24	52	25	14	26	79	27	32	28	65	29	11
	0	7	1	53	2	75	3	50	4	54	5	33	6	22	7	48	8	41	9	69	10	77	11	8	12	89	13	74	14	61	15	26	16	55	17	51	18	19	19	5	20	71	21	37	22	18	23	33	24	42	25	75	26	29	27	34	28	3	29	61
	0	16	1	19	2	48	3	58	4	46	5	72	6	72	7	88	8	94	9	60	10	4	11	32	12	95	13	52	14	100	15	14	16	78	17	81	18	46	19	27	20	90	21	89	22	76	23	50	24	72	25	35	26	8	27	56	28	72	29	62
	0	66	1	90	2	87	3	41	4	8	5	8	6	77	7	54	8	14	9	74	10	98	11	74	12	97	13	54	14	33	15	48	16	12	17	78	18	35	19	13	20	12	21	45	22	95	23	75	24	59	25	87	26	6	27	48	28	89	29	28
	0	99	1	26	2	96	3	93	4	43	5	37	6	72	7	66	8	62	9	10	10	32	11	88	12	93	13	27	14	98	15	59	16	2	17	80	18	38	19	68	20	25	21	25	22	60	23	79	24	95	25	9	26	31	27	43	28	83	29	27
	0	57	1	5	2	60	3	17	4	40	5	49	6	57	7	5	8	21	9	68	10	78	11	65	12	46	13	75	14	98	15	48	16	30	17	97	18	42	19	98	20	9	21	88	22	49	23	61	24	94	25	81	26	34	27	49	28	76	29	64
	0	25	1	21	2	34	3	26	4	39	5	92	6	68	7	36	8	9	9	82	10	31	11	29	12	88	13	60	14	49	15	33	16	88	17	51	18	60	19	46	20	30	21	14	22	80	23	40	24	16	25	3	26	12	27	78	28	40	29	67
	0	44	1	49	2	12	3	63	4	86	5	57	6	53	7	71	8	66	9	33	10	86	11	46	12	71	13	41	14	34	15	52	16	4	17	11	18	96	19	43	20	2	21	10	22	73	23	6	24	23	25	30	26	42	27	71	28	7	29	75
	0	23	1	52	2	58	3	48	4	81	5	80	6	24	7	90	8	51	9	39	10	44	11	22	12	83	13	12	14	8	15	72	16	42	17	8	18	42	19	10	20	15	21	16	22	15	23	20	24	13	25	14	26	34	27	67	28	53	29	26
	0	67	1	53	2	74	3	3	4	12	5	62	6	27	7	85	8	3	9	45	10	16	11	43	12	32	13	87	14	5	15	35	16	3	17	65	18	22	19	12	20	67	21	81	22	93	23	56	24	1	25	33	26	22	27	45	28	27	29	59
	0	80	1	68	2	77	3	70	4	71	5	37	6	67	7	45	8	5	9	80	10	25	11	65	12	62	13	96	14	78	15	12	16	63	17	8	18	13	19	42	20	65	21	60	22	52	23	30	24	38	25	33	26	12	27	32	28	7	29	68
	0	35	1	17	2	63	3	34	4	16	5	59	6	71	7	82	8	59	9	2	10	23	11	58	12	38	13	24	14	36	15	75	16	53	17	84	18	76	19	64	20	90	21	100	22	47	23	65	24	41	25	11	26	13	27	10	28	41	29	29
	0	7	1	16	2	14	3	53	4	52	5	2	6	59	7	32	8	15	9	82	10	90	11	87	12	52	13	100	14	34	15	21	16	21	17	20	18	46	19	90	20	70	21	77	22	81	23	13	24	25	25	52	26	48	27	31	28	42	29	37
	0	28	1	60	2	95	3	87	4	40	5	80	6	1	7	89	8	75	9	76	10	27	11	93	12	34	13	10	14	17	15	75	16	49	17	80	18	29	19	35	20	69	21	20	22	80	23	55	24	29	25	32	26	39	27	59	28	56	29	50
	0	5	1	53	2	58	3	88	4	75	5	42	6	7	7	14	8	74	9	50	10	30	11	55	12	14	13	88	14	36	15	30	16	3	17	42	18	67	19	53	20	6	21	90	22	50	23	65	24	49	25	51	26	72	27	83	28	12	29	41
	0	21	1	77	2	41	3	87	4	62	5	3	6	84	7	7	8	32	9	71	10	42	11	80	12	84	13	9	14	66	15	51	16	10	17	57	18	52	19	51	20	16	21	18	22	31	23	16	24	43	25	17	26	28	27	52	28	43	29	71
	0	51	1	64	2	67	3	73	4	44	5	57	6	15	7	23	8	94	9	72	10	50	11	70	12	86	13	12	14	94	15	54	16	54	17	83	18	42	19	55	20	64	21	37	22	70	23	81	24	16	25	11	26	17	27	71	28	73	29	86
	0	70	1	76	2	44	3	11	4	90	5	53	6	70	7	69	8	40	9	90	10	7	11	91	12	19	13	31	14	91	15	20	16	10	17	85	18	35	19	96	20	87	21	36	22	97	23	27	24	47	25	73	26	7	27	36	28	65	29	22
	0	52	1	23	2	78	3	55	4	63	5	76	6	54	7	81	8	30	9	20	10	1	11	74	12	59	13	81	14	15	15	75	16	53	17	14	18	80	19	73	20	46	21	19	22	71	23	68	24	67	25	37	26	12	27	51	28	79	29	16
	0	98	1	68	2	38	3	66	4	85	5	40	6	62	7	70	8	96	9	73	10	93	11	93	12	12	13	71	14	20	15	25	16	34	17	25	18	74	19	47	20	44	21	62	22	9	23	93	24	88	25	66	26	46	27	71	28	73	29	1
	0	45	1	38	2	49	3	7	4	13	5	63	6	7	7	42	8	79	9	16	10	22	11	98	12	86	13	64	14	28	15	4	16	92	17	68	18	96	19	6	20	65	21	7	22	41	23	77	24	26	25	74	26	7	27	100	28	65	29	22
	0	86	1	33	2	46	3	57	4	71	5	39	6	66	7	97	8	52	9	48	10	33	11	52	12	8	13	74	14	95	15	94	16	53	17	23	18	7	19	21	20	36	21	44	22	44	23	24	24	2	25	17	26	84	27	31	28	62	29	89
	0	15	1	73	2	51	3	85	4	59	5	90	6	36	7	68	8	94	9	92	10	26	11	20	12	28	13	30	14	100	15	73	16	63	17	37	18	34	19	3	20	35	21	57	22	14	23	66	24	38	25	66	26	55	27	59	28	52	29	49
	0	62	1	7	2	41	3	95	4	12	5	22	6	92	7	17	8	37	9	95	10	2	11	11	12	30	13	99	14	49	15	15	16	17	17	18	18	89	19	32	20	64	21	47	22	75	23	14	24	8	25	3	26	79	27	39	28	23	29	56
	0	83	1	25	2	83	3	76	4	49	5	50	6	61	7	34	8	87	9	84	10	88	11	27	12	3	13	54	14	58	15	99	16	64	17	88	18	44	19	83	20	34	21	11	22	82	23	84	24	59	25	96	26	16	27	85	28	11	29	91
	0	26	1	37	2	12	3	72	4	72	5	71	6	100	7	86	8	34	9	38	10	18	11	100	12	23	13	69	14	18	15	64	16	3	17	15	18	26	19	43	20	41	21	93	22	13	23	92	24	70	25	70	26	55	27	68	28	57	29	43
	0	82	1	7	2	75	3	8	4	55	5	15	6	48	7	19	8	16	9	42	10	11	11	79	12	93	13	38	14	96	15	31	16	75	17	19	18	51	19	16	20	67	21	88	22	34	23	26	24	100	25	84	26	59	27	87	28	59	29	60
	0	71	1	13	2	50	3	10	4	82	5	52	6	14	7	95	8	99	9	97	10	73	11	47	12	20	13	27	14	51	15	36	16	82	17	21	18	10	19	39	20	83	21	46	22	6	23	45	24	23	25	11	26	27	27	84	28	22	29	43
	0	5	1	68	2	17	3	30	4	80	5	64	6	49	7	28	8	73	9	66	10	83	11	37	12	8	13	17	14	32	15	79	16	66	17	96	18	74	19	52	20	68	21	81	22	76	23	29	24	41	25	50	26	75	27	28	28	85	29	79
	0	78	1	74	2	55	3	49	4	75	5	31	6	44	7	71	8	77	9	72	10	96	11	96	12	29	13	18	14	15	15	58	16	65	17	58	18	42	19	82	20	89	21	35	22	1	23	42	24	2	25	65	26	55	27	53	28	30	29	10
	0	20	1	44	2	94	3	43	4	8	5	26	6	46	7	54	8	25	9	74	10	60	11	96	12	34	13	67	14	35	15	74	16	46	17	66	18	81	19	16	20	18	21	25	22	61	23	86	24	67	25	59	26	30	27	27	28	14	29	19
	0	96	1	39	2	38	3	43	4	78	5	36	6	92	7	85	8	49	9	39	10	10	11	52	12	88	13	88	14	17	15	76	16	72	17	88	18	8	19	23	20	88	21	28	22	66	23	17	24	47	25	20	26	35	27	6	28	22	29	69
	0	66	1	27	2	54	3	51	4	2	5	30	6	87	7	70	8	70	9	78	10	27	11	30	12	95	13	25	14	48	15	15	16	61	17	33	18	79	19	98	20	70	21	4	22	39	23	97	24	90	25	18	26	22	27	56	28	80	29	98
	0	36	1	19	2	42	3	68	4	53	5	33	6	34	7	48	8	20	9	87	10	38	11	19	12	39	13	68	14	86	15	52	16	21	17	18	18	63	19	63	20	66	21	90	22	57	23	70	24	33	25	55	26	26	27	47	28	82	29	11
	0	85	1	88	2	26	3	83	4	56	5	49	6	14	7	23	8	12	9	29	10	26	11	53	12	25	13	87	14	68	15	99	16	94	17	30	18	81	19	16	20	3	21	4	22	13	23	3	24	51	25	74	26	13	27	57	28	43	29	92
	0	45	1	7	2	41	3	68	4	41	5	42	6	3	7	91	8	26	9	11	10	73	11	93	12	94	13	64	14	90	15	25	16	15	17	69	18	39	19	97	20	2	21	3	22	44	23	9	24	72	25	29	26	93	27	54	28	69	29	86
	0	46	1	3	2	47	3	67	4	47	5	69	6	24	7	54	8	65	9	29	10	51	11	38	12	11	13	50	14	61	15	41	16	29	17	39	18	2	19	27	20	48	21	29	22	49	23	53	24	32	25	44	26	61	27	8	28	81	29	41
	0	34	1	52	2	68	3	92	4	46	5	13	6	10	7	62	8	16	9	55	10	2	11	10	12	19	13	97	14	78	15	99	16	10	17	33	18	67	19	1	20	72	21	21	22	58	23	39	24	85	25	12	26	95	27	91	28	75	29	36
	0	71	1	52	2	89	3	90	4	78	5	38	6	18	7	71	8	43	9	56	10	52	11	57	12	60	13	99	14	33	15	32	16	85	17	28	18	68	19	12	20	65	21	46	22	87	23	3	24	11	25	82	26	68	27	5	28	46	29	44
	0	72	1	57	2	78	3	97	4	59	5	64	6	77	7	84	8	63	9	69	10	69	11	100	12	60	13	46	14	68	15	72	16	63	17	41	18	100	19	15	20	8	21	82	22	14	23	72	24	31	25	27	26	58	27	52	28	49	29	35
	0	78	1	12	2	86	3	68	4	72	5	70	6	14	7	63	8	98	9	35	10	98	11	34	12	18	13	82	14	68	15	88	16	34	17	19	18	52	19	70	20	48	21	24	22	47	23	67	24	40	25	44	26	7	27	45	28	59	29	80
	0	78	1	78	2	68	3	18	4	19	5	18	6	85	7	58	8	69	9	3	10	9	11	62	12	61	13	98	14	28	15	27	16	94	17	24	18	54	19	46	20	13	21	18	22	13	23	12	24	50	25	24	26	100	27	87	28	38	29	14
	0	80	1	38	2	98	3	90	4	77	5	99	6	43	7	6	8	3	9	35	10	87	11	26	12	7	13	98	14	12	15	90	16	45	17	2	18	57	19	73	20	3	21	72	22	27	23	37	24	36	25	23	26	24	27	33	28	86	29	94
	0	69	1	91	2	96	3	35	4	46	5	1	6	47	7	5	8	2	9	84	10	72	11	65	12	72	13	100	14	27	15	42	16	30	17	45	18	21	19	12	20	66	21	27	22	40	23	29	24	48	25	28	26	17	27	89	28	24	29	100
	0	21	1	20	2	64	3	36	4	89	5	21	6	58	7	19	8	3	9	3	10	7	11	55	12	94	13	1	14	76	15	22	16	32	17	58	18	13	19	98	20	19	21	100	22	29	23	58	24	8	25	65	26	99	27	46	28	11	29	34
	0	48	1	60	2	61	3	84	4	7	5	8	6	49	7	85	8	63	9	28	10	54	11	72	12	43	13	74	14	31	15	85	16	97	17	13	18	20	19	70	20	83	21	84	22	6	23	50	24	47	25	13	26	31	27	42	28	74	29	96
	0	35	1	68	2	42	3	73	4	96	5	70	6	4	7	71	8	74	9	53	10	85	11	89	12	91	13	3	14	63	15	48	16	100	17	48	18	77	19	23	20	23	21	69	22	78	23	41	24	61	25	82	26	18	27	18	28	17	29	34
	0	36	1	36	2	61	3	92	4	95	5	26	6	48	7	25	8	79	9	87	10	71	11	93	12	44	13	40	14	89	15	6	16	91	17	33	18	80	19	10	20	3	21	25	22	2	23	11	24	60	25	10	26	68	27	59	28	35	29	71
	0	56	1	31	2	20	3	72	4	18	5	96	6	43	7	32	8	70	9	61	10	78	11	21	12	52	13	10	14	56	15	93	16	3	17	1	18	23	19	40	20	3	21	79	22	8	23	23	24	56	25	13	26	9	27	31	28	20	29	80
	0	85	1	50	2	21	3	36	4	30	5	67	6	96	7	59	8	65	9	32	10	52	11	54	12	67	13	42	14	39	15	49	16	31	17	40	18	73	19	24	20	21	21	28	22	63	23	54	24	70	25	44	26	12	27	59	28	26	29	46
	0	16	1	85	2	52	3	9	4	68	5	67	6	42	7	31	8	40	9	47	10	89	11	91	12	13	13	43	14	33	15	16	16	62	17	92	18	75	19	47	20	23	21	24	22	22	23	12	24	8	25	23	26	13	27	43	28	32	29	95
	0	32	1	100	2	64	3	51	4	14	5	78	6	36	7	55	8	99	9	28	10	55	11	18	12	84	13	4	14	7	15	32	16	81	17	14	18	56	19	64	20	90	21	58	22	56	23	64	24	31	25	54	26	47	27	61	28	6	29	2
	0	12	1	32	2	69	3	38	4	82	5	96	6	46	7	64	8	47	9	45	10	19	11	73	12	1	13	17	14	68	15	89	16	20	17	89	18	38	19	7	20	68	21	25	22	70	23	93	24	61	25	23	26	24	27	70	28	46	29	33
	0	62	1	29	2	78	3	45	4	99	5	8	6	92	7	77	8	15	9	51	10	5	11	99	12	86	13	31	14	98	15	79	16	2	17	93	18	71	19	45	20	52	21	69	22	50	23	77	24	10	25	49	26	9	27	92	28	45	29	29
	0	27	1	95	2	41	3	57	4	92	5	73	6	5	7	58	8	27	9	88	10	87	11	98	12	97	13	88	14	57	15	21	16	25	17	29	18	93	19	90	20	11	21	98	22	90	23	74	24	63	25	59	26	95	27	99	28	54	29	77
	0	12	1	47	2	73	3	89	4	48	5	49	6	45	7	19	8	88	9	39	10	25	11	64	12	22	13	41	14	94	15	1	16	57	17	13	18	14	19	79	20	93	21	77	22	25	23	7	24	40	25	97	26	74	27	51	28	9	29	93
	0	31	1	97	2	11	3	96	4	21	5	48	6	32	7	92	8	64	9	50	10	71	11	3	12	34	13	79	14	74	15	95	16	48	17	40	18	85	19	28	20	61	21	31	22	1	23	82	24	30	25	95	26	9	27	18	28	60	29	70
	0	28	1	56	2	61	3	87	4	100	5	97	6	69	7	94	8	90	9	100	10	8	11	96	12	99	13	3	14	8	15	46	16	94	17	48	18	94	19	21	20	6	21	37	22	14	23	77	24	59	25	57	26	76	27	52	28	27	29	15
	0	4	1	74	2	27	3	93	4	45	5	95	6	4	7	24	8	71	9	37	10	61	11	15	12	68	13	54	14	34	15	95	16	11	17	15	18	29	19	66	20	53	21	74	22	59	23	66	24	84	25	96	26	56	27	81	28	47	29	29
	0	41	1	68	2	99	3	59	4	73	5	83	6	68	7	82	8	22	9	2	10	40	11	78	12	32	13	2	14	69	15	83	16	60	17	34	18	14	19	78	20	18	21	94	22	24	23	42	24	50	25	91	26	36	27	58	28	25	29	59
	0	57	1	43	2	21	3	61	4	44	5	60	6	30	7	81	8	99	9	24	10	22	11	7	12	46	13	3	14	34	15	57	16	67	17	6	18	82	19	80	20	94	21	64	22	98	23	48	24	92	25	84	26	58	27	37	28	94	29	20
	0	45	1	24	2	57	3	74	4	56	5	77	6	47	7	52	8	57	9	20	10	87	11	12	12	41	13	68	14	17	15	93	16	44	17	100	18	54	19	9	20	23	21	91	22	38	23	42	24	1	25	27	26	23	27	72	28	31	29	85
	0	40	1	31	2	41	3	34	4	26	5	67	6	55	7	2	8	22	9	47	10	8	11	9	12	65	13	50	14	88	15	64	16	40	17	13	18	83	19	78	20	50	21	46	22	29	23	30	24	40	25	21	26	55	27	2	28	68	29	92
	0	87	1	65	2	15	3	27	4	81	5	76	6	80	7	30	8	50	9	24	10	92	11	99	12	34	13	34	14	51	15	55	16	42	17	27	18	56	19	19	20	20	21	64	22	13	23	31	24	65	25	59	26	2	27	46	28	80	29	22
	0	60	1	45	2	17	3	59	4	15	5	33	6	81	7	60	8	65	9	35	10	89	11	29	12	89	13	98	14	79	15	58	16	42	17	62	18	51	19	39	20	70	21	56	22	65	23	59	24	31	25	43	26	16	27	42	28	34	29	5
	0	95	1	12	2	12	3	44	4	77	5	1	6	96	7	64	8	2	9	25	10	60	11	19	12	43	13	10	14	50	15	76	16	84	17	19	18	21	19	14	20	36	21	34	22	38	23	59	24	77	25	89	26	24	27	28	28	87	29	46
	0	53	1	22	2	13	3	76	4	25	5	19	6	100	7	74	8	72	9	23	10	48	11	37	12	80	13	83	14	4	15	57	16	23	17	1	18	83	19	33	20	52	21	74	22	86	23	99	24	79	25	51	26	60	27	8	28	47	29	91
	0	5	1	38	2	84	3	61	4	42	5	91	6	77	7	11	8	83	9	18	10	13	11	3	12	70	13	87	14	69	15	92	16	81	17	64	18	62	19	83	20	8	21	91	22	84	23	16	24	61	25	70	26	68	27	43	28	62	29	96
	0	86	1	5	2	16	3	87	4	61	5	26	6	86	7	12	8	35	9	78	10	97	11	18	12	48	13	86	14	65	15	92	16	5	17	74	18	8	19	26	20	28	21	69	22	85	23	62	24	44	25	28	26	91	27	38	28	37	29	38
	0	76	1	59	2	62	3	6	4	87	5	64	6	25	7	58	8	42	9	73	10	43	11	89	12	83	13	16	14	64	15	43	16	74	17	99	18	99	19	22	20	36	21	39	22	92	23	47	24	36	25	92	26	48	27	13	28	77	29	43
	0	77	1	25	2	42	3	30	4	27	5	94	6	5	7	41	8	24	9	40	10	7	11	80	12	32	13	30	14	52	15	3	16	6	17	32	18	84	19	77	20	96	21	93	22	36	23	2	24	31	25	41	26	77	27	2	28	91	29	87
	0	89	1	76	2	36	3	83	4	44	5	68	6	66	7	32	8	76	9	93	10	14	11	91	12	69	13	19	14	14	15	99	16	84	17	22	18	75	19	5	20	26	21	25	22	72	23	8	24	1	25	14	26	31	27	17	28	21	29	89
	0	51	1	82	2	70	3	82	4	21	5	82	6	12	7	60	8	97	9	49	10	29	11	93	12	62	13	72	14	12	15	52	16	83	17	8	18	32	19	67	20	32	21	97	22	78	23	68	24	36	25	53	26	44	27	76	28	84	29	79
	0	75	1	30	2	90	3	42	4	30	5	56	6	95	7	78	8	20	9	19	10	71	11	36	12	12	13	20	14	37	15	79	16	17	17	17	18	18	19	86	20	16	21	84	22	94	23	37	24	64	25	55	26	32	27	76	28	98	29	91
	0	93	1	70	2	41	3	75	4	52	5	26	6	51	7	44	8	80	9	18	10	90	11	83	12	72	13	51	14	92	15	52	16	22	17	52	18	60	19	27	20	80	21	72	22	29	23	72	24	38	25	40	26	50	27	66	28	33	29	90
	0	17	1	63	2	65	3	72	4	19	5	52	6	64	7	7	8	87	9	46	10	56	11	39	12	86	13	19	14	16	15	12	16	58	17	69	18	2	19	67	20	11	21	75	22	11	23	22	24	32	25	78	26	96	27	12	28	50	29	3
	0	48	1	73	2	73	3	98	4	19	5	7	6	1	7	66	8	36	9	71	10	58	11	10	12	61	13	64	14	21	15	18	16	53	17	5	18	19	19	52	20	75	21	39	22	37	23	28	24	38	25	5	26	60	27	5	28	61	29	47
	0	24	1	98	2	18	3	66	4	62	5	3	6	77	7	34	8	75	9	97	10	62	11	21	12	58	13	40	14	89	15	7	16	49	17	1	18	65	19	77	20	4	21	85	22	43	23	24	24	97	25	31	26	71	27	4	28	14	29	4
	0	81	1	28	2	74	3	7	4	16	5	74	6	96	7	88	8	73	9	52	10	27	11	4	12	15	13	71	14	51	15	87	16	93	17	72	18	74	19	11	20	67	21	42	22	62	23	52	24	18	25	14	26	50	27	4	28	100	29	15
	0	69	1	79	2	64	3	27	4	49	5	15	6	49	7	67	8	12	9	62	10	47	11	1	12	35	13	21	14	55	15	50	16	68	17	57	18	85	19	49	20	41	21	22	22	6	23	75	24	64	25	40	26	19	27	44	28	48	29	44
	0	2	1	51	2	67	3	85	4	73	5	6	6	46	7	32	8	56	9	78	10	63	11	39	12	47	13	57	14	74	15	57	16	23	17	1	18	15	19	5	20	34	21	21	22	42	23	32	24	64	25	17	26	99	27	37	28	72	29	84
	0	37	1	27	2	33	3	36	4	22	5	31	6	33	7	16	8	3	9	94	10	9	11	5	12	25	13	31	14	29	15	38	16	14	17	1	18	43	19	83	20	66	21	40	22	65	23	56	24	16	25	66	26	53	27	72	28	78	29	32
	0	13	1	47	2	60	3	2	4	34	5	9	6	19	7	73	8	22	9	95	10	6	11	66	12	12	13	9	14	94	15	54	16	55	17	98	18	20	19	17	20	22	21	65	22	64	23	21	24	63	25	15	26	46	27	76	28	20	29	10
	0	31	1	16	2	84	3	81	4	55	5	96	6	28	7	26	8	12	9	23	10	80	11	73	12	84	13	37	14	4	15	16	16	85	17	25	18	99	19	32	20	53	21	44	22	49	23	35	24	24	25	59	26	70	27	45	28	59	29	40
	0	45	1	62	2	10	3	81	4	35	5	77	6	55	7	14	8	21	9	51	10	27	11	42	12	2	13	67	14	15	15	23	16	54	17	17	18	35	19	62	20	38	21	74	22	69	23	100	24	96	25	90	26	32	27	16	28	87	29	83
	0	28	1	63	2	38	3	27	4	86	5	23	6	25	7	62	8	89	9	35	10	2	11	68	12	57	13	44	14	43	15	84	16	19	17	69	18	66	19	63	20	100	21	85	22	60	23	97	24	18	25	79	26	19	27	46	28	42	29	6
	0	70	1	56	2	73	3	77	4	44	5	64	6	50	7	35	8	19	9	4	10	82	11	17	12	42	13	72	14	69	15	92	16	13	17	20	18	62	19	43	20	77	21	75	22	57	23	15	24	60	25	13	26	48	27	50	28	56	29	28
	0	81	1	95	2	35	3	78	4	58	5	39	6	42	7	98	8	14	9	17	10	91	11	8	12	51	13	92	14	97	15	72	16	99	17	5	18	83	19	59	20	57	21	42	22	55	23	32	24	2	25	76	26	40	27	71	28	1	29	60
	0	27	1	80	2	44	3	1	4	57	5	55	6	93	7	34	8	40	9	18	10	11	11	66	12	22	13	22	14	11	15	70	16	2	17	92	18	52	19	49	20	79	21	75	22	60	23	89	24	1	25	82	26	54	27	92	28	11	29	63
	0	12	1	32	2	37	3	56	4	97	5	91	6	65	7	80	8	31	9	73	10	83	11	78	12	93	13	83	14	3	15	28	16	73	17	39	18	78	19	70	20	6	21	43	22	87	23	32	24	74	25	34	26	50	27	34	28	51	29	89
	0	91	1	18	2	16	3	67	4	72	5	27	6	78	7	86	8	49	9	35	10	73	11	94	12	47	13	95	14	33	15	70	16	30	17	50	18	40	19	62	20	29	21	58	22	6	23	61	24	50	25	82	26	46	27	51	28	70	29	63
	0	49	1	95	2	7	3	2	4	39	5	40	6	100	7	77	8	92	9	59	10	56	11	92	12	64	13	62	14	39	15	49	16	25	17	30	18	9	19	52	20	15	21	77	22	39	23	22	24	69	25	22	26	68	27	65	28	70	29	44
	0	61	1	7	2	28	3	39	4	92	5	24	6	5	7	4	8	75	9	3	10	17	11	32	12	90	13	12	14	95	15	66	16	2	17	85	18	81	19	69	20	51	21	34	22	92	23	1	24	78	25	41	26	84	27	3	28	100	29	11
	0	83	1	42	2	55	3	67	4	86	5	52	6	88	7	30	8	32	9	89	10	31	11	17	12	1	13	80	14	15	15	44	16	2	17	24	18	9	19	14	20	36	21	93	22	79	23	37	24	63	25	27	26	96	27	10	28	7	29	29
	0	62	1	41	2	70	3	100	4	18	5	11	6	42	7	66	8	45	9	4	10	33	11	1	12	85	13	46	14	62	15	31	16	49	17	26	18	67	19	81	20	69	21	8	22	44	23	10	24	19	25	42	26	14	27	24	28	27	29	37
	0	67	1	77	2	29	3	62	4	59	5	100	6	50	7	68	8	36	9	17	10	19	11	72	12	19	13	23	14	39	15	30	16	87	17	61	18	72	19	88	20	15	21	6	22	21	23	5	24	79	25	30	26	10	27	67	28	26	29	38
	0	90	1	44	2	62	3	76	4	32	5	71	6	25	7	53	8	81	9	33	10	26	11	38	12	77	13	96	14	93	15	13	16	75	17	22	18	34	19	2	20	18	21	45	22	19	23	97	24	37	25	6	26	36	27	64	28	93	29	69
	0	77	1	91	2	82	3	67	4	61	5	6	6	61	7	56	8	87	9	92	10	75	11	65	12	94	13	67	14	90	15	79	16	54	17	8	18	60	19	91	20	34	21	33	22	82	23	4	24	96	25	77	26	24	27	77	28	30	29	26
	0	23	1	46	2	39	3	83	4	88	5	56	6	2	7	99	8	64	9	90	10	10	11	79	12	30	13	85	14	39	15	42	16	41	17	62	18	99	19	19	20	43	21	20	22	84	23	88	24	16	25	59	26	8	27	97	28	20	29	47
	0	97	1	29	2	57	3	34	4	79	5	90	6	71	7	76	8	94	9	40	10	46	11	40	12	4	13	4	14	75	15	82	16	81	17	5	18	17	19	27	20	16	21	36	22	55	23	4	24	55	25	51	26	28	27	95	28	63	29	34
	0	96	1	10	2	91	3	90	4	64	5	8	6	60	7	62	8	82	9	6	10	18	11	63	12	70	13	59	14	25	15	81	16	73	17	4	18	63	19	97	20	14	21	92	22	92	23	24	24	12	25	55	26	85	27	59	28	86	29	85
	0	15	1	90	2	56	3	24	4	90	5	26	6	20	7	82	8	42	9	29	10	49	11	37	12	23	13	55	14	58	15	89	16	73	17	51	18	20	19	68	20	44	21	60	22	38	23	16	24	8	25	25	26	9	27	96	28	85	29	98
	0	14	1	91	2	62	3	95	4	37	5	10	6	89	7	57	8	6	9	10	10	76	11	97	12	88	13	76	14	29	15	54	16	88	17	61	18	95	19	84	20	43	21	51	22	6	23	41	24	1	25	98	26	39	27	58	28	29	29	66
	0	35	1	8	2	95	3	64	4	48	5	6	6	8	7	55	8	6	9	2	10	14	11	82	12	13	13	46	14	94	15	44	16	27	17	50	18	97	19	98	20	82	21	73	22	4	23	97	24	52	25	85	26	21	27	73	28	58	29	17
	0	33	1	18	2	86	3	79	4	71	5	44	6	62	7	6	8	73	9	8	10	76	11	85	12	44	13	32	14	96	15	36	16	48	17	75	18	77	19	85	20	80	21	8	22	72	23	39	24	96	25	13	26	2	27	40	28	27	29	18
	0	30	1	74	2	68	3	19	4	59	5	53	6	39	7	62	8	38	9	5	10	66	11	82	12	58	13	29	14	1	15	29	16	64	17	1	18	12	19	19	20	10	21	51	22	88	23	91	24	45	25	32	26	47	27	69	28	100	29	57
	0	54	1	48	2	19	3	78	4	62	5	49	6	45	7	25	8	55	9	35	10	55	11	38	12	55	13	57	14	29	15	59	16	100	17	83	18	53	19	53	20	30	21	37	22	29	23	92	24	31	25	34	26	29	27	25	28	16	29	1
	0	9	1	86	2	46	3	16	4	82	5	53	6	26	7	4	8	5	9	39	10	34	11	71	12	40	13	69	14	42	15	74	16	87	17	3	18	62	19	42	20	93	21	80	22	30	23	8	24	4	25	6	26	79	27	15	28	98	29	19
	0	95	1	8	2	11	3	80	4	53	5	16	6	71	7	1	8	56	9	91	10	71	11	92	12	47	13	66	14	62	15	86	16	60	17	39	18	49	19	88	20	19	21	94	22	9	23	46	24	24	25	20	26	78	27	40	28	56	29	100
	0	68	1	41	2	9	3	53	4	9	5	93	6	35	7	80	8	34	9	99	10	28	11	34	12	46	13	33	14	24	15	7	16	38	17	5	18	75	19	23	20	55	21	46	22	8	23	65	24	22	25	93	26	4	27	81	28	63	29	92
	0	45	1	43	2	4	3	46	4	17	5	62	6	28	7	81	8	58	9	78	10	16	11	3	12	1	13	70	14	2	15	62	16	53	17	67	18	27	19	69	20	88	21	60	22	64	23	7	24	75	25	22	26	47	27	39	28	47	29	8
	0	41	1	13	2	89	3	89	4	14	5	14	6	8	7	29	8	12	9	2	10	97	11	22	12	54	13	42	14	19	15	50	16	82	17	30	18	78	19	11	20	36	21	47	22	30	23	48	24	54	25	5	26	72	27	69	28	97	29	77
	0	12	1	35	2	67	3	7	4	87	5	72	6	51	7	53	8	7	9	7	10	24	11	14	12	34	13	61	14	83	15	25	16	7	17	39	18	99	19	41	20	2	21	91	22	18	23	34	24	66	25	49	26	25	27	75	28	62	29	49
	0	78	1	79	2	41	3	9	4	62	5	26	6	95	7	13	8	16	9	97	10	70	11	16	12	49	13	79	14	59	15	82	16	32	17	36	18	74	19	16	20	36	21	49	22	88	23	50	24	68	25	52	26	94	27	90	28	96	29	53
	0	13	1	46	2	92	3	93	4	59	5	91	6	20	7	77	8	28	9	25	10	53	11	5	12	87	13	40	14	92	15	57	16	71	17	14	18	25	19	36	20	11	21	75	22	47	23	60	24	52	25	18	26	29	27	50	28	44	29	62
	0	8	1	76	2	3	3	82	4	36	5	41	6	73	7	57	8	6	9	16	10	58	11	7	12	51	13	64	14	78	15	26	16	79	17	13	18	75	19	22	20	83	21	62	22	91	23	23	24	57	25	32	26	72	27	15	28	89	29	2
	0	81	1	19	2	22	3	84	4	15	5	18	6	2	7	25	8	74	9	95	10	54	11	52	12	17	13	49	14	46	15	89	16	99	17	86	18	55	19	12	20	84	21	13	22	21	23	27	24	71	25	80	26	59	27	75	28	83	29	50
	0	80	1	12	2	100	3	79	4	17	5	19	6	43	7	53	8	80	9	23	10	35	11	10	12	67	13	45	14	93	15	30	16	19	17	19	18	38	19	96	20	86	21	21	22	21	23	31	24	50	25	23	26	91	27	84	28	19	29	49
	0	75	1	22	2	81	3	7	4	30	5	26	6	96	7	23	8	87	9	27	10	51	11	86	12	11	13	18	14	22	15	6	16	30	17	18	18	94	19	20	20	15	21	95	22	58	23	8	24	14	25	59	26	75	27	15	28	74	29	83
	0	71	1	67	2	100	3	17	4	15	5	41	6	33	7	6	8	78	9	39	10	54	11	19	12	96	13	47	14	42	15	51	16	63	17	100	18	35	19	68	20	44	21	86	22	84	23	87	24	77	25	44	26	1	27	21	28	97	29	48
	0	25	1	40	2	20	3	93	4	64	5	12	6	50	7	97	8	4	9	30	10	6	11	14	12	62	13	45	14	86	15	11	16	49	17	55	18	5	19	40	20	67	21	28	22	85	23	37	24	30	25	40	26	70	27	98	28	26	29	78
	0	13	1	43	2	31	3	34	4	43	5	42	6	34	7	73	8	2	9	82	10	70	11	73	12	42	13	95	14	33	15	61	16	92	17	62	18	37	19	90	20	35	21	94	22	46	23	31	24	78	25	18	26	72	27	85	28	85	29	46
	0	42	1	31	2	16	3	94	4	63	5	56	6	84	7	82	8	33	9	53	10	28	11	31	12	91	13	74	14	68	15	30	16	100	17	64	18	78	19	61	20	93	21	28	22	9	23	79	24	50	25	2	26	30	27	3	28	62	29	20
	0	89	1	60	2	10	3	20	4	91	5	76	6	75	7	11	8	62	9	32	10	42	11	96	12	35	13	5	14	61	15	35	16	87	17	71	18	1	19	87	20	4	21	42	22	87	23	59	24	52	25	64	26	14	27	53	28	94	29	91
	0	84	1	4	2	69	3	18	4	97	5	24	6	22	7	39	8	4	9	21	10	61	11	62	12	100	13	34	14	72	15	92	16	6	17	25	18	21	19	68	20	84	21	5	22	25	23	21	24	72	25	83	26	62	27	71	28	30	29	87
	0	69	1	9	2	56	3	60	4	34	5	96	6	80	7	61	8	87	9	9	10	69	11	17	12	39	13	93	14	3	15	90	16	35	17	6	18	84	19	73	20	14	21	76	22	4	23	29	24	92	25	85	26	83	27	17	28	5	29	73
	0	50	1	95	2	95	3	7	4	29	5	78	6	11	7	75	8	43	9	89	10	57	11	88	12	72	13	49	14	23	15	99	16	7	17	73	18	63	19	87	20	87	21	76	22	30	23	50	24	23	25	12	26	50	27	2	28	39	29	91
	0	20	1	93	2	82	3	57	4	63	5	66	6	84	7	9	8	51	9	36	10	77	11	2	12	3	13	56	14	98	15	79	16	10	17	6	18	24	19	84	20	44	21	4	22	39	23	93	24	51	25	45	26	13	27	43	28	39	29	14
	0	42	1	48	2	13	3	8	4	92	5	42	6	5	7	92	8	38	9	69	10	21	11	59	12	83	13	38	14	87	15	70	16	14	17	82	18	69	19	88	20	24	21	11	22	8	23	50	24	98	25	46	26	82	27	21	28	52	29	54
	0	98	1	41	2	75	3	48	4	62	5	44	6	5	7	9	8	1	9	16	10	39	11	40	12	10	13	31	14	67	15	69	16	68	17	62	18	71	19	48	20	37	21	76	22	36	23	32	24	32	25	45	26	52	27	24	28	48	29	38
	0	26	1	12	2	57	3	78	4	5	5	61	6	17	7	81	8	2	9	4	10	74	11	97	12	69	13	65	14	30	15	35	16	45	17	9	18	2	19	41	20	3	21	82	22	23	23	48	24	44	25	14	26	38	27	37	28	26	29	77
	0	94	1	55	2	29	3	26	4	43	5	98	6	83	7	74	8	95	9	49	10	23	11	65	12	95	13	21	14	41	15	54	16	8	17	60	18	39	19	11	20	37	21	92	22	25	23	3	24	6	25	36	26	93	27	13	28	93	29	99
	0	75	1	21	2	84	3	37	4	63	5	42	6	78	7	50	8	40	9	87	10	85	11	30	12	66	13	16	14	78	15	100	16	3	17	77	18	97	19	93	20	81	21	67	22	18	23	79	24	37	25	41	26	34	27	22	28	85	29	73
	0	10	1	31	2	86	3	36	4	4	5	48	6	37	7	47	8	81	9	59	10	92	11	16	12	47	13	58	14	87	15	72	16	83	17	71	18	35	19	73	20	65	21	26	22	8	23	6	24	86	25	39	26	20	27	45	28	28	29	41
	0	78	1	30	2	46	3	61	4	82	5	66	6	59	7	53	8	70	9	66	10	64	11	28	12	37	13	87	14	10	15	18	16	97	17	38	18	17	19	1	20	49	21	42	22	5	23	49	24	69	25	98	26	76	27	89	28	38	29	73
	0	76	1	78	2	89	3	6	4	5	5	41	6	17	7	18	8	76	9	21	10	87	11	62	12	35	13	35	14	57	15	44	16	74	17	46	18	69	19	5	20	29	21	80	22	91	23	48	24	26	25	57	26	15	27	52	28	20	29	20
	0	40	1	1	2	39	3	72	4	95	5	12	6	35	7	52	8	76	9	64	10	1	11	20	12	20	13	40	14	98	15	36	16	15	17	44	18	9	19	31	20	32	21	55	22	15	23	26	24	39	25	20	26	62	27	43	28	11	29	16
	0	42	1	1	2	56	3	18	4	47	5	11	6	26	7	52	8	29	9	99	10	81	11	39	12	1	13	21	14	11	15	40	16	51	17	62	18	57	19	56	20	56	21	12	22	71	23	59	24	19	25	86	26	4	27	52	28	63	29	5
	0	25	1	77	2	66	3	77	4	98	5	25	6	100	7	36	8	75	9	14	10	28	11	16	12	83	13	44	14	62	15	97	16	8	17	46	18	90	19	21	20	14	21	65	22	25	23	82	24	32	25	77	26	25	27	28	28	30	29	100
	0	1	1	41	2	36	3	60	4	8	5	70	6	62	7	39	8	71	9	39	10	89	11	78	12	15	13	62	14	67	15	43	16	91	17	21	18	69	19	76	20	3	21	100	22	96	23	71	24	97	25	83	26	16	27	58	28	66	29	53
	0	94	1	84	2	70	3	50	4	28	5	31	6	79	7	78	8	28	9	92	10	99	11	64	12	75	13	13	14	21	15	24	16	53	17	63	18	18	19	69	20	57	21	91	22	76	23	58	24	100	25	86	26	24	27	9	28	85	29	39
	0	20	1	83	2	4	3	91	4	81	5	34	6	95	7	93	8	88	9	75	10	56	11	28	12	96	13	6	14	96	15	76	16	19	17	14	18	90	19	97	20	88	21	17	22	44	23	89	24	87	25	35	26	4	27	36	28	28	29	6
	0	55	1	49	2	9	3	71	4	4	5	69	6	68	7	94	8	38	9	89	10	37	11	13	12	90	13	6	14	45	15	12	16	74	17	14	18	32	19	72	20	62	21	1	22	71	23	44	24	11	25	7	26	14	27	45	28	67	29	63
	0	1	1	73	2	2	3	2	4	1	5	93	6	69	7	32	8	84	9	36	10	67	11	2	12	24	13	20	14	59	15	99	16	97	17	80	18	90	19	62	20	23	21	62	22	87	23	95	24	54	25	30	26	46	27	23	28	26	29	78
	0	34	1	22	2	4	3	58	4	61	5	4	6	10	7	53	8	6	9	56	10	3	11	65	12	97	13	52	14	43	15	1	16	71	17	94	18	75	19	61	20	80	21	45	22	4	23	78	24	13	25	63	26	48	27	57	28	44	29	51
	0	89	1	4	2	30	3	81	4	71	5	63	6	21	7	50	8	94	9	83	10	57	11	83	12	19	13	89	14	54	15	1	16	82	17	36	18	19	19	92	20	72	21	55	22	39	23	77	24	32	25	39	26	22	27	53	28	80	29	8
	0	8	1	48	2	66	3	66	4	65	5	24	6	4	7	39	8	34	9	22	10	57	11	39	12	94	13	18	14	46	15	16	16	69	17	47	18	26	19	83	20	80	21	8	22	51	23	17	24	21	25	60	26	8	27	89	28	30	29	79
	0	1	1	67	2	50	3	5	4	12	5	85	6	31	7	48	8	78	9	90	10	4	11	93	12	48	13	5	14	25	15	32	16	18	17	58	18	84	19	28	20	53	21	76	22	11	23	71	24	46	25	50	26	37	27	88	28	79	29	2
	0	84	1	16	2	80	3	22	4	89	5	58	6	79	7	58	8	3	9	64	10	34	11	72	12	98	13	24	14	63	15	92	16	88	17	56	18	92	19	25	20	45	21	22	22	38	23	26	24	53	25	24	26	59	27	11	28	55	29	39
	0	37	1	75	2	65	3	5	4	7	5	59	6	52	7	76	8	16	9	60	10	37	11	98	12	88	13	92	14	38	15	67	16	40	17	36	18	56	19	89	20	41	21	33	22	9	23	46	24	52	25	21	26	31	27	26	28	65	29	8
	0	2	1	85	2	20	3	34	4	86	5	50	6	92	7	69	8	74	9	73	10	64	11	41	12	75	13	88	14	24	15	9	16	4	17	59	18	65	19	1	20	33	21	92	22	61	23	95	24	39	25	55	26	60	27	23	28	50	29	46
	0	9	1	100	2	62	3	85	4	11	5	31	6	94	7	21	8	67	9	42	10	96	11	96	12	61	13	29	14	40	15	89	16	96	17	32	18	34	19	31	20	68	21	77	22	56	23	92	24	69	25	30	26	7	27	44	28	21	29	74
	0	2	1	72	2	6	3	98	4	78	5	86	6	37	7	43	8	67	9	50	10	82	11	71	12	70	13	37	14	41	15	26	16	37	17	67	18	28	19	24	20	25	21	99	22	26	23	80	24	98	25	77	26	100	27	55	28	91	29	46
	0	93	1	91	2	58	3	1	4	39	5	65	6	48	7	26	8	72	9	77	10	17	11	33	12	9	13	49	14	53	15	22	16	33	17	13	18	56	19	4	20	17	21	97	22	30	23	71	24	59	25	55	26	59	27	2	28	11	29	90
	0	80	1	35	2	25	3	66	4	73	5	48	6	65	7	14	8	31	9	31	10	36	11	62	12	90	13	32	14	39	15	74	16	12	17	19	18	59	19	48	20	68	21	96	22	27	23	17	24	61	25	41	26	35	27	69	28	78	29	84
	0	79	1	56	2	68	3	21	4	66	5	71	6	86	7	41	8	9	9	11	10	43	11	17	12	91	13	58	14	62	15	71	16	85	17	42	18	20	19	35	20	40	21	63	22	27	23	52	24	95	25	99	26	88	27	96	28	63	29	20
	0	22	1	5	2	100	3	78	4	57	5	56	6	56	7	52	8	16	9	20	10	67	11	74	12	57	13	87	14	48	15	49	16	44	17	40	18	77	19	51	20	59	21	15	22	89	23	68	24	71	25	97	26	26	27	12	28	37	29	9
	0	3	1	31	2	93	3	12	4	93	5	78	6	59	7	30	8	33	9	32	10	69	11	42	12	5	13	70	14	4	15	36	16	62	17	45	18	79	19	90	20	70	21	2	22	18	23	43	24	17	25	50	26	20	27	67	28	96	29	76
	0	94	1	42	2	56	3	51	4	26	5	14	6	95	7	84	8	90	9	71	10	29	11	10	12	30	13	77	14	61	15	22	16	73	17	45	18	31	19	85	20	43	21	40	22	36	23	98	24	94	25	43	26	29	27	72	28	76	29	16
	0	53	1	61	2	2	3	49	4	69	5	55	6	89	7	86	8	63	9	23	10	78	11	48	12	72	13	64	14	69	15	8	16	40	17	99	18	10	19	87	20	2	21	33	22	44	23	71	24	68	25	41	26	93	27	78	28	25	29	74
	0	26	1	7	2	14	3	89	4	61	5	69	6	36	7	47	8	80	9	65	10	78	11	25	12	57	13	69	14	85	15	46	16	37	17	34	18	20	19	26	20	22	21	22	22	66	23	79	24	25	25	28	26	79	27	37	28	27	29	48
	0	100	1	71	2	37	3	23	4	66	5	37	6	31	7	34	8	95	9	56	10	34	11	54	12	36	13	20	14	67	15	78	16	86	17	85	18	70	19	66	20	48	21	78	22	69	23	99	24	57	25	42	26	59	27	19	28	4	29	92
	0	17	1	96	2	47	3	57	4	62	5	56	6	66	7	28	8	26	9	62	10	31	11	36	12	15	13	20	14	57	15	40	16	59	17	61	18	90	19	88	20	86	21	30	22	43	23	81	24	72	25	58	26	59	27	64	28	53	29	19
	0	97	1	14	2	91	3	100	4	50	5	1	6	34	7	15	8	43	9	40	10	22	11	61	12	70	13	71	14	24	15	92	16	80	17	20	18	90	19	44	20	5	21	37	22	84	23	68	24	92	25	13	26	10	27	26	28	96	29	17
	0	49	1	65	2	32	3	14	4	86	5	79	6	93	7	49	8	70	9	22	10	94	11	3	12	51	13	30	14	89	15	69	16	90	17	64	18	65	19	95	20	26	21	88	22	35	23	92	24	48	25	31	26	54	27	4	28	17	29	20
	0	42	1	97	2	17	3	58	4	3	5	2	6	46	7	92	8	52	9	22	10	69	11	13	12	89	13	96	14	2	15	54	16	6	17	65	18	78	19	97	20	93	21	3	22	38	23	96	24	81	25	88	26	45	27	90	28	57	29	36
	0	89	1	46	2	12	3	28	4	65	5	63	6	27	7	92	8	22	9	35	10	99	11	21	12	16	13	38	14	66	15	52	16	22	17	9	18	87	19	22	20	85	21	11	22	62	23	82	24	9	25	11	26	37	27	37	28	23	29	26
	0	1	1	40	2	76	3	100	4	71	5	61	6	30	7	11	8	37	9	98	10	74	11	44	12	1	13	21	14	74	15	62	16	35	17	54	18	18	19	60	20	41	21	28	22	41	23	94	24	94	25	71	26	26	27	12	28	93	29	28
	0	14	1	36	2	55	3	2	4	87	5	64	6	25	7	71	8	83	9	95	10	91	11	35	12	70	13	95	14	23	15	74	16	92	17	63	18	75	19	38	20	53	21	60	22	24	23	97	24	9	25	96	26	29	27	14	28	86	29	19
	0	35	1	28	2	33	3	30	4	58	5	58	6	90	7	13	8	28	9	63	10	30	11	72	12	64	13	22	14	86	15	1	16	21	17	8	18	2	19	34	20	35	21	90	22	47	23	51	24	37	25	72	26	84	27	32	28	29	29	53
	0	93	1	91	2	44	3	77	4	77	5	33	6	22	7	94	8	10	9	8	10	78	11	66	12	6	13	65	14	52	15	77	16	3	17	16	18	50	19	30	20	16	21	81	22	37	23	48	24	79	25	66	26	26	27	21	28	94	29	81
	0	75	1	33	2	59	3	25	4	96	5	94	6	26	7	82	8	25	9	50	10	30	11	1	12	20	13	37	14	81	15	59	16	72	17	22	18	14	19	32	20	59	21	19	22	31	23	25	24	70	25	3	26	86	27	25	28	83	29	38
	0	100	1	85	2	69	3	1	4	5	5	59	6	62	7	74	8	43	9	32	10	19	11	16	12	89	13	32	14	41	15	59	16	58	17	4	18	61	19	78	20	17	21	80	22	91	23	36	24	28	25	100	26	95	27	95	28	63	29	39
	0	43	1	44	2	97	3	53	4	33	5	5	6	57	7	67	8	10	9	90	10	75	11	48	12	24	13	35	14	87	15	31	16	77	17	40	18	71	19	14	20	76	21	70	22	19	23	31	24	86	25	16	26	67	27	56	28	44	29	18
	0	61	1	5	2	90	3	88	4	11	5	53	6	9	7	94	8	52	9	66	10	2	11	88	12	49	13	11	14	32	15	1	16	79	17	15	18	8	19	18	20	90	21	67	22	95	23	22	24	33	25	95	26	79	27	68	28	95	29	54
	0	18	1	16	2	92	3	12	4	51	5	44	6	1	7	23	8	61	9	19	10	32	11	9	12	94	13	95	14	78	15	17	16	5	17	58	18	80	19	93	20	58	21	55	22	15	23	5	24	15	25	62	26	83	27	19	28	100	29	82
	0	39	1	72	2	88	3	84	4	22	5	38	6	98	7	12	8	59	9	60	10	70	11	34	12	49	13	90	14	41	15	11	16	55	17	73	18	73	19	4	20	61	21	60	22	97	23	40	24	80	25	35	26	56	27	18	28	98	29	91
	0	74	1	23	2	9	3	100	4	96	5	72	6	77	7	47	8	50	9	21	10	12	11	28	12	42	13	92	14	62	15	39	16	89	17	14	18	58	19	3	20	40	21	87	22	53	23	3	24	42	25	89	26	51	27	26	28	55	29	20
	0	16	1	38	2	23	3	31	4	100	5	45	6	56	7	78	8	42	9	96	10	69	11	24	12	17	13	54	14	98	15	49	16	37	17	29	18	83	19	60	20	46	21	44	22	78	23	6	24	41	25	97	26	53	27	45	28	27	29	13
	0	71	1	100	2	82	3	27	4	62	5	24	6	87	7	24	8	48	9	53	10	57	11	28	12	65	13	3	14	64	15	29	16	84	17	63	18	49	19	69	20	60	21	78	22	62	23	47	24	30	25	15	26	73	27	4	28	37	29	76
	0	41	1	94	2	83	3	91	4	51	5	60	6	2	7	97	8	30	9	70	10	28	11	99	12	21	13	77	14	90	15	63	16	77	17	9	18	63	19	93	20	80	21	10	22	56	23	76	24	33	25	78	26	8	27	15	28	50	29	79
	0	45	1	77	2	58	3	31	4	91	5	28	6	83	7	83	8	51	9	20	10	70	11	32	12	17	13	69	14	92	15	66	16	46	17	40	18	13	19	14	20	21	21	99	22	21	23	39	24	99	25	39	26	65	27	14	28	97	29	61
	0	34	1	62	2	75	3	72	4	76	5	52	6	14	7	47	8	47	9	78	10	10	11	41	12	33	13	69	14	9	15	71	16	84	17	4	18	75	19	93	20	60	21	26	22	61	23	44	24	69	25	83	26	14	27	27	28	51	29	50
	0	50	1	60	2	43	3	85	4	67	5	8	6	25	7	46	8	94	9	86	10	21	11	67	12	77	13	84	14	25	15	58	16	69	17	60	18	71	19	94	20	69	21	9	22	42	23	93	24	10	25	90	26	31	27	10	28	21	29	78
	0	63	1	92	2	91	3	69	4	54	5	67	6	11	7	61	8	68	9	67	10	89	11	84	12	89	13	11	14	43	15	49	16	38	17	88	18	30	19	44	20	81	21	25	22	61	23	2	24	12	25	27	26	12	27	4	28	19	29	25
	0	35	1	5	2	60	3	63	4	14	5	97	6	2	7	19	8	38	9	33	10	2	11	36	12	81	13	83	14	43	15	11	16	98	17	14	18	44	19	62	20	97	21	86	22	4	23	75	24	33	25	12	26	58	27	4	28	34	29	51
	0	55	1	72	2	67	3	100	4	80	5	98	6	84	7	7	8	77	9	37	10	27	11	51	12	56	13	34	14	70	15	25	16	85	17	5	18	24	19	33	20	100	21	98	22	45	23	95	24	85	25	11	26	11	27	5	28	100	29	63
	0	63	1	1	2	69	3	36	4	23	5	28	6	47	7	45	8	37	9	10	10	31	11	9	12	2	13	70	14	91	15	8	16	79	17	54	18	21	19	71	20	1	21	34	22	44	23	26	24	19	25	35	26	29	27	91	28	65	29	75
	0	93	1	8	2	3	3	24	4	98	5	38	6	3	7	33	8	64	9	70	10	77	11	69	12	71	13	12	14	31	15	73	16	3	17	69	18	49	19	15	20	69	21	28	22	100	23	27	24	98	25	94	26	35	27	21	28	97	29	61
	0	13	1	41	2	22	3	7	4	82	5	90	6	86	7	41	8	5	9	36	10	21	11	48	12	79	13	2	14	62	15	10	16	28	17	67	18	19	19	92	20	41	21	57	22	51	23	30	24	93	25	93	26	66	27	60	28	77	29	20
	0	8	1	54	2	15	3	49	4	6	5	92	6	48	7	72	8	86	9	45	10	21	11	33	12	88	13	73	14	91	15	74	16	28	17	58	18	52	19	87	20	99	21	15	22	37	23	28	24	99	25	75	26	43	27	92	28	35	29	97
	0	3	1	49	2	40	3	96	4	79	5	73	6	96	7	58	8	67	9	47	10	58	11	91	12	36	13	98	14	18	15	49	16	29	17	6	18	51	19	100	20	9	21	93	22	36	23	43	24	42	25	78	26	54	27	95	28	11	29	62
	0	76	1	95	2	39	3	78	4	28	5	99	6	57	7	12	8	77	9	66	10	28	11	88	12	72	13	58	14	35	15	80	16	48	17	97	18	78	19	66	20	68	21	68	22	49	23	74	24	57	25	41	26	77	27	59	28	61	29	65
	0	51	1	16	2	42	3	55	4	81	5	28	6	64	7	65	8	47	9	91	10	67	11	41	12	38	13	75	14	2	15	63	16	94	17	5	18	98	19	50	20	95	21	77	22	77	23	83	24	66	25	43	26	19	27	42	28	85	29	24
	0	76	1	97	2	13	3	42	4	67	5	92	6	97	7	72	8	1	9	86	10	92	11	64	12	15	13	69	14	26	15	87	16	33	17	63	18	87	19	77	20	70	21	57	22	9	23	12	24	33	25	57	26	2	27	42	28	14	29	39
	0	30	1	30	2	62	3	43	4	44	5	7	6	71	7	37	8	23	9	33	10	45	11	41	12	81	13	9	14	4	15	4	16	41	17	4	18	57	19	55	20	82	21	74	22	48	23	79	24	16	25	97	26	48	27	88	28	42	29	37
	0	68	1	94	2	96	3	32	4	90	5	94	6	85	7	55	8	56	9	33	10	68	11	88	12	64	13	99	14	46	15	32	16	51	17	61	18	50	19	8	20	74	21	75	22	43	23	54	24	100	25	93	26	84	27	7	28	92	29	66
	0	18	1	24	2	36	3	28	4	88	5	88	6	37	7	79	8	71	9	3	10	4	11	40	12	9	13	64	14	81	15	20	16	68	17	65	18	4	19	22	20	45	21	85	22	89	23	96	24	29	25	49	26	77	27	88	28	51	29	72
	0	93	1	69	2	7	3	21	4	9	5	29	6	29	7	59	8	90	9	67	10	36	11	49	12	83	13	28	14	95	15	40	16	78	17	49	18	69	19	67	20	44	21	30	22	34	23	18	24	20	25	31	26	94	27	67	28	11	29	69
	0	26	1	70	2	38	3	63	4	29	5	77	6	10	7	49	8	64	9	6	10	44	11	66	12	4	13	64	14	43	15	84	16	44	17	46	18	96	19	25	20	20	21	24	22	85	23	94	24	47	25	96	26	88	27	34	28	88	29	94
	0	20	1	53	2	87	3	33	4	69	5	4	6	53	7	65	8	94	9	3	10	58	11	91	12	100	13	23	14	100	15	98	16	16	17	8	18	46	19	65	20	32	21	71	22	36	23	46	24	75	25	86	26	35	27	8	28	24	29	95
	0	55	1	94	2	2	3	75	4	84	5	43	6	89	7	38	8	91	9	86	10	50	11	70	12	97	13	79	14	68	15	24	16	40	17	75	18	18	19	16	20	59	21	29	22	41	23	3	24	76	25	74	26	93	27	43	28	67	29	42
	0	68	1	45	2	37	3	4	4	39	5	78	6	36	7	36	8	56	9	98	10	1	11	65	12	99	13	96	14	87	15	36	16	65	17	95	18	38	19	100	20	46	21	34	22	13	23	24	24	37	25	25	26	46	27	71	28	52	29	66
	0	36	1	92	2	66	3	55	4	68	5	40	6	95	7	25	8	33	9	96	10	89	11	7	12	85	13	56	14	95	15	86	16	53	17	29	18	17	19	98	20	1	21	49	22	83	23	6	24	8	25	87	26	90	27	28	28	98	29	29
	0	97	1	20	2	51	3	50	4	71	5	32	6	80	7	94	8	18	9	90	10	34	11	62	12	61	13	78	14	94	15	39	16	25	17	13	18	41	19	28	20	56	21	38	22	34	23	78	24	91	25	89	26	13	27	6	28	30	29	96
	0	27	1	67	2	7	3	33	4	45	5	11	6	46	7	24	8	98	9	35	10	38	11	60	12	70	13	22	14	5	15	13	16	19	17	21	18	8	19	13	20	19	21	4	22	24	23	57	24	34	25	20	26	17	27	51	28	70	29	21
	0	42	1	97	2	74	3	29	4	92	5	98	6	70	7	72	8	60	9	18	10	45	11	7	12	68	13	40	14	41	15	18	16	13	17	100	18	1	19	34	20	97	21	86	22	74	23	28	24	70	25	36	26	97	27	81	28	91	29	80
	0	90	1	24	2	72	3	94	4	27	5	86	6	97	7	72	8	97	9	31	10	92	11	40	12	37	13	33	14	5	15	45	16	19	17	41	18	32	19	20	20	23	21	38	22	77	23	95	24	12	25	75	26	50	27	95	28	12	29	49
	0	25	1	72	2	52	3	56	4	22	5	33	6	18	7	37	8	98	9	76	10	18	11	87	12	27	13	54	14	86	15	10	16	26	17	6	18	45	19	34	20	68	21	41	22	16	23	20	24	67	25	68	26	61	27	19	28	29	29	95
	0	63	1	83	2	13	3	42	4	9	5	13	6	52	7	53	8	23	9	6	10	5	11	96	12	48	13	42	14	58	15	66	16	100	17	14	18	92	19	68	20	30	21	95	22	86	23	21	24	55	25	91	26	17	27	99	28	69	29	38
	0	78	1	33	2	31	3	22	4	35	5	15	6	83	7	41	8	80	9	82	10	66	11	43	12	60	13	79	14	18	15	98	16	86	17	18	18	82	19	95	20	50	21	91	22	56	23	68	24	8	25	6	26	60	27	91	28	12	29	42
	0	5	1	11	2	78	3	46	4	91	5	81	6	50	7	32	8	65	9	37	10	81	11	35	12	14	13	26	14	38	15	40	16	82	17	60	18	20	19	91	20	29	21	82	22	24	23	46	24	75	25	53	26	13	27	32	28	96	29	87
	0	66	1	18	2	56	3	17	4	17	5	13	6	14	7	51	8	2	9	50	10	18	11	51	12	89	13	18	14	81	15	60	16	48	17	55	18	13	19	33	20	78	21	8	22	35	23	80	24	26	25	21	26	10	27	99	28	38	29	23
	0	74	1	69	2	31	3	11	4	32	5	37	6	89	7	48	8	66	9	99	10	18	11	36	12	74	13	84	14	96	15	25	16	26	17	74	18	29	19	67	20	6	21	25	22	82	23	28	24	88	25	68	26	48	27	16	28	54	29	9
	0	79	1	94	2	51	3	58	4	88	5	70	6	62	7	56	8	100	9	6	10	8	11	70	12	6	13	73	14	37	15	87	16	50	17	38	18	52	19	27	20	55	21	79	22	76	23	45	24	67	25	51	26	73	27	5	28	65	29	48
	0	70	1	34	2	89	3	46	4	29	5	99	6	51	7	7	8	95	9	58	10	59	11	81	12	97	13	85	14	58	15	60	16	79	17	64	18	59	19	31	20	8	21	1	22	34	23	62	24	55	25	3	26	72	27	15	28	70	29	25
	0	37	1	45	2	90	3	81	4	78	5	73	6	54	7	63	8	70	9	98	10	1	11	29	12	87	13	7	14	85	15	41	16	49	17	6	18	45	19	72	20	87	21	65	22	91	23	8	24	3	25	50	26	100	27	12	28	44	29	97
	0	52	1	39	2	3	3	51	4	20	5	5	6	16	7	55	8	19	9	50	10	24	11	84	12	69	13	57	14	9	15	54	16	19	17	12	18	37	19	38	20	48	21	17	22	57	23	90	24	38	25	84	26	36	27	39	28	86	29	85
	0	40	1	15	2	89	3	34	4	89	5	22	6	33	7	14	8	29	9	61	10	61	11	84	12	27	13	70	14	12	15	31	16	61	17	33	18	42	19	50	20	62	21	95	22	72	23	58	24	49	25	46	26	35	27	92	28	36	29	92
	0	8	1	37	2	24	3	23	4	48	5	73	6	100	7	31	8	73	9	67	10	1	11	52	12	62	13	17	14	25	15	24	16	58	17	43	18	85	19	96	20	91	21	80	22	48	23	30	24	72	25	4	26	2	27	61	28	14	29	24
	0	42	1	33	2	83	3	85	4	67	5	16	6	88	7	98	8	26	9	62	10	55	11	75	12	74	13	74	14	52	15	28	16	97	17	78	18	60	19	85	20	31	21	31	22	1	23	7	24	99	25	11	26	73	27	18	28	12	29	54
	0	48	1	94	2	24	3	53	4	45	5	48	6	47	7	28	8	65	9	25	10	41	11	16	12	64	13	1	14	49	15	66	16	3	17	22	18	55	19	31	20	88	21	52	22	58	23	67	24	100	25	11	26	6	27	18	28	69	29	13
	0	31	1	30	2	61	3	47	4	85	5	6	6	52	7	45	8	53	9	32	10	31	11	48	12	98	13	5	14	55	15	59	16	83	17	54	18	35	19	30	20	44	21	41	22	34	23	38	24	32	25	70	26	10	27	48	28	39	29	49
	0	28	1	54	2	73	3	86	4	18	5	52	6	62	7	9	8	81	9	98	10	79	11	39	12	32	13	37	14	36	15	57	16	54	17	15	18	91	19	52	20	11	21	9	22	41	23	35	24	10	25	42	26	26	27	47	28	53	29	53
	0	53	1	11	2	83	3	56	4	7	5	6	6	31	7	5	8	22	9	44	10	28	11	30	12	27	13	100	14	10	15	38	16	76	17	14	18	58	19	84	20	47	21	66	22	40	23	45	24	56	25	2	26	49	27	61	28	22	29	43
	0	41	1	34	2	86	3	30	4	41	5	89	6	59	7	65	8	57	9	30	10	69	11	58	12	12	13	65	14	8	15	6	16	2	17	75	18	22	19	32	20	31	21	38	22	82	23	89	24	79	25	49	26	33	27	93	28	2	29	97
	0	9	1	43	2	86	3	80	4	56	5	43	6	79	7	71	8	15	9	25	10	99	11	75	12	36	13	60	14	69	15	30	16	41	17	84	18	41	19	48	20	59	21	81	22	11	23	94	24	86	25	2	26	26	27	57	28	47	29	27
	0	44	1	51	2	85	3	71	4	91	5	52	6	69	7	1	8	44	9	74	10	18	11	38	12	3	13	16	14	90	15	25	16	58	17	52	18	51	19	4	20	54	21	32	22	58	23	43	24	5	25	27	26	4	27	79	28	27	29	36
	0	8	1	85	2	66	3	27	4	54	5	88	6	58	7	90	8	8	9	71	10	52	11	19	12	69	13	46	14	64	15	57	16	33	17	90	18	57	19	61	20	73	21	73	22	64	23	81	24	70	25	19	26	90	27	58	28	42	29	79
	0	73	1	74	2	56	3	11	4	82	5	30	6	29	7	97	8	82	9	11	10	42	11	33	12	91	13	83	14	25	15	78	16	19	17	26	18	96	19	58	20	66	21	88	22	48	23	36	24	90	25	25	26	31	27	18	28	12	29	63
	0	62	1	52	2	99	3	91	4	66	5	16	6	27	7	66	8	32	9	39	10	54	11	7	12	23	13	80	14	18	15	89	16	5	17	55	18	53	19	79	20	46	21	95	22	2	23	64	24	26	25	78	26	46	27	69	28	57	29	68
	0	91	1	68	2	84	3	37	4	87	5	29	6	46	7	71	8	55	9	44	10	90	11	92	12	61	13	47	14	85	15	21	16	61	17	16	18	80	19	83	20	93	21	98	22	81	23	31	24	5	25	24	26	64	27	25	28	40	29	96
	0	49	1	9	2	14	3	52	4	87	5	61	6	64	7	59	8	34	9	15	10	39	11	73	12	39	13	76	14	84	15	79	16	45	17	78	18	19	19	93	20	84	21	61	22	14	23	92	24	32	25	62	26	35	27	4	28	27	29	39
	0	77	1	65	2	92	3	94	4	40	5	45	6	6	7	43	8	1	9	78	10	5	11	50	12	75	13	66	14	25	15	49	16	1	17	23	18	2	19	87	20	60	21	99	22	7	23	75	24	37	25	96	26	64	27	45	28	71	29	40
	0	88	1	24	2	56	3	12	4	50	5	93	6	97	7	26	8	35	9	86	10	15	11	11	12	63	13	40	14	78	15	33	16	98	17	8	18	82	19	79	20	40	21	98	22	24	23	68	24	95	25	1	26	25	27	72	28	74	29	3
	0	15	1	71	2	28	3	19	4	73	5	49	6	74	7	86	8	85	9	30	10	25	11	88	12	70	13	6	14	48	15	15	16	83	17	91	18	18	19	88	20	98	21	22	22	22	23	76	24	18	25	82	26	55	27	2	28	89	29	9
	0	91	1	22	2	86	3	38	4	36	5	7	6	18	7	65	8	93	9	72	10	72	11	41	12	86	13	31	14	73	15	41	16	29	17	70	18	46	19	55	20	53	21	66	22	9	23	5	24	99	25	100	26	24	27	76	28	50	29	33
	0	84	1	21	2	78	3	54	4	25	5	82	6	9	7	6	8	76	9	25	10	25	11	59	12	99	13	94	14	84	15	88	16	77	17	19	18	12	19	61	20	43	21	43	22	79	23	54	24	75	25	57	26	100	27	60	28	90	29	38
	0	100	1	36	2	12	3	50	4	31	5	12	6	94	7	46	8	49	9	75	10	28	11	72	12	65	13	73	14	76	15	77	16	46	17	23	18	80	19	70	20	33	21	10	22	69	23	73	24	78	25	7	26	48	27	82	28	39	29	65
	0	38	1	5	2	84	3	43	4	18	5	65	6	78	7	77	8	73	9	76	10	70	11	12	12	51	13	24	14	93	15	52	16	82	17	30	18	53	19	86	20	27	21	50	22	62	23	3	24	43	25	67	26	41	27	16	28	78	29	62
	0	14	1	35	2	56	3	68	4	40	5	75	6	94	7	59	8	80	9	90	10	66	11	18	12	91	13	54	14	16	15	76	16	74	17	49	18	69	19	42	20	46	21	17	22	7	23	42	24	1	25	91	26	100	27	47	28	68	29	13
	0	10	1	56	2	3	3	4	4	7	5	68	6	61	7	41	8	77	9	55	10	31	11	58	12	93	13	19	14	40	15	77	16	89	17	99	18	52	19	30	20	57	21	56	22	24	23	46	24	54	25	57	26	85	27	86	28	99	29	36
	0	64	1	68	2	81	3	99	4	68	5	21	6	21	7	98	8	100	9	41	10	48	11	1	12	57	13	53	14	98	15	31	16	52	17	95	18	33	19	43	20	57	21	77	22	37	23	65	24	42	25	92	26	47	27	29	28	84	29	68
	0	16	1	60	2	44	3	91	4	28	5	3	6	56	7	49	8	99	9	1	10	67	11	63	12	35	13	69	14	18	15	10	16	42	17	2	18	71	19	63	20	6	21	31	22	100	23	83	24	72	25	15	26	15	27	61	28	12	29	23
	0	97	1	77	2	49	3	46	4	30	5	30	6	81	7	54	8	93	9	65	10	14	11	76	12	29	13	82	14	11	15	62	16	7	17	27	18	10	19	88	20	48	21	73	22	60	23	65	24	74	25	59	26	93	27	4	28	15	29	51
Reldue
-1	4064	-1	1
-1	4928	-1	1
-1	8686	-1	1
-1	4406	-1	1
-1	3956	-1	1
-1	4549	-1	1
-1	8097	-1	1
-1	10457	-1	1
-1	9358	-1	1
-1	4118	-1	1
-1	12459	-1	1
-1	8812	-1	1
-1	2724	-1	1
-1	9877	-1	1
-1	3489	-1	1
-1	9748	-1	1
-1	12831	-1	1
-1	2802	-1	1
-1	7525	-1	1
-1	9949	-1	1
-1	2370	-1	1
-1	6673	-1	1
-1	6782	-1	1
-1	8710	-1	1
-1	6924	-1	1
-1	4691	-1	1
-1	8745	-1	1
-1	4995	-1	1
-1	2142	-1	1
-1	11055	-1	1
-1	10167	-1	1
-1	7425	-1	1
-1	11650	-1	1
-1	8326	-1	1
-1	5876	-1	1
-1	10089	-1	1
-1	8817	-1	1
-1	4167	-1	1
-1	7719	-1	1
-1	7322	-1	1
-1	13415	-1	1
-1	6326	-1	1
-1	6724	-1	1
-1	6215	-1	1
-1	12564	-1	1
-1	11000	-1	1
-1	2247	-1	1
-1	10241	-1	1
-1	7266	-1	1
-1	8832	-1	1
-1	13569	-1	1
-1	9046	-1	1
-1	7549	-1	1
-1	3919	-1	1
-1	4086	-1	1
-1	12352	-1	1
-1	13462	-1	1
-1	9014	-1	1
-1	3235	-1	1
-1	4553	-1	1
-1	10340	-1	1
-1	6428	-1	1
-1	10071	-1	1
-1	4686	-1	1
-1	9692	-1	1
-1	7984	-1	1
-1	4733	-1	1
-1	8580	-1	1
-1	5702	-1	1
-1	9895	-1	1
-1	9659	-1	1
-1	3737	-1	1
-1	13667	-1	1
-1	5240	-1	1
-1	4524	-1	1
-1	3926	-1	1
-1	7541	-1	1
-1	8370	-1	1
-1	6457	-1	1
-1	6508	-1	1
-1	10934	-1	1
-1	13310	-1	1
-1	8017	-1	1
-1	13118	-1	1
-1	12031	-1	1
-1	10667	-1	1
-1	8198	-1	1
-1	10847	-1	1
-1	9594	-1	1
-1	2720	-1	1
-1	10847	-1	1
-1	13490	-1	1
-1	7218	-1	1
-1	6230	-1	1
-1	8660	-1	1
-1	7170	-1	1
-1	10665	-1	1
-1	11993	-1	1
-1	9033	-1	1
-1	11421	-1	1
-1	3898	-1	1
-1	2155	-1	1
-1	8456	-1	1
-1	11995	-1	1
-1	11446	-1	1
-1	11931	-1	1
-1	12796	-1	1
-1	5828	-1	1
-1	5606	-1	1
-1	2261	-1	1
-1	4283	-1	1
-1	2456	-1	1
-1	6692	-1	1
-1	5348	-1	1
-1	5371	-1	1
-1	5189	-1	1
-1	11626	-1	1
-1	10365	-1	1
-1	5311	-1	1
-1	9984	-1	1
-1	11051	-1	1
-1	10173	-1	1
-1	11107	-1	1
-1	4239	-1	1
-1	6053	-1	1
-1	10827	-1	1
-1	6295	-1	1
-1	9341	-1	1
-1	8888	-1	1
-1	8087	-1	1
-1	2930	-1	1
-1	2461	-1	1
-1	3340	-1	1
-1	8499	-1	1
-1	11300	-1	1
-1	2035	-1	1
-1	7537	-1	1
-1	11246	-1	1
-1	12990	-1	1
-1	5719	-1	1
-1	9491	-1	1
-1	10733	-1	1
-1	2413	-1	1
-1	12445	-1	1
-1	6190	-1	1
-1	12381	-1	1
-1	12250	-1	1
-1	11011	-1	1
-1	4527	-1	1
-1	10117	-1	1
-1	6009	-1	1
-1	8396	-1	1
-1	9537	-1	1
-1	6043	-1	1
-1	4992	-1	1
-1	9567	-1	1
-1	4899	-1	1
-1	3163	-1	1
-1	10120	-1	1
-1	4377	-1	1
-1	4000	-1	1
-1	10592	-1	1
-1	9636	-1	1
-1	8277	-1	1
-1	6348	-1	1
-1	9717	-1	1
-1	2825	-1	1
-1	7056	-1	1
-1	2174	-1	1
-1	8754	-1	1
-1	8009	-1	1
-1	10784	-1	1
-1	6709	-1	1
-1	10955	-1	1
-1	2579	-1	1
-1	2605	-1	1
-1	2921	-1	1
-1	6283	-1	1
-1	3911	-1	1
-1	5174	-1	1
-1	3047	-1	1
-1	5475	-1	1
-1	10055	-1	1
-1	9302	-1	1
-1	7946	-1	1
-1	9194	-1	1
-1	3200	-1	1
-1	5209	-1	1
-1	10065	-1	1
-1	7443	-1	1
-1	10592	-1	1
-1	7646	-1	1
-1	12691	-1	1
-1	13477	-1	1
-1	9271	-1	1
-1	4284	-1	1
-1	5889	-1	1
-1	10253	-1	1
-1	3791	-1	1
-1	6165	-1	1
-1	6775	-1	1
-1	7273	-1	1
-1	10476	-1	1
-1	6387	-1	1
-1	4759	-1	1
-1	9618	-1	1
-1	13303	-1	1
-1	8201	-1	1
-1	7435	-1	1
-1	8988	-1	1
-1	6412	-1	1
-1	4993	-1	1
-1	10149	-1	1
-1	3911	-1	1
-1	6394	-1	1
-1	8770	-1	1
-1	8620	-1	1
-1	12266	-1	1
-1	2675	-1	1
-1	3760	-1	1
-1	12638	-1	1
-1	6977	-1	1
-1	4954	-1	1
-1	9761	-1	1
-1	10026	-1	1
-1	2095	-1	1
-1	9277	-1	1
-1	8622	-1	1
-1	9051	-1	1
-1	3000	-1	1
-1	12405	-1	1
-1	6523	-1	1
-1	8737	-1	1
-1	6869	-1	1
-1	7524	-1	1
-1	3011	-1	1
-1	7656	-1	1
-1	7731	-1	1
-1	2946	-1	1
-1	4533	-1	1
-1	12126	-1	1
-1	10341	-1	1
-1	2713	-1	1
-1	11830	-1	1
-1	7704	-1	1
-1	13079	-1	1
-1	8358	-1	1
-1	7452	-1	1
-1	13351	-1	1
-1	5148	-1	1
-1	10080	-1	1
-1	7727	-1	1
-1	11959	-1	1
-1	2865	-1	1
-1	8968	-1	1
-1	11785	-1	1
-1	11597	-1	1
-1	11857	-1	1
-1	9212	-1	1
-1	11744	-1	1
-1	13568	-1	1
-1	4508	-1	1
-1	4315	-1	1
-1	8139	-1	1
-1	6645	-1	1
-1	4860	-1	1
-1	7743	-1	1
-1	12794	-1	1
-1	4197	-1	1
-1	12350	-1	1
-1	5331	-1	1
-1	12561	-1	1
-1	2969	-1	1
-1	3304	-1	1
-1	3099	-1	1
-1	11095	-1	1
-1	3442	-1	1
-1	5608	-1	1
-1	6727	-1	1
-1	10584	-1	1
-1	11645	-1	1
-1	10189	-1	1
-1	6589	-1	1
-1	9534	-1	1
-1	3882	-1	1
-1	2257	-1	1
-1	9976	-1	1
-1	13499	-1	1
-1	3106	-1	1
-1	10879	-1	1
-1	12484	-1	1
-1	11619	-1	1
-1	7823	-1	1
-1	8034	-1	1
-1	3032	-1	1
-1	3872	-1	1
-1	10266	-1	1
-1	7547	-1	1
-1	5968	-1	1
-1	2576	-1	1
-1	3165	-1	1
-1	13115	-1	1
-1	2391	-1	1
-1	5019	-1	1
-1	6467	-1	1
-1	7427	-1	1
-1	9970	-1	1
-1	7452	-1	1
-1	7476	-1	1
-1	12991	-1	1
-1	4931	-1	1
-1	4515	-1	1
-1	4194	-1	1
-1	11778	-1	1
-1	6567	-1	1
-1	3254	-1	1
-1	4250	-1	1
-1	6618	-1	1
-1	2100	-1	1
-1	13401	-1	1
-1	10778	-1	1
-1	5599	-1	1
-1	2879	-1	1
-1	2000	-1	1
-1	6055	-1	1
-1	7023	-1	1
-1	9511	-1	1
-1	2902	-1	1
-1	5349	-1	1
-1	6747	-1	1
-1	6752	-1	1
-1	11267	-1	1
-1	9858	-1	1
-1	5714	-1	1
-1	6312	-1	1
-1	12036	-1	1
-1	7495	-1	1
-1	10170	-1	1
-1	6105	-1	1
-1	13080	-1	1
-1	8831	-1	1
-1	8227	-1	1
-1	7318	-1	1
-1	3649	-1	1
-1	2877	-1	1
-1	3288	-1	1
-1	10626	-1	1
-1	8083	-1	1
-1	13688	-1	1
-1	11729	-1	1
LBCmax: 19559
