50  50
	0	90	1	2	2	92	3	31	4	31	5	1	6	39	7	45	8	85	9	85	10	71	11	51	12	80	13	93	14	41	15	28	16	46	17	40	18	51	19	65	20	6	21	2	22	51	23	31	24	63	25	69	26	97	27	24	28	91	29	90	30	78	31	84	32	39	33	64	34	60	35	82	36	40	37	45	38	16	39	30	40	61	41	68	42	24	43	49	44	39	45	5	46	63	47	12	48	4	49	11
	0	39	1	48	2	56	3	34	4	16	5	55	6	73	7	82	8	37	9	83	10	63	11	66	12	54	13	63	14	67	15	80	16	21	17	10	18	99	19	86	20	93	21	17	22	75	23	96	24	47	25	15	26	56	27	87	28	29	29	81	30	15	31	78	32	75	33	98	34	4	35	70	36	64	37	15	38	86	39	25	40	11	41	61	42	39	43	8	44	3	45	94	46	67	47	62	48	25	49	9
	0	68	1	59	2	46	3	31	4	39	5	54	6	51	7	52	8	25	9	43	10	47	11	10	12	40	13	85	14	69	15	10	16	14	17	67	18	69	19	23	20	51	21	89	22	69	23	34	24	91	25	17	26	6	27	12	28	18	29	38	30	95	31	25	32	65	33	94	34	98	35	21	36	93	37	92	38	70	39	60	40	46	41	16	42	19	43	50	44	23	45	93	46	3	47	31	48	9	49	71
	0	51	1	19	2	54	3	30	4	78	5	82	6	99	7	29	8	37	9	34	10	80	11	49	12	23	13	55	14	67	15	5	16	17	17	67	18	14	19	21	20	57	21	45	22	29	23	89	24	43	25	30	26	91	27	73	28	30	29	61	30	66	31	19	32	76	33	68	34	10	35	70	36	28	37	84	38	52	39	21	40	68	41	51	42	98	43	49	44	70	45	49	46	6	47	98	48	17	49	71
	0	8	1	19	2	87	3	13	4	90	5	82	6	13	7	53	8	55	9	13	10	72	11	47	12	25	13	34	14	56	15	63	16	69	17	91	18	26	19	22	20	44	21	8	22	65	23	30	24	96	25	7	26	70	27	7	28	74	29	67	30	57	31	65	32	18	33	29	34	52	35	71	36	55	37	56	38	17	39	1	40	6	41	14	42	22	43	94	44	80	45	31	46	47	47	23	48	13	49	43
	0	2	1	80	2	79	3	47	4	88	5	15	6	86	7	7	8	26	9	82	10	20	11	96	12	39	13	6	14	16	15	54	16	67	17	28	18	54	19	10	20	40	21	32	22	22	23	91	24	43	25	52	26	85	27	13	28	49	29	94	30	57	31	38	32	6	33	41	34	68	35	29	36	96	37	27	38	57	39	46	40	11	41	78	42	51	43	56	44	14	45	77	46	9	47	66	48	67	49	94
	0	29	1	83	2	60	3	79	4	59	5	73	6	68	7	27	8	49	9	70	10	11	11	46	12	49	13	52	14	7	15	93	16	32	17	89	18	38	19	64	20	86	21	35	22	68	23	50	24	32	25	10	26	76	27	89	28	35	29	96	30	7	31	81	32	28	33	51	34	53	35	53	36	59	37	3	38	1	39	76	40	42	41	85	42	23	43	80	44	69	45	26	46	95	47	23	48	95	49	98
	0	64	1	1	2	29	3	99	4	12	5	6	6	85	7	7	8	64	9	79	10	68	11	42	12	61	13	4	14	5	15	32	16	88	17	42	18	46	19	39	20	17	21	6	22	91	23	27	24	25	25	20	26	32	27	64	28	80	29	21	30	94	31	68	32	16	33	86	34	27	35	77	36	26	37	3	38	91	39	87	40	65	41	10	42	12	43	67	44	26	45	77	46	26	47	80	48	31	49	9
	0	26	1	51	2	59	3	76	4	79	5	56	6	98	7	18	8	82	9	35	10	94	11	77	12	70	13	47	14	31	15	48	16	3	17	24	18	65	19	52	20	88	21	79	22	8	23	72	24	4	25	96	26	18	27	18	28	61	29	92	30	42	31	95	32	91	33	27	34	42	35	98	36	50	37	19	38	71	39	52	40	99	41	71	42	88	43	85	44	74	45	26	46	42	47	91	48	64	49	6
	0	55	1	15	2	72	3	1	4	70	5	82	6	15	7	18	8	72	9	44	10	89	11	99	12	77	13	17	14	10	15	64	16	52	17	33	18	1	19	54	20	17	21	27	22	95	23	71	24	32	25	37	26	64	27	33	28	79	29	94	30	97	31	5	32	89	33	4	34	96	35	58	36	71	37	83	38	48	39	88	40	45	41	75	42	98	43	75	44	87	45	69	46	41	47	76	48	43	49	96
	0	93	1	86	2	56	3	74	4	15	5	93	6	18	7	31	8	6	9	35	10	65	11	14	12	76	13	16	14	34	15	86	16	74	17	48	18	78	19	44	20	40	21	22	22	13	23	34	24	83	25	32	26	20	27	19	28	21	29	92	30	42	31	53	32	39	33	32	34	50	35	52	36	36	37	64	38	59	39	63	40	74	41	38	42	20	43	85	44	53	45	50	46	26	47	75	48	73	49	54
	0	3	1	63	2	59	3	4	4	75	5	42	6	45	7	21	8	15	9	16	10	70	11	53	12	43	13	20	14	14	15	96	16	10	17	45	18	69	19	72	20	86	21	32	22	49	23	88	24	57	25	17	26	66	27	29	28	69	29	41	30	22	31	51	32	3	33	62	34	6	35	80	36	46	37	25	38	96	39	31	40	12	41	82	42	93	43	14	44	14	45	67	46	48	47	70	48	90	49	65
	0	56	1	70	2	53	3	39	4	21	5	69	6	87	7	96	8	36	9	93	10	42	11	2	12	5	13	2	14	79	15	89	16	17	17	58	18	66	19	9	20	54	21	92	22	42	23	18	24	76	25	46	26	91	27	13	28	32	29	39	30	91	31	48	32	73	33	75	34	31	35	85	36	87	37	5	38	14	39	85	40	65	41	92	42	91	43	30	44	65	45	59	46	81	47	22	48	58	49	13
	0	92	1	21	2	45	3	71	4	33	5	99	6	88	7	32	8	81	9	31	10	10	11	72	12	57	13	59	14	29	15	69	16	14	17	73	18	52	19	58	20	40	21	24	22	39	23	92	24	31	25	47	26	4	27	62	28	100	29	63	30	31	31	84	32	2	33	91	34	3	35	76	36	8	37	78	38	82	39	70	40	60	41	44	42	89	43	31	44	80	45	89	46	66	47	96	48	17	49	10
	0	29	1	30	2	60	3	29	4	26	5	74	6	52	7	28	8	79	9	42	10	76	11	40	12	67	13	73	14	96	15	49	16	69	17	53	18	86	19	85	20	91	21	72	22	78	23	27	24	30	25	66	26	95	27	56	28	59	29	66	30	71	31	2	32	38	33	61	34	64	35	93	36	78	37	31	38	11	39	98	40	7	41	19	42	91	43	10	44	33	45	46	46	91	47	29	48	94	49	88
	0	79	1	26	2	35	3	64	4	50	5	7	6	54	7	14	8	84	9	3	10	13	11	52	12	33	13	56	14	8	15	32	16	40	17	85	18	29	19	72	20	35	21	34	22	62	23	100	24	75	25	54	26	26	27	33	28	28	29	63	30	34	31	3	32	99	33	84	34	13	35	87	36	66	37	61	38	38	39	5	40	73	41	100	42	69	43	92	44	76	45	83	46	76	47	61	48	69	49	51
	0	95	1	19	2	23	3	67	4	76	5	83	6	3	7	82	8	79	9	29	10	65	11	88	12	55	13	63	14	47	15	17	16	8	17	95	18	84	19	20	20	19	21	55	22	34	23	45	24	1	25	86	26	94	27	93	28	84	29	6	30	28	31	14	32	77	33	7	34	43	35	75	36	38	37	54	38	92	39	29	40	56	41	92	42	84	43	41	44	30	45	71	46	25	47	62	48	88	49	55
	0	32	1	64	2	91	3	70	4	84	5	62	6	13	7	1	8	3	9	1	10	86	11	65	12	89	13	72	14	57	15	88	16	35	17	91	18	97	19	89	20	9	21	56	22	54	23	45	24	84	25	60	26	40	27	67	28	27	29	31	30	100	31	50	32	10	33	26	34	5	35	44	36	86	37	100	38	44	39	67	40	39	41	19	42	41	43	72	44	20	45	1	46	100	47	25	48	7	49	99
	0	58	1	53	2	64	3	53	4	2	5	74	6	85	7	85	8	72	9	33	10	44	11	12	12	77	13	77	14	87	15	91	16	70	17	63	18	48	19	37	20	65	21	76	22	57	23	65	24	16	25	4	26	84	27	54	28	55	29	98	30	40	31	33	32	84	33	98	34	12	35	33	36	63	37	30	38	29	39	59	40	24	41	87	42	60	43	71	44	34	45	46	46	3	47	95	48	53	49	98
	0	23	1	75	2	81	3	86	4	33	5	55	6	86	7	74	8	39	9	58	10	53	11	97	12	82	13	81	14	96	15	67	16	54	17	40	18	33	19	28	20	77	21	24	22	100	23	89	24	58	25	51	26	66	27	82	28	67	29	25	30	79	31	13	32	9	33	45	34	27	35	20	36	63	37	9	38	36	39	36	40	39	41	20	42	7	43	31	44	54	45	81	46	73	47	93	48	36	49	40
	0	39	1	47	2	10	3	26	4	11	5	37	6	12	7	68	8	56	9	22	10	61	11	20	12	31	13	59	14	50	15	3	16	75	17	63	18	65	19	48	20	55	21	81	22	32	23	21	24	14	25	19	26	47	27	22	28	52	29	96	30	49	31	29	32	44	33	29	34	29	35	10	36	79	37	66	38	95	39	20	40	66	41	20	42	34	43	71	44	50	45	75	46	36	47	31	48	25	49	64
	0	74	1	94	2	43	3	42	4	63	5	19	6	53	7	97	8	22	9	47	10	26	11	86	12	31	13	28	14	40	15	82	16	58	17	26	18	29	19	54	20	74	21	76	22	41	23	42	24	8	25	20	26	34	27	91	28	100	29	40	30	15	31	39	32	49	33	70	34	6	35	88	36	71	37	49	38	87	39	12	40	8	41	47	42	49	43	62	44	63	45	85	46	55	47	76	48	39	49	22
	0	99	1	14	2	11	3	87	4	11	5	70	6	74	7	60	8	39	9	27	10	22	11	66	12	10	13	64	14	66	15	3	16	59	17	29	18	90	19	24	20	61	21	28	22	9	23	67	24	31	25	12	26	73	27	73	28	47	29	46	30	33	31	51	32	30	33	1	34	62	35	75	36	86	37	97	38	93	39	38	40	79	41	88	42	28	43	71	44	14	45	83	46	24	47	18	48	23	49	14
	0	52	1	30	2	2	3	22	4	95	5	4	6	38	7	12	8	34	9	95	10	10	11	92	12	25	13	63	14	75	15	9	16	81	17	43	18	62	19	33	20	97	21	49	22	26	23	72	24	88	25	45	26	58	27	100	28	41	29	45	30	29	31	30	32	82	33	33	34	22	35	84	36	9	37	5	38	98	39	30	40	62	41	78	42	69	43	77	44	18	45	15	46	93	47	68	48	17	49	69
	0	14	1	100	2	89	3	43	4	10	5	65	6	17	7	3	8	11	9	87	10	56	11	13	12	14	13	3	14	99	15	73	16	13	17	20	18	62	19	70	20	93	21	19	22	23	23	75	24	81	25	28	26	34	27	61	28	49	29	50	30	11	31	7	32	4	33	37	34	40	35	19	36	18	37	41	38	77	39	88	40	70	41	77	42	27	43	54	44	25	45	1	46	21	47	69	48	53	49	48
	0	38	1	48	2	65	3	25	4	24	5	68	6	37	7	35	8	19	9	59	10	18	11	66	12	4	13	88	14	74	15	93	16	95	17	29	18	95	19	63	20	73	21	68	22	69	23	69	24	33	25	2	26	15	27	26	28	59	29	15	30	100	31	1	32	90	33	43	34	14	35	81	36	19	37	63	38	61	39	56	40	37	41	68	42	84	43	65	44	29	45	20	46	49	47	34	48	65	49	76
	0	44	1	85	2	58	3	40	4	73	5	26	6	74	7	91	8	44	9	23	10	19	11	82	12	95	13	28	14	40	15	9	16	95	17	8	18	8	19	94	20	8	21	8	22	72	23	49	24	35	25	35	26	15	27	87	28	37	29	39	30	35	31	14	32	27	33	49	34	27	35	24	36	78	37	73	38	69	39	57	40	83	41	76	42	3	43	17	44	65	45	88	46	83	47	50	48	24	49	19
	0	35	1	22	2	70	3	76	4	29	5	63	6	70	7	4	8	88	9	49	10	31	11	1	12	57	13	51	14	61	15	85	16	25	17	71	18	16	19	2	20	59	21	39	22	7	23	6	24	9	25	44	26	16	27	57	28	83	29	24	30	74	31	14	32	90	33	34	34	66	35	7	36	33	37	75	38	96	39	38	40	66	41	44	42	3	43	28	44	57	45	43	46	24	47	14	48	37	49	54
	0	51	1	66	2	5	3	75	4	2	5	73	6	29	7	64	8	39	9	25	10	72	11	39	12	74	13	82	14	8	15	43	16	53	17	13	18	30	19	49	20	24	21	42	22	65	23	86	24	11	25	41	26	29	27	100	28	50	29	44	30	97	31	77	32	77	33	85	34	86	35	7	36	60	37	79	38	52	39	54	40	7	41	95	42	57	43	56	44	13	45	2	46	70	47	89	48	17	49	69
	0	86	1	53	2	78	3	62	4	97	5	66	6	93	7	76	8	36	9	83	10	30	11	74	12	83	13	66	14	25	15	41	16	4	17	77	18	82	19	61	20	59	21	68	22	76	23	85	24	12	25	86	26	38	27	42	28	1	29	39	30	80	31	15	32	87	33	54	34	85	35	80	36	66	37	49	38	74	39	81	40	15	41	4	42	15	43	91	44	18	45	78	46	57	47	81	48	80	49	30
	0	75	1	99	2	31	3	35	4	85	5	25	6	82	7	93	8	51	9	58	10	73	11	86	12	94	13	55	14	39	15	23	16	84	17	21	18	74	19	80	20	57	21	21	22	70	23	28	24	13	25	71	26	72	27	92	28	66	29	16	30	55	31	11	32	56	33	10	34	41	35	63	36	55	37	62	38	82	39	91	40	15	41	96	42	3	43	49	44	46	45	56	46	69	47	31	48	18	49	44
	0	18	1	79	2	31	3	73	4	78	5	70	6	89	7	80	8	58	9	19	10	81	11	20	12	93	13	67	14	48	15	50	16	57	17	35	18	91	19	55	20	98	21	47	22	49	23	92	24	51	25	75	26	54	27	51	28	25	29	51	30	42	31	52	32	89	33	42	34	66	35	29	36	83	37	97	38	66	39	71	40	35	41	91	42	61	43	33	44	74	45	48	46	83	47	15	48	45	49	11
	0	80	1	78	2	87	3	78	4	31	5	68	6	25	7	36	8	71	9	36	10	73	11	57	12	14	13	85	14	75	15	44	16	17	17	94	18	3	19	28	20	26	21	89	22	10	23	70	24	100	25	58	26	2	27	3	28	1	29	38	30	64	31	28	32	92	33	19	34	75	35	55	36	95	37	39	38	77	39	33	40	80	41	71	42	2	43	27	44	4	45	20	46	57	47	32	48	19	49	89
	0	23	1	34	2	8	3	66	4	30	5	44	6	24	7	61	8	99	9	84	10	48	11	94	12	70	13	98	14	80	15	79	16	58	17	98	18	34	19	5	20	6	21	91	22	99	23	79	24	20	25	37	26	87	27	77	28	14	29	35	30	93	31	47	32	1	33	36	34	8	35	22	36	93	37	26	38	91	39	75	40	9	41	46	42	79	43	94	44	13	45	12	46	80	47	75	48	4	49	80
	0	99	1	58	2	53	3	62	4	78	5	49	6	54	7	67	8	48	9	13	10	19	11	54	12	39	13	16	14	65	15	7	16	81	17	70	18	38	19	59	20	93	21	93	22	95	23	42	24	58	25	92	26	38	27	35	28	10	29	36	30	50	31	25	32	99	33	79	34	8	35	26	36	100	37	33	38	53	39	97	40	78	41	23	42	40	43	70	44	44	45	58	46	10	47	73	48	40	49	9
	0	51	1	9	2	55	3	76	4	41	5	31	6	54	7	76	8	86	9	10	10	71	11	6	12	3	13	9	14	100	15	36	16	4	17	88	18	81	19	48	20	87	21	11	22	77	23	43	24	41	25	37	26	74	27	50	28	6	29	10	30	54	31	27	32	65	33	70	34	33	35	46	36	51	37	69	38	48	39	78	40	95	41	57	42	48	43	45	44	41	45	59	46	26	47	88	48	19	49	81
	0	69	1	74	2	45	3	92	4	52	5	47	6	81	7	90	8	80	9	81	10	90	11	46	12	53	13	3	14	55	15	62	16	17	17	91	18	50	19	17	20	24	21	66	22	96	23	71	24	8	25	23	26	14	27	55	28	59	29	81	30	79	31	63	32	46	33	55	34	37	35	25	36	18	37	49	38	15	39	37	40	96	41	55	42	71	43	61	44	21	45	2	46	42	47	33	48	31	49	63
	0	82	1	35	2	76	3	48	4	15	5	25	6	100	7	26	8	39	9	26	10	39	11	54	12	53	13	20	14	26	15	99	16	91	17	98	18	98	19	100	20	91	21	64	22	38	23	91	24	28	25	87	26	3	27	82	28	96	29	57	30	30	31	77	32	13	33	88	34	8	35	70	36	75	37	68	38	57	39	56	40	5	41	55	42	63	43	30	44	55	45	63	46	56	47	80	48	59	49	99
	0	24	1	93	2	55	3	32	4	4	5	22	6	9	7	5	8	99	9	87	10	28	11	32	12	2	13	12	14	27	15	39	16	28	17	20	18	93	19	25	20	94	21	27	22	71	23	74	24	87	25	25	26	46	27	31	28	16	29	34	30	12	31	20	32	33	33	58	34	47	35	82	36	77	37	93	38	34	39	51	40	70	41	51	42	95	43	88	44	68	45	13	46	30	47	54	48	53	49	21
	0	83	1	99	2	9	3	66	4	68	5	71	6	24	7	42	8	31	9	89	10	18	11	61	12	39	13	50	14	72	15	65	16	2	17	28	18	20	19	65	20	93	21	10	22	32	23	97	24	1	25	75	26	83	27	86	28	50	29	1	30	10	31	38	32	53	33	69	34	83	35	17	36	94	37	80	38	46	39	74	40	62	41	29	42	8	43	27	44	52	45	84	46	96	47	22	48	53	49	63
	0	82	1	12	2	45	3	20	4	60	5	38	6	96	7	75	8	33	9	4	10	31	11	49	12	32	13	75	14	6	15	89	16	81	17	36	18	21	19	90	20	80	21	2	22	33	23	69	24	64	25	60	26	83	27	17	28	66	29	77	30	24	31	54	32	93	33	23	34	21	35	69	36	88	37	74	38	71	39	94	40	39	41	3	42	40	43	69	44	59	45	73	46	41	47	91	48	49	49	94
	0	88	1	42	2	14	3	98	4	88	5	53	6	98	7	53	8	83	9	45	10	52	11	17	12	38	13	47	14	66	15	1	16	22	17	99	18	5	19	97	20	67	21	64	22	52	23	82	24	65	25	33	26	39	27	14	28	53	29	84	30	16	31	74	32	6	33	26	34	92	35	21	36	12	37	53	38	52	39	62	40	25	41	66	42	32	43	68	44	10	45	64	46	96	47	62	48	18	49	1
	0	60	1	85	2	67	3	46	4	58	5	5	6	12	7	14	8	31	9	19	10	31	11	52	12	94	13	77	14	56	15	86	16	16	17	19	18	37	19	66	20	4	21	10	22	1	23	79	24	92	25	94	26	54	27	3	28	62	29	37	30	52	31	20	32	59	33	7	34	2	35	25	36	74	37	1	38	10	39	89	40	98	41	46	42	59	43	58	44	79	45	14	46	91	47	16	48	47	49	32
	0	41	1	18	2	64	3	80	4	23	5	87	6	24	7	100	8	77	9	39	10	25	11	71	12	33	13	51	14	67	15	21	16	47	17	15	18	53	19	62	20	6	21	33	22	11	23	94	24	17	25	40	26	48	27	13	28	30	29	62	30	2	31	86	32	47	33	58	34	73	35	22	36	25	37	91	38	30	39	28	40	81	41	23	42	31	43	23	44	45	45	40	46	4	47	72	48	22	49	54
	0	77	1	42	2	68	3	26	4	53	5	2	6	82	7	11	8	63	9	14	10	68	11	21	12	58	13	97	14	23	15	65	16	7	17	50	18	60	19	97	20	19	21	62	22	65	23	82	24	6	25	66	26	39	27	85	28	51	29	98	30	92	31	8	32	64	33	64	34	85	35	48	36	9	37	45	38	24	39	63	40	66	41	73	42	65	43	44	44	47	45	71	46	81	47	43	48	74	49	40
	0	2	1	8	2	8	3	21	4	22	5	22	6	59	7	86	8	38	9	38	10	45	11	21	12	69	13	70	14	61	15	11	16	66	17	80	18	76	19	39	20	9	21	64	22	83	23	58	24	54	25	30	26	60	27	1	28	81	29	21	30	14	31	34	32	45	33	35	34	20	35	67	36	41	37	24	38	84	39	85	40	34	41	99	42	82	43	57	44	9	45	58	46	53	47	31	48	39	49	6
	0	57	1	39	2	98	3	59	4	25	5	52	6	39	7	33	8	48	9	71	10	27	11	59	12	1	13	36	14	2	15	84	16	89	17	98	18	5	19	44	20	56	21	78	22	92	23	22	24	14	25	7	26	13	27	18	28	53	29	37	30	55	31	9	32	64	33	39	34	49	35	67	36	83	37	54	38	93	39	55	40	17	41	53	42	67	43	38	44	42	45	18	46	9	47	67	48	54	49	53
	0	95	1	18	2	34	3	93	4	43	5	11	6	52	7	64	8	29	9	22	10	9	11	5	12	83	13	78	14	16	15	72	16	12	17	87	18	31	19	73	20	59	21	53	22	32	23	9	24	97	25	70	26	75	27	11	28	21	29	95	30	64	31	9	32	84	33	56	34	58	35	76	36	93	37	22	38	65	39	9	40	48	41	69	42	3	43	76	44	13	45	98	46	38	47	9	48	35	49	93
	0	28	1	35	2	51	3	33	4	16	5	89	6	55	7	92	8	73	9	14	10	12	11	83	12	74	13	84	14	43	15	45	16	53	17	81	18	15	19	64	20	80	21	12	22	8	23	84	24	47	25	54	26	55	27	61	28	67	29	62	30	62	31	35	32	13	33	80	34	54	35	54	36	48	37	32	38	28	39	66	40	40	41	87	42	79	43	46	44	48	45	31	46	37	47	50	48	25	49	82
	0	53	1	95	2	80	3	32	4	92	5	19	6	87	7	8	8	41	9	56	10	45	11	81	12	29	13	40	14	10	15	61	16	22	17	26	18	68	19	68	20	47	21	83	22	14	23	58	24	37	25	100	26	58	27	47	28	27	29	9	30	64	31	63	32	22	33	27	34	8	35	16	36	29	37	51	38	4	39	71	40	21	41	77	42	22	43	55	44	70	45	12	46	25	47	46	48	80	49	11
Reldue
-1	2626	-1	1
-1	906	-1	1
-1	3088	-1	1
-1	2326	-1	1
-1	2501	-1	1
-1	960	-1	1
-1	1166	-1	1
-1	2445	-1	1
-1	2977	-1	1
-1	2444	-1	1
-1	2545	-1	1
-1	1761	-1	1
-1	1780	-1	1
-1	1227	-1	1
-1	712	-1	1
-1	1160	-1	1
-1	2441	-1	1
-1	578	-1	1
-1	3253	-1	1
-1	3128	-1	1
-1	719	-1	1
-1	1685	-1	1
-1	2503	-1	1
-1	1006	-1	1
-1	2189	-1	1
-1	851	-1	1
-1	918	-1	1
-1	1431	-1	1
-1	1898	-1	1
-1	945	-1	1
-1	1162	-1	1
-1	1184	-1	1
-1	786	-1	1
-1	2801	-1	1
-1	2498	-1	1
-1	1706	-1	1
-1	3493	-1	1
-1	886	-1	1
-1	3266	-1	1
-1	2250	-1	1
-1	718	-1	1
-1	2191	-1	1
-1	827	-1	1
-1	1713	-1	1
-1	955	-1	1
-1	2886	-1	1
-1	2438	-1	1
-1	3351	-1	1
-1	663	-1	1
-1	1035	-1	1
LBCmax: 5070
