50  10
	0	83	1	71	2	91	3	50	4	26	5	79	6	32	7	20	8	45	9	57
	0	88	1	76	2	17	3	1	4	12	5	88	6	18	7	30	8	30	9	36
	0	95	1	38	2	17	3	72	4	84	5	29	6	49	7	65	8	22	9	72
	0	88	1	68	2	91	3	56	4	44	5	19	6	86	7	43	8	26	9	54
	0	6	1	36	2	87	3	100	4	95	5	18	6	11	7	85	8	98	9	32
	0	7	1	74	2	99	3	5	4	3	5	3	6	53	7	25	8	56	9	7
	0	44	1	38	2	24	3	35	4	17	5	34	6	58	7	1	8	64	9	2
	0	21	1	21	2	78	3	10	4	35	5	36	6	93	7	25	8	11	9	23
	0	72	1	73	2	20	3	23	4	17	5	22	6	6	7	65	8	19	9	13
	0	46	1	56	2	54	3	98	4	18	5	57	6	2	7	43	8	20	9	77
	0	63	1	6	2	53	3	43	4	62	5	10	6	75	7	44	8	91	9	57
	0	72	1	42	2	33	3	61	4	6	5	6	6	45	7	94	8	47	9	6
	0	11	1	70	2	87	3	83	4	96	5	18	6	94	7	75	8	44	9	13
	0	66	1	56	2	17	3	68	4	80	5	44	6	62	7	6	8	47	9	57
	0	51	1	63	2	24	3	36	4	36	5	96	6	47	7	70	8	9	9	94
	0	70	1	77	2	65	3	12	4	40	5	38	6	100	7	79	8	40	9	83
	0	100	1	63	2	75	3	76	4	95	5	68	6	80	7	50	8	95	9	9
	0	86	1	87	2	18	3	6	4	71	5	48	6	89	7	66	8	71	9	89
	0	67	1	57	2	36	3	28	4	22	5	91	6	62	7	44	8	77	9	76
	0	20	1	27	2	83	3	100	4	72	5	98	6	98	7	46	8	50	9	87
	0	81	1	65	2	21	3	23	4	19	5	62	6	83	7	75	8	60	9	48
	0	49	1	65	2	13	3	80	4	30	5	11	6	35	7	100	8	7	9	4
	0	21	1	18	2	65	3	3	4	65	5	21	6	27	7	13	8	59	9	9
	0	8	1	84	2	51	3	64	4	78	5	29	6	66	7	23	8	1	9	65
	0	75	1	7	2	1	3	25	4	72	5	29	6	54	7	82	8	63	9	73
	0	23	1	94	2	10	3	27	4	76	5	59	6	75	7	11	8	57	9	35
	0	46	1	28	2	94	3	71	4	43	5	32	6	79	7	46	8	52	9	93
	0	40	1	17	2	19	3	100	4	89	5	23	6	1	7	29	8	32	9	97
	0	71	1	80	2	53	3	70	4	2	5	41	6	28	7	97	8	2	9	46
	0	21	1	8	2	56	3	36	4	66	5	80	6	2	7	34	8	38	9	92
	0	53	1	91	2	81	3	81	4	31	5	70	6	23	7	40	8	92	9	73
	0	8	1	11	2	35	3	32	4	35	5	63	6	42	7	10	8	62	9	66
	0	91	1	88	2	27	3	99	4	24	5	32	6	2	7	43	8	82	9	76
	0	68	1	61	2	28	3	51	4	77	5	60	6	12	7	50	8	55	9	83
	0	68	1	15	2	46	3	85	4	37	5	77	6	5	7	80	8	54	9	1
	0	91	1	71	2	43	3	90	4	26	5	5	6	12	7	78	8	4	9	96
	0	45	1	100	2	75	3	24	4	20	5	20	6	51	7	8	8	18	9	64
	0	85	1	86	2	85	3	75	4	31	5	79	6	68	7	5	8	90	9	5
	0	48	1	91	2	100	3	67	4	22	5	95	6	15	7	48	8	20	9	1
	0	89	1	75	2	58	3	90	4	61	5	29	6	53	7	58	8	98	9	30
	0	64	1	21	2	59	3	9	4	32	5	36	6	68	7	55	8	24	9	41
	0	16	1	99	2	13	3	74	4	41	5	58	6	44	7	34	8	36	9	76
	0	78	1	91	2	99	3	17	4	100	5	69	6	23	7	100	8	34	9	42
	0	80	1	83	2	22	3	24	4	65	5	39	6	32	7	46	8	81	9	77
	0	13	1	54	2	3	3	100	4	24	5	59	6	39	7	3	8	87	9	26
	0	77	1	65	2	50	3	2	4	94	5	63	6	54	7	96	8	54	9	37
	0	55	1	60	2	33	3	76	4	24	5	60	6	39	7	90	8	39	9	17
	0	18	1	10	2	47	3	49	4	66	5	20	6	38	7	65	8	88	9	12
	0	85	1	80	2	70	3	15	4	30	5	54	6	54	7	53	8	14	9	72
	0	42	1	17	2	87	3	16	4	61	5	69	6	57	7	10	8	61	9	1
Reldue
-1	1760	-1	1
-1	1657	-1	1
-1	1766	-1	1
-1	1633	-1	1
-1	1800	-1	1
-1	1931	-1	1
-1	1601	-1	1
-1	1821	-1	1
-1	2076	-1	1
-1	1678	-1	1
-1	1833	-1	1
-1	1785	-1	1
-1	1690	-1	1
-1	2085	-1	1
-1	2077	-1	1
-1	1851	-1	1
-1	1810	-1	1
-1	1689	-1	1
-1	1997	-1	1
-1	1687	-1	1
-1	1991	-1	1
-1	1729	-1	1
-1	1931	-1	1
-1	2082	-1	1
-1	2043	-1	1
-1	1675	-1	1
-1	1737	-1	1
-1	1958	-1	1
-1	1915	-1	1
-1	1754	-1	1
-1	1860	-1	1
-1	1744	-1	1
-1	1867	-1	1
-1	1555	-1	1
-1	1762	-1	1
-1	1977	-1	1
-1	1784	-1	1
-1	2116	-1	1
-1	1855	-1	1
-1	1876	-1	1
-1	1596	-1	1
-1	2104	-1	1
-1	1930	-1	1
-1	1605	-1	1
-1	1944	-1	1
-1	1860	-1	1
-1	1944	-1	1
-1	1770	-1	1
-1	1930	-1	1
-1	1963	-1	1
LBCmax: 3025
