250  50
	0	30	1	5	2	28	3	15	4	5	5	9	6	40	7	12	8	24	9	13	10	33	11	48	12	23	13	84	14	46	15	93	16	57	17	34	18	41	19	95	20	33	21	68	22	50	23	45	24	73	25	60	26	20	27	38	28	74	29	11	30	40	31	97	32	49	33	41	34	40	35	7	36	78	37	2	38	4	39	95	40	5	41	23	42	46	43	33	44	42	45	29	46	34	47	61	48	91	49	83
	0	57	1	58	2	78	3	50	4	77	5	3	6	58	7	81	8	5	9	4	10	52	11	68	12	4	13	91	14	7	15	10	16	94	17	98	18	99	19	8	20	18	21	79	22	21	23	56	24	99	25	44	26	20	27	10	28	88	29	89	30	79	31	61	32	91	33	68	34	61	35	18	36	18	37	48	38	50	39	1	40	99	41	4	42	71	43	84	44	48	45	87	46	66	47	55	48	94	49	45
	0	48	1	68	2	81	3	89	4	83	5	99	6	17	7	44	8	57	9	57	10	45	11	99	12	19	13	88	14	26	15	80	16	35	17	78	18	88	19	86	20	68	21	56	22	78	23	70	24	77	25	28	26	1	27	62	28	6	29	21	30	52	31	47	32	1	33	1	34	72	35	63	36	72	37	92	38	84	39	84	40	95	41	26	42	74	43	78	44	27	45	83	46	52	47	84	48	49	49	12
	0	83	1	37	2	4	3	37	4	82	5	22	6	61	7	96	8	24	9	60	10	31	11	55	12	87	13	40	14	29	15	2	16	56	17	55	18	36	19	25	20	38	21	4	22	25	23	100	24	79	25	75	26	39	27	69	28	68	29	14	30	49	31	77	32	82	33	38	34	18	35	86	36	3	37	71	38	60	39	8	40	10	41	88	42	61	43	3	44	27	45	1	46	99	47	43	48	76	49	30
	0	98	1	40	2	80	3	34	4	80	5	90	6	94	7	5	8	14	9	71	10	82	11	38	12	72	13	8	14	47	15	36	16	42	17	95	18	95	19	15	20	57	21	12	22	87	23	17	24	40	25	17	26	8	27	44	28	75	29	72	30	63	31	69	32	49	33	32	34	64	35	91	36	41	37	30	38	88	39	45	40	28	41	13	42	7	43	67	44	54	45	18	46	24	47	93	48	76	49	8
	0	66	1	42	2	78	3	82	4	13	5	81	6	30	7	47	8	73	9	24	10	12	11	13	12	28	13	68	14	50	15	45	16	6	17	85	18	32	19	84	20	61	21	37	22	80	23	22	24	66	25	48	26	25	27	95	28	41	29	88	30	92	31	23	32	86	33	29	34	97	35	20	36	82	37	81	38	14	39	46	40	74	41	32	42	63	43	69	44	65	45	34	46	33	47	76	48	76	49	10
	0	23	1	41	2	47	3	87	4	88	5	27	6	88	7	70	8	10	9	2	10	8	11	11	12	33	13	86	14	80	15	42	16	31	17	53	18	18	19	78	20	96	21	67	22	68	23	2	24	78	25	16	26	51	27	92	28	1	29	74	30	5	31	54	32	31	33	17	34	13	35	67	36	90	37	58	38	12	39	59	40	31	41	81	42	18	43	66	44	11	45	96	46	31	47	37	48	43	49	35
	0	79	1	1	2	98	3	68	4	23	5	5	6	99	7	10	8	45	9	78	10	25	11	38	12	80	13	89	14	16	15	53	16	58	17	9	18	45	19	46	20	82	21	82	22	2	23	51	24	48	25	73	26	9	27	6	28	82	29	58	30	43	31	47	32	57	33	40	34	66	35	6	36	14	37	51	38	65	39	81	40	92	41	43	42	49	43	21	44	46	45	81	46	84	47	20	48	15	49	12
	0	32	1	25	2	54	3	41	4	36	5	4	6	58	7	66	8	78	9	16	10	30	11	37	12	84	13	96	14	74	15	52	16	64	17	38	18	22	19	89	20	10	21	38	22	15	23	52	24	86	25	25	26	6	27	82	28	88	29	13	30	47	31	40	32	51	33	30	34	87	35	82	36	40	37	13	38	88	39	90	40	44	41	80	42	33	43	98	44	65	45	16	46	87	47	54	48	75	49	27
	0	38	1	7	2	63	3	64	4	24	5	85	6	19	7	5	8	21	9	34	10	24	11	53	12	54	13	17	14	22	15	96	16	51	17	88	18	14	19	24	20	64	21	7	22	98	23	5	24	5	25	52	26	32	27	66	28	85	29	32	30	6	31	34	32	60	33	34	34	49	35	20	36	10	37	34	38	2	39	67	40	10	41	68	42	34	43	89	44	65	45	35	46	84	47	62	48	23	49	80
	0	57	1	62	2	94	3	94	4	6	5	47	6	20	7	99	8	73	9	35	10	90	11	32	12	80	13	22	14	93	15	34	16	87	17	43	18	47	19	8	20	59	21	69	22	49	23	4	24	6	25	96	26	44	27	48	28	98	29	67	30	87	31	19	32	61	33	27	34	67	35	38	36	1	37	15	38	8	39	29	40	24	41	35	42	58	43	66	44	44	45	57	46	52	47	15	48	94	49	47
	0	91	1	27	2	84	3	21	4	73	5	51	6	73	7	77	8	87	9	75	10	45	11	53	12	37	13	6	14	15	15	96	16	57	17	43	18	88	19	69	20	57	21	20	22	66	23	7	24	75	25	10	26	64	27	6	28	58	29	21	30	80	31	23	32	81	33	26	34	43	35	83	36	74	37	6	38	12	39	59	40	23	41	98	42	25	43	61	44	72	45	79	46	100	47	23	48	20	49	27
	0	42	1	20	2	12	3	40	4	25	5	16	6	62	7	3	8	26	9	38	10	40	11	35	12	51	13	37	14	42	15	56	16	69	17	67	18	1	19	58	20	48	21	98	22	15	23	65	24	61	25	35	26	100	27	17	28	96	29	39	30	95	31	22	32	8	33	33	34	79	35	46	36	71	37	57	38	72	39	49	40	36	41	21	42	34	43	80	44	7	45	34	46	76	47	80	48	69	49	39
	0	63	1	83	2	49	3	74	4	57	5	86	6	93	7	23	8	37	9	38	10	77	11	50	12	2	13	72	14	1	15	21	16	17	17	84	18	21	19	49	20	92	21	17	22	21	23	27	24	86	25	17	26	46	27	32	28	74	29	75	30	18	31	13	32	24	33	45	34	29	35	96	36	75	37	36	38	83	39	69	40	8	41	96	42	12	43	39	44	48	45	39	46	8	47	51	48	48	49	88
	0	37	1	38	2	41	3	37	4	28	5	30	6	49	7	49	8	58	9	30	10	5	11	34	12	61	13	57	14	9	15	100	16	48	17	98	18	32	19	54	20	15	21	25	22	44	23	89	24	65	25	66	26	18	27	94	28	84	29	41	30	48	31	82	32	25	33	97	34	69	35	7	36	25	37	4	38	83	39	14	40	33	41	99	42	23	43	61	44	16	45	89	46	99	47	90	48	10	49	42
	0	19	1	44	2	89	3	40	4	84	5	49	6	97	7	68	8	84	9	26	10	55	11	61	12	53	13	80	14	39	15	25	16	62	17	85	18	99	19	25	20	57	21	92	22	51	23	91	24	65	25	77	26	69	27	80	28	32	29	49	30	65	31	15	32	62	33	71	34	30	35	65	36	75	37	52	38	62	39	59	40	97	41	38	42	19	43	31	44	54	45	82	46	76	47	49	48	36	49	97
	0	59	1	71	2	45	3	100	4	90	5	31	6	49	7	16	8	76	9	51	10	5	11	97	12	9	13	31	14	21	15	67	16	81	17	55	18	73	19	9	20	10	21	27	22	94	23	44	24	42	25	25	26	4	27	82	28	78	29	21	30	43	31	30	32	32	33	21	34	33	35	96	36	25	37	22	38	79	39	25	40	65	41	77	42	73	43	46	44	83	45	31	46	87	47	28	48	5	49	64
	0	40	1	72	2	88	3	38	4	93	5	75	6	62	7	66	8	10	9	58	10	35	11	20	12	64	13	37	14	68	15	57	16	12	17	77	18	22	19	43	20	38	21	67	22	33	23	81	24	49	25	94	26	72	27	83	28	84	29	12	30	85	31	49	32	46	33	31	34	36	35	37	36	95	37	75	38	86	39	31	40	38	41	80	42	79	43	51	44	17	45	33	46	35	47	60	48	82	49	76
	0	46	1	51	2	95	3	17	4	49	5	41	6	3	7	32	8	8	9	80	10	69	11	44	12	27	13	69	14	72	15	17	16	91	17	41	18	85	19	2	20	93	21	46	22	14	23	6	24	91	25	47	26	48	27	100	28	22	29	14	30	50	31	69	32	56	33	79	34	100	35	67	36	49	37	84	38	62	39	36	40	66	41	44	42	33	43	10	44	53	45	82	46	1	47	99	48	85	49	47
	0	29	1	28	2	30	3	91	4	19	5	83	6	93	7	68	8	40	9	81	10	40	11	5	12	30	13	69	14	6	15	35	16	87	17	19	18	44	19	91	20	13	21	74	22	70	23	20	24	97	25	61	26	10	27	51	28	30	29	84	30	45	31	28	32	78	33	39	34	16	35	96	36	92	37	48	38	56	39	97	40	7	41	85	42	18	43	21	44	47	45	29	46	46	47	5	48	71	49	92
	0	10	1	92	2	99	3	1	4	87	5	83	6	19	7	15	8	63	9	38	10	58	11	18	12	92	13	31	14	63	15	35	16	41	17	42	18	32	19	27	20	95	21	47	22	96	23	85	24	7	25	49	26	31	27	39	28	20	29	52	30	51	31	19	32	98	33	71	34	22	35	63	36	28	37	33	38	86	39	49	40	96	41	8	42	98	43	90	44	44	45	84	46	100	47	32	48	63	49	65
	0	94	1	33	2	69	3	56	4	87	5	17	6	76	7	80	8	21	9	30	10	70	11	13	12	10	13	46	14	27	15	62	16	41	17	93	18	52	19	96	20	19	21	7	22	15	23	27	24	65	25	22	26	15	27	87	28	87	29	57	30	12	31	48	32	90	33	71	34	84	35	90	36	91	37	83	38	17	39	6	40	62	41	73	42	30	43	6	44	12	45	33	46	87	47	49	48	73	49	15
	0	62	1	26	2	72	3	98	4	47	5	61	6	85	7	80	8	13	9	20	10	6	11	53	12	88	13	28	14	92	15	34	16	92	17	39	18	56	19	45	20	42	21	20	22	10	23	75	24	31	25	22	26	4	27	54	28	37	29	73	30	93	31	41	32	7	33	3	34	33	35	93	36	37	37	81	38	91	39	67	40	41	41	38	42	20	43	76	44	60	45	94	46	30	47	2	48	87	49	23
	0	58	1	35	2	80	3	17	4	26	5	85	6	1	7	28	8	16	9	100	10	8	11	20	12	35	13	72	14	79	15	33	16	21	17	28	18	53	19	57	20	25	21	24	22	97	23	73	24	75	25	97	26	70	27	86	28	88	29	46	30	13	31	86	32	10	33	43	34	85	35	93	36	80	37	89	38	59	39	71	40	62	41	71	42	100	43	32	44	87	45	99	46	19	47	50	48	88	49	3
	0	81	1	62	2	34	3	34	4	77	5	33	6	1	7	100	8	28	9	95	10	13	11	28	12	54	13	99	14	55	15	28	16	29	17	47	18	50	19	13	20	24	21	72	22	38	23	85	24	85	25	1	26	100	27	100	28	11	29	12	30	19	31	82	32	28	33	68	34	76	35	17	36	70	37	3	38	11	39	85	40	16	41	63	42	6	43	94	44	44	45	60	46	69	47	11	48	3	49	78
	0	21	1	22	2	6	3	30	4	21	5	72	6	3	7	71	8	79	9	45	10	84	11	6	12	34	13	92	14	23	15	52	16	16	17	31	18	60	19	45	20	99	21	64	22	83	23	86	24	27	25	85	26	60	27	93	28	62	29	75	30	21	31	87	32	87	33	20	34	15	35	18	36	74	37	77	38	67	39	36	40	88	41	90	42	14	43	44	44	83	45	26	46	12	47	91	48	24	49	76
	0	28	1	96	2	44	3	64	4	54	5	9	6	95	7	25	8	24	9	50	10	77	11	71	12	15	13	78	14	48	15	50	16	52	17	89	18	41	19	60	20	57	21	45	22	49	23	83	24	20	25	66	26	48	27	40	28	65	29	62	30	81	31	90	32	49	33	71	34	5	35	26	36	18	37	31	38	84	39	32	40	4	41	7	42	89	43	11	44	39	45	53	46	14	47	94	48	15	49	70
	0	49	1	93	2	27	3	95	4	41	5	59	6	69	7	38	8	48	9	54	10	70	11	47	12	76	13	48	14	94	15	62	16	27	17	4	18	40	19	99	20	29	21	11	22	15	23	70	24	5	25	73	26	67	27	20	28	1	29	74	30	98	31	66	32	7	33	62	34	99	35	36	36	2	37	43	38	71	39	52	40	31	41	53	42	35	43	26	44	3	45	67	46	28	47	37	48	36	49	69
	0	50	1	16	2	21	3	56	4	14	5	68	6	66	7	99	8	92	9	85	10	35	11	49	12	90	13	58	14	9	15	70	16	65	17	70	18	27	19	48	20	83	21	27	22	80	23	84	24	90	25	83	26	66	27	2	28	14	29	39	30	40	31	2	32	53	33	34	34	9	35	50	36	5	37	59	38	46	39	92	40	30	41	58	42	46	43	19	44	74	45	4	46	30	47	31	48	88	49	50
	0	70	1	77	2	7	3	8	4	9	5	61	6	84	7	2	8	76	9	46	10	7	11	89	12	33	13	1	14	22	15	55	16	100	17	66	18	38	19	26	20	52	21	24	22	13	23	49	24	76	25	23	26	31	27	37	28	28	29	75	30	3	31	80	32	41	33	22	34	88	35	67	36	67	37	59	38	87	39	70	40	53	41	31	42	61	43	86	44	88	45	78	46	100	47	37	48	58	49	65
	0	7	1	80	2	22	3	27	4	98	5	70	6	73	7	37	8	34	9	68	10	45	11	44	12	13	13	17	14	8	15	65	16	20	17	4	18	33	19	19	20	88	21	75	22	24	23	31	24	21	25	2	26	63	27	57	28	1	29	85	30	7	31	97	32	52	33	59	34	29	35	99	36	60	37	35	38	91	39	78	40	53	41	85	42	4	43	96	44	92	45	69	46	99	47	75	48	40	49	43
	0	22	1	46	2	100	3	7	4	22	5	56	6	32	7	89	8	98	9	78	10	9	11	59	12	27	13	2	14	58	15	24	16	77	17	1	18	94	19	58	20	96	21	2	22	54	23	51	24	12	25	3	26	84	27	95	28	98	29	11	30	31	31	36	32	79	33	8	34	51	35	55	36	91	37	56	38	30	39	73	40	17	41	94	42	79	43	68	44	55	45	9	46	56	47	67	48	4	49	59
	0	16	1	58	2	57	3	4	4	98	5	8	6	59	7	49	8	4	9	6	10	46	11	21	12	21	13	61	14	84	15	38	16	93	17	14	18	81	19	20	20	49	21	59	22	26	23	74	24	36	25	74	26	89	27	35	28	22	29	4	30	80	31	64	32	62	33	52	34	56	35	16	36	40	37	71	38	17	39	34	40	37	41	64	42	44	43	43	44	84	45	23	46	48	47	34	48	98	49	76
	0	50	1	77	2	18	3	26	4	13	5	97	6	75	7	91	8	82	9	87	10	77	11	78	12	9	13	68	14	89	15	59	16	77	17	12	18	32	19	35	20	42	21	73	22	38	23	84	24	50	25	2	26	37	27	54	28	16	29	54	30	57	31	38	32	64	33	94	34	59	35	32	36	50	37	61	38	60	39	83	40	45	41	61	42	86	43	58	44	26	45	90	46	73	47	3	48	17	49	4
	0	20	1	69	2	71	3	92	4	34	5	31	6	78	7	15	8	47	9	12	10	66	11	26	12	81	13	96	14	96	15	77	16	94	17	10	18	92	19	74	20	30	21	67	22	48	23	41	24	63	25	42	26	2	27	11	28	12	29	5	30	79	31	43	32	45	33	21	34	25	35	33	36	19	37	22	38	3	39	85	40	20	41	80	42	8	43	36	44	5	45	51	46	29	47	72	48	35	49	69
	0	76	1	60	2	88	3	11	4	18	5	2	6	63	7	52	8	36	9	78	10	23	11	90	12	71	13	17	14	46	15	13	16	9	17	52	18	60	19	26	20	56	21	6	22	14	23	71	24	85	25	40	26	78	27	1	28	52	29	62	30	94	31	97	32	21	33	57	34	12	35	34	36	40	37	7	38	90	39	37	40	65	41	100	42	44	43	84	44	14	45	58	46	54	47	45	48	7	49	19
	0	94	1	64	2	25	3	60	4	27	5	22	6	72	7	52	8	76	9	50	10	62	11	72	12	74	13	56	14	31	15	17	16	48	17	7	18	58	19	7	20	91	21	73	22	54	23	52	24	32	25	16	26	32	27	31	28	97	29	94	30	91	31	17	32	27	33	6	34	57	35	19	36	5	37	98	38	79	39	56	40	90	41	100	42	63	43	64	44	77	45	86	46	91	47	6	48	13	49	53
	0	72	1	44	2	59	3	63	4	5	5	71	6	67	7	13	8	61	9	45	10	99	11	13	12	11	13	45	14	37	15	78	16	58	17	44	18	38	19	88	20	48	21	95	22	35	23	56	24	70	25	40	26	98	27	3	28	70	29	4	30	95	31	46	32	41	33	47	34	33	35	36	36	50	37	61	38	46	39	8	40	41	41	46	42	77	43	30	44	3	45	14	46	71	47	52	48	89	49	85
	0	63	1	10	2	51	3	80	4	45	5	26	6	1	7	40	8	28	9	100	10	20	11	5	12	52	13	12	14	80	15	37	16	95	17	47	18	55	19	87	20	89	21	33	22	22	23	19	24	46	25	52	26	84	27	51	28	47	29	57	30	70	31	79	32	61	33	9	34	98	35	83	36	72	37	17	38	87	39	45	40	53	41	47	42	73	43	17	44	10	45	28	46	64	47	21	48	76	49	79
	0	19	1	80	2	36	3	21	4	62	5	88	6	14	7	62	8	55	9	96	10	54	11	70	12	81	13	55	14	58	15	55	16	27	17	42	18	93	19	39	20	63	21	72	22	56	23	89	24	48	25	61	26	70	27	24	28	25	29	97	30	48	31	41	32	72	33	33	34	45	35	8	36	25	37	17	38	86	39	19	40	99	41	3	42	49	43	21	44	56	45	30	46	27	47	45	48	12	49	58
	0	1	1	4	2	73	3	81	4	13	5	48	6	44	7	75	8	98	9	79	10	53	11	51	12	33	13	68	14	80	15	7	16	96	17	32	18	86	19	8	20	62	21	59	22	82	23	40	24	61	25	91	26	89	27	10	28	84	29	2	30	57	31	98	32	11	33	24	34	69	35	68	36	96	37	24	38	43	39	9	40	35	41	26	42	96	43	58	44	94	45	21	46	39	47	22	48	90	49	30
	0	23	1	2	2	36	3	93	4	54	5	89	6	90	7	14	8	33	9	90	10	92	11	77	12	2	13	89	14	60	15	13	16	11	17	68	18	74	19	92	20	11	21	26	22	89	23	47	24	58	25	84	26	42	27	90	28	78	29	67	30	48	31	43	32	27	33	81	34	98	35	11	36	46	37	47	38	4	39	72	40	95	41	53	42	59	43	46	44	18	45	27	46	3	47	89	48	66	49	58
	0	9	1	4	2	97	3	6	4	39	5	79	6	3	7	82	8	32	9	89	10	62	11	90	12	10	13	13	14	93	15	63	16	35	17	78	18	73	19	25	20	44	21	3	22	44	23	73	24	39	25	13	26	8	27	69	28	15	29	68	30	10	31	51	32	58	33	89	34	30	35	40	36	37	37	9	38	52	39	93	40	66	41	59	42	84	43	8	44	38	45	84	46	26	47	8	48	27	49	36
	0	32	1	46	2	20	3	93	4	4	5	13	6	28	7	7	8	10	9	36	10	94	11	69	12	26	13	100	14	77	15	53	16	25	17	36	18	1	19	73	20	84	21	51	22	88	23	70	24	74	25	99	26	12	27	99	28	38	29	13	30	51	31	4	32	3	33	49	34	11	35	82	36	58	37	22	38	73	39	86	40	94	41	14	42	55	43	13	44	4	45	98	46	14	47	77	48	79	49	14
	0	22	1	63	2	36	3	76	4	92	5	15	6	92	7	6	8	35	9	6	10	49	11	14	12	77	13	77	14	50	15	88	16	68	17	61	18	46	19	43	20	60	21	32	22	61	23	54	24	36	25	23	26	45	27	75	28	12	29	19	30	70	31	8	32	62	33	19	34	2	35	78	36	13	37	17	38	32	39	35	40	29	41	53	42	85	43	89	44	73	45	25	46	17	47	28	48	13	49	71
	0	68	1	3	2	26	3	54	4	47	5	69	6	94	7	22	8	53	9	4	10	12	11	15	12	62	13	67	14	50	15	35	16	34	17	55	18	34	19	22	20	22	21	58	22	36	23	89	24	84	25	51	26	1	27	99	28	35	29	51	30	36	31	6	32	78	33	22	34	49	35	89	36	20	37	37	38	6	39	36	40	43	41	92	42	48	43	76	44	98	45	55	46	89	47	54	48	42	49	96
	0	81	1	6	2	19	3	10	4	19	5	65	6	88	7	56	8	18	9	22	10	13	11	51	12	100	13	12	14	92	15	8	16	55	17	99	18	81	19	100	20	71	21	91	22	39	23	88	24	50	25	89	26	8	27	47	28	51	29	74	30	95	31	77	32	29	33	68	34	18	35	90	36	61	37	35	38	48	39	95	40	77	41	96	42	48	43	37	44	35	45	86	46	81	47	55	48	14	49	74
	0	64	1	65	2	7	3	17	4	69	5	81	6	44	7	21	8	2	9	36	10	76	11	41	12	17	13	66	14	93	15	38	16	42	17	61	18	65	19	52	20	23	21	100	22	26	23	98	24	15	25	32	26	45	27	75	28	74	29	51	30	41	31	30	32	35	33	2	34	51	35	42	36	71	37	96	38	50	39	11	40	73	41	25	42	79	43	56	44	93	45	16	46	39	47	68	48	51	49	50
	0	55	1	72	2	80	3	44	4	9	5	84	6	74	7	73	8	1	9	80	10	59	11	70	12	98	13	8	14	94	15	44	16	64	17	99	18	92	19	100	20	85	21	78	22	97	23	34	24	40	25	68	26	64	27	73	28	75	29	40	30	34	31	48	32	76	33	52	34	94	35	37	36	65	37	84	38	69	39	11	40	47	41	53	42	81	43	76	44	91	45	78	46	72	47	91	48	24	49	21
	0	85	1	96	2	60	3	16	4	34	5	95	6	14	7	80	8	29	9	69	10	54	11	60	12	15	13	12	14	90	15	53	16	46	17	27	18	26	19	5	20	25	21	11	22	95	23	96	24	44	25	21	26	72	27	36	28	36	29	4	30	30	31	43	32	10	33	30	34	81	35	95	36	26	37	57	38	23	39	46	40	45	41	27	42	76	43	63	44	51	45	60	46	84	47	33	48	28	49	3
	0	23	1	33	2	49	3	53	4	30	5	65	6	8	7	47	8	37	9	2	10	82	11	11	12	2	13	1	14	38	15	83	16	51	17	64	18	97	19	80	20	62	21	72	22	27	23	58	24	85	25	9	26	30	27	76	28	61	29	56	30	36	31	92	32	81	33	27	34	34	35	29	36	4	37	65	38	92	39	86	40	28	41	27	42	41	43	1	44	81	45	33	46	44	47	78	48	67	49	47
	0	55	1	40	2	94	3	14	4	48	5	62	6	71	7	84	8	75	9	7	10	48	11	85	12	77	13	62	14	18	15	26	16	53	17	48	18	42	19	54	20	72	21	58	22	34	23	84	24	77	25	29	26	27	27	78	28	14	29	76	30	21	31	43	32	90	33	26	34	52	35	81	36	37	37	30	38	70	39	3	40	41	41	65	42	89	43	84	44	65	45	16	46	52	47	42	48	63	49	29
	0	38	1	42	2	82	3	70	4	87	5	77	6	86	7	14	8	21	9	77	10	40	11	77	12	1	13	30	14	76	15	40	16	43	17	33	18	83	19	40	20	62	21	4	22	16	23	26	24	50	25	22	26	20	27	1	28	91	29	67	30	4	31	10	32	57	33	89	34	16	35	22	36	65	37	33	38	96	39	39	40	62	41	73	42	22	43	20	44	91	45	62	46	68	47	2	48	40	49	81
	0	32	1	60	2	72	3	56	4	19	5	29	6	18	7	66	8	72	9	100	10	42	11	66	12	98	13	39	14	34	15	8	16	22	17	1	18	91	19	6	20	70	21	50	22	74	23	10	24	69	25	84	26	70	27	68	28	5	29	42	30	89	31	90	32	88	33	45	34	73	35	50	36	3	37	78	38	99	39	86	40	58	41	35	42	7	43	85	44	50	45	79	46	75	47	64	48	9	49	83
	0	35	1	80	2	3	3	58	4	97	5	34	6	97	7	84	8	10	9	57	10	10	11	6	12	5	13	74	14	13	15	43	16	80	17	7	18	56	19	42	20	21	21	54	22	24	23	69	24	81	25	43	26	48	27	9	28	54	29	71	30	42	31	33	32	11	33	60	34	21	35	38	36	94	37	92	38	29	39	79	40	82	41	11	42	85	43	53	44	74	45	100	46	25	47	87	48	55	49	73
	0	96	1	51	2	29	3	42	4	21	5	2	6	57	7	36	8	64	9	21	10	18	11	97	12	45	13	6	14	77	15	83	16	86	17	29	18	46	19	33	20	96	21	63	22	49	23	90	24	19	25	58	26	53	27	84	28	3	29	3	30	5	31	21	32	74	33	2	34	91	35	26	36	10	37	74	38	21	39	38	40	50	41	19	42	83	43	61	44	98	45	45	46	40	47	9	48	90	49	33
	0	56	1	7	2	39	3	71	4	72	5	30	6	82	7	8	8	66	9	97	10	82	11	2	12	82	13	50	14	76	15	56	16	96	17	81	18	59	19	64	20	57	21	98	22	43	23	24	24	35	25	32	26	40	27	83	28	48	29	25	30	59	31	19	32	48	33	66	34	5	35	76	36	5	37	46	38	26	39	4	40	12	41	61	42	54	43	87	44	85	45	86	46	18	47	35	48	51	49	85
	0	45	1	90	2	41	3	44	4	62	5	69	6	32	7	33	8	69	9	41	10	97	11	47	12	52	13	18	14	64	15	63	16	48	17	91	18	100	19	25	20	87	21	64	22	58	23	47	24	69	25	49	26	56	27	82	28	50	29	29	30	84	31	18	32	51	33	9	34	48	35	77	36	11	37	3	38	1	39	38	40	39	41	30	42	28	43	15	44	60	45	23	46	67	47	55	48	31	49	67
	0	1	1	35	2	84	3	16	4	40	5	79	6	38	7	68	8	84	9	16	10	56	11	89	12	45	13	60	14	70	15	18	16	44	17	78	18	72	19	87	20	38	21	70	22	63	23	49	24	26	25	96	26	9	27	95	28	43	29	96	30	26	31	95	32	50	33	19	34	18	35	5	36	66	37	34	38	25	39	13	40	2	41	95	42	52	43	32	44	2	45	94	46	100	47	52	48	96	49	2
	0	15	1	99	2	13	3	8	4	10	5	88	6	24	7	84	8	54	9	58	10	94	11	46	12	9	13	6	14	83	15	95	16	73	17	89	18	14	19	39	20	55	21	43	22	89	23	51	24	85	25	39	26	44	27	3	28	50	29	85	30	60	31	82	32	89	33	26	34	63	35	78	36	10	37	24	38	97	39	99	40	86	41	97	42	46	43	65	44	69	45	67	46	33	47	60	48	16	49	39
	0	33	1	73	2	10	3	4	4	69	5	41	6	37	7	53	8	81	9	74	10	33	11	30	12	91	13	27	14	29	15	75	16	96	17	61	18	47	19	24	20	67	21	90	22	28	23	66	24	42	25	12	26	98	27	87	28	25	29	85	30	97	31	44	32	41	33	65	34	30	35	34	36	12	37	53	38	23	39	83	40	44	41	93	42	74	43	40	44	40	45	24	46	50	47	63	48	91	49	87
	0	65	1	44	2	3	3	29	4	35	5	78	6	49	7	53	8	99	9	13	10	82	11	21	12	48	13	1	14	27	15	99	16	13	17	58	18	33	19	97	20	89	21	1	22	82	23	49	24	3	25	6	26	51	27	33	28	50	29	22	30	98	31	40	32	66	33	28	34	15	35	16	36	96	37	15	38	51	39	50	40	81	41	30	42	22	43	92	44	84	45	27	46	50	47	8	48	13	49	90
	0	93	1	13	2	16	3	45	4	65	5	32	6	58	7	59	8	64	9	95	10	13	11	99	12	36	13	54	14	10	15	12	16	63	17	79	18	32	19	19	20	54	21	70	22	62	23	65	24	58	25	1	26	5	27	49	28	40	29	77	30	45	31	35	32	95	33	64	34	15	35	15	36	86	37	34	38	87	39	68	40	15	41	23	42	2	43	55	44	94	45	15	46	12	47	18	48	49	49	70
	0	97	1	99	2	85	3	80	4	67	5	80	6	98	7	26	8	90	9	10	10	96	11	42	12	78	13	84	14	92	15	43	16	33	17	75	18	54	19	48	20	43	21	43	22	35	23	12	24	65	25	63	26	32	27	60	28	50	29	58	30	22	31	70	32	78	33	26	34	89	35	50	36	30	37	79	38	45	39	23	40	4	41	65	42	89	43	93	44	43	45	19	46	80	47	68	48	48	49	55
	0	1	1	70	2	88	3	30	4	50	5	28	6	33	7	12	8	81	9	79	10	54	11	34	12	75	13	84	14	94	15	35	16	33	17	51	18	91	19	5	20	99	21	23	22	94	23	87	24	60	25	68	26	25	27	11	28	99	29	84	30	70	31	47	32	80	33	95	34	93	35	18	36	82	37	18	38	17	39	6	40	41	41	12	42	15	43	36	44	48	45	47	46	98	47	27	48	5	49	54
	0	99	1	38	2	53	3	35	4	88	5	60	6	18	7	59	8	69	9	21	10	37	11	61	12	43	13	8	14	61	15	22	16	34	17	31	18	46	19	2	20	14	21	60	22	83	23	50	24	83	25	43	26	25	27	17	28	76	29	66	30	11	31	33	32	11	33	100	34	97	35	44	36	98	37	81	38	45	39	9	40	77	41	96	42	26	43	99	44	45	45	60	46	39	47	50	48	98	49	34
	0	57	1	79	2	3	3	6	4	49	5	39	6	63	7	24	8	36	9	80	10	45	11	80	12	78	13	64	14	90	15	49	16	16	17	11	18	21	19	65	20	93	21	13	22	10	23	75	24	43	25	20	26	85	27	87	28	25	29	81	30	77	31	32	32	20	33	24	34	45	35	87	36	50	37	73	38	19	39	37	40	55	41	50	42	56	43	60	44	56	45	23	46	10	47	84	48	90	49	75
	0	34	1	38	2	83	3	17	4	85	5	85	6	11	7	76	8	4	9	38	10	52	11	17	12	73	13	67	14	39	15	88	16	84	17	64	18	68	19	99	20	73	21	27	22	4	23	66	24	94	25	63	26	12	27	90	28	51	29	43	30	95	31	50	32	97	33	40	34	7	35	18	36	79	37	42	38	98	39	45	40	79	41	27	42	74	43	63	44	95	45	22	46	13	47	99	48	48	49	9
	0	55	1	15	2	4	3	30	4	47	5	92	6	74	7	10	8	34	9	44	10	99	11	2	12	100	13	27	14	55	15	27	16	28	17	65	18	23	19	52	20	17	21	31	22	17	23	30	24	64	25	24	26	60	27	18	28	33	29	62	30	46	31	9	32	33	33	72	34	51	35	72	36	97	37	22	38	46	39	84	40	31	41	67	42	51	43	78	44	73	45	74	46	33	47	68	48	78	49	60
	0	11	1	7	2	26	3	63	4	59	5	90	6	17	7	7	8	91	9	15	10	89	11	58	12	72	13	65	14	96	15	71	16	8	17	66	18	8	19	75	20	92	21	33	22	34	23	41	24	10	25	24	26	74	27	35	28	40	29	46	30	60	31	55	32	91	33	93	34	30	35	1	36	79	37	10	38	46	39	23	40	22	41	12	42	65	43	43	44	99	45	92	46	6	47	65	48	28	49	14
	0	83	1	96	2	27	3	71	4	90	5	53	6	88	7	35	8	61	9	31	10	68	11	58	12	48	13	53	14	70	15	80	16	79	17	27	18	82	19	62	20	87	21	80	22	92	23	48	24	41	25	53	26	88	27	19	28	98	29	59	30	22	31	9	32	69	33	58	34	99	35	73	36	70	37	88	38	4	39	44	40	84	41	60	42	93	43	15	44	85	45	10	46	13	47	31	48	66	49	51
	0	9	1	78	2	94	3	92	4	50	5	100	6	90	7	98	8	79	9	90	10	74	11	9	12	60	13	32	14	58	15	58	16	89	17	81	18	63	19	34	20	83	21	22	22	93	23	96	24	71	25	43	26	84	27	33	28	42	29	96	30	31	31	11	32	30	33	56	34	43	35	72	36	51	37	85	38	83	39	65	40	96	41	63	42	9	43	23	44	66	45	52	46	86	47	22	48	9	49	98
	0	81	1	80	2	62	3	80	4	28	5	89	6	44	7	80	8	31	9	81	10	38	11	15	12	60	13	70	14	52	15	58	16	28	17	35	18	59	19	58	20	86	21	19	22	45	23	7	24	47	25	60	26	27	27	29	28	38	29	1	30	7	31	93	32	54	33	17	34	83	35	70	36	29	37	66	38	34	39	81	40	80	41	63	42	39	43	15	44	83	45	18	46	11	47	8	48	67	49	99
	0	45	1	14	2	58	3	99	4	17	5	9	6	3	7	31	8	83	9	11	10	42	11	75	12	60	13	99	14	33	15	39	16	95	17	79	18	27	19	32	20	47	21	13	22	55	23	42	24	41	25	15	26	75	27	72	28	78	29	98	30	94	31	80	32	89	33	86	34	56	35	23	36	84	37	69	38	61	39	99	40	35	41	34	42	70	43	48	44	82	45	13	46	89	47	39	48	58	49	36
	0	53	1	65	2	72	3	56	4	52	5	30	6	98	7	22	8	59	9	74	10	56	11	80	12	67	13	100	14	78	15	48	16	31	17	84	18	1	19	99	20	78	21	78	22	41	23	26	24	42	25	51	26	17	27	96	28	14	29	12	30	37	31	8	32	29	33	24	34	80	35	8	36	35	37	94	38	22	39	31	40	1	41	95	42	82	43	72	44	63	45	80	46	6	47	11	48	29	49	52
	0	6	1	28	2	79	3	33	4	16	5	1	6	22	7	42	8	41	9	72	10	19	11	57	12	5	13	2	14	75	15	42	16	27	17	77	18	42	19	48	20	82	21	27	22	12	23	31	24	24	25	58	26	77	27	42	28	76	29	26	30	93	31	74	32	19	33	97	34	59	35	81	36	33	37	65	38	18	39	6	40	66	41	31	42	38	43	72	44	45	45	63	46	6	47	28	48	49	49	88
	0	78	1	61	2	5	3	84	4	49	5	4	6	83	7	81	8	29	9	12	10	99	11	82	12	58	13	73	14	46	15	61	16	85	17	92	18	24	19	10	20	87	21	54	22	35	23	25	24	23	25	56	26	46	27	76	28	31	29	68	30	67	31	78	32	19	33	52	34	77	35	65	36	14	37	65	38	96	39	53	40	55	41	16	42	92	43	10	44	59	45	50	46	71	47	92	48	94	49	85
	0	78	1	18	2	28	3	24	4	23	5	72	6	46	7	13	8	5	9	63	10	55	11	27	12	83	13	98	14	13	15	93	16	40	17	22	18	57	19	88	20	27	21	48	22	14	23	80	24	83	25	76	26	22	27	79	28	64	29	72	30	92	31	32	32	41	33	62	34	85	35	80	36	39	37	52	38	100	39	46	40	27	41	88	42	78	43	44	44	82	45	15	46	75	47	6	48	95	49	97
	0	68	1	77	2	79	3	3	4	84	5	35	6	5	7	88	8	71	9	15	10	78	11	99	12	56	13	57	14	18	15	2	16	51	17	12	18	25	19	11	20	1	21	60	22	25	23	53	24	98	25	35	26	34	27	9	28	95	29	65	30	1	31	18	32	88	33	61	34	84	35	22	36	63	37	12	38	100	39	93	40	24	41	87	42	47	43	87	44	35	45	36	46	72	47	88	48	60	49	39
	0	55	1	59	2	80	3	61	4	19	5	97	6	3	7	92	8	90	9	74	10	28	11	97	12	73	13	6	14	98	15	95	16	7	17	69	18	71	19	42	20	16	21	75	22	95	23	100	24	89	25	59	26	46	27	93	28	23	29	59	30	95	31	3	32	37	33	68	34	92	35	57	36	38	37	1	38	82	39	85	40	84	41	18	42	3	43	78	44	87	45	69	46	29	47	61	48	47	49	77
	0	47	1	61	2	13	3	58	4	92	5	38	6	4	7	57	8	76	9	8	10	48	11	42	12	82	13	77	14	9	15	75	16	12	17	59	18	19	19	83	20	15	21	60	22	33	23	62	24	19	25	37	26	74	27	5	28	55	29	68	30	36	31	38	32	51	33	2	34	54	35	7	36	21	37	59	38	77	39	36	40	85	41	10	42	85	43	54	44	92	45	56	46	46	47	83	48	35	49	77
	0	5	1	2	2	80	3	40	4	36	5	44	6	44	7	55	8	24	9	98	10	95	11	53	12	37	13	12	14	62	15	4	16	13	17	24	18	81	19	100	20	72	21	62	22	1	23	80	24	25	25	1	26	43	27	64	28	52	29	57	30	75	31	26	32	48	33	55	34	49	35	22	36	76	37	14	38	17	39	64	40	84	41	26	42	13	43	75	44	49	45	21	46	81	47	5	48	71	49	49
	0	66	1	72	2	39	3	19	4	24	5	52	6	22	7	79	8	97	9	51	10	67	11	26	12	68	13	18	14	8	15	76	16	89	17	84	18	19	19	35	20	47	21	47	22	60	23	52	24	21	25	25	26	99	27	52	28	28	29	45	30	16	31	64	32	67	33	64	34	10	35	2	36	22	37	9	38	84	39	71	40	63	41	95	42	60	43	85	44	70	45	70	46	52	47	43	48	63	49	77
	0	12	1	87	2	13	3	40	4	15	5	31	6	74	7	16	8	52	9	56	10	44	11	67	12	44	13	88	14	70	15	42	16	99	17	23	18	35	19	87	20	78	21	50	22	93	23	98	24	37	25	90	26	56	27	99	28	56	29	68	30	30	31	29	32	87	33	61	34	66	35	30	36	71	37	4	38	72	39	91	40	3	41	46	42	90	43	12	44	60	45	81	46	55	47	49	48	4	49	6
	0	73	1	75	2	30	3	79	4	86	5	90	6	34	7	63	8	23	9	26	10	3	11	4	12	43	13	47	14	58	15	65	16	26	17	53	18	5	19	5	20	62	21	18	22	80	23	2	24	48	25	28	26	76	27	38	28	99	29	1	30	5	31	89	32	17	33	10	34	22	35	8	36	86	37	28	38	21	39	91	40	88	41	69	42	84	43	45	44	52	45	11	46	20	47	18	48	83	49	1
	0	55	1	52	2	34	3	91	4	43	5	67	6	19	7	59	8	12	9	98	10	74	11	95	12	64	13	25	14	18	15	84	16	94	17	79	18	82	19	95	20	100	21	23	22	87	23	53	24	98	25	22	26	99	27	81	28	54	29	56	30	97	31	15	32	15	33	57	34	27	35	32	36	88	37	48	38	27	39	53	40	96	41	37	42	45	43	2	44	29	45	80	46	95	47	39	48	45	49	20
	0	8	1	100	2	7	3	74	4	79	5	99	6	50	7	4	8	26	9	90	10	22	11	28	12	1	13	87	14	37	15	17	16	22	17	89	18	39	19	16	20	12	21	62	22	62	23	69	24	75	25	70	26	27	27	36	28	41	29	69	30	32	31	51	32	44	33	80	34	10	35	20	36	39	37	35	38	57	39	2	40	65	41	52	42	68	43	95	44	95	45	63	46	32	47	22	48	46	49	36
	0	58	1	5	2	38	3	34	4	55	5	47	6	23	7	25	8	69	9	87	10	17	11	18	12	68	13	78	14	15	15	96	16	9	17	5	18	67	19	86	20	39	21	63	22	49	23	53	24	21	25	35	26	51	27	38	28	67	29	48	30	72	31	73	32	37	33	15	34	88	35	24	36	24	37	67	38	39	39	67	40	51	41	42	42	55	43	84	44	24	45	98	46	91	47	40	48	38	49	34
	0	80	1	82	2	27	3	76	4	1	5	58	6	92	7	39	8	12	9	60	10	69	11	62	12	18	13	29	14	100	15	9	16	65	17	86	18	30	19	58	20	73	21	74	22	49	23	25	24	56	25	15	26	32	27	96	28	88	29	25	30	65	31	78	32	18	33	52	34	58	35	68	36	44	37	10	38	73	39	12	40	89	41	28	42	20	43	18	44	47	45	57	46	5	47	14	48	93	49	75
	0	40	1	93	2	68	3	2	4	24	5	71	6	94	7	11	8	77	9	48	10	67	11	95	12	87	13	71	14	38	15	28	16	79	17	2	18	92	19	24	20	42	21	72	22	64	23	93	24	62	25	60	26	68	27	39	28	44	29	22	30	15	31	50	32	26	33	82	34	63	35	80	36	17	37	32	38	12	39	23	40	6	41	18	42	34	43	18	44	38	45	11	46	20	47	43	48	43	49	86
	0	57	1	96	2	57	3	54	4	93	5	58	6	94	7	22	8	35	9	81	10	39	11	88	12	97	13	67	14	73	15	74	16	91	17	17	18	54	19	73	20	22	21	56	22	22	23	57	24	42	25	90	26	83	27	60	28	63	29	32	30	10	31	62	32	46	33	97	34	59	35	3	36	96	37	75	38	73	39	27	40	47	41	17	42	48	43	31	44	23	45	90	46	69	47	58	48	83	49	96
	0	45	1	74	2	8	3	63	4	84	5	8	6	86	7	33	8	19	9	46	10	88	11	31	12	51	13	13	14	61	15	74	16	75	17	82	18	68	19	51	20	14	21	85	22	49	23	8	24	58	25	35	26	97	27	78	28	14	29	60	30	62	31	79	32	79	33	28	34	23	35	51	36	13	37	2	38	9	39	96	40	76	41	58	42	34	43	78	44	42	45	61	46	100	47	50	48	12	49	65
	0	74	1	43	2	90	3	98	4	31	5	40	6	94	7	47	8	45	9	97	10	13	11	48	12	48	13	3	14	31	15	41	16	93	17	77	18	83	19	58	20	98	21	54	22	18	23	51	24	61	25	13	26	67	27	68	28	54	29	28	30	59	31	42	32	46	33	59	34	30	35	54	36	27	37	27	38	8	39	79	40	13	41	11	42	79	43	27	44	58	45	81	46	57	47	36	48	10	49	51
	0	31	1	87	2	87	3	9	4	42	5	44	6	51	7	77	8	20	9	33	10	12	11	83	12	90	13	16	14	90	15	59	16	24	17	33	18	19	19	9	20	90	21	7	22	66	23	88	24	33	25	42	26	100	27	5	28	98	29	47	30	40	31	33	32	48	33	86	34	53	35	88	36	77	37	20	38	4	39	11	40	100	41	96	42	57	43	69	44	62	45	5	46	80	47	55	48	16	49	1
	0	31	1	52	2	58	3	70	4	90	5	95	6	7	7	75	8	82	9	40	10	75	11	25	12	18	13	37	14	83	15	41	16	21	17	47	18	84	19	25	20	42	21	61	22	16	23	35	24	67	25	17	26	12	27	40	28	62	29	11	30	12	31	17	32	36	33	50	34	68	35	73	36	93	37	2	38	35	39	51	40	5	41	31	42	94	43	32	44	48	45	26	46	45	47	31	48	58	49	67
	0	57	1	70	2	6	3	72	4	83	5	66	6	17	7	34	8	62	9	68	10	51	11	41	12	73	13	24	14	50	15	22	16	3	17	82	18	100	19	81	20	63	21	30	22	65	23	97	24	43	25	47	26	8	27	16	28	100	29	19	30	79	31	56	32	26	33	30	34	59	35	91	36	26	37	47	38	75	39	2	40	18	41	46	42	33	43	11	44	17	45	60	46	34	47	16	48	85	49	31
	0	59	1	5	2	44	3	14	4	53	5	36	6	93	7	61	8	42	9	75	10	69	11	60	12	43	13	49	14	49	15	44	16	82	17	66	18	76	19	72	20	6	21	83	22	66	23	50	24	64	25	40	26	23	27	46	28	96	29	2	30	63	31	14	32	37	33	48	34	38	35	43	36	58	37	20	38	97	39	80	40	67	41	20	42	36	43	98	44	56	45	7	46	19	47	15	48	78	49	50
	0	72	1	77	2	70	3	11	4	76	5	67	6	71	7	97	8	25	9	97	10	87	11	82	12	23	13	92	14	22	15	88	16	14	17	95	18	61	19	100	20	91	21	24	22	69	23	22	24	38	25	65	26	66	27	18	28	64	29	9	30	70	31	92	32	62	33	35	34	23	35	2	36	1	37	99	38	49	39	3	40	17	41	13	42	6	43	80	44	83	45	89	46	22	47	100	48	47	49	89
	0	41	1	1	2	96	3	26	4	6	5	3	6	73	7	83	8	70	9	95	10	41	11	59	12	1	13	48	14	100	15	57	16	13	17	43	18	76	19	62	20	66	21	31	22	49	23	88	24	96	25	49	26	91	27	94	28	66	29	65	30	22	31	82	32	69	33	27	34	13	35	34	36	4	37	37	38	95	39	62	40	8	41	80	42	42	43	60	44	35	45	71	46	50	47	97	48	88	49	1
	0	21	1	85	2	60	3	5	4	30	5	100	6	44	7	70	8	32	9	58	10	2	11	64	12	30	13	70	14	16	15	57	16	27	17	11	18	61	19	48	20	16	21	2	22	66	23	40	24	92	25	70	26	56	27	19	28	82	29	45	30	88	31	20	32	37	33	13	34	38	35	100	36	26	37	18	38	85	39	46	40	20	41	98	42	99	43	79	44	71	45	87	46	44	47	47	48	6	49	33
	0	45	1	13	2	8	3	92	4	76	5	69	6	47	7	13	8	67	9	49	10	74	11	29	12	49	13	18	14	7	15	4	16	78	17	45	18	60	19	2	20	98	21	10	22	5	23	94	24	46	25	93	26	52	27	10	28	12	29	30	30	99	31	90	32	94	33	60	34	97	35	9	36	13	37	87	38	98	39	76	40	93	41	22	42	13	43	21	44	4	45	91	46	98	47	30	48	29	49	17
	0	16	1	98	2	6	3	22	4	68	5	90	6	53	7	93	8	88	9	50	10	76	11	14	12	42	13	85	14	16	15	68	16	70	17	21	18	100	19	42	20	66	21	11	22	79	23	99	24	93	25	26	26	79	27	12	28	61	29	77	30	8	31	48	32	33	33	43	34	80	35	66	36	22	37	96	38	50	39	65	40	3	41	60	42	83	43	87	44	49	45	37	46	90	47	70	48	71	49	83
	0	5	1	6	2	9	3	33	4	90	5	42	6	16	7	92	8	96	9	29	10	28	11	46	12	5	13	19	14	9	15	62	16	33	17	55	18	16	19	83	20	87	21	99	22	26	23	33	24	80	25	9	26	20	27	79	28	66	29	48	30	100	31	41	32	39	33	81	34	15	35	23	36	11	37	17	38	91	39	6	40	74	41	69	42	15	43	50	44	79	45	65	46	98	47	70	48	27	49	26
	0	29	1	89	2	35	3	84	4	98	5	97	6	7	7	20	8	37	9	56	10	62	11	35	12	18	13	28	14	60	15	93	16	3	17	23	18	49	19	88	20	36	21	92	22	24	23	33	24	18	25	19	26	60	27	69	28	14	29	70	30	67	31	45	32	73	33	13	34	84	35	12	36	64	37	23	38	99	39	35	40	64	41	30	42	68	43	19	44	42	45	68	46	72	47	96	48	30	49	41
	0	28	1	25	2	77	3	14	4	56	5	100	6	20	7	95	8	47	9	70	10	29	11	56	12	4	13	4	14	94	15	21	16	46	17	77	18	78	19	21	20	88	21	46	22	48	23	75	24	44	25	36	26	45	27	73	28	23	29	68	30	81	31	49	32	96	33	95	34	46	35	76	36	73	37	26	38	85	39	34	40	11	41	54	42	70	43	8	44	34	45	20	46	70	47	41	48	52	49	73
	0	3	1	36	2	98	3	22	4	19	5	79	6	21	7	76	8	62	9	44	10	7	11	17	12	76	13	83	14	19	15	69	16	84	17	20	18	74	19	42	20	58	21	6	22	92	23	63	24	26	25	98	26	97	27	38	28	12	29	67	30	54	31	97	32	7	33	57	34	53	35	8	36	92	37	45	38	99	39	79	40	83	41	71	42	63	43	76	44	67	45	42	46	84	47	21	48	41	49	27
	0	52	1	56	2	69	3	98	4	100	5	87	6	39	7	86	8	82	9	30	10	65	11	55	12	24	13	47	14	70	15	8	16	68	17	26	18	61	19	89	20	49	21	38	22	55	23	34	24	75	25	4	26	41	27	91	28	98	29	22	30	72	31	18	32	98	33	54	34	31	35	6	36	18	37	69	38	13	39	20	40	20	41	94	42	5	43	25	44	55	45	23	46	77	47	56	48	56	49	73
	0	5	1	43	2	13	3	95	4	86	5	1	6	73	7	87	8	14	9	58	10	89	11	50	12	42	13	51	14	96	15	97	16	39	17	44	18	95	19	4	20	7	21	38	22	88	23	53	24	40	25	65	26	59	27	25	28	20	29	3	30	25	31	24	32	86	33	51	34	1	35	47	36	39	37	30	38	33	39	38	40	39	41	35	42	4	43	81	44	24	45	27	46	26	47	23	48	70	49	40
	0	55	1	38	2	40	3	67	4	10	5	59	6	15	7	21	8	69	9	57	10	1	11	94	12	76	13	32	14	48	15	72	16	96	17	41	18	36	19	68	20	74	21	96	22	98	23	78	24	13	25	93	26	97	27	81	28	64	29	47	30	85	31	33	32	89	33	68	34	87	35	24	36	53	37	89	38	3	39	8	40	38	41	22	42	29	43	10	44	9	45	23	46	18	47	79	48	50	49	74
	0	57	1	49	2	62	3	28	4	8	5	6	6	3	7	66	8	49	9	91	10	81	11	60	12	28	13	79	14	59	15	44	16	82	17	14	18	30	19	48	20	13	21	3	22	41	23	27	24	20	25	72	26	16	27	2	28	6	29	59	30	85	31	96	32	39	33	99	34	9	35	25	36	19	37	6	38	83	39	83	40	76	41	73	42	42	43	29	44	25	45	46	46	99	47	67	48	16	49	31
	0	100	1	66	2	86	3	46	4	71	5	79	6	99	7	40	8	87	9	51	10	5	11	13	12	95	13	10	14	77	15	31	16	70	17	6	18	12	19	23	20	82	21	26	22	82	23	81	24	8	25	100	26	85	27	19	28	10	29	89	30	37	31	58	32	67	33	100	34	95	35	45	36	43	37	87	38	99	39	14	40	5	41	27	42	90	43	56	44	42	45	69	46	25	47	49	48	46	49	17
	0	3	1	72	2	51	3	80	4	77	5	10	6	38	7	92	8	100	9	93	10	67	11	13	12	54	13	67	14	81	15	34	16	46	17	66	18	91	19	62	20	60	21	33	22	50	23	63	24	19	25	17	26	60	27	76	28	93	29	43	30	86	31	30	32	40	33	29	34	58	35	31	36	81	37	91	38	82	39	4	40	44	41	81	42	12	43	96	44	31	45	20	46	36	47	78	48	79	49	46
	0	70	1	15	2	29	3	73	4	95	5	72	6	34	7	41	8	52	9	89	10	50	11	96	12	81	13	43	14	3	15	33	16	93	17	67	18	20	19	97	20	88	21	9	22	76	23	7	24	61	25	44	26	91	27	68	28	71	29	70	30	65	31	80	32	56	33	60	34	62	35	52	36	13	37	39	38	58	39	83	40	93	41	15	42	23	43	77	44	69	45	82	46	5	47	90	48	68	49	78
	0	29	1	40	2	98	3	58	4	36	5	11	6	96	7	15	8	13	9	49	10	72	11	73	12	10	13	30	14	43	15	13	16	24	17	24	18	66	19	30	20	99	21	15	22	27	23	13	24	95	25	44	26	32	27	99	28	93	29	69	30	12	31	55	32	51	33	68	34	51	35	79	36	46	37	46	38	73	39	21	40	37	41	94	42	70	43	76	44	52	45	23	46	48	47	90	48	85	49	84
	0	17	1	84	2	46	3	23	4	69	5	94	6	10	7	48	8	99	9	71	10	45	11	1	12	77	13	90	14	36	15	72	16	79	17	74	18	13	19	80	20	16	21	22	22	58	23	18	24	40	25	96	26	59	27	47	28	6	29	9	30	24	31	66	32	21	33	18	34	71	35	7	36	3	37	22	38	66	39	23	40	43	41	4	42	75	43	84	44	35	45	77	46	43	47	79	48	12	49	24
	0	26	1	94	2	21	3	33	4	30	5	29	6	3	7	77	8	37	9	57	10	76	11	91	12	30	13	44	14	29	15	26	16	30	17	79	18	85	19	9	20	22	21	97	22	83	23	29	24	25	25	79	26	76	27	12	28	36	29	57	30	73	31	86	32	56	33	84	34	53	35	17	36	64	37	23	38	27	39	89	40	21	41	71	42	32	43	57	44	96	45	27	46	88	47	78	48	61	49	67
	0	41	1	22	2	93	3	86	4	83	5	4	6	75	7	10	8	12	9	93	10	91	11	12	12	80	13	93	14	58	15	60	16	48	17	91	18	31	19	85	20	22	21	27	22	79	23	70	24	73	25	30	26	25	27	68	28	39	29	21	30	84	31	14	32	67	33	78	34	53	35	92	36	53	37	13	38	33	39	67	40	77	41	18	42	88	43	90	44	50	45	55	46	69	47	45	48	11	49	23
	0	57	1	88	2	45	3	14	4	14	5	1	6	15	7	35	8	28	9	57	10	20	11	78	12	3	13	74	14	28	15	45	16	32	17	11	18	46	19	68	20	44	21	2	22	22	23	87	24	17	25	74	26	91	27	59	28	8	29	76	30	20	31	33	32	28	33	96	34	100	35	100	36	60	37	72	38	97	39	97	40	23	41	21	42	63	43	48	44	5	45	19	46	62	47	44	48	21	49	24
	0	64	1	7	2	82	3	32	4	20	5	2	6	75	7	89	8	9	9	68	10	80	11	7	12	21	13	92	14	86	15	60	16	33	17	60	18	84	19	60	20	76	21	45	22	36	23	30	24	96	25	9	26	58	27	30	28	74	29	46	30	64	31	2	32	52	33	94	34	58	35	39	36	66	37	68	38	68	39	97	40	4	41	21	42	69	43	3	44	30	45	22	46	32	47	22	48	38	49	98
	0	86	1	1	2	31	3	8	4	1	5	91	6	42	7	12	8	16	9	8	10	44	11	75	12	69	13	8	14	100	15	18	16	11	17	68	18	71	19	89	20	7	21	100	22	72	23	35	24	44	25	43	26	36	27	97	28	25	29	11	30	54	31	42	32	100	33	98	34	60	35	16	36	60	37	49	38	20	39	88	40	12	41	62	42	17	43	7	44	95	45	89	46	44	47	99	48	18	49	28
	0	70	1	71	2	14	3	38	4	3	5	3	6	57	7	22	8	97	9	44	10	81	11	48	12	62	13	49	14	92	15	18	16	84	17	2	18	63	19	90	20	43	21	42	22	65	23	21	24	11	25	67	26	65	27	86	28	66	29	79	30	84	31	93	32	17	33	23	34	16	35	92	36	85	37	93	38	41	39	47	40	39	41	40	42	75	43	40	44	94	45	99	46	59	47	90	48	39	49	1
	0	66	1	38	2	19	3	57	4	75	5	22	6	16	7	33	8	56	9	26	10	91	11	30	12	50	13	99	14	87	15	54	16	52	17	79	18	98	19	51	20	13	21	42	22	61	23	13	24	37	25	84	26	23	27	2	28	33	29	9	30	87	31	46	32	35	33	57	34	55	35	93	36	25	37	22	38	89	39	36	40	3	41	25	42	93	43	48	44	89	45	49	46	74	47	77	48	63	49	58
	0	21	1	1	2	73	3	42	4	32	5	44	6	59	7	68	8	67	9	94	10	78	11	34	12	8	13	77	14	43	15	49	16	48	17	85	18	82	19	88	20	59	21	57	22	1	23	90	24	88	25	57	26	6	27	7	28	94	29	3	30	3	31	26	32	25	33	41	34	5	35	98	36	91	37	66	38	87	39	66	40	94	41	36	42	92	43	87	44	1	45	31	46	70	47	56	48	95	49	44
	0	94	1	2	2	25	3	28	4	1	5	15	6	39	7	7	8	39	9	4	10	81	11	47	12	31	13	19	14	77	15	46	16	72	17	73	18	47	19	60	20	27	21	43	22	12	23	16	24	4	25	54	26	87	27	48	28	6	29	57	30	85	31	61	32	94	33	61	34	56	35	34	36	12	37	85	38	53	39	75	40	61	41	33	42	92	43	26	44	15	45	12	46	42	47	69	48	23	49	46
	0	80	1	64	2	42	3	53	4	76	5	51	6	76	7	87	8	7	9	70	10	47	11	73	12	3	13	1	14	96	15	76	16	93	17	10	18	2	19	73	20	84	21	64	22	74	23	52	24	2	25	56	26	29	27	20	28	76	29	39	30	90	31	11	32	38	33	63	34	53	35	38	36	89	37	80	38	5	39	100	40	22	41	42	42	96	43	63	44	32	45	5	46	97	47	70	48	45	49	44
	0	95	1	42	2	31	3	4	4	16	5	82	6	8	7	58	8	57	9	94	10	34	11	60	12	86	13	72	14	44	15	96	16	40	17	30	18	96	19	73	20	19	21	72	22	14	23	6	24	67	25	24	26	47	27	92	28	77	29	82	30	92	31	76	32	75	33	41	34	36	35	52	36	57	37	9	38	26	39	51	40	91	41	28	42	64	43	15	44	7	45	51	46	86	47	53	48	38	49	50
	0	88	1	24	2	78	3	45	4	84	5	11	6	78	7	92	8	19	9	58	10	100	11	65	12	85	13	96	14	81	15	12	16	90	17	90	18	98	19	84	20	94	21	57	22	28	23	53	24	10	25	62	26	34	27	83	28	26	29	74	30	42	31	8	32	2	33	55	34	76	35	27	36	54	37	4	38	58	39	44	40	16	41	73	42	11	43	86	44	45	45	45	46	12	47	85	48	26	49	28
	0	76	1	19	2	69	3	2	4	75	5	40	6	13	7	35	8	27	9	16	10	95	11	53	12	5	13	2	14	21	15	13	16	41	17	89	18	68	19	34	20	42	21	95	22	99	23	86	24	39	25	25	26	63	27	19	28	25	29	76	30	25	31	2	32	58	33	94	34	27	35	9	36	47	37	97	38	7	39	47	40	34	41	13	42	94	43	35	44	36	45	21	46	71	47	72	48	31	49	66
	0	87	1	54	2	73	3	99	4	26	5	22	6	96	7	77	8	2	9	61	10	33	11	95	12	11	13	75	14	45	15	51	16	68	17	7	18	66	19	73	20	22	21	86	22	80	23	51	24	95	25	15	26	4	27	42	28	26	29	34	30	39	31	56	32	95	33	15	34	3	35	49	36	50	37	82	38	76	39	52	40	92	41	69	42	8	43	37	44	54	45	36	46	71	47	94	48	9	49	23
	0	62	1	57	2	83	3	15	4	78	5	21	6	40	7	42	8	34	9	30	10	3	11	26	12	90	13	24	14	94	15	71	16	90	17	76	18	19	19	45	20	55	21	71	22	35	23	92	24	79	25	88	26	71	27	1	28	3	29	95	30	89	31	87	32	72	33	74	34	11	35	77	36	19	37	27	38	41	39	14	40	10	41	41	42	66	43	3	44	43	45	95	46	10	47	80	48	1	49	52
	0	76	1	64	2	94	3	72	4	5	5	29	6	35	7	24	8	22	9	13	10	39	11	88	12	67	13	32	14	43	15	90	16	22	17	89	18	82	19	90	20	81	21	82	22	73	23	20	24	22	25	44	26	87	27	62	28	85	29	97	30	10	31	88	32	61	33	70	34	35	35	7	36	45	37	32	38	21	39	6	40	14	41	39	42	13	43	71	44	21	45	90	46	28	47	10	48	28	49	46
	0	24	1	40	2	14	3	48	4	22	5	98	6	28	7	58	8	46	9	80	10	84	11	82	12	1	13	32	14	6	15	72	16	5	17	39	18	66	19	3	20	38	21	90	22	98	23	76	24	88	25	7	26	52	27	96	28	88	29	79	30	35	31	18	32	89	33	27	34	61	35	67	36	15	37	100	38	80	39	78	40	78	41	68	42	92	43	97	44	63	45	73	46	41	47	54	48	11	49	49
	0	54	1	99	2	50	3	15	4	71	5	46	6	63	7	22	8	79	9	87	10	92	11	78	12	46	13	52	14	99	15	12	16	17	17	44	18	65	19	35	20	25	21	63	22	70	23	10	24	13	25	1	26	94	27	39	28	91	29	75	30	44	31	29	32	60	33	24	34	73	35	14	36	75	37	98	38	69	39	6	40	41	41	100	42	17	43	29	44	57	45	73	46	64	47	68	48	46	49	35
	0	46	1	6	2	52	3	2	4	45	5	54	6	73	7	60	8	100	9	95	10	77	11	74	12	79	13	88	14	11	15	37	16	85	17	7	18	99	19	6	20	68	21	15	22	1	23	74	24	48	25	95	26	61	27	82	28	74	29	87	30	82	31	50	32	88	33	100	34	95	35	8	36	58	37	10	38	17	39	39	40	95	41	48	42	12	43	65	44	71	45	45	46	99	47	47	48	19	49	1
	0	74	1	72	2	58	3	66	4	37	5	52	6	77	7	74	8	46	9	54	10	100	11	70	12	29	13	49	14	79	15	98	16	37	17	20	18	97	19	55	20	12	21	4	22	99	23	42	24	9	25	37	26	62	27	38	28	90	29	15	30	69	31	96	32	78	33	24	34	66	35	42	36	52	37	75	38	5	39	7	40	96	41	45	42	1	43	37	44	63	45	42	46	65	47	65	48	2	49	5
	0	81	1	28	2	43	3	24	4	43	5	60	6	72	7	57	8	73	9	14	10	18	11	54	12	84	13	79	14	37	15	19	16	55	17	91	18	66	19	87	20	39	21	70	22	88	23	85	24	14	25	18	26	28	27	95	28	51	29	60	30	61	31	57	32	65	33	34	34	16	35	68	36	63	37	26	38	2	39	70	40	9	41	39	42	90	43	27	44	71	45	26	46	17	47	36	48	20	49	23
	0	21	1	34	2	97	3	82	4	97	5	80	6	61	7	58	8	40	9	21	10	97	11	28	12	31	13	94	14	34	15	39	16	59	17	9	18	4	19	1	20	98	21	96	22	59	23	88	24	79	25	50	26	97	27	2	28	34	29	84	30	88	31	13	32	79	33	64	34	100	35	99	36	92	37	13	38	47	39	18	40	85	41	86	42	23	43	4	44	75	45	64	46	6	47	76	48	19	49	18
	0	19	1	87	2	49	3	30	4	93	5	55	6	34	7	90	8	84	9	61	10	46	11	97	12	19	13	100	14	23	15	25	16	82	17	16	18	37	19	45	20	58	21	71	22	19	23	9	24	7	25	11	26	98	27	40	28	35	29	41	30	63	31	71	32	68	33	22	34	44	35	47	36	65	37	45	38	69	39	67	40	14	41	48	42	58	43	38	44	7	45	87	46	55	47	68	48	82	49	68
	0	93	1	12	2	65	3	5	4	67	5	60	6	84	7	63	8	53	9	20	10	4	11	94	12	79	13	45	14	20	15	87	16	65	17	95	18	11	19	77	20	71	21	50	22	26	23	94	24	22	25	92	26	77	27	40	28	97	29	44	30	46	31	28	32	14	33	27	34	21	35	22	36	28	37	59	38	46	39	62	40	38	41	30	42	31	43	60	44	74	45	15	46	51	47	99	48	89	49	2
	0	51	1	86	2	97	3	61	4	16	5	21	6	30	7	75	8	89	9	92	10	94	11	7	12	29	13	9	14	50	15	80	16	61	17	38	18	67	19	78	20	44	21	99	22	96	23	24	24	65	25	25	26	78	27	63	28	44	29	15	30	90	31	71	32	86	33	19	34	75	35	73	36	40	37	41	38	26	39	27	40	32	41	37	42	8	43	13	44	95	45	62	46	49	47	36	48	4	49	83
	0	23	1	43	2	87	3	54	4	16	5	80	6	90	7	43	8	39	9	68	10	91	11	31	12	36	13	80	14	2	15	39	16	2	17	13	18	9	19	51	20	93	21	16	22	33	23	35	24	23	25	17	26	15	27	78	28	49	29	40	30	51	31	100	32	3	33	29	34	41	35	96	36	30	37	3	38	22	39	29	40	26	41	14	42	93	43	83	44	91	45	86	46	67	47	21	48	45	49	55
	0	95	1	42	2	64	3	35	4	48	5	9	6	44	7	78	8	66	9	88	10	89	11	10	12	86	13	48	14	85	15	63	16	30	17	83	18	18	19	27	20	8	21	65	22	28	23	83	24	55	25	45	26	14	27	21	28	30	29	56	30	43	31	29	32	24	33	91	34	16	35	6	36	67	37	46	38	95	39	55	40	35	41	59	42	99	43	41	44	76	45	99	46	17	47	25	48	37	49	64
	0	4	1	9	2	31	3	94	4	54	5	62	6	95	7	30	8	59	9	95	10	26	11	48	12	4	13	14	14	83	15	65	16	70	17	75	18	13	19	97	20	21	21	11	22	15	23	99	24	7	25	7	26	72	27	39	28	17	29	44	30	100	31	73	32	58	33	36	34	5	35	26	36	36	37	38	38	33	39	91	40	75	41	94	42	70	43	15	44	7	45	41	46	16	47	20	48	93	49	15
	0	42	1	79	2	86	3	7	4	10	5	56	6	34	7	57	8	5	9	69	10	76	11	2	12	18	13	38	14	95	15	19	16	76	17	31	18	22	19	100	20	2	21	19	22	9	23	79	24	61	25	89	26	1	27	93	28	24	29	1	30	98	31	28	32	41	33	71	34	77	35	9	36	28	37	16	38	99	39	15	40	91	41	2	42	51	43	34	44	47	45	72	46	74	47	96	48	25	49	48
	0	84	1	37	2	40	3	45	4	99	5	89	6	81	7	17	8	5	9	4	10	66	11	42	12	43	13	39	14	33	15	17	16	98	17	82	18	87	19	4	20	15	21	85	22	27	23	68	24	73	25	25	26	98	27	78	28	1	29	33	30	63	31	77	32	12	33	41	34	92	35	38	36	82	37	41	38	96	39	59	40	10	41	60	42	60	43	66	44	31	45	3	46	71	47	23	48	77	49	95
	0	13	1	83	2	89	3	44	4	96	5	9	6	40	7	10	8	44	9	50	10	27	11	21	12	38	13	83	14	18	15	6	16	15	17	8	18	89	19	25	20	51	21	90	22	74	23	100	24	81	25	85	26	10	27	98	28	42	29	63	30	58	31	15	32	38	33	58	34	25	35	49	36	61	37	80	38	25	39	79	40	13	41	70	42	49	43	78	44	26	45	93	46	33	47	27	48	69	49	1
	0	45	1	11	2	77	3	99	4	29	5	11	6	60	7	100	8	75	9	31	10	65	11	71	12	10	13	13	14	4	15	70	16	22	17	30	18	68	19	54	20	66	21	71	22	91	23	8	24	7	25	49	26	39	27	2	28	8	29	100	30	24	31	5	32	73	33	43	34	88	35	87	36	75	37	35	38	89	39	3	40	64	41	36	42	94	43	48	44	18	45	63	46	59	47	1	48	75	49	97
	0	47	1	14	2	75	3	77	4	24	5	23	6	88	7	6	8	20	9	67	10	17	11	23	12	58	13	46	14	88	15	43	16	79	17	71	18	83	19	63	20	17	21	72	22	62	23	72	24	13	25	58	26	90	27	38	28	60	29	70	30	72	31	34	32	10	33	59	34	32	35	41	36	13	37	65	38	25	39	46	40	47	41	7	42	51	43	96	44	57	45	88	46	4	47	10	48	28	49	83
	0	94	1	39	2	49	3	75	4	98	5	25	6	41	7	28	8	55	9	12	10	71	11	38	12	99	13	2	14	52	15	2	16	90	17	57	18	19	19	73	20	95	21	93	22	29	23	8	24	23	25	20	26	14	27	35	28	28	29	18	30	98	31	68	32	19	33	59	34	49	35	71	36	47	37	8	38	29	39	51	40	58	41	64	42	64	43	4	44	36	45	41	46	52	47	70	48	70	49	71
	0	60	1	72	2	20	3	99	4	9	5	20	6	65	7	97	8	30	9	31	10	62	11	19	12	33	13	83	14	42	15	70	16	39	17	6	18	31	19	59	20	59	21	83	22	69	23	71	24	20	25	4	26	57	27	64	28	69	29	4	30	63	31	81	32	10	33	79	34	69	35	40	36	61	37	55	38	33	39	33	40	14	41	57	42	4	43	40	44	59	45	2	46	13	47	70	48	99	49	15
	0	14	1	45	2	50	3	44	4	77	5	14	6	27	7	15	8	35	9	62	10	47	11	58	12	33	13	36	14	5	15	99	16	54	17	22	18	93	19	91	20	98	21	32	22	82	23	35	24	49	25	86	26	87	27	12	28	55	29	8	30	67	31	23	32	7	33	59	34	50	35	19	36	90	37	75	38	79	39	53	40	34	41	4	42	13	43	3	44	12	45	37	46	34	47	26	48	35	49	75
	0	46	1	69	2	56	3	2	4	60	5	25	6	84	7	38	8	9	9	14	10	61	11	87	12	36	13	44	14	67	15	18	16	40	17	55	18	36	19	35	20	80	21	73	22	17	23	34	24	75	25	20	26	3	27	36	28	48	29	45	30	16	31	55	32	94	33	95	34	20	35	53	36	79	37	27	38	94	39	54	40	100	41	23	42	95	43	60	44	62	45	80	46	96	47	69	48	38	49	65
	0	67	1	82	2	43	3	69	4	39	5	73	6	27	7	7	8	78	9	36	10	53	11	26	12	45	13	48	14	43	15	37	16	25	17	94	18	79	19	78	20	57	21	68	22	20	23	69	24	89	25	31	26	54	27	24	28	40	29	83	30	89	31	25	32	51	33	99	34	84	35	73	36	53	37	17	38	41	39	75	40	83	41	95	42	15	43	31	44	17	45	62	46	32	47	29	48	26	49	38
	0	10	1	56	2	50	3	90	4	9	5	94	6	48	7	56	8	80	9	57	10	91	11	60	12	75	13	77	14	78	15	76	16	33	17	58	18	7	19	42	20	76	21	49	22	30	23	17	24	54	25	12	26	73	27	36	28	34	29	69	30	98	31	98	32	26	33	78	34	41	35	8	36	92	37	56	38	45	39	44	40	69	41	48	42	87	43	24	44	9	45	24	46	60	47	2	48	23	49	34
	0	42	1	97	2	73	3	70	4	4	5	63	6	53	7	7	8	96	9	32	10	52	11	19	12	37	13	91	14	91	15	99	16	95	17	85	18	74	19	27	20	25	21	54	22	3	23	57	24	12	25	28	26	37	27	36	28	26	29	68	30	97	31	51	32	97	33	10	34	54	35	89	36	59	37	42	38	49	39	45	40	19	41	40	42	25	43	4	44	59	45	31	46	76	47	14	48	75	49	63
	0	46	1	91	2	3	3	95	4	26	5	32	6	92	7	48	8	39	9	44	10	27	11	66	12	5	13	100	14	5	15	85	16	25	17	76	18	20	19	16	20	39	21	43	22	16	23	78	24	24	25	13	26	99	27	39	28	62	29	56	30	34	31	58	32	80	33	48	34	63	35	33	36	36	37	9	38	2	39	92	40	25	41	46	42	36	43	91	44	5	45	7	46	95	47	1	48	76	49	10
	0	83	1	98	2	75	3	9	4	9	5	87	6	51	7	1	8	14	9	33	10	34	11	99	12	26	13	63	14	31	15	12	16	60	17	79	18	92	19	16	20	60	21	88	22	42	23	3	24	43	25	38	26	63	27	41	28	90	29	16	30	78	31	89	32	13	33	53	34	71	35	38	36	64	37	39	38	42	39	86	40	81	41	35	42	88	43	53	44	95	45	49	46	37	47	10	48	22	49	100
	0	10	1	67	2	31	3	97	4	66	5	39	6	60	7	4	8	54	9	7	10	9	11	63	12	84	13	21	14	46	15	97	16	94	17	16	18	93	19	29	20	67	21	49	22	98	23	69	24	26	25	71	26	84	27	62	28	19	29	85	30	42	31	12	32	62	33	67	34	23	35	2	36	8	37	43	38	21	39	89	40	58	41	51	42	68	43	52	44	34	45	30	46	87	47	99	48	73	49	15
	0	53	1	80	2	27	3	36	4	81	5	58	6	59	7	41	8	30	9	26	10	81	11	91	12	89	13	86	14	80	15	9	16	92	17	15	18	10	19	69	20	76	21	93	22	65	23	58	24	76	25	69	26	46	27	54	28	13	29	77	30	93	31	99	32	47	33	41	34	57	35	58	36	68	37	29	38	5	39	93	40	66	41	41	42	9	43	99	44	97	45	40	46	53	47	76	48	38	49	72
	0	50	1	34	2	100	3	17	4	72	5	50	6	37	7	78	8	23	9	45	10	71	11	4	12	96	13	20	14	21	15	89	16	23	17	88	18	18	19	10	20	91	21	94	22	19	23	82	24	73	25	92	26	75	27	48	28	27	29	40	30	5	31	39	32	34	33	17	34	86	35	65	36	85	37	91	38	53	39	18	40	51	41	68	42	78	43	1	44	84	45	19	46	70	47	26	48	27	49	65
	0	8	1	31	2	49	3	53	4	12	5	3	6	24	7	69	8	98	9	31	10	8	11	60	12	85	13	6	14	5	15	66	16	46	17	43	18	16	19	82	20	19	21	5	22	100	23	5	24	21	25	42	26	14	27	27	28	31	29	81	30	100	31	91	32	38	33	20	34	23	35	15	36	64	37	33	38	98	39	42	40	16	41	66	42	58	43	88	44	14	45	91	46	38	47	89	48	15	49	56
	0	85	1	64	2	26	3	32	4	19	5	48	6	58	7	55	8	4	9	62	10	88	11	9	12	10	13	32	14	26	15	13	16	61	17	65	18	89	19	78	20	11	21	35	22	45	23	78	24	96	25	60	26	72	27	37	28	39	29	59	30	48	31	14	32	22	33	17	34	61	35	69	36	43	37	6	38	17	39	15	40	27	41	32	42	70	43	94	44	53	45	19	46	11	47	41	48	21	49	28
	0	95	1	21	2	66	3	91	4	74	5	47	6	2	7	7	8	87	9	15	10	49	11	14	12	17	13	25	14	62	15	59	16	5	17	61	18	89	19	100	20	96	21	52	22	15	23	36	24	52	25	43	26	63	27	46	28	54	29	41	30	67	31	67	32	87	33	21	34	44	35	62	36	60	37	1	38	11	39	43	40	31	41	22	42	40	43	56	44	19	45	1	46	49	47	49	48	36	49	31
	0	57	1	68	2	63	3	46	4	58	5	60	6	52	7	92	8	2	9	71	10	34	11	50	12	74	13	85	14	65	15	14	16	13	17	18	18	34	19	21	20	16	21	75	22	20	23	82	24	17	25	49	26	68	27	56	28	36	29	83	30	25	31	78	32	29	33	60	34	58	35	30	36	4	37	78	38	36	39	3	40	68	41	18	42	51	43	6	44	22	45	22	46	22	47	11	48	20	49	39
	0	94	1	42	2	69	3	99	4	17	5	44	6	20	7	23	8	99	9	3	10	82	11	97	12	40	13	77	14	71	15	39	16	90	17	86	18	58	19	56	20	13	21	65	22	91	23	72	24	26	25	51	26	99	27	60	28	51	29	3	30	99	31	24	32	9	33	46	34	80	35	97	36	30	37	87	38	20	39	73	40	69	41	58	42	54	43	67	44	44	45	80	46	30	47	84	48	39	49	51
	0	83	1	47	2	41	3	92	4	34	5	84	6	100	7	24	8	1	9	18	10	36	11	54	12	63	13	82	14	18	15	70	16	16	17	45	18	12	19	12	20	19	21	55	22	53	23	39	24	29	25	6	26	95	27	17	28	39	29	89	30	53	31	10	32	100	33	94	34	18	35	25	36	91	37	69	38	34	39	71	40	34	41	55	42	58	43	6	44	10	45	37	46	33	47	2	48	100	49	2
	0	62	1	50	2	57	3	91	4	48	5	65	6	89	7	68	8	47	9	92	10	10	11	58	12	54	13	2	14	89	15	28	16	92	17	35	18	91	19	7	20	10	21	35	22	9	23	69	24	93	25	78	26	20	27	29	28	33	29	80	30	18	31	22	32	23	33	57	34	1	35	68	36	70	37	57	38	24	39	45	40	49	41	87	42	40	43	13	44	32	45	17	46	85	47	71	48	53	49	14
	0	95	1	39	2	28	3	64	4	46	5	96	6	14	7	64	8	56	9	9	10	69	11	95	12	8	13	43	14	84	15	16	16	54	17	35	18	56	19	38	20	35	21	69	22	45	23	61	24	9	25	89	26	47	27	96	28	84	29	31	30	39	31	84	32	98	33	72	34	12	35	5	36	72	37	12	38	86	39	37	40	64	41	45	42	62	43	90	44	69	45	96	46	81	47	37	48	53	49	6
	0	64	1	30	2	26	3	10	4	75	5	49	6	79	7	34	8	31	9	32	10	37	11	9	12	32	13	93	14	25	15	79	16	4	17	8	18	24	19	32	20	72	21	46	22	73	23	18	24	3	25	57	26	57	27	99	28	92	29	56	30	64	31	60	32	70	33	59	34	14	35	76	36	72	37	62	38	95	39	11	40	85	41	70	42	55	43	92	44	58	45	15	46	36	47	93	48	66	49	23
	0	43	1	10	2	29	3	13	4	93	5	21	6	54	7	42	8	87	9	59	10	43	11	35	12	90	13	37	14	74	15	53	16	20	17	18	18	68	19	88	20	85	21	96	22	81	23	5	24	6	25	57	26	92	27	52	28	24	29	13	30	81	31	5	32	83	33	40	34	10	35	42	36	21	37	65	38	46	39	43	40	30	41	74	42	4	43	65	44	62	45	45	46	93	47	39	48	73	49	22
	0	88	1	92	2	59	3	82	4	60	5	86	6	15	7	71	8	50	9	31	10	14	11	4	12	54	13	7	14	1	15	53	16	64	17	9	18	31	19	71	20	82	21	7	22	16	23	28	24	90	25	60	26	49	27	53	28	66	29	48	30	13	31	15	32	52	33	14	34	11	35	72	36	36	37	12	38	65	39	87	40	96	41	5	42	63	43	92	44	7	45	84	46	64	47	21	48	33	49	70
	0	85	1	78	2	34	3	35	4	33	5	96	6	64	7	62	8	49	9	97	10	51	11	11	12	84	13	62	14	77	15	74	16	18	17	85	18	91	19	33	20	99	21	51	22	38	23	57	24	63	25	68	26	85	27	95	28	47	29	53	30	57	31	55	32	25	33	35	34	45	35	78	36	25	37	43	38	30	39	42	40	95	41	73	42	28	43	62	44	40	45	70	46	73	47	65	48	38	49	56
	0	77	1	51	2	15	3	97	4	32	5	92	6	37	7	88	8	51	9	98	10	32	11	99	12	69	13	72	14	76	15	9	16	28	17	39	18	95	19	20	20	40	21	94	22	52	23	45	24	96	25	36	26	42	27	80	28	48	29	57	30	13	31	30	32	19	33	22	34	71	35	45	36	75	37	45	38	41	39	72	40	91	41	54	42	9	43	48	44	98	45	5	46	48	47	77	48	67	49	73
	0	5	1	70	2	93	3	41	4	16	5	39	6	74	7	68	8	59	9	77	10	4	11	99	12	69	13	70	14	9	15	49	16	80	17	8	18	12	19	75	20	65	21	2	22	9	23	25	24	76	25	26	26	70	27	15	28	30	29	35	30	15	31	86	32	73	33	24	34	28	35	31	36	20	37	45	38	4	39	96	40	69	41	82	42	38	43	15	44	12	45	50	46	11	47	90	48	17	49	86
	0	34	1	71	2	30	3	26	4	31	5	74	6	40	7	1	8	4	9	40	10	97	11	88	12	96	13	36	14	75	15	2	16	35	17	39	18	26	19	19	20	45	21	61	22	55	23	56	24	42	25	5	26	34	27	60	28	61	29	54	30	10	31	69	32	75	33	45	34	92	35	57	36	2	37	67	38	13	39	78	40	16	41	92	42	7	43	59	44	6	45	32	46	47	47	13	48	47	49	67
	0	31	1	78	2	78	3	2	4	11	5	100	6	4	7	45	8	6	9	3	10	62	11	1	12	49	13	35	14	16	15	37	16	37	17	69	18	88	19	71	20	17	21	1	22	16	23	63	24	97	25	82	26	7	27	35	28	80	29	54	30	40	31	43	32	63	33	6	34	4	35	64	36	36	37	52	38	8	39	91	40	86	41	97	42	89	43	42	44	78	45	52	46	83	47	14	48	88	49	2
	0	75	1	53	2	81	3	55	4	9	5	19	6	91	7	7	8	36	9	58	10	23	11	14	12	39	13	22	14	85	15	49	16	44	17	88	18	40	19	91	20	33	21	72	22	12	23	73	24	87	25	41	26	4	27	76	28	47	29	70	30	95	31	60	32	70	33	85	34	43	35	61	36	98	37	4	38	95	39	99	40	98	41	65	42	86	43	68	44	12	45	86	46	91	47	18	48	41	49	22
	0	37	1	33	2	51	3	95	4	5	5	77	6	72	7	13	8	86	9	54	10	24	11	23	12	47	13	12	14	99	15	37	16	47	17	82	18	79	19	38	20	95	21	33	22	68	23	71	24	33	25	82	26	75	27	43	28	9	29	87	30	55	31	13	32	52	33	36	34	33	35	43	36	71	37	68	38	29	39	24	40	44	41	20	42	77	43	20	44	62	45	88	46	9	47	82	48	46	49	19
	0	44	1	18	2	63	3	3	4	93	5	44	6	87	7	9	8	85	9	27	10	98	11	97	12	69	13	9	14	15	15	95	16	42	17	76	18	96	19	21	20	15	21	91	22	56	23	99	24	11	25	34	26	90	27	85	28	69	29	95	30	1	31	11	32	79	33	17	34	53	35	13	36	88	37	2	38	31	39	95	40	47	41	99	42	53	43	50	44	87	45	61	46	68	47	44	48	39	49	31
	0	50	1	22	2	57	3	85	4	56	5	3	6	80	7	65	8	18	9	63	10	65	11	52	12	79	13	38	14	67	15	85	16	1	17	84	18	40	19	15	20	2	21	70	22	13	23	48	24	99	25	12	26	30	27	21	28	56	29	56	30	79	31	21	32	87	33	74	34	49	35	27	36	38	37	33	38	82	39	37	40	62	41	46	42	6	43	31	44	56	45	18	46	86	47	48	48	26	49	50
	0	6	1	6	2	99	3	58	4	77	5	86	6	94	7	16	8	42	9	42	10	35	11	45	12	12	13	35	14	41	15	93	16	61	17	89	18	53	19	83	20	59	21	5	22	72	23	22	24	21	25	11	26	18	27	7	28	9	29	9	30	30	31	58	32	14	33	48	34	74	35	67	36	79	37	56	38	31	39	56	40	86	41	80	42	68	43	62	44	83	45	41	46	32	47	9	48	29	49	95
	0	8	1	30	2	99	3	46	4	32	5	44	6	56	7	73	8	55	9	2	10	5	11	47	12	98	13	70	14	59	15	66	16	41	17	98	18	6	19	23	20	33	21	91	22	46	23	90	24	25	25	97	26	35	27	79	28	61	29	65	30	61	31	21	32	71	33	46	34	36	35	67	36	56	37	27	38	83	39	99	40	67	41	38	42	37	43	19	44	99	45	63	46	12	47	36	48	71	49	40
	0	89	1	84	2	58	3	45	4	27	5	31	6	84	7	80	8	2	9	71	10	11	11	20	12	34	13	95	14	64	15	87	16	50	17	100	18	95	19	52	20	90	21	74	22	61	23	89	24	64	25	57	26	82	27	26	28	9	29	86	30	90	31	71	32	5	33	57	34	95	35	6	36	53	37	64	38	33	39	81	40	18	41	11	42	50	43	46	44	97	45	95	46	72	47	2	48	64	49	3
	0	28	1	64	2	86	3	82	4	53	5	70	6	40	7	70	8	80	9	65	10	59	11	97	12	86	13	57	14	76	15	90	16	68	17	25	18	68	19	48	20	65	21	7	22	8	23	72	24	28	25	30	26	70	27	52	28	32	29	26	30	48	31	62	32	70	33	71	34	2	35	12	36	66	37	31	38	16	39	45	40	11	41	96	42	41	43	99	44	1	45	54	46	68	47	56	48	33	49	16
	0	38	1	48	2	81	3	5	4	96	5	4	6	77	7	70	8	39	9	48	10	43	11	86	12	17	13	89	14	69	15	45	16	88	17	51	18	29	19	65	20	36	21	43	22	72	23	53	24	3	25	76	26	37	27	8	28	94	29	56	30	76	31	61	32	47	33	27	34	92	35	61	36	99	37	31	38	12	39	83	40	65	41	17	42	60	43	95	44	31	45	23	46	4	47	24	48	14	49	90
	0	83	1	3	2	40	3	3	4	47	5	81	6	66	7	60	8	54	9	52	10	13	11	17	12	21	13	2	14	3	15	52	16	16	17	1	18	29	19	56	20	32	21	96	22	78	23	43	24	96	25	58	26	96	27	27	28	87	29	7	30	71	31	20	32	73	33	13	34	64	35	40	36	98	37	42	38	19	39	40	40	68	41	10	42	27	43	91	44	20	45	47	46	30	47	90	48	76	49	87
	0	95	1	57	2	18	3	51	4	77	5	63	6	23	7	67	8	62	9	94	10	65	11	60	12	70	13	36	14	54	15	5	16	39	17	48	18	74	19	9	20	22	21	51	22	55	23	94	24	84	25	59	26	61	27	68	28	76	29	10	30	8	31	25	32	1	33	90	34	33	35	5	36	31	37	66	38	69	39	4	40	25	41	43	42	14	43	12	44	44	45	31	46	87	47	26	48	91	49	93
	0	5	1	72	2	5	3	84	4	47	5	4	6	79	7	27	8	63	9	1	10	6	11	83	12	51	13	55	14	45	15	87	16	24	17	30	18	83	19	91	20	21	21	39	22	27	23	17	24	48	25	54	26	43	27	3	28	43	29	64	30	42	31	22	32	4	33	32	34	68	35	78	36	36	37	32	38	51	39	29	40	79	41	45	42	7	43	81	44	55	45	59	46	22	47	56	48	20	49	9
	0	42	1	30	2	23	3	33	4	55	5	88	6	9	7	45	8	40	9	49	10	99	11	43	12	8	13	55	14	67	15	7	16	84	17	26	18	68	19	57	20	84	21	22	22	95	23	65	24	88	25	78	26	75	27	58	28	21	29	82	30	34	31	41	32	90	33	26	34	78	35	34	36	41	37	54	38	73	39	4	40	27	41	69	42	40	43	29	44	1	45	92	46	72	47	28	48	92	49	71
	0	51	1	47	2	8	3	95	4	27	5	89	6	75	7	50	8	77	9	10	10	26	11	26	12	61	13	39	14	78	15	73	16	45	17	80	18	62	19	39	20	52	21	18	22	17	23	65	24	61	25	26	26	30	27	7	28	81	29	38	30	5	31	10	32	48	33	59	34	98	35	59	36	27	37	8	38	17	39	73	40	32	41	16	42	19	43	27	44	79	45	29	46	27	47	18	48	43	49	98
	0	41	1	95	2	86	3	35	4	43	5	38	6	61	7	77	8	96	9	50	10	38	11	97	12	5	13	88	14	82	15	41	16	74	17	53	18	80	19	80	20	81	21	25	22	21	23	11	24	74	25	99	26	48	27	54	28	30	29	57	30	48	31	5	32	46	33	98	34	51	35	69	36	58	37	93	38	51	39	64	40	98	41	52	42	71	43	79	44	43	45	4	46	31	47	28	48	1	49	44
	0	100	1	23	2	56	3	88	4	31	5	73	6	63	7	34	8	12	9	67	10	50	11	41	12	92	13	6	14	90	15	53	16	55	17	96	18	36	19	36	20	46	21	9	22	30	23	14	24	88	25	69	26	42	27	8	28	34	29	44	30	92	31	24	32	39	33	23	34	51	35	42	36	58	37	18	38	50	39	98	40	97	41	38	42	18	43	70	44	68	45	94	46	32	47	90	48	39	49	58
	0	71	1	75	2	72	3	70	4	80	5	20	6	83	7	69	8	95	9	3	10	85	11	4	12	1	13	12	14	77	15	27	16	95	17	71	18	6	19	100	20	98	21	37	22	12	23	49	24	37	25	95	26	24	27	54	28	75	29	68	30	76	31	61	32	77	33	18	34	60	35	49	36	31	37	26	38	32	39	95	40	66	41	39	42	38	43	9	44	32	45	53	46	30	47	48	48	38	49	59
	0	85	1	13	2	64	3	72	4	49	5	99	6	82	7	23	8	67	9	57	10	70	11	68	12	73	13	73	14	89	15	76	16	51	17	83	18	64	19	66	20	92	21	74	22	86	23	24	24	3	25	53	26	30	27	19	28	46	29	63	30	49	31	93	32	15	33	90	34	98	35	99	36	84	37	97	38	95	39	6	40	62	41	65	42	10	43	3	44	68	45	29	46	62	47	61	48	93	49	49
	0	53	1	52	2	6	3	51	4	61	5	12	6	50	7	16	8	87	9	9	10	5	11	12	12	18	13	60	14	23	15	3	16	50	17	93	18	72	19	70	20	91	21	54	22	32	23	28	24	35	25	8	26	35	27	25	28	71	29	87	30	41	31	64	32	67	33	70	34	96	35	83	36	65	37	12	38	4	39	67	40	43	41	48	42	21	43	99	44	56	45	51	46	44	47	63	48	60	49	5
	0	56	1	57	2	54	3	24	4	58	5	86	6	32	7	47	8	77	9	24	10	12	11	69	12	60	13	84	14	73	15	85	16	69	17	42	18	41	19	82	20	51	21	67	22	78	23	88	24	39	25	93	26	94	27	56	28	19	29	20	30	67	31	61	32	58	33	12	34	37	35	26	36	76	37	68	38	29	39	11	40	33	41	50	42	100	43	23	44	20	45	4	46	31	47	36	48	16	49	12
	0	4	1	34	2	31	3	63	4	22	5	8	6	40	7	28	8	82	9	67	10	100	11	63	12	5	13	65	14	83	15	100	16	67	17	22	18	84	19	91	20	3	21	15	22	72	23	95	24	71	25	68	26	1	27	56	28	97	29	41	30	8	31	93	32	40	33	31	34	46	35	93	36	47	37	11	38	34	39	99	40	92	41	80	42	44	43	20	44	2	45	97	46	22	47	5	48	38	49	26
	0	35	1	61	2	76	3	4	4	98	5	11	6	83	7	25	8	90	9	14	10	21	11	94	12	2	13	99	14	3	15	86	16	52	17	82	18	74	19	30	20	67	21	68	22	15	23	88	24	17	25	59	26	81	27	15	28	45	29	22	30	16	31	1	32	42	33	75	34	12	35	46	36	48	37	16	38	11	39	13	40	82	41	89	42	51	43	64	44	34	45	57	46	20	47	65	48	66	49	46
	0	65	1	22	2	16	3	59	4	63	5	91	6	94	7	87	8	62	9	52	10	6	11	60	12	36	13	66	14	72	15	18	16	26	17	38	18	89	19	93	20	53	21	57	22	79	23	33	24	28	25	98	26	25	27	9	28	85	29	85	30	60	31	89	32	30	33	73	34	91	35	61	36	70	37	86	38	55	39	47	40	60	41	17	42	44	43	44	44	5	45	87	46	54	47	64	48	72	49	2
	0	24	1	88	2	27	3	82	4	92	5	35	6	89	7	19	8	80	9	11	10	67	11	15	12	67	13	5	14	24	15	92	16	35	17	28	18	86	19	74	20	90	21	26	22	84	23	98	24	79	25	10	26	98	27	84	28	73	29	74	30	55	31	89	32	87	33	9	34	70	35	12	36	40	37	24	38	68	39	28	40	85	41	33	42	100	43	75	44	74	45	76	46	47	47	19	48	25	49	76
	0	85	1	57	2	97	3	46	4	39	5	57	6	12	7	11	8	64	9	28	10	71	11	2	12	20	13	74	14	46	15	32	16	40	17	76	18	48	19	68	20	91	21	100	22	8	23	58	24	92	25	37	26	30	27	75	28	45	29	16	30	69	31	87	32	61	33	38	34	80	35	70	36	26	37	33	38	30	39	13	40	18	41	42	42	50	43	89	44	63	45	60	46	1	47	95	48	15	49	4
	0	50	1	75	2	81	3	88	4	3	5	84	6	21	7	25	8	37	9	60	10	7	11	75	12	8	13	5	14	27	15	23	16	52	17	99	18	41	19	44	20	1	21	95	22	48	23	100	24	68	25	64	26	20	27	76	28	84	29	100	30	95	31	25	32	87	33	91	34	58	35	22	36	4	37	24	38	33	39	13	40	60	41	83	42	70	43	14	44	17	45	41	46	16	47	17	48	34	49	75
	0	74	1	81	2	76	3	52	4	12	5	28	6	41	7	48	8	75	9	77	10	61	11	13	12	98	13	73	14	11	15	100	16	35	17	8	18	29	19	4	20	46	21	28	22	17	23	82	24	15	25	76	26	3	27	67	28	83	29	30	30	54	31	77	32	12	33	15	34	91	35	92	36	37	37	3	38	43	39	47	40	58	41	45	42	31	43	64	44	63	45	82	46	77	47	28	48	20	49	29
	0	78	1	63	2	49	3	48	4	88	5	85	6	70	7	32	8	6	9	21	10	2	11	71	12	48	13	25	14	36	15	90	16	61	17	37	18	23	19	54	20	7	21	60	22	42	23	90	24	26	25	49	26	51	27	86	28	52	29	37	30	18	31	43	32	34	33	56	34	99	35	3	36	8	37	8	38	5	39	78	40	99	41	4	42	68	43	51	44	62	45	74	46	24	47	30	48	86	49	23
	0	37	1	61	2	22	3	74	4	47	5	47	6	9	7	25	8	40	9	24	10	8	11	30	12	30	13	87	14	64	15	51	16	27	17	74	18	70	19	58	20	37	21	38	22	87	23	81	24	96	25	84	26	45	27	24	28	48	29	34	30	49	31	1	32	18	33	57	34	35	35	62	36	39	37	77	38	78	39	15	40	32	41	33	42	25	43	48	44	49	45	73	46	17	47	30	48	30	49	94
	0	27	1	30	2	31	3	64	4	9	5	83	6	22	7	83	8	59	9	10	10	76	11	77	12	15	13	34	14	76	15	25	16	53	17	91	18	27	19	70	20	62	21	5	22	46	23	54	24	93	25	73	26	66	27	89	28	25	29	90	30	79	31	47	32	87	33	7	34	92	35	30	36	37	37	3	38	1	39	65	40	71	41	6	42	70	43	11	44	33	45	1	46	90	47	100	48	38	49	13
	0	66	1	39	2	24	3	47	4	24	5	29	6	8	7	23	8	67	9	1	10	1	11	41	12	12	13	69	14	18	15	63	16	75	17	41	18	73	19	99	20	9	21	47	22	56	23	28	24	88	25	64	26	33	27	95	28	11	29	69	30	12	31	72	32	58	33	28	34	59	35	55	36	27	37	1	38	74	39	57	40	32	41	51	42	44	43	8	44	40	45	47	46	45	47	60	48	79	49	27
	0	55	1	92	2	42	3	48	4	97	5	27	6	85	7	43	8	29	9	22	10	57	11	71	12	53	13	98	14	49	15	3	16	96	17	8	18	36	19	15	20	3	21	74	22	39	23	57	24	34	25	29	26	43	27	22	28	50	29	49	30	45	31	44	32	53	33	68	34	18	35	90	36	85	37	98	38	9	39	29	40	19	41	4	42	20	43	94	44	97	45	13	46	29	47	59	48	96	49	48
	0	53	1	17	2	15	3	9	4	57	5	15	6	33	7	56	8	72	9	82	10	74	11	71	12	65	13	74	14	69	15	78	16	73	17	93	18	19	19	70	20	4	21	81	22	80	23	73	24	61	25	81	26	41	27	27	28	37	29	19	30	53	31	84	32	100	33	56	34	38	35	39	36	54	37	96	38	88	39	58	40	47	41	72	42	15	43	55	44	72	45	28	46	38	47	34	48	64	49	83
	0	5	1	14	2	10	3	32	4	76	5	80	6	10	7	24	8	34	9	39	10	54	11	30	12	93	13	84	14	20	15	81	16	7	17	78	18	93	19	49	20	27	21	14	22	61	23	83	24	29	25	19	26	46	27	42	28	29	29	16	30	69	31	84	32	58	33	41	34	62	35	96	36	52	37	86	38	69	39	67	40	89	41	36	42	7	43	65	44	75	45	85	46	75	47	44	48	66	49	82
	0	30	1	98	2	62	3	18	4	74	5	61	6	31	7	71	8	12	9	77	10	42	11	65	12	86	13	24	14	1	15	97	16	89	17	59	18	35	19	69	20	9	21	8	22	72	23	95	24	69	25	27	26	93	27	86	28	49	29	96	30	65	31	42	32	19	33	45	34	86	35	81	36	18	37	5	38	93	39	8	40	40	41	25	42	11	43	87	44	32	45	30	46	62	47	72	48	17	49	87
	0	36	1	20	2	74	3	94	4	10	5	83	6	58	7	42	8	71	9	50	10	44	11	92	12	64	13	90	14	8	15	68	16	78	17	25	18	96	19	60	20	43	21	15	22	46	23	99	24	4	25	53	26	48	27	34	28	81	29	90	30	67	31	20	32	49	33	44	34	74	35	23	36	85	37	55	38	37	39	65	40	67	41	5	42	84	43	89	44	29	45	99	46	39	47	20	48	97	49	86
	0	80	1	29	2	70	3	66	4	91	5	44	6	18	7	96	8	90	9	66	10	2	11	20	12	55	13	78	14	49	15	59	16	93	17	47	18	40	19	56	20	16	21	76	22	73	23	40	24	14	25	43	26	35	27	78	28	52	29	34	30	85	31	17	32	13	33	62	34	18	35	26	36	82	37	27	38	86	39	16	40	39	41	60	42	78	43	64	44	92	45	53	46	97	47	100	48	83	49	68
	0	73	1	17	2	47	3	82	4	11	5	12	6	98	7	14	8	64	9	76	10	81	11	16	12	68	13	81	14	8	15	62	16	91	17	48	18	69	19	44	20	73	21	74	22	94	23	51	24	73	25	67	26	85	27	16	28	34	29	12	30	69	31	39	32	42	33	62	34	30	35	19	36	38	37	41	38	20	39	61	40	6	41	82	42	54	43	51	44	55	45	59	46	48	47	84	48	49	49	72
	0	51	1	17	2	77	3	97	4	75	5	74	6	53	7	11	8	36	9	16	10	84	11	57	12	43	13	67	14	60	15	2	16	10	17	44	18	43	19	9	20	85	21	48	22	60	23	24	24	98	25	100	26	37	27	44	28	87	29	35	30	12	31	31	32	68	33	95	34	29	35	75	36	22	37	68	38	97	39	19	40	42	41	76	42	56	43	10	44	69	45	8	46	2	47	38	48	77	49	47
	0	48	1	65	2	19	3	38	4	31	5	67	6	30	7	99	8	87	9	42	10	50	11	72	12	56	13	45	14	9	15	53	16	92	17	64	18	94	19	73	20	89	21	52	22	96	23	97	24	40	25	62	26	82	27	71	28	97	29	59	30	66	31	39	32	8	33	19	34	66	35	95	36	33	37	18	38	68	39	64	40	62	41	76	42	30	43	4	44	14	45	21	46	6	47	93	48	62	49	81
	0	74	1	28	2	22	3	10	4	86	5	56	6	8	7	14	8	86	9	16	10	33	11	44	12	57	13	62	14	11	15	48	16	94	17	88	18	86	19	21	20	22	21	83	22	3	23	80	24	92	25	93	26	80	27	59	28	38	29	43	30	69	31	10	32	61	33	78	34	95	35	32	36	95	37	6	38	17	39	86	40	56	41	55	42	56	43	60	44	76	45	81	46	77	47	92	48	87	49	83
	0	22	1	59	2	96	3	25	4	31	5	4	6	72	7	51	8	3	9	46	10	28	11	58	12	73	13	97	14	78	15	65	16	17	17	96	18	1	19	78	20	5	21	7	22	38	23	51	24	71	25	64	26	94	27	90	28	59	29	53	30	53	31	52	32	75	33	56	34	93	35	32	36	51	37	12	38	75	39	41	40	90	41	57	42	44	43	19	44	70	45	53	46	65	47	36	48	4	49	19
	0	79	1	79	2	95	3	24	4	46	5	18	6	39	7	2	8	28	9	8	10	44	11	100	12	18	13	65	14	92	15	73	16	10	17	25	18	52	19	81	20	75	21	81	22	9	23	59	24	2	25	34	26	88	27	53	28	86	29	38	30	80	31	58	32	98	33	91	34	91	35	97	36	66	37	24	38	79	39	9	40	40	41	82	42	50	43	65	44	30	45	96	46	25	47	11	48	37	49	1
	0	5	1	4	2	20	3	35	4	81	5	5	6	60	7	39	8	86	9	35	10	21	11	19	12	76	13	9	14	21	15	76	16	79	17	99	18	55	19	86	20	69	21	9	22	36	23	85	24	29	25	44	26	55	27	18	28	35	29	10	30	62	31	32	32	62	33	85	34	25	35	25	36	88	37	39	38	23	39	93	40	57	41	4	42	74	43	30	44	31	45	4	46	9	47	70	48	31	49	17
	0	38	1	74	2	43	3	14	4	69	5	16	6	65	7	97	8	82	9	10	10	89	11	49	12	68	13	69	14	62	15	45	16	77	17	19	18	69	19	94	20	41	21	85	22	28	23	25	24	67	25	24	26	94	27	19	28	18	29	84	30	98	31	55	32	14	33	8	34	95	35	27	36	37	37	1	38	76	39	48	40	18	41	47	42	64	43	47	44	32	45	37	46	22	47	17	48	33	49	40
	0	21	1	91	2	9	3	29	4	58	5	30	6	44	7	53	8	18	9	66	10	97	11	11	12	17	13	27	14	48	15	62	16	76	17	39	18	82	19	92	20	12	21	85	22	93	23	9	24	44	25	59	26	28	27	41	28	44	29	50	30	20	31	61	32	98	33	40	34	69	35	66	36	37	37	15	38	69	39	72	40	67	41	96	42	92	43	14	44	6	45	64	46	77	47	59	48	94	49	29
	0	93	1	69	2	56	3	60	4	54	5	78	6	21	7	82	8	23	9	58	10	15	11	5	12	35	13	7	14	13	15	42	16	6	17	63	18	91	19	38	20	24	21	38	22	12	23	100	24	44	25	38	26	66	27	9	28	11	29	76	30	15	31	68	32	4	33	38	34	24	35	90	36	70	37	35	38	93	39	53	40	82	41	46	42	1	43	58	44	47	45	54	46	36	47	86	48	51	49	14
	0	75	1	23	2	15	3	10	4	30	5	8	6	90	7	1	8	82	9	21	10	26	11	39	12	63	13	13	14	93	15	30	16	64	17	55	18	32	19	65	20	69	21	44	22	63	23	37	24	54	25	100	26	93	27	32	28	96	29	48	30	81	31	39	32	81	33	58	34	65	35	47	36	8	37	89	38	61	39	100	40	20	41	72	42	71	43	28	44	21	45	12	46	85	47	4	48	58	49	100
	0	48	1	52	2	64	3	69	4	21	5	40	6	5	7	35	8	82	9	18	10	78	11	96	12	18	13	86	14	32	15	93	16	20	17	11	18	41	19	50	20	84	21	6	22	30	23	49	24	64	25	74	26	28	27	1	28	49	29	45	30	19	31	33	32	48	33	85	34	100	35	81	36	6	37	40	38	73	39	81	40	92	41	46	42	25	43	86	44	29	45	29	46	81	47	44	48	44	49	64
	0	29	1	39	2	82	3	69	4	45	5	50	6	95	7	57	8	82	9	6	10	1	11	67	12	95	13	26	14	83	15	52	16	9	17	71	18	62	19	1	20	55	21	70	22	74	23	96	24	40	25	63	26	26	27	66	28	19	29	91	30	23	31	70	32	83	33	41	34	72	35	15	36	79	37	92	38	22	39	12	40	38	41	42	42	100	43	6	44	66	45	16	46	23	47	43	48	28	49	70
	0	30	1	60	2	33	3	49	4	45	5	5	6	81	7	60	8	69	9	26	10	67	11	78	12	63	13	97	14	21	15	82	16	67	17	45	18	32	19	1	20	76	21	24	22	9	23	11	24	52	25	28	26	44	27	4	28	59	29	50	30	6	31	48	32	45	33	34	34	72	35	78	36	96	37	57	38	66	39	2	40	58	41	62	42	78	43	11	44	89	45	10	46	67	47	26	48	75	49	39
	0	85	1	22	2	55	3	29	4	67	5	6	6	7	7	25	8	75	9	54	10	3	11	66	12	94	13	12	14	38	15	14	16	19	17	32	18	87	19	91	20	69	21	100	22	44	23	53	24	39	25	64	26	48	27	80	28	55	29	76	30	100	31	51	32	100	33	9	34	31	35	16	36	40	37	10	38	63	39	14	40	37	41	96	42	85	43	86	44	57	45	11	46	36	47	70	48	4	49	99
	0	48	1	94	2	24	3	56	4	20	5	5	6	70	7	71	8	7	9	78	10	25	11	74	12	42	13	14	14	25	15	34	16	43	17	25	18	15	19	93	20	59	21	41	22	40	23	22	24	58	25	7	26	63	27	32	28	59	29	45	30	42	31	82	32	79	33	9	34	21	35	59	36	25	37	52	38	23	39	33	40	52	41	74	42	27	43	2	44	93	45	35	46	89	47	82	48	2	49	46
	0	37	1	15	2	84	3	77	4	30	5	89	6	93	7	26	8	91	9	100	10	26	11	61	12	26	13	97	14	53	15	27	16	9	17	89	18	43	19	54	20	84	21	14	22	91	23	44	24	17	25	80	26	43	27	100	28	4	29	51	30	90	31	24	32	7	33	24	34	69	35	19	36	82	37	18	38	83	39	43	40	25	41	80	42	47	43	18	44	37	45	75	46	9	47	91	48	92	49	16
	0	5	1	96	2	71	3	41	4	51	5	62	6	59	7	67	8	78	9	70	10	66	11	53	12	58	13	52	14	86	15	59	16	91	17	92	18	7	19	94	20	41	21	60	22	59	23	77	24	31	25	89	26	35	27	62	28	59	29	98	30	37	31	95	32	85	33	91	34	34	35	7	36	81	37	6	38	26	39	62	40	77	41	83	42	52	43	17	44	27	45	77	46	92	47	47	48	74	49	48
	0	46	1	67	2	100	3	79	4	94	5	33	6	79	7	26	8	64	9	16	10	86	11	93	12	64	13	74	14	3	15	79	16	58	17	67	18	47	19	54	20	98	21	3	22	15	23	54	24	23	25	82	26	90	27	96	28	100	29	4	30	85	31	62	32	75	33	48	34	12	35	4	36	40	37	31	38	91	39	57	40	53	41	9	42	41	43	76	44	52	45	88	46	25	47	25	48	59	49	43
	0	40	1	86	2	62	3	66	4	65	5	74	6	22	7	4	8	9	9	58	10	44	11	35	12	37	13	40	14	1	15	17	16	53	17	42	18	12	19	92	20	60	21	87	22	10	23	29	24	47	25	96	26	40	27	62	28	63	29	21	30	86	31	18	32	68	33	84	34	14	35	67	36	90	37	12	38	76	39	51	40	16	41	65	42	16	43	35	44	90	45	13	46	65	47	13	48	16	49	99
	0	36	1	75	2	74	3	96	4	29	5	78	6	97	7	55	8	23	9	11	10	72	11	87	12	22	13	40	14	60	15	31	16	58	17	61	18	54	19	10	20	94	21	7	22	15	23	68	24	63	25	86	26	46	27	37	28	41	29	43	30	14	31	84	32	43	33	81	34	17	35	42	36	84	37	69	38	54	39	7	40	54	41	35	42	54	43	68	44	81	45	22	46	64	47	11	48	5	49	42
	0	12	1	90	2	68	3	69	4	79	5	72	6	95	7	60	8	56	9	95	10	36	11	76	12	83	13	9	14	75	15	47	16	69	17	59	18	35	19	33	20	51	21	55	22	43	23	29	24	56	25	36	26	11	27	41	28	52	29	12	30	73	31	41	32	17	33	50	34	72	35	48	36	51	37	31	38	74	39	21	40	14	41	100	42	88	43	44	44	78	45	85	46	78	47	51	48	5	49	58
	0	23	1	12	2	92	3	55	4	59	5	72	6	70	7	89	8	93	9	37	10	14	11	20	12	91	13	32	14	16	15	64	16	64	17	70	18	45	19	53	20	25	21	17	22	60	23	87	24	69	25	47	26	74	27	26	28	9	29	10	30	93	31	27	32	70	33	64	34	52	35	17	36	29	37	34	38	34	39	54	40	41	41	15	42	58	43	26	44	91	45	26	46	51	47	81	48	85	49	74
	0	46	1	97	2	26	3	88	4	78	5	20	6	85	7	44	8	66	9	47	10	31	11	79	12	100	13	29	14	85	15	60	16	74	17	99	18	37	19	75	20	30	21	81	22	100	23	42	24	17	25	20	26	18	27	72	28	61	29	30	30	57	31	12	32	8	33	73	34	18	35	63	36	100	37	89	38	73	39	63	40	71	41	65	42	16	43	53	44	87	45	4	46	57	47	86	48	73	49	11
	0	26	1	42	2	88	3	48	4	49	5	53	6	42	7	94	8	22	9	60	10	79	11	14	12	87	13	53	14	56	15	41	16	94	17	60	18	2	19	10	20	3	21	93	22	23	23	98	24	42	25	65	26	8	27	69	28	58	29	41	30	34	31	17	32	95	33	73	34	79	35	62	36	1	37	43	38	3	39	44	40	59	41	18	42	32	43	13	44	63	45	79	46	86	47	17	48	10	49	85
	0	4	1	27	2	79	3	87	4	81	5	67	6	98	7	88	8	15	9	19	10	43	11	39	12	13	13	31	14	1	15	95	16	24	17	53	18	100	19	73	20	92	21	65	22	98	23	13	24	46	25	84	26	58	27	84	28	61	29	63	30	77	31	35	32	72	33	9	34	36	35	63	36	21	37	92	38	78	39	35	40	56	41	23	42	51	43	7	44	35	45	18	46	61	47	21	48	85	49	79
	0	24	1	69	2	22	3	53	4	10	5	51	6	39	7	61	8	24	9	78	10	19	11	98	12	64	13	93	14	20	15	53	16	44	17	4	18	39	19	97	20	84	21	55	22	71	23	27	24	2	25	87	26	96	27	95	28	48	29	58	30	73	31	25	32	82	33	20	34	23	35	8	36	78	37	78	38	26	39	52	40	1	41	86	42	65	43	88	44	99	45	35	46	3	47	82	48	4	49	55
	0	53	1	5	2	28	3	38	4	97	5	56	6	100	7	35	8	62	9	32	10	93	11	98	12	43	13	1	14	19	15	77	16	50	17	31	18	92	19	79	20	16	21	46	22	7	23	44	24	77	25	54	26	67	27	22	28	24	29	44	30	51	31	27	32	2	33	45	34	26	35	15	36	68	37	9	38	31	39	20	40	71	41	48	42	85	43	24	44	93	45	47	46	9	47	59	48	75	49	22
	0	48	1	76	2	15	3	5	4	46	5	6	6	99	7	66	8	11	9	7	10	31	11	16	12	52	13	93	14	42	15	42	16	6	17	52	18	11	19	61	20	65	21	27	22	28	23	15	24	71	25	7	26	70	27	25	28	62	29	47	30	91	31	86	32	51	33	33	34	23	35	68	36	3	37	36	38	50	39	47	40	31	41	31	42	17	43	1	44	8	45	91	46	53	47	27	48	2	49	57
	0	49	1	67	2	53	3	53	4	10	5	56	6	56	7	7	8	65	9	26	10	18	11	85	12	12	13	28	14	15	15	51	16	36	17	52	18	48	19	14	20	17	21	71	22	86	23	24	24	20	25	27	26	50	27	25	28	33	29	30	30	54	31	76	32	100	33	56	34	31	35	11	36	67	37	48	38	1	39	76	40	13	41	69	42	54	43	84	44	71	45	54	46	59	47	71	48	45	49	49
	0	30	1	35	2	58	3	64	4	92	5	6	6	23	7	51	8	46	9	59	10	100	11	84	12	13	13	95	14	79	15	33	16	17	17	26	18	14	19	15	20	28	21	51	22	95	23	97	24	75	25	15	26	23	27	72	28	13	29	73	30	36	31	30	32	84	33	7	34	100	35	4	36	24	37	85	38	56	39	53	40	93	41	26	42	95	43	23	44	36	45	37	46	93	47	81	48	10	49	38
	0	41	1	37	2	14	3	60	4	38	5	80	6	21	7	18	8	42	9	93	10	12	11	74	12	91	13	39	14	28	15	52	16	42	17	19	18	13	19	57	20	94	21	44	22	23	23	18	24	77	25	82	26	89	27	66	28	49	29	60	30	95	31	3	32	6	33	43	34	95	35	21	36	15	37	15	38	66	39	92	40	23	41	27	42	1	43	35	44	87	45	99	46	60	47	6	48	53	49	89
	0	50	1	10	2	54	3	58	4	100	5	94	6	26	7	98	8	43	9	85	10	44	11	4	12	36	13	87	14	37	15	14	16	64	17	38	18	42	19	27	20	15	21	5	22	80	23	87	24	32	25	50	26	96	27	10	28	64	29	20	30	70	31	47	32	81	33	19	34	3	35	58	36	21	37	78	38	42	39	9	40	80	41	34	42	74	43	28	44	85	45	74	46	34	47	83	48	74	49	8
	0	81	1	65	2	7	3	84	4	50	5	89	6	64	7	57	8	86	9	46	10	5	11	57	12	4	13	77	14	13	15	48	16	51	17	31	18	16	19	55	20	46	21	58	22	89	23	95	24	30	25	18	26	71	27	59	28	66	29	35	30	34	31	13	32	41	33	5	34	12	35	25	36	88	37	47	38	65	39	30	40	20	41	60	42	31	43	96	44	34	45	13	46	8	47	52	48	53	49	93
	0	47	1	77	2	77	3	84	4	66	5	87	6	97	7	42	8	10	9	54	10	73	11	5	12	11	13	28	14	75	15	53	16	34	17	84	18	70	19	80	20	10	21	84	22	55	23	81	24	73	25	30	26	10	27	42	28	88	29	72	30	9	31	86	32	11	33	57	34	99	35	31	36	16	37	69	38	56	39	39	40	99	41	82	42	64	43	81	44	29	45	15	46	82	47	36	48	12	49	84
	0	92	1	6	2	82	3	71	4	47	5	14	6	45	7	65	8	52	9	2	10	31	11	40	12	67	13	77	14	35	15	75	16	92	17	45	18	49	19	38	20	83	21	31	22	18	23	82	24	20	25	1	26	71	27	24	28	4	29	12	30	13	31	9	32	72	33	47	34	72	35	85	36	42	37	40	38	43	39	22	40	51	41	84	42	74	43	78	44	17	45	62	46	80	47	74	48	57	49	71
	0	87	1	32	2	49	3	10	4	30	5	7	6	92	7	58	8	79	9	96	10	32	11	64	12	41	13	11	14	45	15	24	16	79	17	55	18	87	19	19	20	47	21	36	22	67	23	28	24	11	25	95	26	97	27	61	28	41	29	61	30	18	31	58	32	56	33	26	34	22	35	50	36	82	37	24	38	100	39	91	40	50	41	61	42	99	43	1	44	32	45	3	46	69	47	62	48	10	49	54
Reldue
-1	9494	-1	1
-1	15541	-1	1
-1	9469	-1	1
-1	12716	-1	1
-1	10581	-1	1
-1	10302	-1	1
-1	16590	-1	1
-1	16090	-1	1
-1	15805	-1	1
-1	9835	-1	1
-1	11723	-1	1
-1	8228	-1	1
-1	9190	-1	1
-1	12836	-1	1
-1	16338	-1	1
-1	10918	-1	1
-1	13577	-1	1
-1	16742	-1	1
-1	7852	-1	1
-1	8913	-1	1
-1	11041	-1	1
-1	16681	-1	1
-1	11469	-1	1
-1	11078	-1	1
-1	15669	-1	1
-1	13165	-1	1
-1	12511	-1	1
-1	13585	-1	1
-1	9756	-1	1
-1	15568	-1	1
-1	15085	-1	1
-1	16044	-1	1
-1	14639	-1	1
-1	12207	-1	1
-1	8102	-1	1
-1	11441	-1	1
-1	11877	-1	1
-1	10298	-1	1
-1	11112	-1	1
-1	12465	-1	1
-1	9235	-1	1
-1	9693	-1	1
-1	12084	-1	1
-1	11821	-1	1
-1	9024	-1	1
-1	9005	-1	1
-1	11442	-1	1
-1	8870	-1	1
-1	10549	-1	1
-1	14949	-1	1
-1	17031	-1	1
-1	14118	-1	1
-1	13400	-1	1
-1	9418	-1	1
-1	13715	-1	1
-1	10511	-1	1
-1	9245	-1	1
-1	7787	-1	1
-1	7977	-1	1
-1	10813	-1	1
-1	7872	-1	1
-1	9596	-1	1
-1	8495	-1	1
-1	8748	-1	1
-1	15415	-1	1
-1	16926	-1	1
-1	10552	-1	1
-1	14327	-1	1
-1	15169	-1	1
-1	9939	-1	1
-1	7935	-1	1
-1	12842	-1	1
-1	13018	-1	1
-1	13065	-1	1
-1	11864	-1	1
-1	14738	-1	1
-1	16594	-1	1
-1	15789	-1	1
-1	12282	-1	1
-1	12599	-1	1
-1	14848	-1	1
-1	16352	-1	1
-1	14451	-1	1
-1	7790	-1	1
-1	8434	-1	1
-1	12712	-1	1
-1	16463	-1	1
-1	11333	-1	1
-1	13486	-1	1
-1	9218	-1	1
-1	9460	-1	1
-1	9555	-1	1
-1	10157	-1	1
-1	16745	-1	1
-1	10290	-1	1
-1	8270	-1	1
-1	14186	-1	1
-1	7818	-1	1
-1	8512	-1	1
-1	11231	-1	1
-1	15070	-1	1
-1	13655	-1	1
-1	9452	-1	1
-1	14067	-1	1
-1	10235	-1	1
-1	13212	-1	1
-1	13400	-1	1
-1	13553	-1	1
-1	13618	-1	1
-1	10347	-1	1
-1	15040	-1	1
-1	15795	-1	1
-1	12350	-1	1
-1	9601	-1	1
-1	16577	-1	1
-1	10655	-1	1
-1	14940	-1	1
-1	12473	-1	1
-1	13170	-1	1
-1	12210	-1	1
-1	11252	-1	1
-1	9630	-1	1
-1	13849	-1	1
-1	16339	-1	1
-1	10896	-1	1
-1	11921	-1	1
-1	14691	-1	1
-1	7788	-1	1
-1	12881	-1	1
-1	16602	-1	1
-1	10676	-1	1
-1	11910	-1	1
-1	12725	-1	1
-1	12075	-1	1
-1	14131	-1	1
-1	11974	-1	1
-1	16070	-1	1
-1	15165	-1	1
-1	12783	-1	1
-1	10799	-1	1
-1	11594	-1	1
-1	16464	-1	1
-1	16624	-1	1
-1	15778	-1	1
-1	16387	-1	1
-1	9058	-1	1
-1	10384	-1	1
-1	16855	-1	1
-1	11767	-1	1
-1	8698	-1	1
-1	11965	-1	1
-1	10789	-1	1
-1	8214	-1	1
-1	12963	-1	1
-1	11788	-1	1
-1	15757	-1	1
-1	15557	-1	1
-1	16657	-1	1
-1	16643	-1	1
-1	13413	-1	1
-1	12991	-1	1
-1	17040	-1	1
-1	14841	-1	1
-1	8839	-1	1
-1	15820	-1	1
-1	9918	-1	1
-1	16519	-1	1
-1	10673	-1	1
-1	12731	-1	1
-1	7826	-1	1
-1	9154	-1	1
-1	14964	-1	1
-1	14611	-1	1
-1	11585	-1	1
-1	14667	-1	1
-1	13501	-1	1
-1	11963	-1	1
-1	8311	-1	1
-1	9140	-1	1
-1	12545	-1	1
-1	12192	-1	1
-1	15477	-1	1
-1	7758	-1	1
-1	12997	-1	1
-1	14253	-1	1
-1	16329	-1	1
-1	15564	-1	1
-1	16949	-1	1
-1	12903	-1	1
-1	15447	-1	1
-1	11820	-1	1
-1	16292	-1	1
-1	15573	-1	1
-1	8603	-1	1
-1	7909	-1	1
-1	14389	-1	1
-1	10684	-1	1
-1	16699	-1	1
-1	16537	-1	1
-1	13260	-1	1
-1	14529	-1	1
-1	10461	-1	1
-1	14001	-1	1
-1	12600	-1	1
-1	10051	-1	1
-1	10492	-1	1
-1	16826	-1	1
-1	13547	-1	1
-1	11538	-1	1
-1	8068	-1	1
-1	15217	-1	1
-1	13074	-1	1
-1	8138	-1	1
-1	14505	-1	1
-1	10130	-1	1
-1	14448	-1	1
-1	15571	-1	1
-1	10011	-1	1
-1	12624	-1	1
-1	16419	-1	1
-1	12181	-1	1
-1	11520	-1	1
-1	15213	-1	1
-1	11202	-1	1
-1	11952	-1	1
-1	16477	-1	1
-1	12372	-1	1
-1	14353	-1	1
-1	8779	-1	1
-1	9537	-1	1
-1	10186	-1	1
-1	12515	-1	1
-1	12099	-1	1
-1	16912	-1	1
-1	13972	-1	1
-1	14810	-1	1
-1	15079	-1	1
-1	9514	-1	1
-1	12891	-1	1
-1	14835	-1	1
-1	8543	-1	1
-1	16154	-1	1
-1	10797	-1	1
-1	16509	-1	1
-1	16659	-1	1
-1	10867	-1	1
-1	15445	-1	1
-1	9739	-1	1
-1	11881	-1	1
-1	14655	-1	1
LBCmax: 15495
