350  10
	0	82	1	9	2	26	3	98	4	32	5	52	6	90	7	77	8	93	9	59
	0	80	1	15	2	53	3	23	4	85	5	25	6	65	7	20	8	48	9	48
	0	70	1	71	2	1	3	17	4	27	5	89	6	61	7	82	8	36	9	8
	0	94	1	22	2	84	3	62	4	99	5	16	6	87	7	83	8	69	9	39
	0	85	1	3	2	36	3	20	4	6	5	8	6	97	7	73	8	33	9	70
	0	79	1	88	2	16	3	38	4	11	5	30	6	20	7	97	8	76	9	9
	0	10	1	2	2	87	3	2	4	97	5	38	6	9	7	35	8	10	9	99
	0	1	1	72	2	68	3	55	4	75	5	60	6	53	7	48	8	76	9	22
	0	24	1	72	2	40	3	6	4	16	5	86	6	94	7	37	8	6	9	85
	0	76	1	10	2	64	3	35	4	13	5	34	6	92	7	25	8	82	9	23
	0	37	1	16	2	39	3	78	4	28	5	74	6	84	7	13	8	64	9	22
	0	3	1	19	2	77	3	47	4	17	5	73	6	8	7	49	8	2	9	26
	0	10	1	20	2	86	3	37	4	42	5	81	6	28	7	31	8	22	9	24
	0	17	1	2	2	60	3	33	4	81	5	81	6	81	7	85	8	72	9	55
	0	15	1	47	2	58	3	92	4	8	5	27	6	66	7	10	8	90	9	47
	0	28	1	10	2	91	3	33	4	49	5	42	6	2	7	53	8	82	9	83
	0	22	1	52	2	78	3	43	4	31	5	43	6	68	7	35	8	78	9	76
	0	66	1	66	2	90	3	81	4	14	5	43	6	22	7	62	8	15	9	90
	0	17	1	92	2	15	3	31	4	40	5	18	6	28	7	83	8	4	9	2
	0	21	1	57	2	11	3	38	4	4	5	72	6	57	7	26	8	91	9	18
	0	1	1	99	2	15	3	28	4	79	5	20	6	37	7	53	8	2	9	14
	0	61	1	40	2	100	3	83	4	47	5	55	6	82	7	36	8	6	9	14
	0	21	1	19	2	85	3	94	4	89	5	26	6	3	7	65	8	5	9	51
	0	81	1	36	2	67	3	70	4	89	5	21	6	84	7	100	8	93	9	76
	0	16	1	57	2	72	3	35	4	10	5	9	6	56	7	78	8	75	9	9
	0	88	1	94	2	31	3	33	4	13	5	15	6	42	7	75	8	52	9	47
	0	99	1	76	2	19	3	21	4	24	5	71	6	77	7	31	8	10	9	94
	0	40	1	46	2	15	3	83	4	86	5	3	6	75	7	48	8	20	9	19
	0	7	1	26	2	99	3	83	4	19	5	14	6	34	7	15	8	36	9	57
	0	99	1	99	2	22	3	48	4	29	5	32	6	54	7	44	8	87	9	43
	0	74	1	17	2	33	3	72	4	32	5	95	6	12	7	25	8	80	9	67
	0	58	1	25	2	3	3	37	4	83	5	42	6	80	7	69	8	76	9	66
	0	21	1	57	2	64	3	51	4	12	5	5	6	79	7	55	8	70	9	100
	0	51	1	43	2	99	3	19	4	21	5	39	6	84	7	12	8	29	9	30
	0	70	1	21	2	40	3	70	4	16	5	58	6	5	7	34	8	16	9	45
	0	62	1	18	2	30	3	77	4	35	5	85	6	68	7	71	8	86	9	1
	0	19	1	9	2	19	3	22	4	14	5	94	6	49	7	11	8	68	9	66
	0	84	1	3	2	47	3	55	4	77	5	54	6	37	7	68	8	50	9	24
	0	37	1	29	2	8	3	97	4	77	5	30	6	71	7	34	8	45	9	61
	0	8	1	8	2	82	3	9	4	60	5	68	6	60	7	71	8	58	9	24
	0	68	1	4	2	99	3	78	4	68	5	5	6	27	7	5	8	86	9	12
	0	26	1	78	2	59	3	45	4	29	5	3	6	61	7	45	8	2	9	84
	0	56	1	78	2	53	3	43	4	71	5	1	6	66	7	73	8	81	9	20
	0	83	1	96	2	48	3	85	4	62	5	40	6	52	7	92	8	94	9	74
	0	17	1	96	2	56	3	62	4	9	5	58	6	31	7	17	8	63	9	65
	0	28	1	71	2	72	3	16	4	69	5	95	6	31	7	49	8	48	9	32
	0	33	1	50	2	54	3	18	4	54	5	85	6	33	7	27	8	74	9	29
	0	25	1	43	2	17	3	93	4	88	5	47	6	19	7	70	8	19	9	92
	0	47	1	45	2	18	3	83	4	23	5	56	6	55	7	85	8	41	9	83
	0	37	1	38	2	78	3	9	4	99	5	59	6	18	7	92	8	44	9	28
	0	65	1	17	2	15	3	17	4	5	5	39	6	88	7	2	8	31	9	24
	0	92	1	62	2	59	3	57	4	14	5	61	6	94	7	69	8	50	9	55
	0	12	1	94	2	86	3	89	4	84	5	83	6	39	7	64	8	52	9	8
	0	94	1	84	2	17	3	47	4	3	5	29	6	35	7	33	8	44	9	1
	0	93	1	2	2	43	3	35	4	30	5	86	6	26	7	96	8	30	9	14
	0	42	1	78	2	88	3	40	4	66	5	82	6	31	7	98	8	90	9	53
	0	52	1	51	2	54	3	86	4	79	5	98	6	74	7	40	8	91	9	39
	0	62	1	16	2	62	3	24	4	62	5	95	6	70	7	29	8	35	9	30
	0	34	1	41	2	63	3	51	4	44	5	42	6	69	7	17	8	4	9	19
	0	64	1	27	2	96	3	51	4	65	5	79	6	55	7	38	8	56	9	35
	0	92	1	86	2	70	3	24	4	2	5	49	6	35	7	3	8	75	9	99
	0	93	1	59	2	65	3	87	4	91	5	99	6	92	7	84	8	10	9	95
	0	95	1	50	2	70	3	58	4	47	5	52	6	40	7	58	8	11	9	25
	0	25	1	27	2	88	3	65	4	16	5	1	6	85	7	75	8	40	9	99
	0	23	1	24	2	21	3	28	4	42	5	80	6	47	7	72	8	73	9	17
	0	19	1	19	2	6	3	34	4	10	5	100	6	49	7	14	8	60	9	70
	0	68	1	6	2	1	3	55	4	63	5	33	6	68	7	26	8	91	9	41
	0	54	1	97	2	75	3	45	4	12	5	35	6	40	7	35	8	100	9	49
	0	63	1	53	2	52	3	93	4	46	5	54	6	81	7	79	8	28	9	10
	0	77	1	13	2	6	3	16	4	50	5	84	6	34	7	9	8	16	9	79
	0	9	1	23	2	47	3	87	4	74	5	16	6	27	7	29	8	92	9	58
	0	64	1	33	2	68	3	69	4	81	5	24	6	31	7	30	8	78	9	1
	0	94	1	27	2	14	3	36	4	62	5	79	6	83	7	9	8	50	9	78
	0	66	1	41	2	34	3	37	4	86	5	38	6	47	7	7	8	99	9	11
	0	91	1	44	2	96	3	55	4	31	5	7	6	1	7	17	8	87	9	23
	0	89	1	45	2	41	3	65	4	64	5	43	6	31	7	10	8	56	9	46
	0	94	1	89	2	49	3	96	4	69	5	37	6	31	7	94	8	2	9	99
	0	32	1	33	2	85	3	74	4	1	5	73	6	24	7	72	8	26	9	83
	0	45	1	32	2	98	3	71	4	43	5	40	6	89	7	85	8	67	9	12
	0	71	1	42	2	79	3	54	4	15	5	29	6	26	7	17	8	40	9	75
	0	32	1	92	2	98	3	100	4	81	5	23	6	29	7	69	8	55	9	33
	0	90	1	32	2	45	3	95	4	85	5	11	6	60	7	81	8	23	9	68
	0	80	1	75	2	75	3	69	4	55	5	49	6	32	7	25	8	23	9	11
	0	64	1	80	2	11	3	96	4	42	5	66	6	44	7	50	8	73	9	54
	0	61	1	24	2	48	3	75	4	37	5	90	6	24	7	77	8	31	9	31
	0	70	1	47	2	40	3	82	4	60	5	25	6	1	7	14	8	91	9	73
	0	88	1	89	2	50	3	82	4	97	5	35	6	76	7	38	8	96	9	7
	0	73	1	66	2	16	3	43	4	76	5	28	6	74	7	34	8	84	9	56
	0	82	1	48	2	4	3	31	4	71	5	2	6	63	7	36	8	31	9	55
	0	2	1	62	2	55	3	64	4	42	5	32	6	30	7	50	8	86	9	76
	0	19	1	33	2	16	3	67	4	24	5	51	6	69	7	4	8	22	9	81
	0	32	1	12	2	19	3	3	4	69	5	79	6	60	7	95	8	68	9	53
	0	92	1	39	2	97	3	83	4	67	5	86	6	77	7	58	8	33	9	94
	0	26	1	90	2	50	3	57	4	30	5	48	6	22	7	74	8	43	9	21
	0	51	1	27	2	28	3	85	4	31	5	81	6	80	7	1	8	48	9	7
	0	2	1	55	2	61	3	1	4	25	5	28	6	74	7	42	8	88	9	61
	0	13	1	35	2	20	3	40	4	85	5	96	6	93	7	25	8	82	9	1
	0	35	1	96	2	41	3	4	4	28	5	93	6	91	7	83	8	22	9	61
	0	34	1	78	2	39	3	47	4	52	5	35	6	59	7	92	8	34	9	62
	0	5	1	24	2	58	3	53	4	65	5	41	6	78	7	57	8	24	9	42
	0	6	1	87	2	100	3	51	4	79	5	87	6	83	7	28	8	54	9	20
	0	50	1	72	2	77	3	32	4	98	5	59	6	9	7	4	8	90	9	71
	0	14	1	14	2	50	3	2	4	40	5	45	6	24	7	57	8	41	9	36
	0	92	1	68	2	30	3	48	4	15	5	6	6	59	7	86	8	39	9	61
	0	59	1	22	2	91	3	100	4	93	5	85	6	42	7	50	8	9	9	32
	0	30	1	61	2	86	3	2	4	43	5	30	6	12	7	20	8	35	9	4
	0	43	1	18	2	7	3	99	4	24	5	68	6	78	7	85	8	85	9	53
	0	38	1	39	2	25	3	29	4	39	5	62	6	54	7	42	8	82	9	5
	0	62	1	9	2	11	3	62	4	33	5	73	6	99	7	17	8	14	9	2
	0	2	1	51	2	11	3	77	4	26	5	58	6	89	7	92	8	6	9	11
	0	66	1	78	2	18	3	85	4	57	5	98	6	61	7	27	8	92	9	96
	0	72	1	35	2	13	3	86	4	86	5	74	6	44	7	11	8	27	9	49
	0	64	1	29	2	3	3	17	4	31	5	75	6	52	7	95	8	59	9	30
	0	37	1	12	2	22	3	89	4	11	5	98	6	41	7	98	8	93	9	15
	0	95	1	30	2	12	3	77	4	35	5	81	6	27	7	99	8	17	9	40
	0	33	1	90	2	65	3	52	4	85	5	74	6	46	7	65	8	33	9	86
	0	2	1	56	2	28	3	15	4	78	5	54	6	45	7	55	8	47	9	14
	0	43	1	98	2	12	3	14	4	47	5	95	6	40	7	76	8	29	9	40
	0	55	1	22	2	16	3	80	4	3	5	37	6	64	7	42	8	56	9	87
	0	61	1	33	2	18	3	9	4	59	5	49	6	67	7	81	8	43	9	9
	0	26	1	43	2	88	3	100	4	45	5	11	6	69	7	81	8	67	9	15
	0	4	1	2	2	72	3	59	4	73	5	34	6	47	7	65	8	27	9	98
	0	19	1	73	2	75	3	65	4	40	5	90	6	27	7	44	8	33	9	16
	0	22	1	89	2	13	3	96	4	75	5	95	6	58	7	68	8	12	9	51
	0	91	1	8	2	86	3	93	4	89	5	91	6	94	7	45	8	48	9	29
	0	33	1	67	2	53	3	41	4	58	5	38	6	34	7	66	8	52	9	35
	0	24	1	44	2	98	3	2	4	27	5	1	6	22	7	10	8	71	9	26
	0	59	1	50	2	20	3	28	4	29	5	19	6	34	7	99	8	67	9	83
	0	40	1	38	2	9	3	26	4	31	5	99	6	40	7	34	8	98	9	67
	0	73	1	53	2	98	3	89	4	78	5	29	6	67	7	97	8	18	9	23
	0	62	1	12	2	35	3	48	4	92	5	12	6	9	7	92	8	43	9	1
	0	72	1	93	2	40	3	13	4	53	5	4	6	85	7	45	8	95	9	62
	0	64	1	89	2	50	3	36	4	19	5	15	6	68	7	31	8	17	9	39
	0	19	1	63	2	68	3	43	4	13	5	43	6	83	7	63	8	18	9	22
	0	61	1	55	2	87	3	98	4	47	5	92	6	35	7	81	8	5	9	65
	0	42	1	57	2	96	3	88	4	62	5	20	6	62	7	25	8	67	9	43
	0	43	1	95	2	56	3	13	4	80	5	25	6	11	7	57	8	96	9	45
	0	74	1	22	2	39	3	58	4	84	5	98	6	45	7	23	8	93	9	89
	0	38	1	35	2	46	3	81	4	90	5	88	6	10	7	43	8	6	9	58
	0	70	1	77	2	94	3	46	4	28	5	5	6	52	7	52	8	89	9	42
	0	70	1	88	2	11	3	7	4	38	5	46	6	30	7	66	8	98	9	72
	0	36	1	13	2	91	3	19	4	17	5	23	6	77	7	75	8	15	9	46
	0	41	1	98	2	66	3	21	4	2	5	90	6	3	7	22	8	92	9	9
	0	58	1	73	2	76	3	85	4	84	5	92	6	23	7	94	8	89	9	57
	0	55	1	17	2	43	3	87	4	26	5	71	6	11	7	97	8	20	9	1
	0	17	1	71	2	62	3	62	4	43	5	43	6	81	7	37	8	21	9	2
	0	67	1	70	2	69	3	54	4	19	5	95	6	70	7	96	8	72	9	16
	0	19	1	98	2	47	3	50	4	66	5	98	6	64	7	33	8	29	9	46
	0	13	1	79	2	77	3	61	4	75	5	9	6	80	7	83	8	29	9	12
	0	93	1	31	2	3	3	95	4	21	5	15	6	35	7	40	8	65	9	37
	0	67	1	66	2	73	3	94	4	87	5	78	6	23	7	84	8	84	9	38
	0	17	1	37	2	85	3	89	4	77	5	61	6	90	7	38	8	54	9	59
	0	27	1	52	2	99	3	49	4	82	5	37	6	57	7	13	8	94	9	4
	0	86	1	35	2	98	3	36	4	100	5	28	6	73	7	22	8	5	9	34
	0	23	1	5	2	66	3	65	4	97	5	73	6	18	7	17	8	28	9	84
	0	36	1	68	2	36	3	11	4	89	5	47	6	45	7	36	8	68	9	30
	0	99	1	38	2	69	3	15	4	66	5	57	6	45	7	58	8	83	9	16
	0	74	1	92	2	75	3	46	4	12	5	51	6	44	7	38	8	24	9	78
	0	17	1	25	2	93	3	81	4	3	5	55	6	84	7	65	8	90	9	21
	0	87	1	76	2	84	3	55	4	73	5	98	6	76	7	99	8	46	9	18
	0	80	1	8	2	59	3	48	4	93	5	58	6	39	7	44	8	51	9	56
	0	35	1	93	2	92	3	75	4	88	5	45	6	57	7	65	8	76	9	99
	0	74	1	11	2	94	3	87	4	18	5	35	6	74	7	10	8	42	9	73
	0	40	1	21	2	9	3	63	4	63	5	49	6	86	7	30	8	74	9	17
	0	78	1	61	2	16	3	13	4	96	5	87	6	78	7	87	8	8	9	36
	0	25	1	93	2	10	3	12	4	14	5	25	6	2	7	18	8	70	9	79
	0	87	1	26	2	54	3	55	4	97	5	56	6	57	7	89	8	23	9	39
	0	88	1	72	2	17	3	53	4	48	5	92	6	81	7	55	8	15	9	6
	0	52	1	76	2	65	3	45	4	70	5	23	6	18	7	81	8	70	9	12
	0	80	1	33	2	42	3	46	4	16	5	83	6	56	7	78	8	84	9	17
	0	29	1	51	2	100	3	35	4	95	5	94	6	36	7	82	8	5	9	12
	0	48	1	81	2	66	3	9	4	97	5	2	6	83	7	28	8	21	9	69
	0	87	1	86	2	42	3	2	4	43	5	59	6	46	7	47	8	80	9	34
	0	55	1	31	2	88	3	20	4	74	5	62	6	68	7	12	8	3	9	40
	0	35	1	27	2	19	3	67	4	8	5	72	6	94	7	65	8	38	9	1
	0	84	1	33	2	54	3	74	4	15	5	18	6	36	7	32	8	60	9	66
	0	43	1	44	2	53	3	84	4	40	5	92	6	18	7	33	8	27	9	98
	0	92	1	24	2	46	3	12	4	69	5	95	6	23	7	16	8	98	9	85
	0	79	1	8	2	13	3	41	4	2	5	75	6	78	7	13	8	76	9	69
	0	70	1	32	2	6	3	41	4	32	5	76	6	87	7	100	8	86	9	55
	0	96	1	8	2	69	3	93	4	20	5	16	6	30	7	72	8	35	9	5
	0	22	1	66	2	10	3	100	4	60	5	88	6	97	7	52	8	31	9	23
	0	22	1	15	2	81	3	18	4	10	5	71	6	14	7	62	8	83	9	65
	0	78	1	61	2	32	3	61	4	18	5	6	6	47	7	27	8	33	9	82
	0	53	1	19	2	51	3	61	4	91	5	20	6	22	7	97	8	36	9	30
	0	93	1	83	2	45	3	51	4	96	5	71	6	80	7	96	8	93	9	47
	0	44	1	100	2	37	3	13	4	23	5	40	6	44	7	26	8	25	9	72
	0	1	1	86	2	68	3	52	4	37	5	78	6	42	7	98	8	42	9	16
	0	50	1	100	2	4	3	33	4	21	5	100	6	13	7	14	8	24	9	91
	0	34	1	88	2	43	3	5	4	54	5	97	6	91	7	93	8	72	9	18
	0	60	1	18	2	55	3	21	4	54	5	10	6	6	7	74	8	38	9	55
	0	5	1	21	2	2	3	17	4	25	5	10	6	34	7	23	8	23	9	48
	0	32	1	46	2	69	3	94	4	10	5	69	6	63	7	26	8	92	9	32
	0	47	1	45	2	66	3	71	4	9	5	2	6	67	7	15	8	50	9	59
	0	14	1	99	2	47	3	13	4	89	5	100	6	37	7	57	8	78	9	20
	0	16	1	51	2	77	3	63	4	4	5	26	6	34	7	71	8	47	9	41
	0	13	1	32	2	35	3	75	4	64	5	75	6	76	7	18	8	48	9	3
	0	35	1	93	2	61	3	29	4	44	5	20	6	40	7	30	8	40	9	15
	0	53	1	30	2	73	3	76	4	15	5	61	6	14	7	94	8	59	9	78
	0	29	1	8	2	74	3	33	4	24	5	76	6	83	7	14	8	60	9	37
	0	19	1	22	2	96	3	89	4	31	5	31	6	20	7	98	8	15	9	56
	0	56	1	29	2	66	3	32	4	74	5	53	6	85	7	71	8	43	9	61
	0	91	1	48	2	82	3	20	4	29	5	38	6	18	7	18	8	60	9	11
	0	62	1	3	2	85	3	37	4	39	5	10	6	31	7	83	8	44	9	28
	0	11	1	87	2	26	3	45	4	35	5	42	6	93	7	89	8	8	9	38
	0	8	1	44	2	90	3	26	4	21	5	97	6	63	7	17	8	45	9	72
	0	41	1	27	2	80	3	34	4	33	5	25	6	38	7	74	8	26	9	49
	0	30	1	17	2	55	3	98	4	12	5	10	6	81	7	18	8	98	9	68
	0	90	1	23	2	94	3	8	4	77	5	47	6	9	7	86	8	97	9	100
	0	52	1	12	2	77	3	63	4	5	5	28	6	35	7	77	8	40	9	46
	0	39	1	84	2	38	3	1	4	6	5	30	6	98	7	72	8	38	9	53
	0	55	1	49	2	17	3	98	4	56	5	71	6	28	7	35	8	53	9	58
	0	80	1	83	2	7	3	13	4	30	5	60	6	24	7	59	8	45	9	100
	0	60	1	45	2	52	3	31	4	72	5	40	6	59	7	84	8	84	9	82
	0	45	1	83	2	22	3	70	4	59	5	52	6	22	7	2	8	79	9	2
	0	5	1	14	2	99	3	27	4	97	5	49	6	67	7	96	8	19	9	75
	0	99	1	14	2	87	3	42	4	5	5	23	6	81	7	23	8	38	9	27
	0	95	1	93	2	48	3	82	4	56	5	42	6	70	7	86	8	89	9	24
	0	23	1	52	2	63	3	80	4	69	5	56	6	30	7	100	8	65	9	89
	0	69	1	4	2	16	3	51	4	76	5	59	6	92	7	81	8	63	9	63
	0	3	1	92	2	73	3	56	4	2	5	62	6	6	7	56	8	84	9	17
	0	22	1	7	2	9	3	75	4	69	5	7	6	42	7	58	8	34	9	43
	0	8	1	96	2	46	3	48	4	98	5	61	6	54	7	69	8	71	9	16
	0	57	1	1	2	45	3	72	4	81	5	28	6	72	7	74	8	18	9	78
	0	21	1	74	2	61	3	78	4	48	5	50	6	12	7	76	8	100	9	85
	0	58	1	61	2	87	3	14	4	20	5	86	6	30	7	5	8	19	9	97
	0	52	1	28	2	48	3	4	4	89	5	27	6	5	7	66	8	26	9	10
	0	34	1	50	2	81	3	2	4	11	5	10	6	4	7	49	8	26	9	91
	0	59	1	53	2	72	3	36	4	2	5	78	6	52	7	76	8	80	9	59
	0	40	1	19	2	5	3	5	4	70	5	68	6	91	7	82	8	47	9	26
	0	44	1	98	2	89	3	93	4	49	5	58	6	52	7	33	8	3	9	27
	0	89	1	86	2	68	3	43	4	64	5	51	6	61	7	62	8	4	9	48
	0	99	1	13	2	53	3	64	4	60	5	26	6	97	7	11	8	42	9	22
	0	32	1	70	2	12	3	9	4	16	5	1	6	92	7	15	8	31	9	24
	0	26	1	34	2	27	3	18	4	7	5	99	6	45	7	92	8	77	9	79
	0	28	1	14	2	19	3	72	4	68	5	12	6	2	7	56	8	52	9	81
	0	65	1	99	2	5	3	58	4	24	5	49	6	41	7	48	8	59	9	58
	0	67	1	14	2	13	3	6	4	7	5	73	6	92	7	30	8	43	9	46
	0	76	1	82	2	75	3	57	4	57	5	53	6	63	7	93	8	75	9	53
	0	3	1	52	2	14	3	30	4	32	5	54	6	82	7	67	8	87	9	82
	0	84	1	89	2	49	3	85	4	62	5	67	6	46	7	63	8	69	9	8
	0	10	1	2	2	86	3	63	4	90	5	41	6	12	7	90	8	88	9	90
	0	79	1	60	2	61	3	24	4	79	5	93	6	97	7	21	8	95	9	47
	0	71	1	28	2	81	3	21	4	36	5	70	6	28	7	33	8	4	9	26
	0	18	1	70	2	15	3	50	4	48	5	52	6	12	7	4	8	66	9	28
	0	61	1	39	2	75	3	13	4	85	5	24	6	81	7	32	8	6	9	26
	0	82	1	14	2	6	3	90	4	48	5	83	6	58	7	56	8	24	9	6
	0	86	1	28	2	52	3	17	4	50	5	81	6	6	7	18	8	78	9	63
	0	82	1	28	2	72	3	24	4	80	5	34	6	78	7	4	8	73	9	55
	0	85	1	36	2	67	3	34	4	1	5	46	6	67	7	17	8	14	9	78
	0	21	1	81	2	42	3	61	4	15	5	12	6	26	7	90	8	17	9	70
	0	18	1	8	2	10	3	64	4	82	5	83	6	68	7	36	8	87	9	46
	0	43	1	34	2	81	3	21	4	83	5	9	6	58	7	51	8	1	9	81
	0	76	1	24	2	49	3	38	4	69	5	41	6	87	7	86	8	74	9	71
	0	40	1	56	2	58	3	8	4	78	5	25	6	20	7	5	8	72	9	19
	0	8	1	54	2	10	3	4	4	60	5	50	6	73	7	82	8	78	9	36
	0	97	1	44	2	82	3	36	4	93	5	48	6	9	7	14	8	78	9	31
	0	46	1	21	2	48	3	64	4	21	5	9	6	100	7	14	8	88	9	31
	0	83	1	74	2	79	3	63	4	27	5	65	6	9	7	97	8	83	9	33
	0	53	1	11	2	85	3	91	4	44	5	3	6	99	7	71	8	48	9	51
	0	33	1	3	2	14	3	37	4	16	5	18	6	22	7	32	8	72	9	47
	0	56	1	53	2	50	3	81	4	85	5	32	6	79	7	82	8	35	9	36
	0	71	1	84	2	74	3	59	4	76	5	20	6	44	7	69	8	68	9	56
	0	18	1	51	2	27	3	24	4	71	5	19	6	31	7	83	8	74	9	75
	0	72	1	55	2	65	3	15	4	77	5	7	6	54	7	46	8	84	9	82
	0	67	1	40	2	2	3	93	4	25	5	44	6	66	7	46	8	31	9	29
	0	61	1	42	2	97	3	37	4	71	5	79	6	29	7	69	8	86	9	64
	0	85	1	13	2	62	3	83	4	27	5	12	6	30	7	11	8	63	9	19
	0	94	1	57	2	51	3	89	4	47	5	60	6	87	7	2	8	33	9	94
	0	29	1	28	2	95	3	54	4	7	5	60	6	7	7	17	8	22	9	89
	0	81	1	4	2	57	3	98	4	86	5	89	6	24	7	91	8	30	9	39
	0	32	1	90	2	90	3	64	4	56	5	59	6	86	7	21	8	35	9	49
	0	37	1	5	2	29	3	65	4	47	5	9	6	16	7	98	8	10	9	51
	0	2	1	83	2	27	3	84	4	89	5	57	6	71	7	47	8	9	9	51
	0	57	1	26	2	26	3	25	4	92	5	23	6	70	7	31	8	8	9	54
	0	39	1	75	2	21	3	35	4	94	5	87	6	49	7	13	8	38	9	55
	0	88	1	59	2	44	3	57	4	40	5	26	6	73	7	95	8	28	9	44
	0	2	1	40	2	49	3	98	4	56	5	15	6	47	7	18	8	3	9	88
	0	8	1	74	2	66	3	48	4	13	5	52	6	56	7	97	8	94	9	59
	0	31	1	62	2	81	3	81	4	41	5	19	6	43	7	91	8	98	9	93
	0	48	1	80	2	99	3	62	4	100	5	68	6	79	7	81	8	37	9	97
	0	84	1	10	2	89	3	36	4	76	5	13	6	21	7	39	8	18	9	47
	0	30	1	31	2	99	3	76	4	64	5	23	6	8	7	77	8	70	9	77
	0	49	1	9	2	7	3	71	4	60	5	68	6	63	7	38	8	95	9	67
	0	79	1	72	2	62	3	85	4	63	5	34	6	28	7	91	8	37	9	94
	0	53	1	40	2	64	3	1	4	92	5	81	6	42	7	55	8	79	9	43
	0	61	1	23	2	5	3	76	4	64	5	46	6	21	7	64	8	50	9	1
	0	53	1	46	2	19	3	21	4	6	5	98	6	49	7	100	8	72	9	79
	0	36	1	28	2	5	3	31	4	61	5	31	6	4	7	86	8	55	9	9
	0	10	1	28	2	64	3	6	4	40	5	6	6	60	7	49	8	84	9	7
	0	29	1	38	2	45	3	15	4	38	5	84	6	7	7	36	8	73	9	7
	0	56	1	50	2	75	3	66	4	89	5	29	6	44	7	71	8	74	9	29
	0	74	1	84	2	75	3	45	4	34	5	43	6	25	7	85	8	18	9	36
	0	24	1	2	2	26	3	19	4	7	5	1	6	50	7	65	8	75	9	90
	0	70	1	66	2	23	3	57	4	95	5	48	6	87	7	91	8	93	9	60
	0	89	1	74	2	6	3	41	4	69	5	11	6	36	7	89	8	24	9	78
	0	46	1	78	2	85	3	11	4	27	5	2	6	22	7	55	8	1	9	32
	0	41	1	50	2	84	3	26	4	10	5	25	6	19	7	27	8	55	9	27
	0	46	1	28	2	78	3	10	4	86	5	6	6	10	7	41	8	39	9	39
	0	98	1	25	2	33	3	63	4	82	5	44	6	73	7	37	8	20	9	56
	0	70	1	20	2	56	3	8	4	64	5	78	6	51	7	58	8	53	9	69
	0	18	1	100	2	100	3	91	4	18	5	54	6	87	7	68	8	33	9	55
	0	25	1	27	2	4	3	43	4	52	5	88	6	100	7	63	8	63	9	59
	0	73	1	8	2	68	3	23	4	91	5	60	6	68	7	48	8	75	9	37
	0	86	1	58	2	70	3	23	4	8	5	57	6	29	7	50	8	10	9	82
	0	94	1	72	2	80	3	25	4	91	5	25	6	57	7	67	8	94	9	83
	0	57	1	95	2	100	3	42	4	41	5	4	6	38	7	1	8	62	9	5
	0	4	1	18	2	89	3	88	4	77	5	60	6	81	7	21	8	79	9	66
	0	92	1	64	2	70	3	13	4	98	5	45	6	8	7	43	8	87	9	28
	0	89	1	69	2	68	3	62	4	65	5	17	6	66	7	87	8	9	9	27
	0	21	1	54	2	59	3	36	4	17	5	70	6	76	7	27	8	90	9	69
	0	78	1	99	2	3	3	98	4	59	5	3	6	83	7	38	8	96	9	41
	0	63	1	14	2	82	3	39	4	72	5	62	6	77	7	17	8	53	9	61
	0	36	1	38	2	25	3	42	4	54	5	99	6	7	7	26	8	71	9	94
	0	61	1	73	2	83	3	72	4	42	5	29	6	78	7	64	8	44	9	94
	0	91	1	44	2	88	3	78	4	39	5	60	6	98	7	90	8	93	9	54
	0	45	1	79	2	71	3	34	4	64	5	52	6	99	7	95	8	79	9	95
	0	40	1	78	2	81	3	98	4	98	5	35	6	46	7	66	8	64	9	24
	0	1	1	42	2	26	3	51	4	49	5	92	6	97	7	54	8	36	9	28
	0	10	1	64	2	18	3	59	4	88	5	18	6	35	7	8	8	98	9	86
	0	36	1	28	2	29	3	52	4	90	5	95	6	70	7	63	8	82	9	85
	0	76	1	9	2	79	3	51	4	30	5	39	6	14	7	40	8	62	9	92
	0	33	1	47	2	75	3	13	4	81	5	80	6	80	7	92	8	44	9	73
	0	52	1	12	2	64	3	92	4	54	5	38	6	91	7	5	8	92	9	58
	0	49	1	24	2	92	3	51	4	12	5	26	6	25	7	60	8	37	9	18
	0	11	1	97	2	94	3	8	4	79	5	91	6	76	7	89	8	60	9	61
	0	3	1	48	2	58	3	89	4	31	5	66	6	5	7	10	8	42	9	58
	0	2	1	51	2	81	3	84	4	10	5	78	6	42	7	14	8	29	9	45
	0	52	1	39	2	93	3	46	4	80	5	62	6	56	7	16	8	77	9	95
	0	62	1	33	2	32	3	75	4	5	5	10	6	88	7	44	8	37	9	94
	0	59	1	74	2	84	3	96	4	43	5	32	6	50	7	24	8	19	9	2
	0	57	1	98	2	76	3	30	4	24	5	63	6	12	7	46	8	90	9	31
	0	90	1	70	2	40	3	15	4	61	5	32	6	80	7	45	8	70	9	35
	0	80	1	68	2	17	3	61	4	66	5	77	6	33	7	98	8	51	9	23
	0	99	1	11	2	16	3	3	4	11	5	30	6	93	7	28	8	68	9	88
	0	6	1	6	2	57	3	54	4	69	5	17	6	25	7	39	8	66	9	39
	0	93	1	60	2	31	3	59	4	46	5	17	6	24	7	100	8	84	9	77
	0	72	1	10	2	49	3	8	4	13	5	20	6	39	7	93	8	59	9	70
	0	84	1	6	2	75	3	40	4	49	5	46	6	44	7	51	8	68	9	53
	0	39	1	14	2	58	3	57	4	59	5	50	6	38	7	27	8	76	9	3
	0	60	1	26	2	94	3	22	4	40	5	92	6	46	7	82	8	26	9	88
	0	50	1	69	2	54	3	5	4	17	5	55	6	72	7	12	8	79	9	29
	0	44	1	72	2	71	3	70	4	47	5	74	6	3	7	71	8	39	9	67
	0	87	1	46	2	57	3	70	4	17	5	98	6	54	7	7	8	9	9	4
	0	23	1	97	2	65	3	60	4	29	5	81	6	92	7	2	8	66	9	83
	0	9	1	66	2	10	3	31	4	30	5	83	6	25	7	77	8	72	9	6
	0	56	1	2	2	69	3	19	4	5	5	94	6	60	7	78	8	80	9	33
	0	95	1	73	2	59	3	16	4	73	5	27	6	19	7	16	8	9	9	58
	0	100	1	51	2	92	3	78	4	35	5	6	6	79	7	4	8	40	9	44
	0	46	1	90	2	51	3	85	4	75	5	36	6	67	7	49	8	66	9	4
Reldue
-1	7087	-1	1
-1	15585	-1	1
-1	15412	-1	1
-1	11889	-1	1
-1	11354	-1	1
-1	11980	-1	1
-1	7282	-1	1
-1	6074	-1	1
-1	15677	-1	1
-1	15221	-1	1
-1	7904	-1	1
-1	8399	-1	1
-1	14524	-1	1
-1	13990	-1	1
-1	5776	-1	1
-1	14885	-1	1
-1	16114	-1	1
-1	6765	-1	1
-1	14104	-1	1
-1	12518	-1	1
-1	8182	-1	1
-1	13118	-1	1
-1	13904	-1	1
-1	6825	-1	1
-1	10635	-1	1
-1	12212	-1	1
-1	6429	-1	1
-1	10014	-1	1
-1	9902	-1	1
-1	11184	-1	1
-1	16267	-1	1
-1	7813	-1	1
-1	12225	-1	1
-1	9372	-1	1
-1	13204	-1	1
-1	16142	-1	1
-1	16338	-1	1
-1	10367	-1	1
-1	16869	-1	1
-1	14687	-1	1
-1	13154	-1	1
-1	11270	-1	1
-1	8492	-1	1
-1	9407	-1	1
-1	10156	-1	1
-1	14063	-1	1
-1	9596	-1	1
-1	16671	-1	1
-1	13404	-1	1
-1	16643	-1	1
-1	13945	-1	1
-1	12550	-1	1
-1	15580	-1	1
-1	11540	-1	1
-1	14210	-1	1
-1	6266	-1	1
-1	7521	-1	1
-1	11847	-1	1
-1	6944	-1	1
-1	16448	-1	1
-1	10925	-1	1
-1	14023	-1	1
-1	8787	-1	1
-1	13402	-1	1
-1	8809	-1	1
-1	12933	-1	1
-1	6959	-1	1
-1	6158	-1	1
-1	13727	-1	1
-1	6940	-1	1
-1	6569	-1	1
-1	16294	-1	1
-1	9424	-1	1
-1	12611	-1	1
-1	13271	-1	1
-1	10201	-1	1
-1	11599	-1	1
-1	9958	-1	1
-1	6717	-1	1
-1	10817	-1	1
-1	11604	-1	1
-1	12459	-1	1
-1	8208	-1	1
-1	15306	-1	1
-1	9316	-1	1
-1	8099	-1	1
-1	10581	-1	1
-1	12944	-1	1
-1	6079	-1	1
-1	16382	-1	1
-1	14623	-1	1
-1	5839	-1	1
-1	11800	-1	1
-1	13185	-1	1
-1	13312	-1	1
-1	16810	-1	1
-1	10351	-1	1
-1	7875	-1	1
-1	16007	-1	1
-1	15199	-1	1
-1	10626	-1	1
-1	7631	-1	1
-1	15902	-1	1
-1	9837	-1	1
-1	9059	-1	1
-1	12517	-1	1
-1	9740	-1	1
-1	8864	-1	1
-1	7860	-1	1
-1	7299	-1	1
-1	12575	-1	1
-1	11104	-1	1
-1	10576	-1	1
-1	9016	-1	1
-1	13144	-1	1
-1	16097	-1	1
-1	9613	-1	1
-1	6701	-1	1
-1	9867	-1	1
-1	8981	-1	1
-1	5688	-1	1
-1	15657	-1	1
-1	11067	-1	1
-1	14397	-1	1
-1	11838	-1	1
-1	9450	-1	1
-1	9789	-1	1
-1	12180	-1	1
-1	8699	-1	1
-1	14019	-1	1
-1	14070	-1	1
-1	6259	-1	1
-1	12200	-1	1
-1	8686	-1	1
-1	13415	-1	1
-1	11339	-1	1
-1	11876	-1	1
-1	14300	-1	1
-1	13051	-1	1
-1	6475	-1	1
-1	14188	-1	1
-1	7658	-1	1
-1	11082	-1	1
-1	8943	-1	1
-1	11060	-1	1
-1	14250	-1	1
-1	10662	-1	1
-1	7591	-1	1
-1	12215	-1	1
-1	12836	-1	1
-1	15573	-1	1
-1	16125	-1	1
-1	12240	-1	1
-1	9548	-1	1
-1	16797	-1	1
-1	13701	-1	1
-1	14048	-1	1
-1	10819	-1	1
-1	14273	-1	1
-1	16373	-1	1
-1	7851	-1	1
-1	10507	-1	1
-1	8150	-1	1
-1	7316	-1	1
-1	10409	-1	1
-1	7934	-1	1
-1	9390	-1	1
-1	8826	-1	1
-1	12938	-1	1
-1	8766	-1	1
-1	9645	-1	1
-1	7104	-1	1
-1	15718	-1	1
-1	8557	-1	1
-1	10982	-1	1
-1	7196	-1	1
-1	14679	-1	1
-1	6683	-1	1
-1	15956	-1	1
-1	13626	-1	1
-1	10931	-1	1
-1	11039	-1	1
-1	16586	-1	1
-1	16853	-1	1
-1	15602	-1	1
-1	7972	-1	1
-1	12358	-1	1
-1	12138	-1	1
-1	13867	-1	1
-1	9970	-1	1
-1	11290	-1	1
-1	12614	-1	1
-1	12688	-1	1
-1	14694	-1	1
-1	15996	-1	1
-1	9893	-1	1
-1	6543	-1	1
-1	16062	-1	1
-1	10768	-1	1
-1	7402	-1	1
-1	13821	-1	1
-1	8035	-1	1
-1	13616	-1	1
-1	6544	-1	1
-1	12552	-1	1
-1	14740	-1	1
-1	12036	-1	1
-1	8899	-1	1
-1	12665	-1	1
-1	14327	-1	1
-1	9878	-1	1
-1	10318	-1	1
-1	8901	-1	1
-1	9970	-1	1
-1	9717	-1	1
-1	10723	-1	1
-1	12156	-1	1
-1	8341	-1	1
-1	5941	-1	1
-1	9815	-1	1
-1	10428	-1	1
-1	6803	-1	1
-1	10201	-1	1
-1	6846	-1	1
-1	6430	-1	1
-1	14527	-1	1
-1	9742	-1	1
-1	14143	-1	1
-1	11228	-1	1
-1	11528	-1	1
-1	9870	-1	1
-1	6713	-1	1
-1	11350	-1	1
-1	11719	-1	1
-1	10351	-1	1
-1	14856	-1	1
-1	8492	-1	1
-1	15627	-1	1
-1	16296	-1	1
-1	5993	-1	1
-1	8401	-1	1
-1	13241	-1	1
-1	6564	-1	1
-1	16221	-1	1
-1	7329	-1	1
-1	8605	-1	1
-1	10976	-1	1
-1	14375	-1	1
-1	16073	-1	1
-1	6833	-1	1
-1	10848	-1	1
-1	9835	-1	1
-1	6565	-1	1
-1	8438	-1	1
-1	11385	-1	1
-1	16456	-1	1
-1	6987	-1	1
-1	13625	-1	1
-1	6079	-1	1
-1	6306	-1	1
-1	10612	-1	1
-1	8189	-1	1
-1	6941	-1	1
-1	12218	-1	1
-1	8863	-1	1
-1	6927	-1	1
-1	12886	-1	1
-1	11279	-1	1
-1	11038	-1	1
-1	7859	-1	1
-1	16831	-1	1
-1	13139	-1	1
-1	6150	-1	1
-1	6428	-1	1
-1	8353	-1	1
-1	13437	-1	1
-1	16753	-1	1
-1	7504	-1	1
-1	10481	-1	1
-1	16450	-1	1
-1	14226	-1	1
-1	9667	-1	1
-1	11673	-1	1
-1	7024	-1	1
-1	8809	-1	1
-1	6674	-1	1
-1	6238	-1	1
-1	13927	-1	1
-1	10611	-1	1
-1	8740	-1	1
-1	9898	-1	1
-1	15064	-1	1
-1	11445	-1	1
-1	10214	-1	1
-1	10153	-1	1
-1	12645	-1	1
-1	16217	-1	1
-1	13350	-1	1
-1	16823	-1	1
-1	11859	-1	1
-1	8846	-1	1
-1	6571	-1	1
-1	9002	-1	1
-1	11358	-1	1
-1	11057	-1	1
-1	12566	-1	1
-1	5782	-1	1
-1	15240	-1	1
-1	11960	-1	1
-1	8811	-1	1
-1	6279	-1	1
-1	11398	-1	1
-1	11274	-1	1
-1	10556	-1	1
-1	9389	-1	1
-1	10471	-1	1
-1	16119	-1	1
-1	11801	-1	1
-1	10988	-1	1
-1	5730	-1	1
-1	14433	-1	1
-1	12298	-1	1
-1	14290	-1	1
-1	10104	-1	1
-1	7270	-1	1
-1	12087	-1	1
-1	13060	-1	1
-1	13803	-1	1
-1	15968	-1	1
-1	15631	-1	1
-1	11599	-1	1
-1	13095	-1	1
-1	16812	-1	1
-1	11572	-1	1
-1	12998	-1	1
-1	15664	-1	1
-1	6605	-1	1
-1	9650	-1	1
-1	11404	-1	1
-1	9718	-1	1
-1	10884	-1	1
-1	16256	-1	1
-1	15609	-1	1
-1	10753	-1	1
-1	7123	-1	1
-1	13253	-1	1
-1	10076	-1	1
-1	9720	-1	1
-1	8609	-1	1
-1	7516	-1	1
LBCmax: 18783
