250  50
	0	81	1	78	2	82	3	39	4	78	5	54	6	1	7	37	8	10	9	26	10	93	11	87	12	28	13	94	14	48	15	42	16	51	17	22	18	2	19	45	20	24	21	44	22	69	23	90	24	55	25	89	26	69	27	94	28	27	29	24	30	18	31	41	32	63	33	28	34	17	35	90	36	97	37	65	38	72	39	50	40	99	41	2	42	22	43	58	44	23	45	97	46	46	47	34	48	2	49	68
	0	97	1	79	2	98	3	84	4	81	5	44	6	83	7	72	8	52	9	95	10	13	11	18	12	29	13	41	14	12	15	96	16	32	17	10	18	89	19	74	20	1	21	80	22	42	23	63	24	41	25	8	26	39	27	16	28	10	29	5	30	60	31	96	32	47	33	66	34	60	35	60	36	91	37	38	38	71	39	38	40	64	41	84	42	58	43	97	44	97	45	90	46	10	47	22	48	23	49	11
	0	2	1	63	2	85	3	63	4	92	5	4	6	14	7	87	8	12	9	80	10	78	11	70	12	86	13	44	14	18	15	82	16	74	17	39	18	8	19	57	20	25	21	53	22	16	23	50	24	93	25	47	26	43	27	28	28	45	29	89	30	80	31	83	32	70	33	29	34	95	35	80	36	56	37	9	38	48	39	72	40	14	41	83	42	4	43	45	44	45	45	87	46	73	47	79	48	89	49	98
	0	12	1	36	2	8	3	70	4	62	5	9	6	80	7	21	8	9	9	97	10	13	11	14	12	89	13	91	14	5	15	82	16	70	17	69	18	3	19	52	20	97	21	67	22	50	23	83	24	65	25	48	26	15	27	38	28	71	29	86	30	35	31	30	32	52	33	60	34	41	35	33	36	3	37	1	38	14	39	31	40	55	41	41	42	20	43	57	44	30	45	76	46	7	47	47	48	21	49	17
	0	58	1	95	2	58	3	1	4	56	5	2	6	57	7	97	8	77	9	51	10	65	11	8	12	27	13	41	14	49	15	70	16	3	17	71	18	86	19	94	20	25	21	57	22	63	23	4	24	76	25	16	26	80	27	58	28	54	29	63	30	27	31	63	32	2	33	88	34	76	35	31	36	2	37	25	38	96	39	14	40	23	41	18	42	4	43	26	44	61	45	52	46	92	47	53	48	30	49	7
	0	2	1	84	2	72	3	42	4	34	5	33	6	3	7	28	8	10	9	31	10	10	11	81	12	40	13	98	14	77	15	73	16	40	17	40	18	90	19	2	20	20	21	20	22	52	23	70	24	33	25	100	26	17	27	98	28	44	29	53	30	18	31	51	32	88	33	92	34	51	35	93	36	91	37	76	38	26	39	67	40	87	41	67	42	21	43	69	44	79	45	63	46	81	47	78	48	85	49	37
	0	56	1	47	2	86	3	40	4	70	5	79	6	90	7	64	8	56	9	26	10	35	11	61	12	18	13	100	14	26	15	65	16	87	17	80	18	75	19	83	20	83	21	50	22	74	23	15	24	15	25	7	26	37	27	53	28	71	29	22	30	89	31	58	32	68	33	38	34	71	35	99	36	91	37	53	38	10	39	30	40	24	41	1	42	66	43	22	44	41	45	44	46	44	47	79	48	40	49	39
	0	51	1	3	2	15	3	30	4	27	5	99	6	5	7	91	8	75	9	13	10	59	11	12	12	78	13	67	14	26	15	18	16	74	17	23	18	39	19	41	20	25	21	85	22	48	23	99	24	10	25	32	26	54	27	59	28	13	29	33	30	2	31	69	32	100	33	92	34	76	35	1	36	99	37	20	38	83	39	28	40	25	41	39	42	19	43	46	44	23	45	52	46	64	47	92	48	12	49	42
	0	42	1	30	2	58	3	95	4	40	5	10	6	7	7	40	8	83	9	11	10	52	11	56	12	99	13	33	14	27	15	1	16	22	17	93	18	39	19	57	20	28	21	43	22	89	23	81	24	79	25	8	26	38	27	29	28	50	29	31	30	24	31	85	32	39	33	47	34	31	35	100	36	93	37	40	38	71	39	44	40	11	41	55	42	25	43	1	44	88	45	59	46	55	47	89	48	21	49	80
	0	90	1	63	2	98	3	72	4	39	5	38	6	27	7	74	8	86	9	40	10	81	11	69	12	68	13	84	14	75	15	58	16	60	17	19	18	83	19	8	20	84	21	94	22	81	23	36	24	39	25	49	26	61	27	36	28	27	29	11	30	48	31	70	32	91	33	71	34	38	35	65	36	19	37	61	38	8	39	7	40	71	41	55	42	91	43	4	44	25	45	72	46	4	47	68	48	56	49	46
	0	70	1	47	2	99	3	94	4	91	5	87	6	50	7	8	8	40	9	22	10	8	11	27	12	85	13	13	14	75	15	87	16	72	17	89	18	41	19	54	20	26	21	60	22	47	23	69	24	45	25	98	26	93	27	84	28	86	29	20	30	26	31	51	32	94	33	4	34	40	35	97	36	98	37	31	38	55	39	11	40	83	41	35	42	84	43	97	44	22	45	98	46	72	47	96	48	9	49	22
	0	89	1	71	2	42	3	74	4	9	5	5	6	39	7	79	8	92	9	56	10	92	11	97	12	72	13	82	14	81	15	40	16	99	17	9	18	17	19	78	20	1	21	18	22	78	23	59	24	58	25	84	26	57	27	51	28	7	29	58	30	39	31	58	32	17	33	19	34	73	35	82	36	100	37	9	38	6	39	36	40	63	41	27	42	98	43	22	44	92	45	63	46	39	47	30	48	42	49	86
	0	20	1	29	2	76	3	17	4	47	5	41	6	55	7	51	8	95	9	40	10	99	11	11	12	38	13	4	14	48	15	56	16	97	17	2	18	8	19	59	20	7	21	24	22	65	23	35	24	89	25	55	26	77	27	94	28	58	29	65	30	1	31	37	32	38	33	74	34	15	35	21	36	45	37	93	38	23	39	63	40	52	41	70	42	64	43	69	44	61	45	81	46	77	47	91	48	47	49	45
	0	66	1	55	2	40	3	62	4	79	5	21	6	57	7	96	8	15	9	53	10	11	11	46	12	82	13	23	14	60	15	91	16	100	17	70	18	61	19	91	20	25	21	87	22	47	23	86	24	13	25	21	26	48	27	25	28	69	29	84	30	16	31	7	32	50	33	26	34	34	35	33	36	7	37	29	38	2	39	85	40	91	41	94	42	54	43	93	44	60	45	55	46	30	47	48	48	56	49	30
	0	13	1	74	2	49	3	92	4	10	5	71	6	51	7	36	8	22	9	85	10	59	11	48	12	55	13	76	14	86	15	27	16	50	17	82	18	70	19	1	20	33	21	99	22	82	23	47	24	25	25	36	26	79	27	96	28	54	29	2	30	55	31	95	32	57	33	46	34	1	35	48	36	78	37	48	38	80	39	56	40	87	41	25	42	52	43	48	44	69	45	29	46	42	47	39	48	82	49	22
	0	9	1	85	2	66	3	57	4	63	5	18	6	47	7	20	8	55	9	62	10	92	11	99	12	12	13	84	14	76	15	76	16	8	17	25	18	97	19	78	20	95	21	2	22	33	23	22	24	24	25	99	26	26	27	31	28	31	29	70	30	60	31	27	32	86	33	27	34	24	35	14	36	2	37	90	38	24	39	6	40	74	41	18	42	64	43	72	44	89	45	44	46	92	47	94	48	16	49	97
	0	18	1	64	2	90	3	70	4	29	5	69	6	20	7	67	8	49	9	36	10	14	11	55	12	41	13	36	14	83	15	76	16	39	17	66	18	64	19	25	20	44	21	68	22	92	23	82	24	48	25	47	26	94	27	47	28	54	29	97	30	94	31	38	32	2	33	43	34	50	35	33	36	29	37	70	38	57	39	73	40	18	41	88	42	95	43	55	44	21	45	52	46	4	47	82	48	50	49	47
	0	9	1	58	2	75	3	92	4	35	5	25	6	78	7	37	8	79	9	93	10	48	11	45	12	29	13	25	14	18	15	97	16	59	17	42	18	70	19	46	20	21	21	86	22	73	23	18	24	24	25	57	26	25	27	41	28	70	29	98	30	5	31	30	32	92	33	3	34	71	35	81	36	1	37	66	38	47	39	42	40	41	41	8	42	92	43	63	44	29	45	36	46	42	47	42	48	94	49	23
	0	71	1	30	2	70	3	28	4	11	5	50	6	96	7	76	8	11	9	36	10	26	11	76	12	59	13	29	14	64	15	48	16	69	17	51	18	55	19	79	20	7	21	55	22	24	23	45	24	34	25	37	26	22	27	49	28	57	29	36	30	29	31	78	32	35	33	71	34	30	35	72	36	85	37	92	38	52	39	53	40	71	41	32	42	35	43	73	44	74	45	95	46	69	47	61	48	85	49	32
	0	36	1	89	2	66	3	56	4	16	5	82	6	59	7	21	8	58	9	46	10	55	11	75	12	31	13	87	14	45	15	31	16	100	17	43	18	10	19	46	20	79	21	54	22	30	23	86	24	80	25	43	26	21	27	19	28	50	29	84	30	22	31	68	32	51	33	70	34	89	35	13	36	50	37	25	38	81	39	31	40	4	41	9	42	36	43	94	44	65	45	7	46	70	47	85	48	46	49	19
	0	54	1	100	2	6	3	75	4	44	5	24	6	66	7	47	8	78	9	30	10	42	11	36	12	63	13	16	14	79	15	50	16	1	17	85	18	6	19	6	20	50	21	47	22	51	23	21	24	7	25	67	26	90	27	69	28	61	29	24	30	7	31	26	32	46	33	31	34	12	35	35	36	3	37	32	38	16	39	43	40	33	41	97	42	78	43	13	44	77	45	49	46	66	47	8	48	85	49	20
	0	8	1	85	2	47	3	13	4	8	5	69	6	84	7	8	8	59	9	83	10	50	11	52	12	91	13	46	14	72	15	6	16	18	17	81	18	31	19	62	20	77	21	93	22	78	23	29	24	84	25	88	26	11	27	54	28	32	29	74	30	80	31	54	32	25	33	46	34	85	35	39	36	4	37	39	38	89	39	70	40	22	41	34	42	54	43	86	44	77	45	8	46	75	47	82	48	90	49	88
	0	83	1	30	2	13	3	59	4	16	5	71	6	82	7	10	8	100	9	30	10	67	11	31	12	83	13	11	14	72	15	1	16	13	17	96	18	91	19	21	20	53	21	43	22	25	23	86	24	71	25	61	26	15	27	96	28	57	29	4	30	43	31	55	32	47	33	14	34	9	35	7	36	56	37	11	38	90	39	4	40	57	41	92	42	28	43	12	44	50	45	8	46	9	47	89	48	10	49	21
	0	38	1	4	2	15	3	59	4	8	5	76	6	84	7	21	8	23	9	44	10	78	11	5	12	32	13	8	14	45	15	59	16	71	17	1	18	17	19	73	20	22	21	73	22	82	23	68	24	46	25	2	26	94	27	47	28	43	29	75	30	88	31	15	32	37	33	80	34	21	35	87	36	6	37	21	38	57	39	27	40	91	41	38	42	54	43	8	44	63	45	3	46	30	47	72	48	25	49	11
	0	23	1	22	2	84	3	94	4	56	5	1	6	20	7	38	8	86	9	22	10	23	11	50	12	93	13	43	14	99	15	43	16	25	17	35	18	50	19	11	20	38	21	54	22	80	23	16	24	60	25	27	26	82	27	17	28	90	29	25	30	17	31	4	32	7	33	60	34	82	35	24	36	42	37	48	38	21	39	8	40	56	41	13	42	46	43	33	44	3	45	34	46	54	47	87	48	90	49	51
	0	66	1	17	2	56	3	90	4	19	5	66	6	30	7	61	8	84	9	58	10	44	11	54	12	15	13	51	14	10	15	30	16	13	17	94	18	86	19	78	20	89	21	52	22	89	23	91	24	53	25	69	26	29	27	79	28	56	29	10	30	85	31	23	32	77	33	82	34	25	35	38	36	9	37	30	38	53	39	2	40	9	41	58	42	45	43	58	44	4	45	26	46	82	47	13	48	73	49	13
	0	19	1	76	2	34	3	62	4	30	5	17	6	31	7	27	8	16	9	37	10	76	11	8	12	88	13	76	14	98	15	28	16	41	17	15	18	21	19	99	20	79	21	29	22	39	23	78	24	77	25	2	26	93	27	1	28	79	29	30	30	49	31	65	32	53	33	42	34	39	35	79	36	81	37	40	38	12	39	8	40	39	41	28	42	6	43	81	44	85	45	75	46	42	47	55	48	82	49	51
	0	96	1	17	2	12	3	10	4	6	5	3	6	60	7	14	8	8	9	52	10	64	11	40	12	28	13	13	14	82	15	88	16	54	17	100	18	4	19	97	20	74	21	34	22	9	23	37	24	59	25	32	26	68	27	24	28	16	29	36	30	9	31	92	32	47	33	80	34	18	35	2	36	84	37	46	38	43	39	86	40	99	41	55	42	11	43	41	44	89	45	93	46	85	47	41	48	1	49	69
	0	14	1	15	2	39	3	56	4	68	5	13	6	69	7	62	8	39	9	65	10	24	11	22	12	67	13	95	14	54	15	34	16	18	17	53	18	93	19	46	20	11	21	73	22	32	23	90	24	100	25	72	26	8	27	21	28	21	29	41	30	72	31	85	32	89	33	11	34	75	35	54	36	90	37	70	38	88	39	75	40	7	41	82	42	62	43	43	44	84	45	35	46	70	47	77	48	91	49	98
	0	100	1	69	2	80	3	97	4	96	5	37	6	17	7	8	8	56	9	88	10	36	11	44	12	29	13	97	14	61	15	89	16	95	17	29	18	84	19	85	20	91	21	78	22	89	23	95	24	26	25	1	26	68	27	97	28	17	29	61	30	76	31	62	32	15	33	8	34	100	35	41	36	1	37	76	38	59	39	66	40	97	41	62	42	54	43	19	44	6	45	5	46	23	47	44	48	59	49	14
	0	91	1	98	2	71	3	78	4	9	5	65	6	2	7	79	8	13	9	83	10	89	11	85	12	67	13	58	14	94	15	81	16	53	17	54	18	75	19	92	20	30	21	1	22	95	23	87	24	85	25	49	26	4	27	63	28	22	29	60	30	70	31	64	32	83	33	16	34	42	35	84	36	99	37	91	38	76	39	34	40	95	41	9	42	48	43	4	44	18	45	89	46	39	47	34	48	53	49	48
	0	68	1	69	2	40	3	5	4	6	5	84	6	22	7	31	8	98	9	73	10	67	11	8	12	77	13	65	14	69	15	8	16	39	17	7	18	100	19	10	20	26	21	100	22	70	23	3	24	28	25	22	26	38	27	47	28	97	29	38	30	48	31	99	32	50	33	93	34	9	35	13	36	80	37	50	38	38	39	76	40	31	41	91	42	22	43	50	44	75	45	27	46	86	47	7	48	18	49	58
	0	59	1	2	2	28	3	88	4	82	5	9	6	33	7	95	8	98	9	14	10	61	11	93	12	20	13	48	14	10	15	53	16	64	17	95	18	67	19	59	20	91	21	10	22	16	23	24	24	9	25	36	26	3	27	85	28	6	29	11	30	53	31	51	32	33	33	81	34	51	35	85	36	53	37	83	38	36	39	32	40	24	41	58	42	67	43	24	44	81	45	100	46	59	47	37	48	38	49	64
	0	8	1	63	2	22	3	71	4	39	5	31	6	9	7	6	8	48	9	4	10	35	11	82	12	40	13	2	14	84	15	4	16	61	17	55	18	90	19	98	20	82	21	90	22	99	23	40	24	98	25	83	26	78	27	24	28	28	29	37	30	76	31	68	32	42	33	87	34	54	35	14	36	53	37	23	38	60	39	89	40	39	41	74	42	10	43	44	44	94	45	27	46	86	47	66	48	17	49	38
	0	84	1	38	2	86	3	83	4	66	5	6	6	83	7	47	8	90	9	51	10	68	11	45	12	26	13	98	14	1	15	36	16	93	17	5	18	83	19	59	20	59	21	2	22	52	23	12	24	2	25	88	26	53	27	44	28	15	29	100	30	77	31	52	32	5	33	4	34	32	35	71	36	25	37	95	38	96	39	21	40	28	41	79	42	50	43	55	44	48	45	82	46	15	47	91	48	27	49	27
	0	25	1	55	2	59	3	52	4	9	5	60	6	14	7	69	8	72	9	74	10	61	11	78	12	91	13	89	14	11	15	9	16	77	17	69	18	34	19	33	20	54	21	38	22	38	23	69	24	65	25	63	26	7	27	86	28	6	29	7	30	28	31	74	32	44	33	75	34	71	35	35	36	76	37	88	38	81	39	2	40	28	41	38	42	17	43	13	44	5	45	21	46	38	47	80	48	45	49	42
	0	7	1	35	2	23	3	55	4	96	5	45	6	26	7	67	8	76	9	17	10	95	11	18	12	52	13	57	14	76	15	35	16	65	17	36	18	64	19	92	20	73	21	71	22	18	23	59	24	87	25	55	26	63	27	93	28	7	29	59	30	32	31	8	32	20	33	6	34	11	35	56	36	13	37	96	38	66	39	65	40	39	41	21	42	95	43	35	44	34	45	100	46	26	47	2	48	69	49	27
	0	31	1	96	2	92	3	21	4	60	5	62	6	80	7	94	8	99	9	29	10	23	11	2	12	6	13	36	14	2	15	38	16	73	17	53	18	33	19	76	20	35	21	57	22	83	23	82	24	17	25	43	26	95	27	39	28	72	29	98	30	68	31	74	32	79	33	49	34	72	35	63	36	91	37	73	38	15	39	60	40	48	41	28	42	71	43	78	44	1	45	45	46	43	47	14	48	9	49	84
	0	30	1	2	2	8	3	46	4	6	5	23	6	66	7	7	8	38	9	27	10	60	11	92	12	4	13	26	14	56	15	27	16	80	17	71	18	70	19	18	20	18	21	20	22	37	23	68	24	21	25	73	26	26	27	8	28	90	29	7	30	65	31	12	32	15	33	54	34	78	35	34	36	14	37	7	38	42	39	64	40	49	41	30	42	7	43	8	44	78	45	27	46	54	47	31	48	17	49	82
	0	75	1	29	2	24	3	82	4	89	5	1	6	25	7	82	8	57	9	48	10	47	11	76	12	31	13	28	14	28	15	78	16	58	17	28	18	18	19	36	20	40	21	32	22	95	23	27	24	100	25	19	26	48	27	5	28	13	29	92	30	15	31	99	32	4	33	35	34	73	35	92	36	23	37	56	38	18	39	19	40	43	41	40	42	76	43	71	44	44	45	51	46	43	47	83	48	82	49	33
	0	40	1	50	2	53	3	4	4	29	5	14	6	97	7	51	8	32	9	80	10	15	11	65	12	40	13	88	14	76	15	70	16	16	17	34	18	51	19	39	20	17	21	10	22	100	23	10	24	98	25	32	26	84	27	23	28	68	29	42	30	4	31	58	32	8	33	30	34	65	35	48	36	85	37	97	38	27	39	83	40	3	41	61	42	90	43	32	44	91	45	80	46	32	47	66	48	9	49	33
	0	84	1	34	2	24	3	94	4	16	5	37	6	92	7	85	8	78	9	16	10	43	11	93	12	98	13	13	14	59	15	93	16	60	17	11	18	79	19	99	20	86	21	41	22	94	23	44	24	12	25	3	26	99	27	69	28	30	29	60	30	18	31	53	32	25	33	99	34	20	35	27	36	51	37	51	38	92	39	48	40	98	41	25	42	41	43	38	44	60	45	8	46	36	47	99	48	13	49	15
	0	11	1	56	2	44	3	8	4	93	5	16	6	100	7	11	8	29	9	14	10	50	11	88	12	16	13	97	14	75	15	70	16	74	17	75	18	33	19	32	20	93	21	26	22	61	23	76	24	67	25	41	26	4	27	57	28	91	29	43	30	98	31	59	32	63	33	19	34	40	35	15	36	48	37	53	38	20	39	20	40	76	41	37	42	92	43	90	44	84	45	4	46	27	47	59	48	33	49	22
	0	61	1	14	2	45	3	15	4	30	5	18	6	60	7	33	8	66	9	75	10	84	11	62	12	81	13	19	14	2	15	52	16	84	17	45	18	66	19	19	20	81	21	17	22	72	23	24	24	78	25	6	26	10	27	57	28	73	29	55	30	29	31	63	32	5	33	80	34	60	35	99	36	13	37	28	38	90	39	7	40	1	41	77	42	83	43	31	44	26	45	46	46	75	47	33	48	53	49	34
	0	9	1	67	2	39	3	18	4	79	5	27	6	47	7	76	8	91	9	74	10	97	11	24	12	77	13	10	14	4	15	67	16	2	17	51	18	63	19	8	20	62	21	20	22	86	23	80	24	62	25	65	26	91	27	70	28	13	29	55	30	99	31	69	32	98	33	41	34	95	35	64	36	92	37	60	38	62	39	45	40	31	41	15	42	82	43	7	44	74	45	86	46	67	47	62	48	98	49	33
	0	77	1	90	2	13	3	95	4	17	5	4	6	6	7	15	8	30	9	96	10	30	11	24	12	41	13	88	14	12	15	72	16	95	17	24	18	39	19	1	20	3	21	58	22	42	23	77	24	3	25	24	26	1	27	31	28	77	29	4	30	30	31	96	32	1	33	30	34	13	35	18	36	10	37	70	38	5	39	75	40	91	41	5	42	23	43	60	44	71	45	80	46	88	47	81	48	31	49	92
	0	82	1	95	2	73	3	61	4	43	5	96	6	31	7	69	8	20	9	96	10	82	11	84	12	39	13	81	14	23	15	10	16	63	17	37	18	2	19	100	20	57	21	77	22	19	23	56	24	71	25	100	26	48	27	86	28	20	29	77	30	39	31	89	32	14	33	47	34	93	35	2	36	63	37	50	38	33	39	13	40	78	41	50	42	4	43	44	44	23	45	17	46	78	47	39	48	100	49	68
	0	51	1	18	2	69	3	89	4	52	5	84	6	37	7	90	8	4	9	1	10	61	11	60	12	1	13	64	14	63	15	29	16	6	17	30	18	37	19	52	20	72	21	5	22	3	23	71	24	35	25	78	26	38	27	22	28	45	29	55	30	91	31	88	32	34	33	48	34	56	35	23	36	27	37	100	38	64	39	95	40	40	41	69	42	20	43	18	44	44	45	90	46	87	47	75	48	75	49	98
	0	9	1	57	2	6	3	71	4	6	5	56	6	35	7	31	8	99	9	4	10	49	11	20	12	37	13	39	14	50	15	19	16	41	17	25	18	72	19	93	20	82	21	90	22	28	23	85	24	66	25	27	26	42	27	69	28	79	29	86	30	82	31	57	32	29	33	57	34	85	35	10	36	82	37	13	38	37	39	100	40	77	41	60	42	61	43	23	44	72	45	27	46	16	47	58	48	52	49	85
	0	14	1	27	2	1	3	67	4	10	5	97	6	24	7	54	8	13	9	28	10	65	11	23	12	32	13	61	14	56	15	86	16	60	17	2	18	8	19	65	20	43	21	33	22	1	23	75	24	96	25	80	26	63	27	23	28	70	29	95	30	27	31	28	32	73	33	43	34	14	35	31	36	98	37	4	38	77	39	54	40	19	41	22	42	1	43	14	44	47	45	68	46	57	47	13	48	73	49	100
	0	44	1	48	2	25	3	31	4	60	5	24	6	16	7	33	8	8	9	61	10	72	11	63	12	13	13	21	14	66	15	60	16	98	17	100	18	76	19	57	20	68	21	71	22	69	23	30	24	79	25	51	26	72	27	33	28	7	29	50	30	63	31	36	32	31	33	15	34	27	35	44	36	98	37	71	38	26	39	52	40	41	41	39	42	1	43	94	44	63	45	67	46	3	47	70	48	12	49	9
	0	95	1	59	2	95	3	38	4	17	5	60	6	23	7	89	8	70	9	17	10	88	11	45	12	64	13	18	14	97	15	30	16	60	17	76	18	18	19	68	20	78	21	31	22	25	23	20	24	57	25	23	26	39	27	12	28	91	29	46	30	98	31	3	32	80	33	64	34	15	35	78	36	63	37	46	38	88	39	47	40	28	41	79	42	90	43	88	44	5	45	28	46	50	47	72	48	10	49	82
	0	82	1	57	2	70	3	92	4	59	5	30	6	58	7	87	8	8	9	37	10	32	11	35	12	80	13	45	14	23	15	76	16	43	17	3	18	51	19	49	20	64	21	9	22	49	23	82	24	12	25	4	26	12	27	29	28	79	29	35	30	29	31	68	32	8	33	70	34	42	35	86	36	74	37	59	38	45	39	23	40	48	41	65	42	24	43	60	44	67	45	9	46	89	47	53	48	51	49	12
	0	71	1	55	2	73	3	23	4	58	5	89	6	58	7	62	8	3	9	58	10	61	11	26	12	41	13	92	14	73	15	26	16	84	17	85	18	32	19	62	20	79	21	71	22	44	23	56	24	59	25	23	26	47	27	85	28	12	29	4	30	71	31	95	32	59	33	77	34	71	35	99	36	2	37	66	38	43	39	66	40	94	41	27	42	50	43	66	44	41	45	62	46	10	47	34	48	27	49	93
	0	30	1	58	2	40	3	71	4	89	5	12	6	25	7	100	8	96	9	76	10	97	11	88	12	90	13	31	14	93	15	56	16	43	17	14	18	46	19	79	20	87	21	61	22	96	23	28	24	87	25	91	26	94	27	41	28	13	29	92	30	50	31	38	32	98	33	30	34	29	35	67	36	82	37	70	38	5	39	46	40	68	41	100	42	17	43	17	44	54	45	87	46	2	47	58	48	11	49	7
	0	76	1	96	2	21	3	31	4	15	5	29	6	94	7	49	8	35	9	40	10	30	11	89	12	77	13	74	14	96	15	24	16	68	17	2	18	32	19	10	20	78	21	89	22	2	23	88	24	20	25	55	26	67	27	21	28	54	29	76	30	29	31	82	32	100	33	89	34	82	35	98	36	52	37	71	38	77	39	6	40	68	41	23	42	70	43	99	44	76	45	83	46	20	47	50	48	98	49	23
	0	54	1	48	2	18	3	38	4	21	5	86	6	19	7	16	8	91	9	77	10	68	11	31	12	82	13	7	14	42	15	27	16	13	17	24	18	3	19	75	20	23	21	38	22	70	23	7	24	98	25	89	26	61	27	73	28	97	29	85	30	81	31	76	32	73	33	41	34	94	35	76	36	28	37	53	38	1	39	67	40	45	41	92	42	5	43	68	44	89	45	15	46	52	47	85	48	68	49	11
	0	60	1	39	2	4	3	38	4	87	5	58	6	38	7	12	8	91	9	78	10	87	11	67	12	99	13	10	14	20	15	85	16	70	17	62	18	11	19	64	20	21	21	26	22	7	23	88	24	71	25	60	26	1	27	100	28	95	29	36	30	8	31	98	32	11	33	35	34	72	35	10	36	34	37	95	38	71	39	12	40	72	41	60	42	84	43	99	44	56	45	75	46	35	47	13	48	7	49	33
	0	39	1	5	2	7	3	62	4	11	5	79	6	20	7	7	8	4	9	23	10	61	11	57	12	100	13	63	14	38	15	13	16	65	17	74	18	98	19	89	20	36	21	22	22	54	23	6	24	13	25	47	26	73	27	25	28	64	29	99	30	58	31	3	32	67	33	80	34	55	35	96	36	51	37	66	38	48	39	34	40	15	41	8	42	56	43	26	44	21	45	26	46	18	47	99	48	1	49	66
	0	37	1	60	2	29	3	63	4	31	5	31	6	33	7	44	8	94	9	11	10	63	11	56	12	76	13	60	14	28	15	3	16	32	17	2	18	77	19	42	20	100	21	94	22	83	23	43	24	9	25	22	26	54	27	43	28	25	29	97	30	83	31	31	32	76	33	83	34	5	35	46	36	44	37	75	38	36	39	84	40	83	41	89	42	94	43	35	44	5	45	71	46	42	47	5	48	75	49	2
	0	97	1	85	2	63	3	67	4	92	5	81	6	70	7	25	8	92	9	11	10	27	11	85	12	96	13	34	14	15	15	83	16	77	17	71	18	80	19	5	20	46	21	27	22	23	23	16	24	29	25	28	26	86	27	79	28	11	29	29	30	91	31	74	32	79	33	66	34	70	35	57	36	58	37	37	38	6	39	19	40	33	41	64	42	87	43	21	44	7	45	48	46	20	47	36	48	15	49	25
	0	70	1	17	2	20	3	95	4	18	5	50	6	45	7	63	8	57	9	3	10	18	11	35	12	60	13	43	14	46	15	42	16	2	17	98	18	28	19	93	20	8	21	86	22	86	23	77	24	66	25	35	26	66	27	66	28	30	29	71	30	48	31	88	32	90	33	29	34	48	35	77	36	94	37	51	38	29	39	10	40	48	41	39	42	30	43	93	44	29	45	90	46	81	47	61	48	81	49	47
	0	85	1	92	2	84	3	13	4	66	5	63	6	17	7	39	8	9	9	90	10	54	11	66	12	60	13	26	14	62	15	90	16	53	17	24	18	94	19	80	20	75	21	77	22	86	23	59	24	97	25	91	26	17	27	45	28	22	29	59	30	78	31	90	32	43	33	43	34	65	35	87	36	94	37	75	38	89	39	16	40	49	41	39	42	69	43	53	44	95	45	94	46	54	47	72	48	90	49	51
	0	84	1	99	2	85	3	10	4	95	5	13	6	51	7	28	8	12	9	89	10	68	11	62	12	8	13	40	14	48	15	19	16	1	17	97	18	3	19	5	20	29	21	31	22	87	23	46	24	25	25	16	26	56	27	39	28	77	29	76	30	49	31	38	32	49	33	74	34	69	35	97	36	91	37	26	38	8	39	19	40	75	41	57	42	74	43	85	44	31	45	34	46	80	47	56	48	63	49	32
	0	31	1	82	2	75	3	21	4	4	5	56	6	41	7	88	8	1	9	93	10	91	11	30	12	50	13	28	14	95	15	70	16	43	17	60	18	87	19	99	20	66	21	92	22	33	23	32	24	53	25	30	26	51	27	38	28	53	29	55	30	40	31	84	32	24	33	77	34	64	35	1	36	64	37	31	38	8	39	55	40	48	41	81	42	97	43	85	44	46	45	29	46	48	47	56	48	34	49	66
	0	92	1	13	2	7	3	90	4	89	5	53	6	76	7	91	8	21	9	42	10	11	11	80	12	46	13	48	14	37	15	97	16	26	17	65	18	16	19	44	20	85	21	55	22	71	23	13	24	45	25	22	26	26	27	14	28	55	29	99	30	74	31	17	32	9	33	22	34	93	35	69	36	10	37	8	38	73	39	49	40	36	41	66	42	33	43	61	44	10	45	16	46	31	47	92	48	88	49	80
	0	89	1	85	2	2	3	76	4	3	5	93	6	27	7	47	8	9	9	17	10	81	11	71	12	5	13	55	14	37	15	58	16	72	17	100	18	38	19	35	20	29	21	76	22	37	23	55	24	30	25	90	26	85	27	87	28	77	29	47	30	72	31	91	32	96	33	55	34	60	35	61	36	35	37	9	38	85	39	94	40	47	41	39	42	14	43	43	44	76	45	62	46	71	47	29	48	72	49	68
	0	84	1	27	2	90	3	30	4	12	5	78	6	46	7	24	8	43	9	59	10	51	11	89	12	93	13	21	14	33	15	73	16	29	17	99	18	15	19	42	20	1	21	21	22	25	23	44	24	61	25	91	26	42	27	57	28	99	29	20	30	7	31	70	32	29	33	27	34	57	35	61	36	92	37	34	38	57	39	84	40	77	41	29	42	41	43	82	44	65	45	67	46	80	47	67	48	52	49	36
	0	50	1	59	2	5	3	16	4	62	5	59	6	49	7	89	8	68	9	2	10	7	11	93	12	70	13	21	14	24	15	28	16	90	17	7	18	55	19	48	20	73	21	55	22	98	23	1	24	38	25	30	26	94	27	5	28	96	29	84	30	40	31	67	32	3	33	18	34	73	35	90	36	8	37	77	38	27	39	13	40	27	41	93	42	74	43	85	44	41	45	46	46	91	47	78	48	9	49	94
	0	24	1	71	2	37	3	87	4	41	5	77	6	44	7	77	8	84	9	85	10	27	11	81	12	75	13	38	14	96	15	66	16	25	17	84	18	48	19	54	20	63	21	44	22	98	23	69	24	76	25	13	26	80	27	87	28	21	29	73	30	87	31	40	32	66	33	80	34	22	35	92	36	58	37	60	38	68	39	5	40	33	41	35	42	100	43	33	44	8	45	49	46	9	47	39	48	26	49	62
	0	97	1	10	2	45	3	60	4	69	5	7	6	85	7	66	8	30	9	99	10	78	11	64	12	59	13	49	14	95	15	78	16	38	17	48	18	23	19	57	20	26	21	34	22	33	23	61	24	24	25	25	26	62	27	48	28	79	29	61	30	88	31	17	32	6	33	29	34	83	35	43	36	37	37	21	38	65	39	12	40	17	41	51	42	94	43	50	44	17	45	15	46	69	47	98	48	26	49	96
	0	30	1	76	2	44	3	25	4	74	5	42	6	92	7	60	8	31	9	37	10	1	11	45	12	67	13	68	14	56	15	60	16	4	17	77	18	4	19	67	20	78	21	96	22	51	23	25	24	72	25	85	26	8	27	22	28	93	29	95	30	57	31	41	32	94	33	24	34	53	35	78	36	40	37	37	38	80	39	52	40	77	41	71	42	29	43	96	44	64	45	61	46	62	47	15	48	59	49	46
	0	81	1	39	2	82	3	39	4	24	5	20	6	84	7	71	8	41	9	42	10	15	11	54	12	40	13	53	14	49	15	14	16	94	17	30	18	9	19	80	20	47	21	30	22	33	23	52	24	74	25	4	26	26	27	67	28	72	29	70	30	18	31	37	32	88	33	70	34	27	35	38	36	9	37	45	38	76	39	65	40	80	41	36	42	31	43	85	44	14	45	66	46	49	47	56	48	15	49	60
	0	57	1	81	2	32	3	37	4	4	5	38	6	3	7	50	8	46	9	86	10	67	11	67	12	70	13	37	14	52	15	30	16	61	17	67	18	66	19	27	20	60	21	73	22	47	23	55	24	80	25	26	26	49	27	76	28	71	29	64	30	71	31	83	32	54	33	29	34	61	35	32	36	63	37	36	38	45	39	5	40	60	41	41	42	60	43	9	44	26	45	36	46	7	47	33	48	27	49	76
	0	34	1	5	2	21	3	54	4	24	5	39	6	47	7	38	8	52	9	45	10	9	11	55	12	26	13	55	14	65	15	85	16	40	17	84	18	55	19	6	20	82	21	27	22	53	23	87	24	97	25	66	26	16	27	24	28	96	29	27	30	63	31	93	32	37	33	32	34	14	35	19	36	48	37	15	38	63	39	14	40	59	41	100	42	80	43	43	44	52	45	71	46	50	47	92	48	58	49	81
	0	95	1	59	2	57	3	65	4	52	5	99	6	58	7	69	8	92	9	96	10	69	11	1	12	2	13	22	14	80	15	76	16	62	17	28	18	15	19	3	20	3	21	68	22	42	23	29	24	20	25	49	26	28	27	64	28	65	29	66	30	89	31	21	32	67	33	56	34	70	35	57	36	30	37	84	38	54	39	16	40	26	41	44	42	85	43	85	44	73	45	43	46	52	47	18	48	62	49	95
	0	79	1	7	2	90	3	45	4	3	5	87	6	85	7	91	8	40	9	8	10	63	11	1	12	86	13	17	14	27	15	13	16	79	17	27	18	6	19	73	20	30	21	68	22	7	23	64	24	8	25	45	26	99	27	12	28	25	29	54	30	79	31	86	32	52	33	25	34	88	35	13	36	78	37	92	38	52	39	91	40	84	41	14	42	88	43	66	44	89	45	98	46	100	47	94	48	99	49	92
	0	45	1	23	2	63	3	49	4	49	5	53	6	14	7	87	8	99	9	63	10	53	11	93	12	49	13	16	14	4	15	41	16	11	17	70	18	37	19	25	20	18	21	73	22	63	23	32	24	83	25	9	26	18	27	5	28	83	29	18	30	4	31	55	32	56	33	20	34	63	35	48	36	84	37	11	38	84	39	57	40	88	41	7	42	74	43	60	44	77	45	53	46	60	47	29	48	14	49	37
	0	81	1	32	2	1	3	60	4	86	5	54	6	85	7	52	8	76	9	93	10	41	11	52	12	25	13	11	14	93	15	74	16	75	17	19	18	65	19	38	20	6	21	40	22	77	23	28	24	7	25	91	26	40	27	17	28	8	29	52	30	1	31	66	32	44	33	24	34	38	35	80	36	73	37	7	38	26	39	96	40	51	41	34	42	12	43	17	44	50	45	42	46	57	47	24	48	73	49	78
	0	63	1	35	2	79	3	59	4	69	5	91	6	56	7	40	8	85	9	79	10	89	11	62	12	19	13	30	14	95	15	74	16	87	17	59	18	48	19	60	20	35	21	16	22	11	23	10	24	1	25	85	26	28	27	19	28	93	29	32	30	66	31	7	32	73	33	6	34	6	35	76	36	66	37	35	38	6	39	71	40	29	41	62	42	4	43	99	44	61	45	34	46	32	47	21	48	27	49	27
	0	47	1	19	2	34	3	67	4	8	5	19	6	87	7	79	8	61	9	4	10	92	11	91	12	97	13	51	14	8	15	57	16	2	17	93	18	63	19	77	20	26	21	64	22	60	23	39	24	12	25	96	26	65	27	6	28	90	29	67	30	56	31	15	32	11	33	33	34	42	35	76	36	79	37	74	38	17	39	74	40	14	41	45	42	89	43	18	44	38	45	18	46	2	47	94	48	87	49	51
	0	51	1	9	2	66	3	15	4	34	5	37	6	30	7	69	8	16	9	1	10	33	11	78	12	94	13	55	14	89	15	84	16	73	17	50	18	39	19	100	20	8	21	97	22	5	23	81	24	66	25	56	26	99	27	84	28	9	29	24	30	89	31	30	32	17	33	100	34	62	35	30	36	80	37	33	38	30	39	28	40	41	41	2	42	61	43	85	44	79	45	81	46	39	47	98	48	35	49	73
	0	90	1	38	2	49	3	26	4	13	5	41	6	49	7	75	8	17	9	84	10	3	11	58	12	44	13	49	14	42	15	96	16	30	17	32	18	96	19	55	20	46	21	71	22	16	23	18	24	4	25	81	26	71	27	30	28	26	29	38	30	33	31	2	32	14	33	42	34	98	35	90	36	75	37	41	38	10	39	74	40	67	41	20	42	79	43	8	44	96	45	64	46	3	47	20	48	69	49	58
	0	50	1	85	2	67	3	83	4	59	5	84	6	27	7	27	8	51	9	37	10	23	11	7	12	66	13	74	14	79	15	79	16	84	17	72	18	83	19	87	20	68	21	76	22	54	23	58	24	53	25	85	26	99	27	74	28	73	29	71	30	63	31	56	32	83	33	54	34	41	35	40	36	37	37	62	38	28	39	43	40	18	41	41	42	11	43	46	44	30	45	1	46	34	47	33	48	5	49	3
	0	89	1	74	2	83	3	30	4	15	5	27	6	59	7	5	8	10	9	15	10	19	11	25	12	76	13	93	14	2	15	46	16	72	17	7	18	58	19	40	20	35	21	17	22	92	23	83	24	78	25	35	26	14	27	72	28	9	29	100	30	32	31	67	32	2	33	86	34	65	35	14	36	24	37	21	38	53	39	83	40	98	41	61	42	4	43	32	44	57	45	46	46	87	47	96	48	25	49	36
	0	78	1	34	2	11	3	99	4	16	5	5	6	21	7	94	8	5	9	52	10	19	11	91	12	4	13	2	14	90	15	97	16	65	17	31	18	83	19	99	20	12	21	37	22	37	23	26	24	86	25	23	26	37	27	8	28	89	29	91	30	20	31	72	32	99	33	85	34	52	35	4	36	49	37	50	38	44	39	82	40	83	41	83	42	63	43	28	44	31	45	94	46	78	47	68	48	83	49	11
	0	29	1	80	2	31	3	87	4	12	5	64	6	19	7	3	8	29	9	84	10	27	11	68	12	37	13	45	14	66	15	61	16	86	17	12	18	74	19	62	20	59	21	97	22	24	23	84	24	19	25	52	26	93	27	83	28	48	29	51	30	63	31	10	32	32	33	52	34	28	35	52	36	13	37	68	38	52	39	53	40	31	41	97	42	91	43	19	44	11	45	76	46	71	47	56	48	75	49	64
	0	93	1	89	2	86	3	75	4	100	5	50	6	52	7	15	8	42	9	59	10	41	11	87	12	93	13	11	14	95	15	64	16	39	17	55	18	39	19	68	20	29	21	31	22	22	23	80	24	44	25	83	26	37	27	76	28	50	29	93	30	11	31	67	32	26	33	78	34	52	35	92	36	78	37	53	38	6	39	84	40	97	41	64	42	55	43	3	44	8	45	24	46	52	47	30	48	21	49	20
	0	96	1	34	2	89	3	73	4	63	5	82	6	15	7	55	8	68	9	42	10	86	11	19	12	22	13	93	14	17	15	79	16	94	17	64	18	20	19	40	20	11	21	39	22	50	23	91	24	46	25	20	26	87	27	84	28	72	29	28	30	53	31	73	32	99	33	77	34	67	35	90	36	100	37	67	38	6	39	78	40	14	41	64	42	6	43	8	44	68	45	77	46	29	47	42	48	54	49	43
	0	83	1	37	2	79	3	75	4	62	5	87	6	29	7	44	8	56	9	56	10	57	11	100	12	31	13	39	14	70	15	45	16	94	17	70	18	62	19	10	20	89	21	50	22	42	23	17	24	83	25	62	26	40	27	18	28	44	29	22	30	84	31	24	32	20	33	45	34	2	35	1	36	67	37	49	38	74	39	72	40	86	41	27	42	38	43	53	44	75	45	49	46	38	47	25	48	95	49	78
	0	57	1	2	2	6	3	16	4	79	5	69	6	34	7	7	8	63	9	78	10	66	11	72	12	42	13	38	14	80	15	42	16	59	17	40	18	65	19	23	20	13	21	90	22	91	23	13	24	84	25	56	26	22	27	31	28	43	29	44	30	90	31	55	32	81	33	50	34	69	35	77	36	7	37	75	38	24	39	99	40	97	41	86	42	19	43	47	44	95	45	57	46	5	47	82	48	9	49	28
	0	29	1	12	2	32	3	72	4	32	5	58	6	93	7	45	8	32	9	17	10	29	11	68	12	95	13	19	14	9	15	71	16	60	17	84	18	69	19	78	20	60	21	17	22	30	23	32	24	46	25	6	26	19	27	90	28	34	29	96	30	96	31	18	32	2	33	65	34	77	35	82	36	17	37	30	38	98	39	16	40	83	41	41	42	50	43	1	44	22	45	64	46	1	47	99	48	34	49	38
	0	63	1	11	2	96	3	69	4	88	5	72	6	12	7	7	8	94	9	88	10	2	11	92	12	44	13	74	14	97	15	87	16	50	17	73	18	96	19	23	20	63	21	33	22	75	23	38	24	68	25	88	26	78	27	61	28	98	29	81	30	12	31	94	32	46	33	98	34	33	35	89	36	26	37	26	38	2	39	11	40	11	41	38	42	38	43	55	44	62	45	76	46	98	47	31	48	12	49	87
	0	66	1	62	2	87	3	22	4	29	5	43	6	50	7	11	8	65	9	58	10	25	11	78	12	90	13	56	14	33	15	50	16	14	17	36	18	34	19	76	20	20	21	80	22	69	23	67	24	65	25	44	26	40	27	15	28	58	29	5	30	83	31	55	32	70	33	93	34	100	35	73	36	83	37	95	38	75	39	92	40	80	41	77	42	90	43	66	44	29	45	83	46	97	47	67	48	29	49	99
	0	33	1	70	2	91	3	77	4	72	5	43	6	5	7	98	8	54	9	1	10	2	11	65	12	39	13	96	14	96	15	93	16	65	17	41	18	99	19	32	20	27	21	93	22	14	23	21	24	83	25	33	26	66	27	83	28	68	29	38	30	13	31	89	32	79	33	21	34	62	35	69	36	36	37	71	38	73	39	30	40	60	41	54	42	23	43	22	44	13	45	20	46	75	47	63	48	79	49	46
	0	56	1	97	2	98	3	12	4	58	5	66	6	77	7	83	8	4	9	15	10	35	11	43	12	48	13	48	14	58	15	2	16	97	17	20	18	80	19	96	20	78	21	30	22	97	23	10	24	87	25	36	26	98	27	25	28	87	29	31	30	70	31	68	32	57	33	31	34	88	35	91	36	93	37	66	38	28	39	35	40	18	41	92	42	42	43	48	44	58	45	42	46	93	47	56	48	84	49	1
	0	35	1	100	2	28	3	65	4	88	5	18	6	28	7	19	8	45	9	99	10	54	11	52	12	1	13	56	14	22	15	79	16	7	17	6	18	98	19	51	20	75	21	18	22	53	23	76	24	95	25	12	26	15	27	64	28	35	29	84	30	28	31	80	32	37	33	8	34	23	35	80	36	38	37	41	38	52	39	37	40	60	41	16	42	46	43	8	44	66	45	20	46	93	47	86	48	69	49	74
	0	47	1	28	2	40	3	79	4	25	5	84	6	55	7	78	8	36	9	34	10	70	11	55	12	57	13	30	14	31	15	80	16	60	17	93	18	35	19	58	20	34	21	4	22	10	23	44	24	77	25	7	26	93	27	35	28	32	29	100	30	99	31	54	32	10	33	81	34	27	35	78	36	20	37	80	38	41	39	83	40	82	41	98	42	19	43	1	44	17	45	23	46	70	47	18	48	30	49	2
	0	49	1	60	2	21	3	87	4	17	5	35	6	5	7	83	8	41	9	39	10	21	11	69	12	29	13	38	14	50	15	68	16	24	17	88	18	93	19	83	20	30	21	50	22	60	23	29	24	31	25	18	26	76	27	34	28	15	29	62	30	21	31	81	32	35	33	53	34	28	35	5	36	63	37	35	38	36	39	97	40	5	41	37	42	63	43	44	44	96	45	63	46	28	47	28	48	99	49	97
	0	71	1	63	2	59	3	93	4	22	5	26	6	93	7	66	8	22	9	40	10	33	11	90	12	15	13	78	14	30	15	56	16	42	17	29	18	87	19	74	20	20	21	37	22	10	23	94	24	80	25	77	26	50	27	2	28	99	29	72	30	7	31	7	32	51	33	40	34	18	35	12	36	67	37	16	38	21	39	69	40	63	41	17	42	1	43	20	44	90	45	20	46	51	47	4	48	20	49	81
	0	86	1	75	2	52	3	17	4	14	5	43	6	17	7	21	8	44	9	67	10	12	11	91	12	83	13	33	14	100	15	87	16	61	17	100	18	37	19	50	20	65	21	15	22	27	23	45	24	3	25	11	26	19	27	10	28	2	29	45	30	90	31	33	32	15	33	48	34	73	35	78	36	9	37	77	38	36	39	31	40	42	41	10	42	14	43	50	44	46	45	6	46	55	47	29	48	94	49	37
	0	21	1	8	2	9	3	57	4	62	5	5	6	30	7	57	8	71	9	28	10	67	11	40	12	48	13	11	14	85	15	93	16	68	17	88	18	21	19	58	20	21	21	65	22	14	23	21	24	47	25	93	26	96	27	70	28	24	29	41	30	84	31	91	32	51	33	96	34	67	35	10	36	38	37	79	38	83	39	94	40	8	41	29	42	14	43	65	44	62	45	92	46	67	47	98	48	70	49	40
	0	4	1	7	2	76	3	79	4	39	5	31	6	45	7	39	8	18	9	82	10	84	11	50	12	55	13	21	14	9	15	46	16	89	17	55	18	45	19	52	20	67	21	97	22	91	23	46	24	93	25	11	26	72	27	3	28	89	29	43	30	54	31	55	32	51	33	13	34	26	35	34	36	3	37	8	38	42	39	83	40	78	41	16	42	85	43	36	44	90	45	74	46	16	47	16	48	57	49	37
	0	91	1	8	2	99	3	78	4	74	5	89	6	38	7	82	8	84	9	24	10	37	11	92	12	43	13	80	14	83	15	26	16	16	17	92	18	99	19	60	20	63	21	99	22	28	23	56	24	44	25	28	26	28	27	87	28	43	29	92	30	83	31	64	32	6	33	36	34	2	35	91	36	5	37	43	38	65	39	95	40	78	41	87	42	55	43	3	44	3	45	88	46	56	47	63	48	10	49	15
	0	31	1	34	2	32	3	35	4	98	5	5	6	51	7	10	8	67	9	86	10	6	11	86	12	16	13	8	14	41	15	23	16	6	17	26	18	31	19	70	20	73	21	85	22	3	23	74	24	44	25	21	26	48	27	80	28	59	29	2	30	95	31	67	32	8	33	17	34	65	35	16	36	5	37	74	38	64	39	14	40	62	41	84	42	63	43	36	44	35	45	7	46	67	47	60	48	50	49	15
	0	91	1	9	2	44	3	95	4	78	5	19	6	63	7	79	8	35	9	82	10	12	11	88	12	75	13	15	14	46	15	32	16	76	17	45	18	46	19	95	20	14	21	26	22	26	23	85	24	21	25	7	26	52	27	60	28	74	29	39	30	80	31	26	32	21	33	76	34	42	35	89	36	92	37	9	38	31	39	100	40	67	41	48	42	71	43	28	44	77	45	26	46	72	47	45	48	73	49	1
	0	3	1	7	2	100	3	81	4	31	5	83	6	30	7	91	8	13	9	33	10	73	11	52	12	51	13	69	14	51	15	63	16	14	17	38	18	7	19	81	20	20	21	98	22	93	23	58	24	21	25	94	26	47	27	69	28	19	29	58	30	60	31	39	32	40	33	69	34	92	35	70	36	4	37	58	38	87	39	6	40	97	41	54	42	96	43	96	44	24	45	92	46	9	47	37	48	92	49	33
	0	52	1	24	2	65	3	72	4	7	5	18	6	82	7	22	8	52	9	15	10	27	11	15	12	35	13	90	14	2	15	51	16	30	17	31	18	34	19	82	20	33	21	97	22	15	23	16	24	95	25	65	26	70	27	80	28	16	29	45	30	87	31	76	32	28	33	79	34	56	35	13	36	47	37	61	38	7	39	11	40	78	41	36	42	46	43	95	44	93	45	63	46	20	47	37	48	27	49	55
	0	64	1	14	2	54	3	35	4	9	5	77	6	41	7	60	8	67	9	61	10	88	11	8	12	97	13	84	14	6	15	37	16	41	17	2	18	99	19	47	20	81	21	26	22	33	23	6	24	32	25	20	26	22	27	43	28	6	29	27	30	61	31	87	32	96	33	4	34	84	35	18	36	58	37	56	38	28	39	78	40	98	41	98	42	37	43	24	44	98	45	86	46	26	47	43	48	27	49	5
	0	91	1	61	2	22	3	95	4	45	5	1	6	49	7	49	8	9	9	92	10	54	11	32	12	86	13	19	14	91	15	89	16	98	17	70	18	70	19	40	20	67	21	21	22	59	23	96	24	71	25	68	26	54	27	29	28	1	29	92	30	77	31	81	32	99	33	16	34	82	35	9	36	61	37	97	38	69	39	80	40	33	41	47	42	44	43	80	44	23	45	99	46	67	47	96	48	20	49	42
	0	89	1	77	2	93	3	92	4	50	5	98	6	94	7	91	8	7	9	71	10	13	11	31	12	13	13	77	14	43	15	53	16	43	17	25	18	50	19	73	20	73	21	52	22	69	23	23	24	34	25	12	26	63	27	24	28	100	29	42	30	18	31	12	32	88	33	81	34	58	35	96	36	80	37	87	38	2	39	22	40	86	41	85	42	13	43	58	44	15	45	27	46	89	47	36	48	23	49	63
	0	100	1	8	2	49	3	40	4	88	5	12	6	69	7	83	8	70	9	44	10	22	11	31	12	6	13	84	14	76	15	28	16	35	17	37	18	65	19	82	20	89	21	64	22	100	23	57	24	25	25	23	26	21	27	57	28	48	29	57	30	70	31	8	32	19	33	85	34	91	35	61	36	56	37	81	38	76	39	61	40	75	41	58	42	25	43	58	44	41	45	88	46	94	47	60	48	20	49	24
	0	31	1	45	2	45	3	99	4	42	5	90	6	40	7	27	8	25	9	80	10	76	11	37	12	67	13	7	14	38	15	87	16	4	17	69	18	35	19	74	20	62	21	30	22	82	23	19	24	58	25	6	26	28	27	82	28	15	29	83	30	26	31	65	32	10	33	75	34	52	35	84	36	87	37	98	38	22	39	25	40	80	41	100	42	74	43	19	44	30	45	73	46	5	47	98	48	99	49	58
	0	81	1	13	2	21	3	87	4	63	5	32	6	29	7	48	8	15	9	50	10	45	11	65	12	88	13	71	14	41	15	10	16	91	17	54	18	94	19	10	20	5	21	20	22	99	23	7	24	91	25	77	26	4	27	83	28	91	29	5	30	94	31	61	32	47	33	95	34	27	35	43	36	64	37	51	38	3	39	45	40	99	41	1	42	25	43	40	44	60	45	54	46	73	47	27	48	35	49	19
	0	4	1	69	2	92	3	68	4	48	5	84	6	17	7	9	8	72	9	77	10	85	11	96	12	17	13	50	14	79	15	93	16	37	17	23	18	97	19	84	20	100	21	46	22	18	23	73	24	26	25	6	26	19	27	28	28	62	29	44	30	56	31	66	32	40	33	34	34	57	35	79	36	55	37	99	38	90	39	40	40	47	41	59	42	98	43	60	44	3	45	36	46	20	47	59	48	92	49	68
	0	46	1	90	2	3	3	93	4	57	5	29	6	52	7	25	8	59	9	8	10	70	11	15	12	18	13	60	14	10	15	75	16	46	17	10	18	4	19	12	20	94	21	22	22	75	23	98	24	60	25	88	26	93	27	70	28	8	29	19	30	16	31	29	32	67	33	77	34	50	35	13	36	48	37	60	38	41	39	22	40	96	41	10	42	71	43	36	44	82	45	41	46	4	47	77	48	71	49	73
	0	37	1	72	2	56	3	33	4	34	5	28	6	22	7	72	8	39	9	39	10	77	11	78	12	13	13	76	14	84	15	9	16	35	17	25	18	66	19	81	20	64	21	86	22	67	23	53	24	42	25	39	26	3	27	25	28	92	29	40	30	19	31	30	32	55	33	15	34	50	35	79	36	38	37	44	38	57	39	8	40	99	41	73	42	54	43	15	44	73	45	88	46	92	47	98	48	14	49	34
	0	31	1	36	2	25	3	72	4	29	5	58	6	71	7	98	8	33	9	7	10	32	11	79	12	44	13	95	14	14	15	68	16	95	17	89	18	30	19	7	20	54	21	89	22	37	23	38	24	65	25	87	26	67	27	62	28	57	29	10	30	98	31	37	32	12	33	95	34	58	35	97	36	57	37	44	38	53	39	25	40	19	41	56	42	60	43	19	44	73	45	35	46	30	47	45	48	54	49	23
	0	87	1	43	2	28	3	15	4	29	5	42	6	27	7	28	8	50	9	8	10	14	11	60	12	56	13	19	14	18	15	54	16	34	17	44	18	49	19	37	20	91	21	69	22	2	23	19	24	99	25	4	26	1	27	65	28	77	29	52	30	38	31	66	32	21	33	41	34	8	35	83	36	55	37	28	38	55	39	47	40	60	41	48	42	70	43	16	44	16	45	53	46	8	47	35	48	53	49	58
	0	22	1	59	2	94	3	22	4	19	5	20	6	50	7	88	8	94	9	56	10	87	11	82	12	1	13	27	14	75	15	52	16	49	17	94	18	6	19	83	20	60	21	32	22	15	23	22	24	1	25	99	26	63	27	2	28	84	29	89	30	50	31	50	32	14	33	37	34	82	35	13	36	3	37	58	38	1	39	43	40	90	41	26	42	47	43	17	44	42	45	45	46	23	47	95	48	23	49	50
	0	78	1	29	2	46	3	45	4	20	5	81	6	53	7	79	8	39	9	19	10	93	11	91	12	93	13	93	14	84	15	100	16	80	17	9	18	82	19	9	20	21	21	50	22	94	23	49	24	5	25	29	26	8	27	84	28	76	29	51	30	24	31	54	32	76	33	29	34	14	35	26	36	59	37	90	38	44	39	78	40	46	41	44	42	29	43	43	44	81	45	26	46	9	47	75	48	22	49	17
	0	78	1	27	2	63	3	9	4	84	5	47	6	65	7	78	8	88	9	36	10	74	11	65	12	64	13	12	14	13	15	85	16	59	17	91	18	2	19	30	20	62	21	72	22	41	23	8	24	29	25	75	26	48	27	50	28	88	29	95	30	50	31	83	32	11	33	40	34	60	35	31	36	8	37	96	38	91	39	15	40	20	41	16	42	92	43	45	44	78	45	29	46	10	47	37	48	73	49	33
	0	99	1	94	2	62	3	85	4	42	5	30	6	78	7	43	8	60	9	33	10	41	11	91	12	14	13	94	14	93	15	56	16	31	17	43	18	84	19	21	20	1	21	78	22	84	23	70	24	37	25	66	26	19	27	15	28	96	29	65	30	42	31	20	32	85	33	92	34	75	35	96	36	22	37	18	38	4	39	29	40	14	41	5	42	6	43	97	44	71	45	73	46	35	47	56	48	76	49	85
	0	99	1	2	2	74	3	94	4	6	5	67	6	49	7	65	8	63	9	79	10	6	11	89	12	48	13	100	14	76	15	44	16	98	17	32	18	13	19	70	20	81	21	40	22	42	23	59	24	43	25	50	26	86	27	83	28	39	29	99	30	79	31	10	32	12	33	68	34	47	35	81	36	59	37	5	38	1	39	43	40	4	41	33	42	84	43	65	44	67	45	95	46	73	47	87	48	99	49	75
	0	6	1	72	2	30	3	14	4	10	5	55	6	32	7	85	8	31	9	27	10	6	11	22	12	6	13	87	14	51	15	99	16	12	17	45	18	61	19	8	20	98	21	65	22	57	23	88	24	83	25	91	26	71	27	3	28	57	29	72	30	17	31	56	32	47	33	99	34	15	35	11	36	12	37	15	38	73	39	42	40	89	41	47	42	31	43	37	44	5	45	99	46	17	47	29	48	22	49	80
	0	72	1	25	2	79	3	62	4	57	5	60	6	62	7	2	8	30	9	100	10	95	11	63	12	62	13	60	14	43	15	17	16	46	17	20	18	80	19	25	20	87	21	62	22	47	23	22	24	4	25	32	26	9	27	41	28	77	29	43	30	85	31	71	32	2	33	33	34	16	35	27	36	60	37	65	38	89	39	75	40	5	41	38	42	34	43	38	44	14	45	21	46	56	47	77	48	79	49	57
	0	76	1	37	2	14	3	85	4	2	5	74	6	11	7	74	8	32	9	25	10	72	11	76	12	68	13	90	14	4	15	36	16	11	17	18	18	43	19	20	20	39	21	23	22	54	23	46	24	6	25	89	26	21	27	25	28	7	29	25	30	14	31	62	32	96	33	65	34	17	35	55	36	59	37	59	38	32	39	3	40	72	41	74	42	13	43	15	44	97	45	1	46	75	47	63	48	2	49	56
	0	1	1	45	2	95	3	98	4	32	5	29	6	24	7	24	8	5	9	12	10	75	11	90	12	98	13	4	14	67	15	88	16	75	17	17	18	28	19	77	20	44	21	39	22	8	23	28	24	78	25	100	26	55	27	54	28	60	29	72	30	59	31	27	32	51	33	59	34	49	35	95	36	86	37	69	38	85	39	62	40	55	41	71	42	98	43	94	44	22	45	77	46	51	47	48	48	92	49	17
	0	30	1	63	2	18	3	76	4	4	5	38	6	19	7	21	8	82	9	90	10	48	11	44	12	84	13	81	14	31	15	86	16	98	17	43	18	62	19	25	20	68	21	39	22	32	23	43	24	69	25	46	26	23	27	4	28	41	29	53	30	89	31	4	32	94	33	94	34	22	35	87	36	5	37	72	38	57	39	21	40	75	41	37	42	74	43	90	44	12	45	33	46	96	47	49	48	49	49	14
	0	99	1	31	2	35	3	3	4	69	5	22	6	40	7	46	8	83	9	31	10	65	11	74	12	8	13	27	14	53	15	85	16	16	17	19	18	40	19	10	20	82	21	92	22	93	23	15	24	16	25	45	26	12	27	59	28	26	29	73	30	18	31	17	32	32	33	99	34	32	35	17	36	65	37	51	38	22	39	82	40	30	41	33	42	81	43	45	44	13	45	38	46	52	47	89	48	60	49	97
	0	22	1	47	2	57	3	82	4	48	5	31	6	100	7	73	8	84	9	3	10	17	11	86	12	25	13	99	14	90	15	16	16	87	17	58	18	92	19	27	20	83	21	30	22	35	23	11	24	83	25	66	26	86	27	88	28	41	29	100	30	4	31	23	32	43	33	92	34	14	35	85	36	12	37	81	38	97	39	62	40	62	41	70	42	89	43	15	44	2	45	50	46	99	47	48	48	10	49	16
	0	94	1	98	2	49	3	57	4	18	5	93	6	95	7	100	8	31	9	32	10	80	11	50	12	98	13	75	14	81	15	68	16	54	17	52	18	15	19	51	20	21	21	28	22	13	23	31	24	79	25	92	26	86	27	95	28	79	29	36	30	94	31	97	32	81	33	63	34	2	35	18	36	40	37	33	38	76	39	74	40	71	41	27	42	36	43	10	44	86	45	7	46	96	47	12	48	50	49	81
	0	44	1	17	2	35	3	14	4	37	5	19	6	46	7	47	8	22	9	100	10	48	11	98	12	16	13	20	14	37	15	73	16	84	17	57	18	12	19	11	20	15	21	79	22	51	23	29	24	82	25	90	26	5	27	50	28	31	29	75	30	45	31	24	32	45	33	40	34	44	35	89	36	64	37	34	38	69	39	14	40	64	41	70	42	16	43	27	44	35	45	18	46	15	47	29	48	95	49	7
	0	87	1	35	2	37	3	72	4	34	5	98	6	1	7	40	8	89	9	11	10	11	11	22	12	52	13	85	14	21	15	76	16	100	17	48	18	60	19	37	20	49	21	28	22	74	23	49	24	90	25	95	26	93	27	37	28	38	29	86	30	92	31	91	32	63	33	37	34	98	35	70	36	6	37	94	38	84	39	47	40	69	41	76	42	44	43	32	44	54	45	18	46	32	47	64	48	99	49	13
	0	23	1	55	2	5	3	24	4	20	5	20	6	72	7	49	8	15	9	40	10	99	11	50	12	88	13	20	14	87	15	80	16	87	17	58	18	71	19	79	20	28	21	40	22	68	23	4	24	22	25	99	26	5	27	29	28	97	29	37	30	85	31	33	32	84	33	78	34	76	35	42	36	79	37	5	38	59	39	14	40	9	41	1	42	62	43	76	44	57	45	94	46	47	47	49	48	26	49	84
	0	54	1	16	2	39	3	84	4	7	5	33	6	19	7	30	8	30	9	76	10	94	11	14	12	44	13	83	14	6	15	62	16	23	17	19	18	36	19	64	20	44	21	89	22	64	23	10	24	62	25	75	26	30	27	4	28	79	29	58	30	70	31	58	32	1	33	72	34	31	35	86	36	100	37	76	38	91	39	46	40	22	41	69	42	55	43	4	44	10	45	64	46	85	47	24	48	27	49	98
	0	84	1	98	2	15	3	52	4	53	5	70	6	4	7	5	8	94	9	27	10	64	11	48	12	7	13	57	14	78	15	12	16	25	17	90	18	59	19	25	20	78	21	82	22	47	23	69	24	73	25	5	26	60	27	6	28	51	29	48	30	89	31	20	32	22	33	46	34	55	35	56	36	34	37	98	38	61	39	80	40	95	41	32	42	26	43	84	44	57	45	20	46	71	47	6	48	50	49	80
	0	90	1	46	2	2	3	89	4	39	5	87	6	99	7	6	8	18	9	63	10	64	11	79	12	30	13	30	14	59	15	86	16	42	17	32	18	44	19	27	20	79	21	61	22	37	23	75	24	38	25	59	26	73	27	52	28	87	29	23	30	44	31	78	32	93	33	83	34	69	35	30	36	3	37	88	38	40	39	81	40	53	41	16	42	20	43	30	44	92	45	74	46	12	47	35	48	50	49	87
	0	5	1	2	2	74	3	64	4	83	5	2	6	15	7	94	8	42	9	19	10	51	11	34	12	51	13	46	14	65	15	55	16	67	17	81	18	16	19	88	20	61	21	96	22	79	23	73	24	47	25	75	26	37	27	99	28	3	29	51	30	50	31	5	32	22	33	82	34	32	35	55	36	51	37	47	38	20	39	35	40	82	41	54	42	13	43	12	44	24	45	85	46	98	47	60	48	66	49	36
	0	23	1	53	2	85	3	6	4	55	5	69	6	4	7	52	8	47	9	53	10	64	11	27	12	4	13	44	14	82	15	41	16	7	17	53	18	18	19	35	20	59	21	55	22	45	23	53	24	37	25	33	26	24	27	36	28	79	29	70	30	20	31	100	32	40	33	3	34	95	35	54	36	86	37	65	38	84	39	66	40	25	41	88	42	35	43	99	44	73	45	41	46	55	47	67	48	28	49	26
	0	21	1	79	2	86	3	53	4	15	5	75	6	14	7	72	8	19	9	76	10	91	11	37	12	65	13	92	14	54	15	8	16	29	17	72	18	23	19	49	20	14	21	82	22	93	23	54	24	62	25	40	26	12	27	10	28	94	29	62	30	91	31	96	32	51	33	81	34	97	35	55	36	10	37	46	38	50	39	8	40	84	41	24	42	11	43	84	44	22	45	47	46	22	47	89	48	83	49	83
	0	60	1	35	2	53	3	32	4	95	5	6	6	2	7	63	8	72	9	41	10	34	11	42	12	62	13	35	14	59	15	31	16	35	17	13	18	80	19	53	20	74	21	18	22	4	23	38	24	12	25	17	26	91	27	12	28	71	29	21	30	13	31	96	32	38	33	63	34	91	35	12	36	94	37	99	38	16	39	19	40	98	41	99	42	95	43	36	44	79	45	68	46	54	47	10	48	90	49	7
	0	8	1	48	2	35	3	85	4	71	5	12	6	63	7	14	8	58	9	49	10	98	11	27	12	31	13	12	14	43	15	2	16	53	17	80	18	74	19	88	20	76	21	100	22	31	23	27	24	76	25	89	26	49	27	70	28	3	29	88	30	94	31	42	32	10	33	48	34	1	35	90	36	84	37	84	38	28	39	31	40	91	41	35	42	72	43	85	44	7	45	19	46	6	47	45	48	97	49	60
	0	39	1	33	2	59	3	34	4	8	5	44	6	63	7	58	8	51	9	69	10	29	11	22	12	27	13	50	14	34	15	33	16	62	17	18	18	50	19	26	20	65	21	1	22	40	23	60	24	30	25	23	26	70	27	95	28	5	29	12	30	12	31	39	32	14	33	93	34	53	35	91	36	59	37	47	38	23	39	17	40	33	41	44	42	15	43	59	44	12	45	91	46	62	47	48	48	27	49	54
	0	85	1	53	2	29	3	33	4	38	5	27	6	82	7	20	8	4	9	6	10	60	11	51	12	21	13	69	14	43	15	30	16	51	17	78	18	14	19	8	20	5	21	50	22	14	23	25	24	99	25	37	26	20	27	50	28	7	29	100	30	27	31	85	32	11	33	16	34	70	35	13	36	2	37	55	38	4	39	8	40	54	41	10	42	39	43	35	44	80	45	66	46	92	47	6	48	54	49	43
	0	92	1	76	2	41	3	60	4	82	5	94	6	81	7	81	8	65	9	38	10	17	11	63	12	12	13	100	14	60	15	7	16	32	17	3	18	30	19	77	20	48	21	70	22	21	23	50	24	55	25	65	26	77	27	8	28	45	29	85	30	74	31	72	32	13	33	76	34	47	35	58	36	96	37	84	38	15	39	5	40	7	41	94	42	72	43	73	44	52	45	88	46	70	47	57	48	55	49	42
	0	5	1	38	2	31	3	39	4	65	5	62	6	66	7	67	8	33	9	39	10	10	11	35	12	26	13	89	14	89	15	10	16	22	17	75	18	87	19	82	20	14	21	13	22	52	23	83	24	84	25	31	26	37	27	43	28	88	29	36	30	76	31	45	32	90	33	100	34	44	35	2	36	3	37	67	38	74	39	94	40	3	41	68	42	10	43	21	44	38	45	59	46	28	47	58	48	45	49	53
	0	53	1	22	2	49	3	97	4	51	5	96	6	99	7	1	8	80	9	57	10	67	11	51	12	25	13	4	14	34	15	36	16	47	17	96	18	9	19	79	20	29	21	26	22	73	23	65	24	94	25	14	26	41	27	85	28	35	29	74	30	82	31	48	32	66	33	95	34	50	35	39	36	100	37	53	38	94	39	13	40	12	41	25	42	70	43	52	44	29	45	89	46	66	47	35	48	70	49	10
	0	17	1	98	2	23	3	71	4	63	5	67	6	27	7	85	8	76	9	9	10	6	11	91	12	79	13	31	14	65	15	39	16	3	17	11	18	40	19	96	20	82	21	59	22	84	23	44	24	66	25	23	26	8	27	43	28	100	29	100	30	14	31	85	32	17	33	15	34	96	35	60	36	25	37	74	38	97	39	4	40	94	41	13	42	38	43	17	44	64	45	86	46	62	47	46	48	52	49	71
	0	58	1	99	2	6	3	96	4	69	5	11	6	34	7	93	8	81	9	89	10	31	11	48	12	49	13	13	14	57	15	9	16	33	17	53	18	45	19	50	20	11	21	47	22	49	23	17	24	20	25	36	26	51	27	12	28	36	29	60	30	100	31	69	32	86	33	58	34	42	35	45	36	59	37	27	38	58	39	24	40	58	41	25	42	38	43	9	44	17	45	38	46	43	47	49	48	62	49	37
	0	41	1	22	2	96	3	89	4	6	5	80	6	35	7	10	8	34	9	22	10	41	11	73	12	7	13	43	14	2	15	98	16	1	17	91	18	67	19	92	20	32	21	22	22	47	23	25	24	82	25	28	26	30	27	55	28	41	29	92	30	60	31	24	32	64	33	82	34	100	35	6	36	39	37	2	38	65	39	78	40	92	41	43	42	98	43	34	44	91	45	20	46	28	47	70	48	24	49	84
	0	25	1	8	2	58	3	30	4	52	5	42	6	8	7	64	8	69	9	11	10	70	11	85	12	47	13	54	14	96	15	88	16	91	17	77	18	25	19	19	20	85	21	53	22	84	23	15	24	98	25	38	26	27	27	16	28	32	29	51	30	86	31	35	32	87	33	82	34	44	35	29	36	70	37	2	38	43	39	90	40	86	41	5	42	11	43	63	44	88	45	91	46	56	47	58	48	59	49	82
	0	55	1	8	2	65	3	28	4	55	5	95	6	4	7	36	8	48	9	35	10	28	11	46	12	96	13	24	14	28	15	17	16	6	17	40	18	94	19	11	20	97	21	93	22	4	23	86	24	2	25	51	26	94	27	29	28	92	29	78	30	11	31	3	32	22	33	85	34	71	35	69	36	30	37	49	38	48	39	28	40	48	41	73	42	74	43	86	44	95	45	90	46	40	47	22	48	70	49	25
	0	14	1	49	2	62	3	74	4	16	5	55	6	38	7	62	8	21	9	87	10	87	11	95	12	77	13	23	14	31	15	5	16	66	17	22	18	20	19	63	20	34	21	67	22	73	23	13	24	74	25	26	26	55	27	40	28	38	29	6	30	68	31	82	32	13	33	75	34	14	35	47	36	85	37	67	38	71	39	1	40	71	41	10	42	55	43	23	44	7	45	26	46	93	47	62	48	5	49	7
	0	15	1	32	2	35	3	56	4	32	5	26	6	77	7	52	8	84	9	42	10	57	11	79	12	39	13	49	14	71	15	21	16	12	17	43	18	45	19	25	20	13	21	58	22	92	23	69	24	45	25	37	26	69	27	99	28	27	29	88	30	41	31	21	32	90	33	69	34	94	35	51	36	90	37	75	38	78	39	73	40	20	41	31	42	51	43	53	44	33	45	5	46	62	47	100	48	96	49	5
	0	98	1	87	2	32	3	14	4	74	5	65	6	36	7	77	8	55	9	31	10	60	11	55	12	21	13	39	14	4	15	98	16	26	17	59	18	68	19	10	20	17	21	27	22	35	23	3	24	97	25	42	26	4	27	65	28	57	29	98	30	90	31	89	32	20	33	59	34	55	35	40	36	57	37	21	38	42	39	50	40	75	41	9	42	26	43	75	44	87	45	11	46	96	47	59	48	14	49	38
	0	47	1	70	2	79	3	77	4	35	5	21	6	88	7	61	8	16	9	85	10	20	11	79	12	1	13	68	14	54	15	1	16	66	17	95	18	22	19	90	20	10	21	22	22	58	23	26	24	68	25	97	26	77	27	64	28	90	29	5	30	13	31	99	32	66	33	84	34	94	35	12	36	56	37	9	38	42	39	27	40	41	41	60	42	12	43	83	44	20	45	26	46	15	47	24	48	7	49	26
	0	97	1	49	2	19	3	28	4	57	5	74	6	36	7	11	8	26	9	2	10	91	11	3	12	48	13	3	14	20	15	70	16	39	17	50	18	70	19	59	20	95	21	59	22	58	23	23	24	89	25	28	26	17	27	64	28	88	29	91	30	79	31	71	32	57	33	5	34	80	35	63	36	43	37	47	38	89	39	45	40	60	41	5	42	89	43	36	44	14	45	64	46	64	47	34	48	34	49	34
	0	80	1	23	2	2	3	75	4	55	5	48	6	2	7	7	8	49	9	94	10	29	11	15	12	38	13	56	14	20	15	87	16	38	17	88	18	7	19	41	20	93	21	66	22	5	23	30	24	55	25	99	26	77	27	46	28	9	29	72	30	46	31	33	32	21	33	19	34	41	35	98	36	25	37	45	38	99	39	90	40	53	41	44	42	63	43	63	44	1	45	96	46	50	47	55	48	70	49	29
	0	61	1	52	2	21	3	81	4	78	5	11	6	43	7	1	8	72	9	67	10	24	11	69	12	87	13	44	14	63	15	30	16	9	17	51	18	71	19	66	20	19	21	24	22	50	23	57	24	86	25	51	26	40	27	96	28	56	29	93	30	88	31	74	32	37	33	80	34	54	35	34	36	96	37	57	38	91	39	66	40	6	41	92	42	36	43	99	44	14	45	89	46	8	47	1	48	23	49	58
	0	4	1	1	2	2	3	32	4	45	5	87	6	65	7	48	8	88	9	50	10	94	11	11	12	33	13	77	14	89	15	26	16	83	17	11	18	67	19	55	20	19	21	32	22	54	23	44	24	32	25	25	26	28	27	19	28	89	29	42	30	21	31	45	32	43	33	79	34	79	35	14	36	22	37	5	38	35	39	74	40	33	41	39	42	63	43	48	44	82	45	54	46	88	47	90	48	4	49	35
	0	97	1	68	2	29	3	50	4	64	5	91	6	53	7	98	8	79	9	8	10	74	11	28	12	61	13	41	14	14	15	67	16	77	17	46	18	53	19	94	20	4	21	1	22	22	23	36	24	8	25	68	26	44	27	86	28	29	29	77	30	22	31	68	32	86	33	36	34	8	35	88	36	52	37	58	38	1	39	61	40	58	41	59	42	63	43	97	44	21	45	74	46	49	47	74	48	21	49	81
	0	88	1	53	2	49	3	54	4	59	5	1	6	21	7	62	8	60	9	20	10	24	11	92	12	51	13	12	14	30	15	74	16	24	17	24	18	6	19	18	20	34	21	43	22	4	23	2	24	90	25	50	26	1	27	75	28	92	29	44	30	28	31	49	32	62	33	93	34	18	35	6	36	7	37	83	38	37	39	46	40	4	41	63	42	8	43	41	44	11	45	8	46	19	47	76	48	28	49	52
	0	84	1	96	2	68	3	64	4	1	5	92	6	19	7	55	8	18	9	77	10	91	11	64	12	13	13	55	14	94	15	40	16	27	17	84	18	86	19	22	20	38	21	65	22	84	23	89	24	35	25	32	26	30	27	36	28	41	29	10	30	53	31	82	32	13	33	72	34	78	35	31	36	77	37	12	38	50	39	41	40	13	41	13	42	5	43	57	44	83	45	83	46	84	47	35	48	66	49	66
	0	75	1	45	2	50	3	90	4	39	5	37	6	78	7	76	8	44	9	14	10	77	11	24	12	19	13	34	14	92	15	72	16	95	17	42	18	8	19	69	20	14	21	3	22	44	23	20	24	97	25	87	26	44	27	91	28	15	29	32	30	93	31	83	32	8	33	69	34	45	35	18	36	43	37	6	38	33	39	83	40	99	41	100	42	4	43	38	44	23	45	46	46	90	47	78	48	9	49	83
	0	12	1	100	2	75	3	100	4	93	5	34	6	42	7	57	8	95	9	15	10	53	11	99	12	37	13	14	14	81	15	100	16	40	17	71	18	1	19	64	20	16	21	67	22	45	23	92	24	94	25	53	26	48	27	67	28	44	29	22	30	68	31	31	32	54	33	67	34	30	35	53	36	58	37	94	38	19	39	8	40	32	41	67	42	48	43	18	44	96	45	94	46	44	47	33	48	98	49	1
	0	52	1	38	2	60	3	41	4	42	5	24	6	15	7	44	8	60	9	61	10	66	11	87	12	78	13	49	14	45	15	57	16	9	17	50	18	61	19	40	20	19	21	20	22	43	23	37	24	31	25	86	26	40	27	6	28	6	29	52	30	26	31	83	32	66	33	24	34	23	35	23	36	58	37	74	38	29	39	62	40	8	41	8	42	33	43	8	44	1	45	91	46	41	47	86	48	75	49	42
	0	43	1	14	2	36	3	13	4	16	5	90	6	16	7	13	8	8	9	87	10	35	11	31	12	79	13	22	14	48	15	78	16	79	17	29	18	68	19	54	20	96	21	38	22	21	23	99	24	96	25	73	26	58	27	100	28	41	29	95	30	22	31	42	32	64	33	60	34	75	35	46	36	31	37	67	38	1	39	23	40	12	41	23	42	56	43	31	44	53	45	47	46	34	47	22	48	26	49	78
	0	55	1	17	2	68	3	75	4	14	5	42	6	75	7	19	8	29	9	7	10	92	11	53	12	80	13	30	14	7	15	22	16	49	17	16	18	63	19	87	20	67	21	56	22	30	23	54	24	52	25	4	26	94	27	15	28	94	29	43	30	80	31	92	32	11	33	57	34	95	35	55	36	84	37	56	38	61	39	36	40	49	41	34	42	85	43	55	44	10	45	49	46	72	47	46	48	77	49	61
	0	86	1	46	2	76	3	64	4	14	5	71	6	62	7	90	8	90	9	9	10	31	11	90	12	78	13	92	14	34	15	4	16	20	17	38	18	10	19	77	20	14	21	66	22	15	23	89	24	58	25	21	26	4	27	5	28	82	29	81	30	87	31	56	32	64	33	15	34	74	35	13	36	84	37	15	38	86	39	18	40	76	41	37	42	81	43	77	44	77	45	2	46	30	47	29	48	83	49	58
	0	53	1	53	2	65	3	1	4	77	5	73	6	92	7	99	8	91	9	70	10	80	11	76	12	14	13	16	14	61	15	42	16	90	17	84	18	32	19	81	20	79	21	7	22	31	23	37	24	10	25	82	26	54	27	48	28	14	29	41	30	20	31	26	32	60	33	46	34	16	35	87	36	45	37	73	38	14	39	65	40	28	41	79	42	27	43	83	44	1	45	95	46	35	47	52	48	35	49	73
	0	20	1	14	2	56	3	65	4	80	5	71	6	20	7	47	8	9	9	57	10	8	11	88	12	59	13	32	14	58	15	35	16	39	17	18	18	89	19	65	20	99	21	18	22	10	23	30	24	8	25	54	26	100	27	87	28	37	29	46	30	4	31	87	32	78	33	10	34	88	35	87	36	94	37	28	38	45	39	78	40	58	41	57	42	43	43	59	44	26	45	38	46	57	47	9	48	75	49	44
	0	33	1	17	2	62	3	86	4	61	5	87	6	26	7	44	8	70	9	22	10	16	11	3	12	74	13	50	14	10	15	18	16	6	17	60	18	88	19	25	20	51	21	46	22	40	23	78	24	55	25	80	26	43	27	87	28	52	29	74	30	36	31	62	32	61	33	83	34	68	35	24	36	38	37	78	38	4	39	7	40	78	41	73	42	15	43	76	44	3	45	99	46	88	47	37	48	95	49	59
	0	24	1	2	2	38	3	85	4	15	5	52	6	92	7	17	8	25	9	96	10	18	11	48	12	7	13	25	14	14	15	8	16	26	17	12	18	33	19	92	20	86	21	3	22	97	23	50	24	73	25	98	26	36	27	85	28	55	29	21	30	3	31	46	32	7	33	30	34	38	35	92	36	61	37	12	38	5	39	74	40	84	41	59	42	15	43	65	44	39	45	33	46	92	47	25	48	88	49	57
	0	69	1	87	2	37	3	89	4	10	5	1	6	25	7	74	8	98	9	73	10	24	11	71	12	31	13	75	14	90	15	4	16	15	17	32	18	78	19	93	20	57	21	96	22	26	23	48	24	85	25	72	26	55	27	42	28	52	29	55	30	55	31	93	32	3	33	81	34	40	35	27	36	8	37	16	38	98	39	91	40	97	41	43	42	77	43	42	44	41	45	89	46	69	47	46	48	68	49	29
	0	85	1	31	2	16	3	64	4	53	5	10	6	52	7	30	8	50	9	56	10	7	11	12	12	72	13	81	14	23	15	57	16	2	17	78	18	88	19	22	20	19	21	7	22	24	23	87	24	70	25	41	26	51	27	16	28	86	29	4	30	27	31	74	32	23	33	64	34	60	35	2	36	63	37	69	38	23	39	15	40	88	41	32	42	32	43	94	44	27	45	6	46	52	47	63	48	47	49	6
	0	57	1	85	2	7	3	61	4	54	5	12	6	26	7	26	8	38	9	79	10	29	11	54	12	56	13	23	14	52	15	31	16	72	17	70	18	48	19	25	20	90	21	15	22	1	23	80	24	56	25	92	26	56	27	84	28	45	29	12	30	21	31	76	32	27	33	11	34	76	35	67	36	42	37	41	38	39	39	5	40	37	41	85	42	30	43	98	44	50	45	93	46	53	47	74	48	46	49	68
	0	96	1	56	2	25	3	35	4	96	5	59	6	67	7	84	8	41	9	54	10	89	11	78	12	89	13	55	14	21	15	45	16	39	17	15	18	29	19	9	20	75	21	39	22	38	23	33	24	69	25	63	26	39	27	68	28	27	29	35	30	82	31	36	32	90	33	15	34	85	35	91	36	46	37	80	38	12	39	38	40	5	41	81	42	5	43	1	44	39	45	11	46	67	47	69	48	100	49	71
	0	37	1	64	2	67	3	42	4	93	5	10	6	68	7	5	8	85	9	94	10	94	11	57	12	89	13	51	14	9	15	33	16	8	17	15	18	98	19	8	20	94	21	10	22	21	23	61	24	45	25	85	26	75	27	15	28	3	29	8	30	62	31	80	32	71	33	72	34	22	35	77	36	9	37	92	38	96	39	4	40	82	41	82	42	97	43	88	44	81	45	31	46	27	47	16	48	16	49	53
	0	66	1	57	2	75	3	47	4	6	5	11	6	97	7	98	8	26	9	37	10	73	11	22	12	19	13	61	14	19	15	8	16	15	17	60	18	51	19	46	20	67	21	70	22	59	23	6	24	98	25	74	26	83	27	32	28	13	29	48	30	13	31	64	32	36	33	94	34	75	35	83	36	20	37	79	38	78	39	72	40	38	41	52	42	30	43	12	44	65	45	12	46	53	47	66	48	92	49	58
	0	43	1	24	2	41	3	37	4	74	5	7	6	79	7	63	8	26	9	50	10	32	11	88	12	87	13	23	14	64	15	35	16	71	17	43	18	71	19	38	20	41	21	3	22	79	23	32	24	35	25	19	26	87	27	4	28	25	29	50	30	69	31	89	32	66	33	70	34	23	35	65	36	21	37	86	38	42	39	7	40	50	41	19	42	42	43	74	44	7	45	16	46	78	47	52	48	97	49	38
	0	11	1	86	2	70	3	51	4	36	5	55	6	56	7	22	8	66	9	90	10	72	11	81	12	33	13	24	14	60	15	18	16	62	17	43	18	27	19	11	20	10	21	57	22	2	23	13	24	100	25	18	26	26	27	46	28	72	29	65	30	47	31	71	32	38	33	50	34	83	35	39	36	17	37	99	38	69	39	38	40	81	41	93	42	13	43	92	44	41	45	86	46	20	47	88	48	54	49	84
	0	50	1	13	2	27	3	67	4	37	5	44	6	56	7	10	8	81	9	29	10	15	11	46	12	72	13	34	14	95	15	82	16	29	17	57	18	51	19	42	20	57	21	24	22	4	23	18	24	51	25	32	26	20	27	46	28	2	29	92	30	39	31	30	32	81	33	87	34	57	35	91	36	18	37	63	38	55	39	16	40	89	41	94	42	44	43	20	44	80	45	6	46	71	47	62	48	91	49	56
	0	87	1	65	2	13	3	78	4	5	5	44	6	71	7	62	8	67	9	31	10	17	11	28	12	4	13	48	14	44	15	93	16	82	17	87	18	15	19	63	20	39	21	79	22	53	23	86	24	67	25	63	26	37	27	57	28	98	29	94	30	86	31	53	32	93	33	51	34	37	35	33	36	47	37	27	38	40	39	59	40	50	41	17	42	38	43	86	44	79	45	31	46	98	47	54	48	7	49	13
	0	7	1	71	2	44	3	19	4	55	5	63	6	61	7	2	8	67	9	45	10	56	11	12	12	62	13	27	14	59	15	84	16	35	17	65	18	88	19	100	20	8	21	12	22	7	23	31	24	90	25	44	26	42	27	1	28	31	29	57	30	56	31	28	32	80	33	58	34	1	35	30	36	63	37	96	38	74	39	15	40	53	41	17	42	69	43	74	44	100	45	25	46	94	47	49	48	22	49	87
	0	84	1	72	2	9	3	26	4	47	5	55	6	60	7	68	8	13	9	4	10	68	11	54	12	75	13	93	14	29	15	31	16	38	17	86	18	27	19	73	20	26	21	34	22	35	23	10	24	7	25	65	26	14	27	53	28	28	29	34	30	23	31	51	32	83	33	27	34	60	35	18	36	48	37	18	38	93	39	14	40	62	41	14	42	62	43	60	44	28	45	72	46	54	47	36	48	77	49	36
	0	79	1	93	2	5	3	40	4	9	5	49	6	85	7	97	8	51	9	84	10	12	11	26	12	67	13	48	14	31	15	30	16	58	17	23	18	61	19	3	20	88	21	27	22	99	23	32	24	4	25	54	26	1	27	29	28	67	29	61	30	35	31	4	32	35	33	71	34	71	35	67	36	32	37	48	38	62	39	9	40	92	41	56	42	16	43	17	44	93	45	10	46	69	47	19	48	86	49	84
	0	3	1	46	2	7	3	42	4	83	5	83	6	13	7	81	8	99	9	30	10	83	11	30	12	26	13	94	14	93	15	35	16	52	17	100	18	16	19	12	20	44	21	65	22	49	23	68	24	31	25	98	26	47	27	5	28	31	29	8	30	9	31	64	32	64	33	32	34	65	35	81	36	17	37	21	38	44	39	48	40	49	41	42	42	30	43	7	44	57	45	84	46	33	47	28	48	49	49	76
	0	33	1	33	2	83	3	58	4	67	5	86	6	68	7	63	8	84	9	43	10	48	11	90	12	74	13	37	14	5	15	98	16	38	17	57	18	50	19	26	20	84	21	27	22	97	23	35	24	39	25	96	26	33	27	29	28	20	29	5	30	33	31	83	32	11	33	93	34	74	35	6	36	25	37	38	38	58	39	5	40	67	41	71	42	47	43	34	44	11	45	90	46	56	47	33	48	58	49	71
	0	75	1	5	2	52	3	54	4	9	5	80	6	52	7	38	8	52	9	62	10	1	11	39	12	42	13	61	14	37	15	62	16	58	17	52	18	33	19	18	20	54	21	23	22	63	23	76	24	50	25	85	26	33	27	28	28	18	29	79	30	17	31	14	32	31	33	90	34	2	35	28	36	72	37	48	38	18	39	16	40	8	41	89	42	4	43	13	44	89	45	1	46	55	47	100	48	23	49	69
	0	36	1	81	2	27	3	13	4	53	5	84	6	73	7	64	8	35	9	66	10	61	11	27	12	62	13	64	14	3	15	42	16	18	17	14	18	94	19	14	20	93	21	49	22	91	23	98	24	42	25	25	26	54	27	46	28	69	29	57	30	100	31	55	32	10	33	50	34	70	35	76	36	20	37	60	38	27	39	70	40	98	41	35	42	26	43	21	44	100	45	90	46	21	47	45	48	18	49	39
	0	2	1	52	2	41	3	97	4	85	5	48	6	10	7	90	8	89	9	90	10	37	11	70	12	67	13	33	14	64	15	8	16	96	17	12	18	58	19	8	20	22	21	77	22	81	23	81	24	26	25	56	26	94	27	50	28	59	29	14	30	53	31	96	32	44	33	40	34	35	35	58	36	71	37	78	38	85	39	34	40	15	41	81	42	78	43	66	44	47	45	54	46	42	47	6	48	37	49	25
	0	68	1	71	2	59	3	37	4	30	5	61	6	42	7	80	8	66	9	89	10	38	11	86	12	8	13	41	14	88	15	56	16	55	17	71	18	24	19	2	20	30	21	97	22	25	23	15	24	68	25	62	26	7	27	97	28	18	29	56	30	47	31	18	32	60	33	30	34	37	35	77	36	71	37	49	38	27	39	90	40	97	41	45	42	23	43	28	44	98	45	94	46	23	47	81	48	88	49	11
	0	15	1	13	2	86	3	35	4	80	5	42	6	40	7	62	8	61	9	65	10	100	11	35	12	100	13	98	14	49	15	8	16	48	17	3	18	15	19	32	20	2	21	36	22	23	23	41	24	26	25	33	26	73	27	39	28	58	29	96	30	30	31	95	32	10	33	77	34	80	35	16	36	14	37	62	38	85	39	61	40	68	41	89	42	29	43	86	44	90	45	71	46	61	47	65	48	82	49	94
	0	53	1	11	2	61	3	21	4	40	5	92	6	3	7	19	8	15	9	25	10	21	11	83	12	86	13	77	14	70	15	39	16	22	17	25	18	29	19	28	20	53	21	42	22	31	23	27	24	79	25	13	26	30	27	48	28	28	29	98	30	23	31	10	32	62	33	100	34	66	35	97	36	1	37	99	38	55	39	32	40	39	41	63	42	63	43	29	44	65	45	50	46	53	47	19	48	4	49	57
	0	99	1	43	2	50	3	77	4	99	5	61	6	55	7	85	8	56	9	37	10	90	11	49	12	50	13	83	14	100	15	31	16	52	17	69	18	17	19	56	20	29	21	43	22	93	23	31	24	53	25	19	26	87	27	49	28	9	29	16	30	99	31	24	32	67	33	63	34	41	35	28	36	68	37	2	38	97	39	37	40	23	41	52	42	95	43	92	44	38	45	25	46	8	47	44	48	22	49	93
	0	55	1	42	2	18	3	52	4	57	5	69	6	80	7	41	8	79	9	45	10	86	11	4	12	66	13	51	14	47	15	96	16	50	17	46	18	77	19	88	20	78	21	66	22	5	23	7	24	98	25	46	26	56	27	24	28	10	29	99	30	49	31	77	32	44	33	29	34	59	35	83	36	46	37	82	38	57	39	84	40	75	41	48	42	27	43	32	44	46	45	79	46	24	47	99	48	56	49	69
	0	12	1	81	2	1	3	32	4	98	5	15	6	64	7	65	8	70	9	41	10	13	11	65	12	79	13	80	14	67	15	74	16	35	17	88	18	4	19	37	20	12	21	40	22	19	23	10	24	70	25	28	26	60	27	59	28	52	29	84	30	97	31	27	32	2	33	71	34	5	35	63	36	19	37	95	38	64	39	44	40	41	41	20	42	6	43	29	44	26	45	14	46	66	47	27	48	74	49	47
	0	12	1	69	2	97	3	1	4	60	5	19	6	48	7	95	8	16	9	60	10	55	11	10	12	70	13	36	14	24	15	76	16	60	17	47	18	2	19	64	20	77	21	17	22	24	23	75	24	62	25	91	26	75	27	40	28	42	29	24	30	50	31	62	32	80	33	73	34	84	35	62	36	57	37	3	38	89	39	15	40	1	41	63	42	29	43	93	44	28	45	5	46	99	47	39	48	69	49	39
	0	6	1	43	2	90	3	57	4	71	5	1	6	36	7	63	8	82	9	73	10	52	11	91	12	81	13	67	14	54	15	10	16	64	17	17	18	75	19	29	20	18	21	43	22	88	23	64	24	40	25	96	26	83	27	28	28	93	29	28	30	68	31	57	32	6	33	52	34	97	35	75	36	27	37	68	38	66	39	73	40	71	41	79	42	11	43	44	44	32	45	19	46	12	47	6	48	49	49	64
	0	89	1	5	2	54	3	14	4	32	5	72	6	23	7	36	8	5	9	91	10	18	11	41	12	26	13	81	14	100	15	15	16	3	17	23	18	36	19	23	20	73	21	63	22	40	23	74	24	93	25	88	26	11	27	2	28	62	29	49	30	71	31	3	32	80	33	75	34	11	35	36	36	68	37	11	38	84	39	82	40	21	41	67	42	31	43	100	44	46	45	59	46	4	47	57	48	17	49	90
	0	34	1	88	2	60	3	89	4	53	5	27	6	29	7	15	8	74	9	27	10	49	11	92	12	84	13	33	14	37	15	24	16	98	17	97	18	18	19	20	20	100	21	51	22	16	23	19	24	34	25	55	26	60	27	1	28	58	29	3	30	57	31	5	32	53	33	64	34	14	35	21	36	48	37	59	38	8	39	9	40	20	41	33	42	49	43	53	44	59	45	56	46	57	47	75	48	22	49	60
	0	85	1	49	2	17	3	17	4	32	5	100	6	75	7	81	8	38	9	79	10	18	11	82	12	49	13	36	14	22	15	27	16	4	17	42	18	32	19	42	20	78	21	40	22	96	23	84	24	70	25	13	26	90	27	76	28	46	29	91	30	82	31	64	32	53	33	64	34	52	35	100	36	71	37	50	38	48	39	82	40	78	41	34	42	64	43	23	44	28	45	90	46	63	47	29	48	83	49	50
	0	82	1	98	2	42	3	70	4	91	5	69	6	53	7	16	8	90	9	97	10	16	11	74	12	74	13	26	14	91	15	46	16	93	17	76	18	91	19	100	20	90	21	85	22	14	23	66	24	93	25	55	26	35	27	14	28	94	29	1	30	85	31	58	32	45	33	3	34	63	35	48	36	41	37	8	38	74	39	72	40	94	41	28	42	88	43	63	44	89	45	38	46	52	47	89	48	98	49	71
	0	9	1	69	2	85	3	48	4	12	5	42	6	26	7	13	8	20	9	93	10	31	11	48	12	28	13	91	14	39	15	84	16	61	17	13	18	29	19	43	20	39	21	54	22	55	23	74	24	91	25	40	26	14	27	69	28	68	29	1	30	94	31	60	32	98	33	65	34	62	35	51	36	69	37	93	38	100	39	30	40	40	41	51	42	80	43	54	44	12	45	89	46	52	47	18	48	15	49	92
	0	80	1	45	2	88	3	100	4	48	5	48	6	60	7	23	8	31	9	66	10	57	11	3	12	79	13	75	14	91	15	86	16	96	17	5	18	19	19	13	20	76	21	41	22	61	23	51	24	48	25	76	26	21	27	8	28	43	29	36	30	60	31	3	32	66	33	12	34	94	35	11	36	68	37	59	38	40	39	70	40	15	41	51	42	18	43	32	44	23	45	94	46	77	47	17	48	5	49	43
	0	24	1	60	2	34	3	84	4	54	5	97	6	33	7	51	8	21	9	14	10	40	11	18	12	89	13	52	14	5	15	66	16	63	17	53	18	30	19	21	20	83	21	77	22	40	23	23	24	34	25	39	26	64	27	50	28	4	29	35	30	55	31	29	32	81	33	57	34	74	35	96	36	2	37	28	38	31	39	92	40	61	41	91	42	42	43	97	44	55	45	33	46	60	47	58	48	32	49	55
	0	68	1	48	2	48	3	82	4	74	5	57	6	71	7	88	8	11	9	26	10	77	11	3	12	56	13	50	14	21	15	91	16	16	17	19	18	92	19	27	20	31	21	86	22	73	23	34	24	20	25	58	26	67	27	31	28	37	29	65	30	74	31	11	32	40	33	56	34	3	35	58	36	78	37	6	38	77	39	57	40	45	41	58	42	60	43	77	44	64	45	22	46	7	47	12	48	2	49	95
	0	21	1	12	2	20	3	100	4	70	5	54	6	12	7	36	8	92	9	19	10	90	11	90	12	92	13	79	14	20	15	62	16	24	17	20	18	12	19	98	20	82	21	38	22	13	23	33	24	73	25	97	26	78	27	86	28	32	29	35	30	92	31	66	32	94	33	42	34	78	35	75	36	52	37	76	38	28	39	19	40	55	41	58	42	18	43	63	44	24	45	80	46	6	47	87	48	92	49	21
	0	29	1	39	2	100	3	38	4	38	5	88	6	96	7	97	8	46	9	10	10	27	11	38	12	68	13	77	14	22	15	16	16	81	17	30	18	97	19	38	20	49	21	47	22	38	23	1	24	65	25	40	26	38	27	100	28	13	29	50	30	100	31	54	32	77	33	10	34	29	35	78	36	9	37	14	38	65	39	96	40	59	41	89	42	52	43	66	44	31	45	75	46	25	47	69	48	1	49	60
	0	69	1	93	2	26	3	9	4	82	5	87	6	19	7	5	8	37	9	89	10	80	11	73	12	46	13	49	14	2	15	70	16	47	17	93	18	87	19	51	20	75	21	5	22	53	23	45	24	100	25	23	26	5	27	8	28	32	29	78	30	6	31	37	32	14	33	8	34	79	35	48	36	86	37	46	38	14	39	67	40	57	41	62	42	62	43	81	44	37	45	78	46	41	47	54	48	17	49	30
	0	4	1	93	2	77	3	22	4	11	5	24	6	100	7	83	8	31	9	26	10	76	11	57	12	56	13	9	14	61	15	62	16	100	17	58	18	5	19	97	20	32	21	61	22	66	23	95	24	38	25	99	26	87	27	49	28	31	29	73	30	83	31	54	32	60	33	85	34	83	35	36	36	61	37	3	38	9	39	79	40	72	41	79	42	2	43	61	44	9	45	100	46	20	47	52	48	50	49	83
	0	54	1	46	2	96	3	51	4	64	5	31	6	5	7	54	8	18	9	12	10	2	11	16	12	74	13	40	14	27	15	22	16	59	17	23	18	73	19	80	20	20	21	10	22	11	23	21	24	62	25	82	26	18	27	13	28	86	29	85	30	61	31	22	32	4	33	91	34	78	35	27	36	86	37	77	38	82	39	74	40	61	41	54	42	78	43	46	44	1	45	80	46	48	47	52	48	32	49	50
	0	68	1	85	2	59	3	41	4	51	5	5	6	12	7	54	8	32	9	25	10	37	11	86	12	35	13	21	14	86	15	17	16	92	17	3	18	97	19	2	20	7	21	90	22	52	23	1	24	81	25	6	26	56	27	78	28	34	29	74	30	85	31	71	32	7	33	71	34	83	35	97	36	16	37	88	38	22	39	46	40	93	41	90	42	31	43	90	44	45	45	82	46	86	47	98	48	99	49	22
	0	98	1	41	2	39	3	33	4	38	5	19	6	26	7	13	8	16	9	54	10	69	11	39	12	59	13	32	14	100	15	19	16	84	17	71	18	51	19	27	20	64	21	69	22	41	23	40	24	13	25	49	26	33	27	56	28	50	29	99	30	7	31	53	32	20	33	92	34	58	35	36	36	73	37	13	38	25	39	60	40	41	41	41	42	5	43	50	44	54	45	65	46	1	47	36	48	84	49	18
	0	19	1	81	2	21	3	73	4	9	5	81	6	7	7	28	8	13	9	45	10	81	11	73	12	66	13	92	14	28	15	18	16	62	17	34	18	17	19	26	20	85	21	20	22	72	23	86	24	66	25	60	26	26	27	92	28	9	29	55	30	41	31	57	32	5	33	10	34	85	35	46	36	27	37	100	38	21	39	7	40	68	41	5	42	39	43	60	44	74	45	60	46	20	47	44	48	71	49	63
	0	39	1	43	2	8	3	40	4	33	5	49	6	45	7	75	8	91	9	26	10	68	11	38	12	42	13	71	14	13	15	77	16	51	17	14	18	19	19	55	20	48	21	78	22	53	23	42	24	44	25	93	26	73	27	7	28	28	29	62	30	26	31	62	32	17	33	84	34	90	35	43	36	33	37	7	38	5	39	51	40	21	41	66	42	68	43	70	44	12	45	9	46	70	47	45	48	27	49	46
	0	6	1	84	2	60	3	48	4	90	5	13	6	72	7	91	8	49	9	7	10	13	11	25	12	87	13	69	14	35	15	11	16	25	17	31	18	62	19	49	20	83	21	98	22	46	23	2	24	45	25	66	26	3	27	82	28	20	29	80	30	26	31	46	32	2	33	2	34	14	35	40	36	74	37	28	38	58	39	63	40	37	41	62	42	73	43	54	44	34	45	26	46	86	47	23	48	100	49	79
	0	93	1	78	2	81	3	75	4	55	5	13	6	79	7	66	8	4	9	65	10	30	11	48	12	70	13	59	14	18	15	98	16	51	17	88	18	70	19	48	20	92	21	7	22	14	23	1	24	36	25	29	26	69	27	75	28	70	29	60	30	99	31	43	32	82	33	11	34	75	35	94	36	94	37	66	38	96	39	36	40	35	41	98	42	86	43	17	44	87	45	68	46	60	47	40	48	93	49	43
	0	13	1	85	2	26	3	12	4	4	5	78	6	65	7	99	8	13	9	60	10	95	11	1	12	1	13	52	14	68	15	81	16	9	17	18	18	65	19	18	20	66	21	69	22	50	23	85	24	94	25	58	26	14	27	97	28	29	29	71	30	44	31	67	32	9	33	4	34	67	35	51	36	75	37	75	38	53	39	74	40	7	41	27	42	77	43	61	44	78	45	13	46	72	47	32	48	100	49	63
	0	32	1	15	2	7	3	85	4	35	5	94	6	81	7	42	8	97	9	7	10	22	11	11	12	93	13	39	14	32	15	20	16	80	17	92	18	42	19	100	20	29	21	28	22	14	23	24	24	40	25	99	26	1	27	10	28	99	29	25	30	33	31	95	32	14	33	92	34	81	35	30	36	8	37	57	38	94	39	41	40	88	41	99	42	31	43	57	44	10	45	49	46	29	47	100	48	90	49	89
	0	64	1	87	2	53	3	2	4	15	5	99	6	15	7	8	8	33	9	2	10	37	11	33	12	64	13	31	14	88	15	72	16	93	17	77	18	21	19	70	20	100	21	32	22	48	23	13	24	43	25	83	26	50	27	4	28	16	29	63	30	77	31	84	32	46	33	97	34	17	35	97	36	14	37	2	38	42	39	24	40	35	41	26	42	54	43	43	44	20	45	41	46	88	47	69	48	97	49	26
	0	59	1	92	2	87	3	89	4	45	5	27	6	40	7	37	8	49	9	24	10	80	11	79	12	80	13	11	14	37	15	19	16	48	17	81	18	33	19	86	20	69	21	20	22	62	23	95	24	4	25	58	26	97	27	47	28	8	29	84	30	91	31	2	32	39	33	49	34	64	35	91	36	55	37	61	38	99	39	46	40	26	41	42	42	78	43	70	44	96	45	91	46	34	47	66	48	5	49	85
	0	15	1	3	2	49	3	9	4	64	5	98	6	23	7	94	8	62	9	20	10	99	11	10	12	16	13	58	14	11	15	27	16	59	17	16	18	62	19	71	20	95	21	14	22	82	23	6	24	36	25	10	26	79	27	35	28	76	29	79	30	78	31	4	32	25	33	10	34	46	35	42	36	86	37	3	38	30	39	81	40	53	41	85	42	69	43	25	44	63	45	73	46	58	47	80	48	20	49	46
	0	58	1	53	2	96	3	19	4	4	5	79	6	52	7	23	8	43	9	42	10	51	11	25	12	93	13	98	14	45	15	62	16	31	17	10	18	71	19	51	20	25	21	62	22	77	23	19	24	85	25	99	26	63	27	53	28	96	29	23	30	16	31	63	32	42	33	43	34	64	35	18	36	59	37	36	38	94	39	86	40	57	41	1	42	88	43	100	44	7	45	89	46	80	47	18	48	81	49	43
	0	54	1	62	2	92	3	96	4	13	5	47	6	70	7	91	8	97	9	30	10	73	11	38	12	36	13	51	14	21	15	14	16	60	17	43	18	96	19	68	20	1	21	27	22	49	23	90	24	65	25	22	26	9	27	66	28	54	29	37	30	84	31	10	32	66	33	32	34	99	35	54	36	8	37	49	38	7	39	47	40	88	41	62	42	71	43	68	44	91	45	95	46	12	47	81	48	37	49	4
	0	51	1	78	2	80	3	27	4	6	5	76	6	3	7	39	8	22	9	79	10	12	11	81	12	34	13	18	14	36	15	33	16	95	17	24	18	81	19	56	20	35	21	5	22	6	23	36	24	4	25	21	26	10	27	83	28	36	29	95	30	46	31	86	32	38	33	85	34	10	35	15	36	71	37	15	38	70	39	25	40	3	41	44	42	20	43	14	44	31	45	15	46	85	47	15	48	13	49	5
	0	21	1	50	2	52	3	89	4	66	5	62	6	19	7	71	8	43	9	4	10	25	11	49	12	30	13	52	14	57	15	22	16	41	17	75	18	45	19	51	20	79	21	80	22	38	23	42	24	62	25	98	26	87	27	86	28	31	29	2	30	69	31	12	32	88	33	63	34	13	35	14	36	28	37	80	38	96	39	55	40	61	41	47	42	17	43	72	44	31	45	39	46	89	47	34	48	91	49	41
	0	88	1	20	2	87	3	30	4	50	5	14	6	44	7	100	8	17	9	56	10	86	11	97	12	60	13	73	14	10	15	82	16	33	17	84	18	98	19	55	20	47	21	72	22	55	23	4	24	59	25	34	26	84	27	65	28	99	29	82	30	51	31	100	32	16	33	43	34	97	35	30	36	93	37	70	38	93	39	89	40	49	41	91	42	60	43	80	44	67	45	30	46	88	47	43	48	80	49	92
	0	26	1	77	2	19	3	87	4	35	5	68	6	4	7	44	8	20	9	20	10	35	11	41	12	81	13	88	14	6	15	33	16	58	17	58	18	53	19	80	20	54	21	32	22	15	23	92	24	55	25	4	26	54	27	41	28	92	29	34	30	86	31	19	32	9	33	66	34	88	35	30	36	35	37	36	38	16	39	50	40	65	41	74	42	26	43	99	44	10	45	95	46	89	47	92	48	63	49	21
	0	50	1	82	2	95	3	100	4	55	5	2	6	71	7	1	8	69	9	75	10	62	11	95	12	35	13	35	14	88	15	65	16	67	17	92	18	4	19	2	20	63	21	39	22	40	23	71	24	86	25	59	26	39	27	61	28	57	29	10	30	53	31	52	32	37	33	73	34	1	35	67	36	19	37	4	38	1	39	81	40	39	41	18	42	9	43	17	44	73	45	2	46	49	47	47	48	99	49	32
	0	15	1	65	2	24	3	36	4	63	5	34	6	11	7	37	8	40	9	79	10	56	11	66	12	10	13	12	14	98	15	19	16	81	17	5	18	64	19	16	20	36	21	28	22	78	23	68	24	14	25	44	26	2	27	67	28	26	29	8	30	60	31	70	32	62	33	26	34	83	35	6	36	46	37	59	38	79	39	65	40	53	41	92	42	95	43	28	44	65	45	85	46	53	47	48	48	63	49	90
	0	52	1	98	2	59	3	4	4	81	5	37	6	29	7	70	8	82	9	69	10	94	11	74	12	61	13	91	14	55	15	83	16	35	17	54	18	95	19	23	20	51	21	86	22	90	23	95	24	36	25	54	26	93	27	85	28	52	29	52	30	93	31	100	32	58	33	50	34	51	35	47	36	25	37	53	38	75	39	41	40	31	41	35	42	77	43	96	44	44	45	44	46	29	47	42	48	80	49	22
	0	15	1	76	2	73	3	61	4	33	5	36	6	2	7	92	8	14	9	50	10	78	11	86	12	40	13	11	14	61	15	8	16	88	17	70	18	71	19	57	20	44	21	55	22	24	23	80	24	44	25	50	26	83	27	42	28	37	29	5	30	28	31	92	32	2	33	46	34	70	35	61	36	35	37	13	38	72	39	75	40	95	41	47	42	48	43	71	44	93	45	6	46	48	47	49	48	40	49	67
	0	63	1	4	2	99	3	60	4	96	5	11	6	6	7	41	8	87	9	63	10	53	11	79	12	94	13	86	14	51	15	38	16	53	17	74	18	17	19	75	20	84	21	29	22	45	23	69	24	12	25	91	26	60	27	64	28	15	29	89	30	73	31	3	32	26	33	62	34	72	35	58	36	37	37	21	38	23	39	100	40	97	41	48	42	70	43	70	44	4	45	64	46	50	47	33	48	15	49	1
	0	73	1	25	2	32	3	68	4	21	5	33	6	51	7	95	8	71	9	70	10	67	11	82	12	49	13	24	14	71	15	15	16	67	17	1	18	96	19	93	20	99	21	84	22	85	23	2	24	2	25	89	26	90	27	25	28	82	29	89	30	31	31	57	32	65	33	15	34	71	35	95	36	25	37	85	38	81	39	95	40	74	41	8	42	13	43	24	44	24	45	51	46	89	47	59	48	56	49	93
	0	82	1	100	2	83	3	76	4	60	5	95	6	85	7	46	8	92	9	8	10	28	11	39	12	60	13	71	14	27	15	50	16	10	17	1	18	3	19	98	20	50	21	67	22	41	23	64	24	73	25	45	26	50	27	81	28	54	29	7	30	83	31	89	32	57	33	4	34	70	35	88	36	58	37	60	38	74	39	52	40	59	41	89	42	62	43	95	44	42	45	87	46	63	47	87	48	18	49	68
	0	49	1	70	2	37	3	52	4	61	5	26	6	75	7	19	8	75	9	88	10	24	11	83	12	62	13	96	14	46	15	54	16	99	17	55	18	54	19	94	20	43	21	22	22	45	23	86	24	55	25	44	26	2	27	61	28	47	29	33	30	23	31	65	32	98	33	27	34	57	35	54	36	44	37	85	38	52	39	56	40	41	41	22	42	41	43	27	44	77	45	74	46	28	47	90	48	56	49	41
	0	51	1	60	2	88	3	70	4	14	5	54	6	70	7	48	8	46	9	66	10	23	11	48	12	8	13	51	14	36	15	19	16	56	17	43	18	20	19	30	20	47	21	7	22	87	23	11	24	26	25	91	26	83	27	31	28	42	29	42	30	71	31	37	32	87	33	83	34	25	35	13	36	38	37	88	38	69	39	50	40	64	41	86	42	5	43	42	44	15	45	75	46	88	47	26	48	13	49	50
	0	42	1	54	2	11	3	61	4	44	5	58	6	86	7	45	8	5	9	30	10	84	11	26	12	20	13	59	14	32	15	52	16	90	17	70	18	97	19	21	20	8	21	66	22	28	23	21	24	80	25	77	26	45	27	74	28	30	29	52	30	39	31	73	32	80	33	52	34	2	35	45	36	43	37	44	38	9	39	68	40	37	41	85	42	7	43	49	44	24	45	50	46	90	47	22	48	40	49	61
	0	77	1	27	2	38	3	89	4	94	5	85	6	2	7	69	8	55	9	74	10	79	11	28	12	79	13	73	14	26	15	19	16	85	17	27	18	6	19	25	20	68	21	58	22	45	23	59	24	23	25	7	26	50	27	80	28	98	29	11	30	51	31	6	32	72	33	16	34	5	35	90	36	100	37	5	38	97	39	83	40	60	41	90	42	100	43	14	44	11	45	74	46	92	47	52	48	35	49	14
	0	53	1	35	2	16	3	22	4	66	5	69	6	1	7	85	8	9	9	45	10	23	11	99	12	20	13	30	14	87	15	39	16	51	17	16	18	66	19	23	20	60	21	35	22	35	23	27	24	2	25	92	26	45	27	65	28	10	29	51	30	32	31	50	32	99	33	84	34	91	35	86	36	5	37	84	38	70	39	58	40	59	41	68	42	67	43	34	44	66	45	57	46	31	47	88	48	14	49	88
	0	96	1	95	2	59	3	95	4	9	5	78	6	40	7	75	8	24	9	99	10	33	11	15	12	67	13	21	14	53	15	59	16	13	17	86	18	38	19	22	20	14	21	86	22	1	23	98	24	66	25	25	26	25	27	12	28	22	29	90	30	26	31	8	32	77	33	90	34	29	35	83	36	73	37	26	38	14	39	100	40	24	41	94	42	34	43	47	44	37	45	50	46	20	47	22	48	86	49	75
	0	12	1	55	2	76	3	24	4	84	5	12	6	85	7	47	8	55	9	24	10	87	11	14	12	15	13	52	14	77	15	93	16	78	17	70	18	74	19	42	20	69	21	31	22	54	23	30	24	5	25	49	26	46	27	99	28	1	29	12	30	93	31	19	32	45	33	6	34	56	35	12	36	100	37	11	38	26	39	37	40	36	41	22	42	59	43	67	44	3	45	72	46	49	47	1	48	82	49	80
	0	14	1	87	2	96	3	59	4	55	5	53	6	61	7	28	8	8	9	70	10	92	11	47	12	5	13	97	14	23	15	48	16	13	17	80	18	88	19	25	20	22	21	98	22	66	23	36	24	81	25	94	26	9	27	98	28	29	29	26	30	89	31	89	32	58	33	10	34	31	35	1	36	2	37	71	38	34	39	90	40	43	41	4	42	83	43	19	44	71	45	4	46	5	47	8	48	64	49	47
	0	31	1	10	2	38	3	96	4	63	5	100	6	1	7	82	8	47	9	36	10	32	11	95	12	17	13	22	14	25	15	51	16	56	17	2	18	2	19	59	20	81	21	42	22	79	23	80	24	61	25	97	26	28	27	48	28	17	29	62	30	83	31	22	32	59	33	48	34	72	35	61	36	67	37	47	38	78	39	55	40	27	41	69	42	61	43	47	44	55	45	58	46	94	47	37	48	96	49	32
	0	95	1	54	2	73	3	95	4	53	5	18	6	8	7	28	8	90	9	50	10	59	11	40	12	1	13	2	14	45	15	47	16	57	17	89	18	38	19	12	20	76	21	75	22	51	23	56	24	98	25	37	26	59	27	27	28	100	29	86	30	24	31	87	32	53	33	57	34	8	35	60	36	9	37	75	38	100	39	33	40	59	41	48	42	99	43	22	44	9	45	73	46	10	47	43	48	55	49	37
	0	55	1	33	2	69	3	46	4	20	5	32	6	10	7	33	8	60	9	9	10	37	11	2	12	57	13	92	14	82	15	34	16	99	17	50	18	98	19	48	20	11	21	12	22	16	23	91	24	77	25	41	26	54	27	11	28	18	29	98	30	65	31	27	32	20	33	49	34	36	35	9	36	29	37	10	38	45	39	17	40	56	41	37	42	57	43	81	44	58	45	97	46	21	47	13	48	82	49	79
	0	82	1	73	2	6	3	39	4	28	5	43	6	100	7	79	8	41	9	80	10	78	11	100	12	17	13	48	14	51	15	99	16	67	17	44	18	68	19	79	20	35	21	85	22	17	23	97	24	68	25	7	26	33	27	78	28	41	29	90	30	12	31	64	32	26	33	26	34	51	35	69	36	42	37	84	38	49	39	72	40	34	41	35	42	48	43	64	44	72	45	48	46	90	47	25	48	59	49	71
	0	23	1	4	2	95	3	49	4	83	5	23	6	38	7	54	8	38	9	40	10	45	11	21	12	67	13	21	14	6	15	20	16	2	17	28	18	88	19	5	20	74	21	6	22	53	23	17	24	27	25	33	26	26	27	43	28	99	29	72	30	15	31	49	32	74	33	27	34	23	35	32	36	62	37	4	38	92	39	83	40	69	41	10	42	72	43	29	44	41	45	71	46	6	47	9	48	13	49	23
Reldue
-1	7279	-1	1
-1	5112	-1	1
-1	7646	-1	1
-1	5339	-1	1
-1	7161	-1	1
-1	6539	-1	1
-1	6654	-1	1
-1	6986	-1	1
-1	4925	-1	1
-1	5092	-1	1
-1	6548	-1	1
-1	7286	-1	1
-1	6178	-1	1
-1	7055	-1	1
-1	7774	-1	1
-1	6799	-1	1
-1	7773	-1	1
-1	7018	-1	1
-1	5845	-1	1
-1	7128	-1	1
-1	5110	-1	1
-1	6121	-1	1
-1	6935	-1	1
-1	6175	-1	1
-1	7508	-1	1
-1	7782	-1	1
-1	6334	-1	1
-1	5727	-1	1
-1	5220	-1	1
-1	7369	-1	1
-1	5739	-1	1
-1	5784	-1	1
-1	5314	-1	1
-1	5614	-1	1
-1	7851	-1	1
-1	4836	-1	1
-1	6132	-1	1
-1	7223	-1	1
-1	6092	-1	1
-1	7209	-1	1
-1	7130	-1	1
-1	7786	-1	1
-1	6933	-1	1
-1	4834	-1	1
-1	7080	-1	1
-1	7416	-1	1
-1	6778	-1	1
-1	5277	-1	1
-1	7316	-1	1
-1	5517	-1	1
-1	6459	-1	1
-1	5798	-1	1
-1	5990	-1	1
-1	7271	-1	1
-1	5739	-1	1
-1	5730	-1	1
-1	4731	-1	1
-1	7207	-1	1
-1	5850	-1	1
-1	5634	-1	1
-1	5835	-1	1
-1	7186	-1	1
-1	4910	-1	1
-1	5387	-1	1
-1	7216	-1	1
-1	7446	-1	1
-1	6388	-1	1
-1	7824	-1	1
-1	6256	-1	1
-1	7595	-1	1
-1	5025	-1	1
-1	7056	-1	1
-1	5639	-1	1
-1	4934	-1	1
-1	6523	-1	1
-1	7385	-1	1
-1	5594	-1	1
-1	6554	-1	1
-1	6131	-1	1
-1	6376	-1	1
-1	5486	-1	1
-1	6450	-1	1
-1	6012	-1	1
-1	5289	-1	1
-1	7045	-1	1
-1	5383	-1	1
-1	7507	-1	1
-1	7128	-1	1
-1	6013	-1	1
-1	7448	-1	1
-1	6337	-1	1
-1	7387	-1	1
-1	6945	-1	1
-1	6647	-1	1
-1	6997	-1	1
-1	5318	-1	1
-1	5513	-1	1
-1	5854	-1	1
-1	7379	-1	1
-1	7796	-1	1
-1	6032	-1	1
-1	7620	-1	1
-1	6031	-1	1
-1	4887	-1	1
-1	7577	-1	1
-1	5052	-1	1
-1	6650	-1	1
-1	7067	-1	1
-1	5977	-1	1
-1	4939	-1	1
-1	7787	-1	1
-1	5329	-1	1
-1	6327	-1	1
-1	6068	-1	1
-1	7371	-1	1
-1	5403	-1	1
-1	6898	-1	1
-1	7324	-1	1
-1	5315	-1	1
-1	5218	-1	1
-1	7209	-1	1
-1	7816	-1	1
-1	7090	-1	1
-1	5499	-1	1
-1	5861	-1	1
-1	6051	-1	1
-1	6807	-1	1
-1	5941	-1	1
-1	4765	-1	1
-1	5955	-1	1
-1	7723	-1	1
-1	6150	-1	1
-1	5778	-1	1
-1	6920	-1	1
-1	6829	-1	1
-1	6184	-1	1
-1	5387	-1	1
-1	6098	-1	1
-1	6145	-1	1
-1	5490	-1	1
-1	6447	-1	1
-1	7412	-1	1
-1	7265	-1	1
-1	6055	-1	1
-1	7057	-1	1
-1	7353	-1	1
-1	6185	-1	1
-1	7565	-1	1
-1	5990	-1	1
-1	7043	-1	1
-1	6237	-1	1
-1	5113	-1	1
-1	5206	-1	1
-1	6489	-1	1
-1	4899	-1	1
-1	7102	-1	1
-1	6422	-1	1
-1	6921	-1	1
-1	5288	-1	1
-1	6880	-1	1
-1	5846	-1	1
-1	7020	-1	1
-1	6533	-1	1
-1	5906	-1	1
-1	7628	-1	1
-1	4773	-1	1
-1	6560	-1	1
-1	7834	-1	1
-1	5112	-1	1
-1	4902	-1	1
-1	7616	-1	1
-1	7452	-1	1
-1	5469	-1	1
-1	7466	-1	1
-1	6225	-1	1
-1	5456	-1	1
-1	7494	-1	1
-1	7439	-1	1
-1	6598	-1	1
-1	5389	-1	1
-1	6577	-1	1
-1	7577	-1	1
-1	6196	-1	1
-1	6475	-1	1
-1	7348	-1	1
-1	6804	-1	1
-1	6621	-1	1
-1	6806	-1	1
-1	6429	-1	1
-1	5725	-1	1
-1	6382	-1	1
-1	7024	-1	1
-1	5951	-1	1
-1	5621	-1	1
-1	5130	-1	1
-1	5419	-1	1
-1	6105	-1	1
-1	6400	-1	1
-1	5790	-1	1
-1	7559	-1	1
-1	7542	-1	1
-1	6592	-1	1
-1	4884	-1	1
-1	5232	-1	1
-1	4893	-1	1
-1	6113	-1	1
-1	6178	-1	1
-1	5979	-1	1
-1	6920	-1	1
-1	7048	-1	1
-1	5537	-1	1
-1	6683	-1	1
-1	6448	-1	1
-1	5329	-1	1
-1	5685	-1	1
-1	6658	-1	1
-1	6299	-1	1
-1	7825	-1	1
-1	7183	-1	1
-1	5556	-1	1
-1	7072	-1	1
-1	6444	-1	1
-1	7596	-1	1
-1	7668	-1	1
-1	4873	-1	1
-1	5056	-1	1
-1	7043	-1	1
-1	7807	-1	1
-1	6976	-1	1
-1	7249	-1	1
-1	6509	-1	1
-1	7059	-1	1
-1	5071	-1	1
-1	5738	-1	1
-1	4978	-1	1
-1	6871	-1	1
-1	6818	-1	1
-1	5589	-1	1
-1	5344	-1	1
-1	6195	-1	1
-1	7216	-1	1
-1	7343	-1	1
-1	5279	-1	1
-1	5162	-1	1
-1	5208	-1	1
-1	5791	-1	1
-1	6621	-1	1
-1	6993	-1	1
-1	5180	-1	1
-1	7484	-1	1
LBCmax: 15707
