350  30
	0	19	1	30	2	22	3	50	4	55	5	54	6	90	7	69	8	29	9	57	10	100	11	36	12	83	13	93	14	94	15	67	16	47	17	97	18	93	19	54	20	5	21	15	22	83	23	24	24	100	25	69	26	5	27	80	28	27	29	4
	0	13	1	19	2	14	3	64	4	10	5	49	6	10	7	96	8	3	9	59	10	19	11	80	12	15	13	10	14	44	15	38	16	43	17	42	18	40	19	60	20	67	21	36	22	94	23	60	24	35	25	63	26	62	27	42	28	84	29	94
	0	44	1	47	2	71	3	90	4	83	5	8	6	23	7	65	8	7	9	23	10	36	11	91	12	49	13	47	14	72	15	22	16	27	17	36	18	44	19	11	20	61	21	17	22	80	23	72	24	53	25	52	26	7	27	16	28	72	29	21
	0	11	1	43	2	2	3	55	4	34	5	85	6	64	7	79	8	41	9	31	10	1	11	53	12	61	13	65	14	4	15	19	16	73	17	11	18	7	19	93	20	10	21	73	22	80	23	61	24	90	25	91	26	11	27	72	28	89	29	66
	0	25	1	19	2	40	3	32	4	24	5	71	6	6	7	58	8	12	9	98	10	50	11	22	12	44	13	80	14	32	15	94	16	38	17	12	18	73	19	3	20	3	21	39	22	86	23	88	24	91	25	89	26	62	27	59	28	91	29	76
	0	51	1	9	2	88	3	100	4	82	5	58	6	75	7	65	8	21	9	25	10	4	11	87	12	46	13	47	14	83	15	74	16	89	17	5	18	79	19	90	20	90	21	12	22	78	23	33	24	49	25	81	26	4	27	97	28	72	29	83
	0	13	1	99	2	47	3	53	4	95	5	82	6	7	7	5	8	67	9	33	10	50	11	68	12	37	13	67	14	31	15	59	16	58	17	81	18	51	19	42	20	20	21	71	22	96	23	44	24	42	25	59	26	10	27	40	28	53	29	84
	0	100	1	9	2	92	3	49	4	16	5	23	6	54	7	33	8	42	9	48	10	58	11	98	12	93	13	35	14	29	15	64	16	15	17	48	18	8	19	24	20	22	21	58	22	30	23	24	24	23	25	92	26	50	27	28	28	10	29	20
	0	89	1	50	2	36	3	20	4	36	5	14	6	78	7	57	8	39	9	71	10	73	11	49	12	49	13	10	14	86	15	35	16	18	17	4	18	17	19	41	20	64	21	4	22	90	23	25	24	44	25	68	26	59	27	38	28	1	29	79
	0	27	1	36	2	85	3	99	4	76	5	41	6	52	7	56	8	34	9	5	10	99	11	68	12	42	13	61	14	88	15	44	16	95	17	41	18	61	19	15	20	63	21	8	22	55	23	96	24	22	25	25	26	69	27	77	28	51	29	53
	0	42	1	75	2	69	3	70	4	35	5	32	6	27	7	34	8	39	9	15	10	71	11	35	12	50	13	47	14	50	15	24	16	69	17	2	18	21	19	93	20	37	21	25	22	87	23	55	24	3	25	55	26	72	27	57	28	83	29	72
	0	5	1	99	2	63	3	7	4	78	5	68	6	52	7	56	8	100	9	100	10	94	11	7	12	58	13	26	14	79	15	81	16	55	17	69	18	29	19	15	20	96	21	92	22	44	23	67	24	30	25	29	26	27	27	8	28	74	29	34
	0	32	1	30	2	82	3	26	4	99	5	93	6	28	7	38	8	70	9	76	10	16	11	81	12	7	13	26	14	45	15	72	16	44	17	97	18	74	19	14	20	52	21	38	22	88	23	4	24	2	25	71	26	43	27	15	28	41	29	62
	0	46	1	80	2	36	3	76	4	2	5	71	6	32	7	75	8	25	9	54	10	43	11	2	12	5	13	56	14	65	15	40	16	67	17	82	18	73	19	71	20	82	21	69	22	68	23	52	24	93	25	61	26	50	27	73	28	82	29	37
	0	54	1	100	2	88	3	36	4	81	5	89	6	45	7	63	8	89	9	26	10	11	11	53	12	46	13	42	14	1	15	43	16	49	17	95	18	41	19	77	20	64	21	34	22	9	23	31	24	50	25	67	26	43	27	56	28	47	29	7
	0	12	1	58	2	70	3	81	4	83	5	57	6	26	7	99	8	45	9	19	10	42	11	42	12	58	13	37	14	73	15	8	16	50	17	2	18	36	19	14	20	66	21	93	22	87	23	64	24	46	25	85	26	18	27	18	28	3	29	49
	0	73	1	12	2	8	3	81	4	88	5	41	6	99	7	10	8	1	9	87	10	96	11	44	12	7	13	47	14	72	15	71	16	40	17	13	18	3	19	28	20	100	21	95	22	25	23	81	24	79	25	95	26	40	27	8	28	37	29	66
	0	70	1	60	2	29	3	24	4	49	5	48	6	4	7	91	8	83	9	78	10	4	11	85	12	50	13	33	14	48	15	90	16	90	17	85	18	81	19	71	20	20	21	58	22	6	23	15	24	83	25	6	26	50	27	10	28	97	29	64
	0	17	1	1	2	73	3	78	4	35	5	86	6	23	7	38	8	8	9	21	10	68	11	57	12	4	13	78	14	16	15	72	16	72	17	49	18	84	19	73	20	53	21	99	22	68	23	67	24	19	25	25	26	89	27	45	28	80	29	43
	0	80	1	6	2	13	3	38	4	76	5	52	6	32	7	37	8	29	9	72	10	85	11	97	12	68	13	57	14	41	15	1	16	62	17	32	18	32	19	26	20	59	21	91	22	31	23	14	24	22	25	69	26	97	27	55	28	73	29	92
	0	18	1	82	2	10	3	78	4	27	5	17	6	72	7	98	8	82	9	23	10	69	11	9	12	17	13	60	14	81	15	4	16	25	17	43	18	11	19	76	20	27	21	52	22	50	23	62	24	12	25	34	26	66	27	18	28	92	29	8
	0	50	1	52	2	84	3	65	4	65	5	10	6	5	7	7	8	92	9	95	10	64	11	87	12	56	13	45	14	79	15	28	16	87	17	36	18	37	19	43	20	48	21	56	22	100	23	84	24	29	25	73	26	13	27	82	28	92	29	4
	0	55	1	68	2	16	3	46	4	70	5	82	6	84	7	25	8	37	9	4	10	95	11	84	12	83	13	77	14	9	15	18	16	43	17	97	18	48	19	4	20	27	21	90	22	12	23	10	24	42	25	3	26	96	27	71	28	70	29	79
	0	96	1	61	2	28	3	93	4	50	5	9	6	35	7	74	8	59	9	31	10	61	11	27	12	76	13	74	14	58	15	39	16	57	17	4	18	76	19	39	20	11	21	77	22	16	23	28	24	2	25	70	26	85	27	21	28	88	29	72
	0	41	1	48	2	87	3	58	4	53	5	17	6	14	7	90	8	11	9	34	10	43	11	27	12	59	13	25	14	62	15	34	16	34	17	25	18	35	19	17	20	41	21	1	22	4	23	35	24	96	25	49	26	74	27	54	28	10	29	72
	0	73	1	54	2	2	3	15	4	78	5	5	6	62	7	52	8	54	9	51	10	100	11	6	12	47	13	2	14	59	15	73	16	11	17	1	18	72	19	84	20	86	21	13	22	94	23	9	24	39	25	72	26	27	27	100	28	43	29	68
	0	42	1	19	2	51	3	59	4	54	5	8	6	92	7	49	8	87	9	86	10	98	11	69	12	72	13	87	14	38	15	33	16	32	17	71	18	17	19	73	20	57	21	70	22	61	23	82	24	88	25	64	26	10	27	98	28	42	29	77
	0	79	1	9	2	51	3	52	4	56	5	92	6	12	7	54	8	58	9	80	10	53	11	84	12	56	13	36	14	71	15	25	16	43	17	85	18	96	19	46	20	4	21	13	22	90	23	38	24	19	25	59	26	71	27	44	28	94	29	35
	0	42	1	28	2	12	3	64	4	53	5	87	6	55	7	24	8	16	9	84	10	15	11	23	12	81	13	87	14	22	15	56	16	7	17	18	18	43	19	14	20	16	21	54	22	31	23	49	24	96	25	41	26	27	27	13	28	88	29	3
	0	51	1	20	2	2	3	54	4	31	5	6	6	9	7	66	8	48	9	90	10	25	11	30	12	8	13	45	14	86	15	13	16	72	17	48	18	65	19	17	20	82	21	64	22	100	23	74	24	87	25	72	26	18	27	40	28	59	29	56
	0	76	1	72	2	24	3	5	4	62	5	6	6	80	7	100	8	25	9	57	10	65	11	87	12	18	13	24	14	91	15	49	16	81	17	56	18	65	19	45	20	97	21	25	22	57	23	68	24	2	25	14	26	98	27	37	28	22	29	91
	0	98	1	36	2	69	3	59	4	38	5	54	6	37	7	86	8	62	9	99	10	53	11	57	12	73	13	78	14	94	15	1	16	25	17	80	18	71	19	86	20	43	21	94	22	26	23	96	24	27	25	49	26	21	27	8	28	18	29	64
	0	91	1	56	2	34	3	42	4	97	5	48	6	2	7	47	8	9	9	51	10	38	11	43	12	89	13	88	14	69	15	89	16	74	17	98	18	78	19	21	20	59	21	53	22	31	23	57	24	46	25	34	26	5	27	18	28	1	29	15
	0	37	1	36	2	31	3	97	4	65	5	1	6	85	7	100	8	6	9	77	10	33	11	6	12	27	13	65	14	77	15	97	16	83	17	12	18	96	19	52	20	29	21	93	22	42	23	78	24	36	25	9	26	21	27	98	28	64	29	75
	0	33	1	23	2	78	3	100	4	66	5	78	6	97	7	80	8	52	9	52	10	25	11	52	12	32	13	8	14	5	15	84	16	2	17	61	18	79	19	100	20	22	21	3	22	61	23	58	24	13	25	63	26	49	27	40	28	84	29	95
	0	36	1	11	2	51	3	46	4	95	5	69	6	43	7	63	8	43	9	84	10	14	11	18	12	16	13	92	14	2	15	68	16	8	17	9	18	99	19	80	20	54	21	72	22	32	23	92	24	67	25	16	26	59	27	86	28	42	29	52
	0	41	1	86	2	7	3	3	4	37	5	23	6	76	7	18	8	27	9	20	10	25	11	59	12	81	13	89	14	18	15	33	16	6	17	46	18	25	19	39	20	45	21	84	22	36	23	11	24	27	25	62	26	48	27	6	28	64	29	99
	0	73	1	63	2	67	3	82	4	25	5	20	6	15	7	20	8	40	9	87	10	4	11	16	12	72	13	86	14	60	15	31	16	53	17	25	18	80	19	55	20	9	21	60	22	65	23	27	24	88	25	64	26	29	27	56	28	11	29	6
	0	7	1	34	2	80	3	4	4	5	5	47	6	92	7	18	8	58	9	32	10	43	11	80	12	82	13	23	14	21	15	91	16	51	17	88	18	27	19	31	20	28	21	58	22	66	23	49	24	25	25	90	26	3	27	41	28	79	29	21
	0	72	1	33	2	61	3	96	4	83	5	22	6	73	7	95	8	71	9	43	10	81	11	77	12	68	13	63	14	85	15	10	16	17	17	33	18	50	19	79	20	27	21	29	22	27	23	71	24	62	25	71	26	42	27	82	28	9	29	17
	0	39	1	3	2	56	3	44	4	95	5	69	6	89	7	76	8	56	9	94	10	80	11	29	12	47	13	3	14	36	15	70	16	63	17	52	18	12	19	15	20	51	21	3	22	25	23	10	24	23	25	62	26	20	27	81	28	74	29	37
	0	68	1	32	2	91	3	51	4	94	5	34	6	74	7	14	8	84	9	39	10	9	11	60	12	99	13	1	14	62	15	81	16	99	17	97	18	82	19	23	20	68	21	75	22	39	23	31	24	74	25	81	26	31	27	49	28	22	29	21
	0	26	1	17	2	70	3	88	4	38	5	16	6	25	7	38	8	58	9	67	10	37	11	100	12	60	13	64	14	60	15	72	16	78	17	11	18	39	19	2	20	29	21	99	22	51	23	94	24	98	25	14	26	11	27	60	28	39	29	3
	0	7	1	26	2	47	3	8	4	44	5	53	6	4	7	50	8	96	9	29	10	2	11	40	12	3	13	60	14	4	15	26	16	58	17	43	18	94	19	20	20	76	21	12	22	14	23	57	24	40	25	88	26	5	27	78	28	55	29	83
	0	3	1	45	2	71	3	15	4	34	5	26	6	47	7	57	8	30	9	6	10	63	11	19	12	56	13	24	14	16	15	36	16	10	17	19	18	42	19	6	20	53	21	60	22	59	23	12	24	63	25	78	26	17	27	16	28	33	29	26
	0	8	1	96	2	50	3	49	4	69	5	100	6	27	7	10	8	71	9	95	10	81	11	40	12	88	13	61	14	66	15	84	16	95	17	56	18	14	19	68	20	23	21	41	22	42	23	9	24	70	25	57	26	27	27	41	28	73	29	73
	0	51	1	38	2	55	3	63	4	78	5	40	6	14	7	80	8	12	9	29	10	40	11	28	12	40	13	7	14	42	15	45	16	73	17	64	18	42	19	65	20	24	21	48	22	65	23	17	24	96	25	74	26	27	27	62	28	74	29	30
	0	10	1	94	2	22	3	69	4	63	5	58	6	55	7	94	8	75	9	45	10	20	11	76	12	11	13	78	14	12	15	66	16	4	17	1	18	14	19	82	20	40	21	22	22	17	23	86	24	93	25	93	26	93	27	86	28	76	29	7
	0	93	1	28	2	34	3	54	4	6	5	52	6	84	7	72	8	18	9	39	10	81	11	72	12	28	13	72	14	75	15	33	16	21	17	78	18	59	19	97	20	19	21	36	22	57	23	98	24	43	25	62	26	89	27	15	28	58	29	5
	0	1	1	37	2	93	3	21	4	59	5	67	6	56	7	96	8	50	9	10	10	77	11	55	12	18	13	27	14	58	15	63	16	54	17	44	18	12	19	2	20	2	21	42	22	17	23	96	24	42	25	80	26	20	27	5	28	93	29	21
	0	60	1	16	2	14	3	61	4	6	5	96	6	11	7	84	8	23	9	88	10	77	11	89	12	10	13	74	14	29	15	67	16	76	17	24	18	4	19	27	20	49	21	2	22	35	23	82	24	29	25	12	26	28	27	67	28	37	29	98
	0	3	1	35	2	14	3	31	4	63	5	51	6	80	7	41	8	18	9	97	10	50	11	88	12	65	13	42	14	65	15	78	16	17	17	37	18	96	19	55	20	13	21	61	22	19	23	43	24	66	25	4	26	74	27	10	28	30	29	75
	0	52	1	75	2	73	3	73	4	80	5	88	6	28	7	43	8	87	9	47	10	19	11	37	12	80	13	37	14	96	15	15	16	63	17	2	18	39	19	71	20	76	21	82	22	3	23	89	24	26	25	90	26	15	27	33	28	63	29	92
	0	46	1	32	2	96	3	20	4	17	5	37	6	64	7	52	8	22	9	39	10	17	11	5	12	62	13	74	14	46	15	50	16	34	17	68	18	94	19	31	20	13	21	92	22	17	23	59	24	27	25	21	26	98	27	12	28	6	29	32
	0	5	1	36	2	57	3	79	4	68	5	70	6	6	7	20	8	17	9	14	10	89	11	2	12	82	13	10	14	100	15	15	16	81	17	17	18	26	19	77	20	16	21	2	22	15	23	12	24	70	25	66	26	72	27	27	28	80	29	76
	0	72	1	6	2	4	3	98	4	28	5	74	6	39	7	14	8	69	9	5	10	34	11	94	12	8	13	62	14	13	15	55	16	95	17	9	18	10	19	9	20	2	21	29	22	61	23	6	24	77	25	33	26	28	27	8	28	59	29	43
	0	38	1	55	2	55	3	95	4	59	5	9	6	4	7	88	8	48	9	91	10	93	11	62	12	57	13	36	14	90	15	12	16	62	17	38	18	18	19	43	20	54	21	71	22	76	23	28	24	28	25	83	26	89	27	44	28	29	29	19
	0	39	1	69	2	61	3	19	4	2	5	82	6	63	7	79	8	16	9	4	10	7	11	93	12	22	13	51	14	73	15	10	16	80	17	9	18	1	19	56	20	45	21	42	22	32	23	23	24	44	25	90	26	90	27	24	28	100	29	25
	0	59	1	59	2	97	3	69	4	54	5	44	6	71	7	88	8	7	9	91	10	75	11	22	12	97	13	63	14	58	15	21	16	15	17	15	18	53	19	73	20	22	21	9	22	63	23	71	24	54	25	64	26	83	27	45	28	87	29	74
	0	17	1	46	2	47	3	14	4	53	5	71	6	47	7	3	8	27	9	70	10	74	11	8	12	76	13	54	14	70	15	94	16	61	17	9	18	58	19	75	20	19	21	89	22	38	23	98	24	64	25	35	26	28	27	69	28	57	29	39
	0	30	1	27	2	2	3	62	4	67	5	96	6	56	7	68	8	86	9	75	10	40	11	29	12	46	13	67	14	98	15	28	16	46	17	34	18	50	19	43	20	27	21	42	22	21	23	8	24	82	25	25	26	50	27	76	28	57	29	89
	0	8	1	31	2	3	3	31	4	79	5	21	6	42	7	44	8	91	9	14	10	39	11	38	12	92	13	1	14	98	15	83	16	100	17	84	18	18	19	80	20	99	21	39	22	89	23	92	24	34	25	41	26	8	27	96	28	30	29	76
	0	39	1	52	2	64	3	93	4	56	5	85	6	26	7	58	8	35	9	25	10	74	11	32	12	96	13	72	14	69	15	63	16	100	17	48	18	28	19	76	20	48	21	82	22	44	23	2	24	57	25	30	26	65	27	66	28	89	29	16
	0	20	1	58	2	68	3	63	4	34	5	12	6	12	7	37	8	81	9	98	10	58	11	31	12	54	13	3	14	65	15	58	16	69	17	32	18	18	19	29	20	6	21	75	22	69	23	39	24	74	25	26	26	90	27	86	28	56	29	25
	0	19	1	92	2	45	3	80	4	32	5	3	6	13	7	89	8	64	9	90	10	39	11	55	12	67	13	81	14	14	15	78	16	75	17	79	18	93	19	61	20	14	21	70	22	44	23	64	24	84	25	4	26	39	27	94	28	91	29	18
	0	79	1	22	2	12	3	34	4	38	5	42	6	15	7	29	8	74	9	40	10	76	11	97	12	54	13	32	14	65	15	19	16	69	17	69	18	76	19	21	20	54	21	44	22	44	23	92	24	34	25	38	26	67	27	82	28	46	29	80
	0	12	1	10	2	42	3	28	4	4	5	51	6	38	7	83	8	96	9	75	10	77	11	94	12	80	13	62	14	35	15	20	16	97	17	19	18	66	19	51	20	38	21	70	22	71	23	15	24	61	25	93	26	50	27	10	28	60	29	27
	0	61	1	44	2	45	3	71	4	84	5	75	6	48	7	56	8	93	9	80	10	51	11	53	12	62	13	94	14	81	15	42	16	53	17	100	18	56	19	79	20	85	21	66	22	50	23	13	24	70	25	45	26	12	27	47	28	51	29	5
	0	77	1	46	2	4	3	37	4	30	5	39	6	76	7	62	8	21	9	63	10	60	11	50	12	49	13	49	14	54	15	97	16	53	17	44	18	33	19	43	20	80	21	24	22	42	23	18	24	23	25	41	26	86	27	46	28	39	29	4
	0	76	1	62	2	4	3	99	4	57	5	98	6	53	7	77	8	23	9	49	10	17	11	87	12	2	13	47	14	55	15	27	16	59	17	75	18	39	19	28	20	60	21	8	22	51	23	5	24	80	25	75	26	87	27	43	28	62	29	67
	0	80	1	92	2	49	3	35	4	94	5	95	6	59	7	56	8	45	9	75	10	63	11	63	12	53	13	44	14	90	15	68	16	30	17	28	18	67	19	13	20	54	21	5	22	76	23	42	24	98	25	2	26	81	27	71	28	94	29	13
	0	47	1	98	2	69	3	14	4	75	5	91	6	72	7	97	8	4	9	28	10	81	11	50	12	67	13	93	14	65	15	54	16	3	17	44	18	30	19	69	20	50	21	11	22	85	23	37	24	80	25	83	26	94	27	19	28	55	29	2
	0	15	1	45	2	1	3	67	4	34	5	50	6	45	7	12	8	34	9	16	10	48	11	22	12	82	13	44	14	38	15	93	16	9	17	35	18	29	19	50	20	6	21	43	22	63	23	81	24	85	25	38	26	31	27	57	28	57	29	87
	0	47	1	29	2	42	3	34	4	89	5	41	6	99	7	58	8	28	9	93	10	44	11	19	12	1	13	33	14	15	15	29	16	11	17	81	18	62	19	9	20	63	21	97	22	5	23	21	24	46	25	53	26	80	27	75	28	44	29	79
	0	53	1	65	2	34	3	76	4	86	5	78	6	84	7	26	8	83	9	70	10	80	11	43	12	40	13	21	14	32	15	46	16	91	17	99	18	56	19	39	20	21	21	100	22	6	23	35	24	68	25	48	26	17	27	67	28	67	29	63
	0	92	1	54	2	90	3	36	4	28	5	34	6	81	7	75	8	69	9	68	10	100	11	97	12	37	13	88	14	26	15	91	16	71	17	35	18	68	19	78	20	75	21	12	22	4	23	32	24	71	25	55	26	33	27	49	28	81	29	79
	0	12	1	72	2	7	3	76	4	23	5	13	6	70	7	54	8	77	9	26	10	33	11	52	12	61	13	25	14	21	15	63	16	79	17	48	18	100	19	63	20	48	21	15	22	1	23	12	24	48	25	31	26	74	27	86	28	32	29	23
	0	25	1	59	2	51	3	22	4	78	5	26	6	52	7	33	8	38	9	54	10	49	11	33	12	73	13	100	14	70	15	17	16	33	17	22	18	46	19	62	20	65	21	81	22	79	23	86	24	3	25	11	26	12	27	25	28	42	29	95
	0	93	1	46	2	18	3	91	4	91	5	86	6	51	7	76	8	23	9	59	10	39	11	15	12	89	13	99	14	94	15	76	16	29	17	12	18	60	19	30	20	44	21	58	22	64	23	32	24	53	25	94	26	80	27	49	28	73	29	43
	0	9	1	91	2	38	3	72	4	11	5	73	6	9	7	85	8	31	9	88	10	26	11	83	12	16	13	83	14	11	15	30	16	8	17	81	18	32	19	28	20	69	21	68	22	60	23	8	24	56	25	45	26	9	27	67	28	65	29	26
	0	30	1	16	2	17	3	18	4	87	5	29	6	41	7	17	8	53	9	96	10	81	11	10	12	97	13	23	14	41	15	66	16	49	17	32	18	38	19	55	20	70	21	57	22	13	23	28	24	52	25	40	26	59	27	39	28	30	29	62
	0	24	1	11	2	3	3	76	4	15	5	63	6	53	7	24	8	23	9	49	10	41	11	45	12	21	13	81	14	17	15	22	16	24	17	37	18	58	19	12	20	10	21	79	22	31	23	67	24	25	25	19	26	47	27	29	28	46	29	22
	0	47	1	60	2	56	3	32	4	31	5	58	6	61	7	49	8	45	9	40	10	60	11	9	12	60	13	10	14	28	15	29	16	13	17	50	18	4	19	35	20	10	21	82	22	61	23	72	24	96	25	6	26	22	27	64	28	45	29	5
	0	48	1	93	2	32	3	71	4	92	5	85	6	72	7	97	8	20	9	41	10	67	11	35	12	33	13	51	14	69	15	21	16	39	17	72	18	57	19	5	20	53	21	61	22	2	23	52	24	36	25	91	26	41	27	95	28	5	29	99
	0	14	1	49	2	57	3	37	4	5	5	29	6	96	7	28	8	8	9	30	10	64	11	39	12	20	13	46	14	11	15	44	16	98	17	59	18	48	19	15	20	67	21	10	22	77	23	80	24	47	25	35	26	85	27	33	28	40	29	34
	0	55	1	73	2	92	3	92	4	19	5	30	6	31	7	97	8	65	9	83	10	39	11	95	12	75	13	87	14	97	15	84	16	40	17	69	18	44	19	56	20	5	21	53	22	3	23	16	24	14	25	21	26	83	27	46	28	70	29	34
	0	59	1	97	2	38	3	51	4	90	5	18	6	40	7	37	8	21	9	63	10	29	11	37	12	84	13	33	14	41	15	64	16	89	17	39	18	54	19	23	20	78	21	98	22	21	23	69	24	76	25	99	26	36	27	79	28	64	29	1
	0	57	1	70	2	62	3	38	4	2	5	13	6	85	7	62	8	83	9	11	10	30	11	42	12	51	13	41	14	85	15	86	16	58	17	90	18	83	19	76	20	67	21	17	22	38	23	19	24	62	25	39	26	37	27	63	28	47	29	11
	0	66	1	16	2	22	3	54	4	6	5	84	6	78	7	49	8	29	9	11	10	69	11	94	12	59	13	76	14	26	15	10	16	3	17	97	18	31	19	24	20	58	21	36	22	75	23	76	24	36	25	8	26	53	27	22	28	85	29	37
	0	84	1	39	2	86	3	12	4	47	5	40	6	47	7	42	8	80	9	67	10	41	11	3	12	77	13	19	14	53	15	33	16	82	17	22	18	19	19	11	20	73	21	63	22	90	23	39	24	60	25	36	26	51	27	4	28	78	29	71
	0	64	1	78	2	16	3	48	4	40	5	9	6	25	7	20	8	31	9	92	10	4	11	87	12	12	13	29	14	43	15	6	16	5	17	7	18	81	19	20	20	36	21	74	22	2	23	45	24	53	25	80	26	85	27	53	28	34	29	97
	0	76	1	27	2	64	3	68	4	46	5	89	6	66	7	29	8	53	9	25	10	4	11	94	12	31	13	44	14	3	15	28	16	63	17	65	18	51	19	20	20	16	21	10	22	75	23	35	24	46	25	44	26	11	27	30	28	95	29	91
	0	5	1	29	2	46	3	17	4	17	5	19	6	9	7	76	8	20	9	96	10	38	11	26	12	4	13	82	14	22	15	86	16	44	17	95	18	88	19	95	20	73	21	19	22	15	23	65	24	79	25	43	26	41	27	77	28	28	29	37
	0	18	1	32	2	57	3	95	4	44	5	62	6	5	7	64	8	73	9	86	10	80	11	35	12	95	13	32	14	68	15	68	16	21	17	77	18	37	19	73	20	28	21	84	22	98	23	80	24	35	25	19	26	11	27	49	28	31	29	97
	0	61	1	27	2	67	3	70	4	51	5	39	6	84	7	68	8	52	9	68	10	39	11	62	12	44	13	74	14	45	15	92	16	24	17	40	18	59	19	94	20	55	21	60	22	52	23	9	24	100	25	2	26	71	27	72	28	52	29	6
	0	66	1	97	2	63	3	100	4	36	5	15	6	18	7	58	8	39	9	31	10	29	11	19	12	41	13	10	14	30	15	40	16	20	17	93	18	99	19	62	20	44	21	26	22	38	23	2	24	85	25	36	26	96	27	14	28	46	29	85
	0	8	1	68	2	4	3	9	4	81	5	34	6	1	7	89	8	61	9	1	10	36	11	39	12	50	13	34	14	45	15	99	16	77	17	65	18	55	19	62	20	12	21	75	22	70	23	79	24	99	25	99	26	10	27	20	28	49	29	70
	0	20	1	87	2	2	3	91	4	14	5	5	6	60	7	85	8	23	9	29	10	52	11	67	12	65	13	64	14	78	15	54	16	51	17	65	18	44	19	79	20	99	21	65	22	81	23	99	24	14	25	73	26	21	27	1	28	70	29	6
	0	69	1	50	2	82	3	69	4	77	5	32	6	70	7	94	8	37	9	83	10	44	11	87	12	34	13	9	14	71	15	72	16	19	17	49	18	91	19	5	20	9	21	16	22	3	23	6	24	16	25	26	26	34	27	39	28	57	29	11
	0	62	1	27	2	9	3	62	4	57	5	87	6	98	7	52	8	53	9	26	10	47	11	35	12	90	13	28	14	20	15	29	16	55	17	14	18	23	19	14	20	30	21	83	22	72	23	10	24	28	25	30	26	24	27	27	28	73	29	26
	0	30	1	83	2	45	3	4	4	68	5	39	6	100	7	59	8	49	9	8	10	55	11	90	12	20	13	26	14	69	15	30	16	94	17	82	18	80	19	34	20	89	21	71	22	65	23	23	24	53	25	99	26	45	27	18	28	7	29	51
	0	56	1	95	2	34	3	22	4	32	5	51	6	91	7	41	8	1	9	69	10	36	11	66	12	72	13	12	14	79	15	17	16	73	17	87	18	9	19	75	20	64	21	60	22	57	23	69	24	27	25	18	26	92	27	19	28	30	29	94
	0	63	1	21	2	90	3	21	4	32	5	85	6	97	7	66	8	68	9	56	10	81	11	65	12	83	13	86	14	11	15	59	16	45	17	44	18	75	19	6	20	90	21	64	22	83	23	15	24	17	25	82	26	81	27	21	28	50	29	10
	0	68	1	18	2	84	3	38	4	65	5	92	6	59	7	81	8	70	9	40	10	34	11	97	12	97	13	58	14	37	15	36	16	86	17	38	18	33	19	22	20	32	21	9	22	30	23	60	24	72	25	6	26	100	27	14	28	21	29	51
	0	6	1	13	2	51	3	90	4	57	5	78	6	54	7	14	8	20	9	71	10	39	11	51	12	69	13	4	14	35	15	24	16	62	17	81	18	17	19	91	20	54	21	41	22	83	23	31	24	95	25	23	26	23	27	32	28	85	29	91
	0	77	1	91	2	63	3	71	4	79	5	49	6	67	7	96	8	14	9	2	10	88	11	64	12	50	13	67	14	100	15	43	16	15	17	3	18	46	19	91	20	35	21	4	22	13	23	69	24	52	25	22	26	19	27	67	28	86	29	80
	0	95	1	69	2	11	3	88	4	41	5	27	6	61	7	74	8	92	9	22	10	83	11	89	12	10	13	26	14	7	15	44	16	97	17	9	18	92	19	98	20	94	21	34	22	76	23	99	24	12	25	48	26	43	27	45	28	8	29	54
	0	68	1	27	2	99	3	30	4	17	5	52	6	82	7	29	8	12	9	82	10	5	11	62	12	84	13	20	14	1	15	70	16	71	17	29	18	77	19	19	20	50	21	78	22	34	23	83	24	84	25	37	26	47	27	98	28	44	29	78
	0	38	1	100	2	35	3	37	4	11	5	80	6	24	7	58	8	48	9	22	10	57	11	29	12	76	13	100	14	19	15	56	16	47	17	64	18	63	19	56	20	1	21	22	22	10	23	74	24	12	25	11	26	14	27	20	28	11	29	17
	0	27	1	12	2	54	3	73	4	11	5	65	6	90	7	56	8	90	9	46	10	21	11	55	12	27	13	11	14	69	15	97	16	77	17	68	18	3	19	25	20	59	21	49	22	78	23	89	24	22	25	82	26	97	27	91	28	24	29	87
	0	89	1	78	2	44	3	53	4	72	5	92	6	77	7	54	8	42	9	17	10	10	11	18	12	4	13	80	14	61	15	62	16	45	17	87	18	28	19	46	20	96	21	22	22	95	23	22	24	58	25	20	26	72	27	63	28	75	29	1
	0	85	1	18	2	66	3	30	4	32	5	22	6	80	7	26	8	71	9	38	10	16	11	52	12	9	13	41	14	20	15	47	16	7	17	55	18	57	19	85	20	25	21	92	22	23	23	77	24	63	25	75	26	41	27	41	28	75	29	40
	0	55	1	18	2	70	3	30	4	18	5	100	6	11	7	51	8	33	9	98	10	91	11	37	12	8	13	76	14	46	15	47	16	12	17	11	18	19	19	3	20	57	21	81	22	2	23	20	24	50	25	62	26	13	27	100	28	68	29	4
	0	84	1	1	2	65	3	21	4	65	5	81	6	18	7	90	8	83	9	89	10	60	11	81	12	91	13	62	14	58	15	27	16	12	17	31	18	43	19	27	20	60	21	59	22	91	23	40	24	79	25	61	26	16	27	2	28	56	29	78
	0	28	1	89	2	80	3	100	4	53	5	91	6	62	7	67	8	35	9	81	10	32	11	98	12	57	13	100	14	83	15	13	16	53	17	75	18	33	19	51	20	97	21	50	22	2	23	12	24	99	25	4	26	58	27	60	28	28	29	72
	0	57	1	78	2	55	3	2	4	80	5	51	6	90	7	10	8	59	9	22	10	34	11	28	12	26	13	54	14	93	15	31	16	39	17	79	18	23	19	13	20	64	21	32	22	79	23	40	24	22	25	92	26	17	27	95	28	21	29	74
	0	63	1	100	2	39	3	57	4	28	5	73	6	31	7	36	8	64	9	64	10	64	11	22	12	71	13	64	14	16	15	47	16	6	17	4	18	85	19	37	20	45	21	61	22	97	23	60	24	13	25	56	26	7	27	68	28	79	29	6
	0	37	1	75	2	71	3	65	4	86	5	64	6	70	7	63	8	16	9	99	10	84	11	36	12	93	13	80	14	3	15	98	16	35	17	81	18	4	19	96	20	8	21	54	22	41	23	67	24	53	25	88	26	43	27	59	28	51	29	48
	0	9	1	12	2	54	3	50	4	69	5	96	6	37	7	34	8	53	9	56	10	48	11	48	12	81	13	14	14	68	15	47	16	79	17	15	18	99	19	74	20	65	21	40	22	51	23	87	24	79	25	4	26	88	27	30	28	35	29	13
	0	55	1	79	2	31	3	60	4	6	5	98	6	46	7	76	8	89	9	94	10	89	11	65	12	75	13	57	14	4	15	87	16	20	17	17	18	43	19	79	20	8	21	60	22	39	23	19	24	17	25	80	26	70	27	72	28	92	29	67
	0	73	1	81	2	30	3	47	4	63	5	76	6	7	7	35	8	63	9	39	10	98	11	57	12	40	13	28	14	76	15	61	16	26	17	45	18	87	19	18	20	36	21	27	22	42	23	83	24	46	25	66	26	63	27	67	28	73	29	99
	0	84	1	41	2	65	3	30	4	93	5	78	6	17	7	64	8	56	9	88	10	48	11	70	12	77	13	27	14	12	15	10	16	64	17	61	18	35	19	80	20	17	21	21	22	93	23	75	24	67	25	5	26	75	27	67	28	8	29	72
	0	91	1	37	2	20	3	61	4	35	5	27	6	69	7	34	8	1	9	100	10	35	11	1	12	1	13	6	14	98	15	98	16	54	17	2	18	84	19	22	20	44	21	85	22	63	23	35	24	46	25	16	26	30	27	100	28	85	29	61
	0	27	1	7	2	72	3	66	4	85	5	99	6	31	7	41	8	91	9	20	10	20	11	41	12	6	13	29	14	92	15	34	16	88	17	50	18	63	19	23	20	15	21	72	22	83	23	55	24	88	25	7	26	21	27	18	28	61	29	57
	0	8	1	37	2	51	3	72	4	10	5	93	6	100	7	89	8	18	9	44	10	1	11	78	12	72	13	18	14	16	15	43	16	62	17	94	18	35	19	54	20	81	21	17	22	68	23	6	24	5	25	86	26	61	27	24	28	38	29	26
	0	74	1	78	2	43	3	34	4	72	5	59	6	45	7	50	8	17	9	33	10	84	11	7	12	47	13	89	14	50	15	39	16	95	17	28	18	21	19	79	20	83	21	71	22	94	23	56	24	86	25	79	26	82	27	77	28	60	29	12
	0	16	1	61	2	63	3	80	4	63	5	44	6	39	7	46	8	60	9	98	10	22	11	93	12	36	13	4	14	86	15	73	16	45	17	90	18	55	19	83	20	51	21	30	22	34	23	49	24	34	25	37	26	47	27	12	28	7	29	27
	0	70	1	36	2	66	3	22	4	8	5	94	6	7	7	13	8	56	9	2	10	85	11	22	12	32	13	99	14	1	15	11	16	82	17	90	18	42	19	33	20	91	21	20	22	3	23	43	24	49	25	27	26	79	27	86	28	60	29	91
	0	91	1	38	2	85	3	99	4	95	5	83	6	70	7	64	8	88	9	35	10	89	11	85	12	96	13	36	14	98	15	42	16	28	17	4	18	7	19	39	20	20	21	5	22	81	23	66	24	99	25	63	26	46	27	30	28	51	29	52
	0	66	1	65	2	68	3	11	4	6	5	45	6	6	7	97	8	94	9	50	10	87	11	56	12	58	13	42	14	12	15	77	16	5	17	78	18	85	19	62	20	42	21	57	22	55	23	20	24	86	25	63	26	31	27	89	28	99	29	76
	0	19	1	13	2	42	3	46	4	91	5	52	6	42	7	57	8	98	9	90	10	6	11	24	12	57	13	76	14	45	15	7	16	100	17	13	18	68	19	27	20	59	21	65	22	73	23	20	24	18	25	70	26	48	27	64	28	61	29	69
	0	43	1	69	2	95	3	75	4	96	5	13	6	35	7	66	8	9	9	54	10	64	11	68	12	17	13	73	14	21	15	44	16	85	17	5	18	70	19	35	20	37	21	74	22	61	23	95	24	98	25	45	26	74	27	24	28	95	29	40
	0	21	1	4	2	69	3	4	4	39	5	66	6	67	7	6	8	92	9	60	10	32	11	98	12	92	13	11	14	18	15	99	16	70	17	63	18	75	19	51	20	79	21	63	22	94	23	67	24	18	25	34	26	18	27	85	28	86	29	24
	0	36	1	72	2	16	3	46	4	27	5	64	6	54	7	44	8	30	9	30	10	78	11	44	12	44	13	87	14	67	15	77	16	86	17	16	18	68	19	84	20	67	21	46	22	28	23	42	24	55	25	19	26	82	27	68	28	47	29	36
	0	10	1	93	2	62	3	59	4	17	5	100	6	22	7	22	8	89	9	94	10	90	11	56	12	27	13	28	14	84	15	61	16	68	17	100	18	80	19	54	20	49	21	12	22	72	23	84	24	65	25	43	26	66	27	6	28	20	29	84
	0	2	1	30	2	97	3	27	4	49	5	12	6	69	7	21	8	20	9	38	10	40	11	25	12	88	13	17	14	93	15	25	16	1	17	96	18	69	19	91	20	39	21	56	22	16	23	5	24	60	25	45	26	80	27	66	28	9	29	67
	0	24	1	68	2	10	3	39	4	95	5	100	6	53	7	56	8	85	9	15	10	44	11	64	12	46	13	75	14	95	15	9	16	53	17	47	18	50	19	9	20	41	21	38	22	89	23	79	24	44	25	69	26	56	27	98	28	13	29	36
	0	97	1	9	2	3	3	10	4	6	5	73	6	47	7	63	8	15	9	29	10	50	11	42	12	74	13	38	14	92	15	6	16	16	17	96	18	1	19	10	20	95	21	56	22	48	23	3	24	35	25	94	26	76	27	64	28	44	29	3
	0	45	1	5	2	76	3	100	4	90	5	1	6	34	7	83	8	91	9	44	10	58	11	87	12	19	13	12	14	48	15	90	16	8	17	10	18	89	19	1	20	53	21	31	22	8	23	30	24	52	25	28	26	68	27	88	28	27	29	1
	0	68	1	9	2	5	3	50	4	25	5	72	6	33	7	35	8	42	9	59	10	59	11	45	12	89	13	95	14	15	15	85	16	62	17	36	18	71	19	1	20	84	21	17	22	46	23	28	24	67	25	67	26	8	27	29	28	60	29	60
	0	83	1	43	2	27	3	52	4	67	5	77	6	57	7	21	8	5	9	4	10	90	11	28	12	81	13	48	14	96	15	36	16	35	17	76	18	70	19	85	20	2	21	25	22	3	23	95	24	37	25	22	26	60	27	38	28	67	29	100
	0	65	1	22	2	99	3	3	4	78	5	58	6	49	7	17	8	15	9	10	10	98	11	5	12	42	13	57	14	80	15	9	16	51	17	5	18	44	19	50	20	84	21	31	22	66	23	49	24	85	25	53	26	1	27	32	28	81	29	55
	0	76	1	12	2	23	3	4	4	100	5	47	6	37	7	43	8	15	9	29	10	77	11	63	12	24	13	34	14	74	15	54	16	76	17	60	18	8	19	12	20	77	21	22	22	72	23	59	24	77	25	71	26	96	27	75	28	36	29	84
	0	34	1	70	2	78	3	10	4	54	5	45	6	82	7	93	8	78	9	12	10	75	11	96	12	54	13	68	14	13	15	92	16	66	17	62	18	82	19	14	20	4	21	81	22	40	23	62	24	64	25	44	26	90	27	14	28	40	29	6
	0	59	1	1	2	29	3	72	4	8	5	18	6	61	7	3	8	12	9	9	10	31	11	57	12	83	13	29	14	89	15	79	16	21	17	77	18	8	19	68	20	9	21	55	22	60	23	49	24	11	25	87	26	42	27	49	28	9	29	27
	0	50	1	55	2	9	3	9	4	83	5	90	6	99	7	36	8	32	9	47	10	25	11	15	12	87	13	61	14	40	15	68	16	57	17	13	18	18	19	93	20	97	21	94	22	63	23	47	24	78	25	68	26	35	27	69	28	52	29	24
	0	81	1	85	2	94	3	97	4	43	5	36	6	24	7	92	8	80	9	40	10	34	11	61	12	30	13	83	14	91	15	96	16	90	17	75	18	67	19	51	20	98	21	42	22	38	23	2	24	42	25	29	26	44	27	4	28	30	29	32
	0	92	1	12	2	98	3	92	4	72	5	70	6	39	7	11	8	84	9	86	10	72	11	83	12	21	13	43	14	3	15	36	16	48	17	23	18	25	19	41	20	61	21	39	22	76	23	30	24	44	25	96	26	43	27	18	28	26	29	37
	0	83	1	49	2	22	3	43	4	100	5	76	6	16	7	77	8	97	9	66	10	6	11	17	12	96	13	94	14	28	15	4	16	91	17	51	18	20	19	91	20	81	21	85	22	14	23	84	24	84	25	63	26	36	27	14	28	58	29	7
	0	77	1	62	2	52	3	45	4	58	5	35	6	70	7	93	8	94	9	83	10	34	11	32	12	40	13	71	14	64	15	81	16	71	17	72	18	13	19	52	20	29	21	38	22	38	23	49	24	31	25	62	26	77	27	49	28	41	29	38
	0	72	1	64	2	29	3	85	4	64	5	99	6	74	7	98	8	37	9	25	10	2	11	19	12	92	13	44	14	43	15	72	16	85	17	24	18	52	19	85	20	57	21	19	22	51	23	93	24	23	25	5	26	54	27	8	28	29	29	98
	0	97	1	85	2	67	3	36	4	100	5	30	6	19	7	40	8	3	9	28	10	75	11	82	12	73	13	80	14	28	15	37	16	79	17	83	18	64	19	84	20	54	21	99	22	80	23	81	24	24	25	73	26	9	27	49	28	55	29	26
	0	35	1	22	2	48	3	14	4	20	5	46	6	90	7	33	8	84	9	46	10	33	11	12	12	3	13	98	14	71	15	23	16	23	17	48	18	22	19	8	20	100	21	95	22	43	23	81	24	12	25	19	26	40	27	83	28	12	29	6
	0	40	1	79	2	10	3	34	4	44	5	22	6	4	7	91	8	81	9	43	10	99	11	52	12	13	13	25	14	87	15	35	16	93	17	72	18	78	19	16	20	53	21	86	22	89	23	71	24	68	25	14	26	52	27	65	28	50	29	19
	0	95	1	24	2	46	3	98	4	90	5	47	6	47	7	45	8	86	9	48	10	38	11	26	12	72	13	39	14	47	15	33	16	37	17	82	18	68	19	13	20	12	21	82	22	60	23	100	24	20	25	1	26	60	27	94	28	69	29	6
	0	65	1	64	2	66	3	81	4	47	5	76	6	30	7	78	8	23	9	57	10	28	11	69	12	10	13	59	14	83	15	44	16	100	17	87	18	8	19	54	20	60	21	96	22	67	23	86	24	39	25	68	26	79	27	49	28	35	29	31
	0	3	1	75	2	52	3	92	4	78	5	81	6	44	7	72	8	6	9	44	10	48	11	73	12	90	13	83	14	28	15	35	16	83	17	53	18	93	19	32	20	2	21	92	22	63	23	37	24	4	25	72	26	96	27	49	28	47	29	57
	0	90	1	51	2	64	3	61	4	35	5	65	6	30	7	53	8	76	9	6	10	15	11	65	12	5	13	47	14	24	15	94	16	5	17	61	18	91	19	5	20	3	21	99	22	63	23	64	24	6	25	15	26	4	27	85	28	41	29	41
	0	1	1	45	2	5	3	91	4	32	5	3	6	97	7	35	8	65	9	53	10	11	11	65	12	73	13	61	14	85	15	70	16	81	17	85	18	39	19	56	20	97	21	88	22	67	23	9	24	84	25	66	26	51	27	71	28	70	29	73
	0	96	1	81	2	11	3	7	4	43	5	4	6	57	7	92	8	79	9	40	10	72	11	65	12	53	13	99	14	16	15	54	16	86	17	74	18	3	19	14	20	8	21	57	22	63	23	45	24	81	25	71	26	2	27	19	28	90	29	13
	0	22	1	81	2	87	3	45	4	45	5	15	6	49	7	58	8	62	9	69	10	79	11	12	12	86	13	98	14	37	15	21	16	4	17	69	18	16	19	29	20	30	21	16	22	75	23	12	24	19	25	69	26	97	27	85	28	98	29	70
	0	51	1	13	2	4	3	61	4	50	5	47	6	65	7	17	8	53	9	32	10	36	11	28	12	53	13	67	14	86	15	88	16	31	17	9	18	12	19	30	20	88	21	45	22	97	23	3	24	84	25	82	26	68	27	3	28	24	29	38
	0	99	1	93	2	92	3	4	4	79	5	64	6	28	7	41	8	28	9	38	10	66	11	21	12	42	13	15	14	15	15	15	16	98	17	99	18	35	19	7	20	39	21	65	22	26	23	69	24	35	25	62	26	65	27	46	28	80	29	45
	0	30	1	7	2	80	3	90	4	8	5	87	6	29	7	41	8	72	9	21	10	87	11	80	12	82	13	35	14	11	15	27	16	38	17	51	18	92	19	18	20	83	21	18	22	3	23	2	24	58	25	91	26	68	27	58	28	26	29	94
	0	97	1	42	2	42	3	59	4	57	5	89	6	22	7	24	8	57	9	48	10	42	11	19	12	90	13	19	14	79	15	97	16	46	17	11	18	50	19	61	20	84	21	62	22	43	23	15	24	43	25	71	26	23	27	36	28	17	29	33
	0	63	1	31	2	33	3	92	4	42	5	49	6	94	7	43	8	92	9	42	10	88	11	41	12	4	13	6	14	81	15	11	16	15	17	42	18	19	19	69	20	39	21	20	22	34	23	74	24	13	25	31	26	17	27	4	28	66	29	70
	0	99	1	4	2	51	3	76	4	70	5	47	6	73	7	21	8	99	9	33	10	10	11	33	12	66	13	76	14	33	15	92	16	97	17	88	18	35	19	23	20	73	21	50	22	51	23	91	24	49	25	22	26	25	27	65	28	4	29	34
	0	41	1	98	2	25	3	65	4	49	5	62	6	60	7	10	8	32	9	8	10	27	11	66	12	99	13	53	14	54	15	12	16	10	17	26	18	74	19	55	20	63	21	5	22	21	23	60	24	88	25	28	26	80	27	2	28	44	29	78
	0	5	1	95	2	9	3	64	4	1	5	88	6	100	7	37	8	27	9	33	10	78	11	32	12	76	13	76	14	15	15	20	16	37	17	11	18	27	19	97	20	41	21	98	22	8	23	66	24	46	25	52	26	12	27	71	28	24	29	36
	0	69	1	98	2	38	3	25	4	39	5	50	6	30	7	19	8	27	9	61	10	64	11	23	12	24	13	6	14	92	15	24	16	47	17	18	18	21	19	34	20	80	21	32	22	22	23	77	24	61	25	100	26	3	27	32	28	40	29	53
	0	25	1	72	2	30	3	15	4	44	5	61	6	9	7	79	8	8	9	83	10	39	11	10	12	36	13	36	14	45	15	29	16	64	17	95	18	18	19	95	20	30	21	45	22	77	23	99	24	36	25	30	26	95	27	14	28	14	29	58
	0	51	1	93	2	68	3	86	4	90	5	83	6	83	7	41	8	2	9	12	10	29	11	81	12	26	13	73	14	77	15	81	16	69	17	91	18	27	19	5	20	82	21	62	22	10	23	9	24	30	25	1	26	1	27	70	28	68	29	30
	0	76	1	40	2	76	3	100	4	87	5	79	6	46	7	21	8	36	9	9	10	11	11	48	12	80	13	89	14	62	15	54	16	91	17	18	18	85	19	71	20	62	21	92	22	27	23	95	24	27	25	93	26	61	27	84	28	25	29	88
	0	20	1	83	2	52	3	39	4	10	5	73	6	60	7	80	8	26	9	12	10	4	11	5	12	37	13	27	14	44	15	62	16	1	17	70	18	53	19	59	20	40	21	36	22	95	23	23	24	73	25	34	26	67	27	66	28	100	29	32
	0	15	1	51	2	72	3	23	4	77	5	66	6	2	7	98	8	11	9	43	10	92	11	3	12	9	13	74	14	88	15	28	16	1	17	29	18	83	19	52	20	8	21	68	22	36	23	43	24	97	25	92	26	74	27	83	28	37	29	96
	0	82	1	67	2	72	3	2	4	30	5	13	6	56	7	87	8	60	9	51	10	8	11	50	12	40	13	4	14	91	15	62	16	79	17	66	18	23	19	97	20	29	21	47	22	72	23	58	24	37	25	38	26	84	27	18	28	15	29	8
	0	62	1	57	2	54	3	51	4	93	5	61	6	82	7	30	8	66	9	17	10	48	11	99	12	66	13	10	14	96	15	90	16	13	17	16	18	35	19	99	20	81	21	50	22	45	23	14	24	30	25	97	26	60	27	56	28	18	29	48
	0	16	1	43	2	92	3	20	4	68	5	85	6	69	7	26	8	99	9	67	10	52	11	22	12	92	13	96	14	43	15	56	16	21	17	1	18	57	19	85	20	87	21	23	22	38	23	48	24	17	25	25	26	38	27	2	28	84	29	20
	0	5	1	54	2	29	3	83	4	92	5	60	6	83	7	9	8	88	9	69	10	34	11	29	12	30	13	22	14	71	15	84	16	45	17	49	18	7	19	39	20	25	21	19	22	74	23	70	24	55	25	27	26	15	27	71	28	24	29	43
	0	44	1	44	2	100	3	35	4	37	5	89	6	50	7	54	8	70	9	2	10	32	11	40	12	24	13	36	14	88	15	87	16	25	17	97	18	22	19	78	20	82	21	71	22	42	23	70	24	44	25	16	26	86	27	100	28	92	29	51
	0	83	1	40	2	32	3	29	4	98	5	18	6	58	7	84	8	76	9	79	10	2	11	82	12	79	13	66	14	88	15	22	16	81	17	39	18	50	19	56	20	69	21	57	22	3	23	29	24	49	25	92	26	51	27	73	28	83	29	57
	0	84	1	83	2	83	3	68	4	99	5	67	6	44	7	56	8	43	9	56	10	96	11	14	12	66	13	6	14	2	15	49	16	28	17	35	18	38	19	51	20	2	21	71	22	26	23	26	24	62	25	7	26	10	27	39	28	59	29	91
	0	89	1	64	2	9	3	95	4	61	5	49	6	54	7	38	8	25	9	26	10	73	11	58	12	60	13	41	14	52	15	70	16	69	17	69	18	29	19	37	20	54	21	48	22	92	23	43	24	80	25	53	26	84	27	65	28	9	29	69
	0	39	1	63	2	48	3	64	4	69	5	33	6	24	7	59	8	63	9	11	10	75	11	36	12	66	13	6	14	36	15	41	16	60	17	10	18	44	19	82	20	59	21	3	22	100	23	7	24	91	25	59	26	62	27	31	28	25	29	27
	0	51	1	39	2	67	3	17	4	95	5	76	6	48	7	54	8	51	9	27	10	50	11	44	12	74	13	17	14	69	15	81	16	15	17	99	18	97	19	99	20	86	21	20	22	69	23	25	24	11	25	56	26	28	27	99	28	48	29	82
	0	76	1	79	2	59	3	10	4	32	5	23	6	62	7	96	8	12	9	30	10	90	11	30	12	98	13	85	14	44	15	27	16	64	17	27	18	5	19	1	20	78	21	52	22	49	23	93	24	91	25	5	26	98	27	75	28	87	29	29
	0	61	1	52	2	59	3	73	4	79	5	42	6	26	7	89	8	75	9	97	10	12	11	48	12	60	13	100	14	45	15	70	16	57	17	53	18	65	19	52	20	36	21	33	22	27	23	20	24	84	25	87	26	42	27	63	28	38	29	94
	0	13	1	4	2	67	3	15	4	31	5	25	6	75	7	98	8	53	9	61	10	57	11	27	12	79	13	7	14	49	15	18	16	90	17	25	18	26	19	6	20	19	21	29	22	59	23	83	24	74	25	96	26	34	27	63	28	21	29	31
	0	81	1	97	2	6	3	70	4	80	5	71	6	78	7	14	8	33	9	44	10	21	11	25	12	26	13	12	14	30	15	23	16	16	17	17	18	88	19	64	20	12	21	25	22	6	23	94	24	44	25	43	26	57	27	9	28	41	29	61
	0	9	1	55	2	46	3	18	4	27	5	61	6	57	7	47	8	24	9	84	10	59	11	44	12	48	13	7	14	95	15	55	16	63	17	24	18	92	19	84	20	52	21	90	22	20	23	74	24	39	25	49	26	82	27	4	28	24	29	29
	0	39	1	96	2	71	3	95	4	23	5	42	6	93	7	100	8	100	9	96	10	21	11	43	12	78	13	67	14	59	15	71	16	72	17	33	18	58	19	51	20	76	21	54	22	54	23	97	24	2	25	46	26	63	27	57	28	85	29	60
	0	29	1	65	2	61	3	59	4	55	5	27	6	72	7	8	8	78	9	99	10	60	11	98	12	56	13	62	14	37	15	82	16	88	17	20	18	60	19	3	20	79	21	62	22	37	23	16	24	21	25	67	26	53	27	58	28	56	29	48
	0	83	1	4	2	33	3	65	4	31	5	21	6	91	7	38	8	22	9	5	10	15	11	59	12	29	13	59	14	50	15	77	16	3	17	59	18	75	19	96	20	58	21	95	22	73	23	27	24	18	25	10	26	41	27	69	28	15	29	55
	0	29	1	15	2	29	3	34	4	6	5	15	6	71	7	25	8	92	9	32	10	76	11	72	12	95	13	71	14	46	15	13	16	54	17	88	18	62	19	70	20	69	21	80	22	61	23	19	24	70	25	31	26	28	27	27	28	59	29	64
	0	75	1	8	2	26	3	15	4	94	5	48	6	27	7	42	8	99	9	93	10	53	11	24	12	3	13	3	14	66	15	14	16	96	17	19	18	54	19	59	20	23	21	90	22	28	23	93	24	58	25	59	26	81	27	72	28	48	29	11
	0	76	1	100	2	64	3	16	4	25	5	67	6	72	7	46	8	79	9	10	10	27	11	24	12	53	13	46	14	45	15	40	16	35	17	57	18	9	19	62	20	69	21	18	22	11	23	93	24	14	25	95	26	33	27	77	28	1	29	64
	0	30	1	54	2	52	3	17	4	60	5	2	6	33	7	59	8	74	9	28	10	58	11	23	12	61	13	92	14	55	15	42	16	13	17	80	18	64	19	56	20	60	21	57	22	48	23	57	24	76	25	58	26	1	27	84	28	68	29	11
	0	10	1	33	2	96	3	5	4	6	5	40	6	86	7	18	8	95	9	38	10	34	11	97	12	64	13	25	14	5	15	48	16	1	17	72	18	90	19	69	20	77	21	60	22	69	23	42	24	76	25	32	26	85	27	61	28	68	29	97
	0	36	1	76	2	66	3	20	4	37	5	60	6	13	7	85	8	10	9	41	10	84	11	17	12	5	13	58	14	6	15	97	16	57	17	22	18	19	19	8	20	27	21	6	22	53	23	2	24	2	25	82	26	70	27	64	28	27	29	84
	0	4	1	11	2	10	3	62	4	15	5	80	6	16	7	69	8	7	9	59	10	45	11	76	12	10	13	75	14	61	15	16	16	100	17	60	18	9	19	16	20	19	21	38	22	47	23	40	24	29	25	9	26	69	27	71	28	78	29	36
	0	11	1	7	2	4	3	42	4	55	5	38	6	81	7	82	8	66	9	32	10	79	11	55	12	49	13	52	14	11	15	52	16	96	17	79	18	71	19	76	20	52	21	13	22	94	23	61	24	43	25	73	26	100	27	93	28	27	29	27
	0	82	1	97	2	66	3	15	4	70	5	45	6	32	7	48	8	74	9	10	10	90	11	1	12	79	13	57	14	27	15	27	16	63	17	54	18	24	19	55	20	52	21	42	22	69	23	69	24	20	25	95	26	78	27	58	28	20	29	58
	0	78	1	96	2	99	3	60	4	42	5	91	6	16	7	13	8	98	9	12	10	86	11	59	12	60	13	82	14	12	15	36	16	28	17	85	18	72	19	50	20	80	21	56	22	82	23	98	24	39	25	19	26	54	27	67	28	85	29	100
	0	99	1	95	2	68	3	49	4	75	5	1	6	7	7	23	8	59	9	80	10	6	11	29	12	93	13	43	14	21	15	28	16	45	17	54	18	47	19	36	20	76	21	74	22	18	23	94	24	10	25	21	26	36	27	74	28	37	29	21
	0	69	1	56	2	6	3	86	4	91	5	85	6	91	7	60	8	53	9	97	10	27	11	16	12	2	13	72	14	50	15	85	16	86	17	47	18	99	19	63	20	23	21	17	22	48	23	23	24	15	25	81	26	92	27	28	28	32	29	21
	0	94	1	14	2	2	3	32	4	68	5	100	6	82	7	30	8	61	9	42	10	89	11	4	12	54	13	35	14	29	15	91	16	99	17	25	18	40	19	98	20	55	21	100	22	41	23	92	24	93	25	58	26	64	27	34	28	91	29	74
	0	90	1	23	2	32	3	17	4	30	5	88	6	68	7	96	8	25	9	36	10	30	11	15	12	47	13	35	14	83	15	84	16	25	17	15	18	64	19	16	20	36	21	91	22	51	23	96	24	32	25	51	26	47	27	6	28	83	29	68
	0	78	1	53	2	72	3	21	4	40	5	17	6	68	7	36	8	50	9	23	10	49	11	80	12	78	13	13	14	77	15	81	16	64	17	55	18	23	19	46	20	49	21	27	22	1	23	87	24	84	25	66	26	72	27	9	28	83	29	56
	0	8	1	3	2	33	3	99	4	34	5	33	6	90	7	12	8	99	9	37	10	13	11	18	12	26	13	67	14	17	15	32	16	51	17	38	18	55	19	74	20	52	21	65	22	43	23	39	24	29	25	100	26	7	27	20	28	82	29	11
	0	2	1	62	2	94	3	59	4	43	5	86	6	27	7	52	8	38	9	17	10	80	11	6	12	14	13	7	14	76	15	29	16	92	17	33	18	60	19	1	20	23	21	9	22	35	23	28	24	20	25	46	26	85	27	94	28	31	29	51
	0	29	1	26	2	41	3	42	4	19	5	56	6	2	7	24	8	97	9	47	10	21	11	58	12	37	13	8	14	70	15	5	16	63	17	24	18	79	19	41	20	16	21	66	22	40	23	66	24	93	25	70	26	31	27	59	28	6	29	87
	0	27	1	45	2	24	3	51	4	70	5	78	6	80	7	18	8	14	9	65	10	86	11	66	12	61	13	77	14	64	15	61	16	53	17	16	18	96	19	36	20	89	21	44	22	51	23	34	24	89	25	91	26	38	27	100	28	16	29	2
	0	97	1	45	2	21	3	76	4	24	5	7	6	88	7	15	8	94	9	69	10	88	11	99	12	31	13	31	14	62	15	31	16	29	17	33	18	95	19	35	20	29	21	77	22	65	23	96	24	19	25	4	26	59	27	69	28	82	29	4
	0	94	1	12	2	35	3	89	4	99	5	7	6	31	7	45	8	32	9	64	10	100	11	36	12	44	13	54	14	65	15	43	16	9	17	89	18	67	19	44	20	85	21	44	22	63	23	85	24	84	25	14	26	92	27	78	28	48	29	22
	0	29	1	46	2	68	3	42	4	67	5	89	6	3	7	89	8	94	9	41	10	68	11	99	12	54	13	47	14	7	15	99	16	15	17	78	18	71	19	34	20	87	21	67	22	69	23	14	24	44	25	22	26	53	27	78	28	63	29	60
	0	59	1	14	2	79	3	65	4	23	5	56	6	9	7	69	8	35	9	65	10	5	11	96	12	97	13	58	14	35	15	30	16	11	17	41	18	5	19	88	20	2	21	66	22	64	23	25	24	53	25	6	26	61	27	81	28	15	29	35
	0	45	1	55	2	7	3	45	4	29	5	77	6	29	7	36	8	49	9	2	10	52	11	63	12	3	13	41	14	51	15	43	16	43	17	16	18	98	19	26	20	53	21	4	22	36	23	95	24	47	25	93	26	99	27	69	28	51	29	79
	0	44	1	94	2	73	3	69	4	11	5	58	6	69	7	76	8	36	9	74	10	45	11	14	12	72	13	4	14	71	15	30	16	97	17	21	18	96	19	38	20	17	21	39	22	73	23	31	24	90	25	48	26	53	27	97	28	26	29	43
	0	95	1	59	2	46	3	27	4	1	5	11	6	100	7	31	8	86	9	30	10	78	11	80	12	24	13	83	14	67	15	96	16	38	17	47	18	32	19	22	20	33	21	30	22	26	23	4	24	74	25	52	26	66	27	65	28	71	29	16
	0	14	1	54	2	20	3	92	4	63	5	72	6	3	7	90	8	11	9	83	10	62	11	86	12	73	13	75	14	85	15	37	16	71	17	35	18	79	19	99	20	88	21	40	22	14	23	27	24	90	25	86	26	59	27	26	28	45	29	100
	0	58	1	78	2	97	3	21	4	97	5	75	6	66	7	31	8	74	9	18	10	87	11	72	12	73	13	65	14	20	15	95	16	97	17	57	18	73	19	9	20	13	21	23	22	30	23	34	24	18	25	67	26	82	27	86	28	29	29	89
	0	96	1	22	2	44	3	66	4	71	5	49	6	44	7	33	8	61	9	69	10	28	11	7	12	81	13	96	14	92	15	68	16	2	17	92	18	97	19	74	20	21	21	92	22	5	23	79	24	54	25	27	26	47	27	88	28	83	29	45
	0	79	1	53	2	66	3	12	4	27	5	13	6	85	7	33	8	24	9	14	10	87	11	16	12	2	13	73	14	51	15	90	16	86	17	69	18	84	19	28	20	97	21	73	22	20	23	50	24	64	25	57	26	90	27	4	28	21	29	30
	0	81	1	45	2	99	3	7	4	88	5	67	6	78	7	1	8	49	9	57	10	43	11	95	12	15	13	65	14	51	15	30	16	66	17	29	18	18	19	20	20	14	21	83	22	74	23	89	24	32	25	36	26	48	27	72	28	2	29	17
	0	80	1	35	2	72	3	5	4	74	5	16	6	75	7	98	8	35	9	69	10	31	11	94	12	56	13	81	14	49	15	74	16	51	17	97	18	1	19	28	20	47	21	51	22	24	23	49	24	79	25	8	26	81	27	93	28	56	29	64
	0	83	1	81	2	86	3	47	4	62	5	84	6	86	7	22	8	26	9	29	10	9	11	2	12	56	13	6	14	61	15	100	16	26	17	65	18	99	19	93	20	40	21	39	22	26	23	66	24	26	25	33	26	33	27	69	28	43	29	52
	0	34	1	3	2	63	3	74	4	19	5	10	6	62	7	79	8	10	9	45	10	20	11	99	12	80	13	40	14	6	15	45	16	2	17	10	18	15	19	23	20	10	21	38	22	72	23	55	24	4	25	47	26	19	27	55	28	24	29	60
	0	56	1	34	2	74	3	83	4	3	5	38	6	83	7	71	8	92	9	27	10	19	11	78	12	21	13	60	14	99	15	74	16	21	17	51	18	67	19	93	20	19	21	99	22	22	23	55	24	97	25	7	26	25	27	54	28	80	29	49
	0	16	1	25	2	14	3	50	4	14	5	25	6	96	7	82	8	99	9	78	10	79	11	4	12	78	13	94	14	74	15	78	16	86	17	46	18	1	19	53	20	91	21	59	22	74	23	7	24	93	25	67	26	21	27	67	28	29	29	20
	0	73	1	65	2	37	3	56	4	70	5	97	6	34	7	77	8	70	9	76	10	9	11	80	12	60	13	26	14	50	15	41	16	9	17	36	18	33	19	50	20	1	21	70	22	54	23	44	24	47	25	24	26	99	27	100	28	59	29	42
	0	50	1	57	2	43	3	66	4	90	5	96	6	34	7	64	8	62	9	13	10	83	11	55	12	77	13	29	14	77	15	45	16	94	17	44	18	36	19	26	20	1	21	30	22	36	23	10	24	81	25	11	26	39	27	92	28	39	29	81
	0	33	1	82	2	19	3	53	4	16	5	27	6	47	7	43	8	73	9	28	10	71	11	35	12	28	13	18	14	85	15	78	16	81	17	55	18	60	19	3	20	49	21	60	22	23	23	84	24	77	25	68	26	42	27	48	28	84	29	18
	0	31	1	39	2	73	3	74	4	61	5	74	6	5	7	41	8	50	9	44	10	13	11	55	12	79	13	70	14	30	15	28	16	36	17	80	18	32	19	89	20	98	21	98	22	27	23	58	24	99	25	60	26	53	27	31	28	54	29	73
	0	49	1	72	2	13	3	2	4	17	5	45	6	96	7	59	8	2	9	12	10	10	11	99	12	38	13	100	14	49	15	72	16	48	17	13	18	55	19	91	20	96	21	17	22	50	23	82	24	29	25	59	26	4	27	58	28	53	29	73
	0	76	1	26	2	32	3	89	4	45	5	4	6	10	7	60	8	41	9	28	10	84	11	58	12	11	13	57	14	90	15	8	16	90	17	22	18	71	19	63	20	84	21	69	22	47	23	49	24	57	25	87	26	97	27	13	28	80	29	30
	0	21	1	57	2	15	3	77	4	67	5	65	6	5	7	77	8	6	9	25	10	8	11	73	12	10	13	14	14	5	15	21	16	66	17	11	18	56	19	27	20	24	21	35	22	90	23	73	24	69	25	36	26	50	27	19	28	57	29	85
	0	39	1	78	2	61	3	38	4	23	5	22	6	18	7	65	8	93	9	56	10	67	11	83	12	2	13	67	14	22	15	26	16	16	17	46	18	25	19	32	20	46	21	20	22	63	23	47	24	55	25	64	26	51	27	65	28	61	29	64
	0	17	1	56	2	66	3	59	4	33	5	56	6	97	7	82	8	82	9	14	10	28	11	77	12	60	13	17	14	26	15	56	16	44	17	56	18	38	19	36	20	81	21	83	22	5	23	63	24	76	25	83	26	86	27	3	28	91	29	63
	0	13	1	82	2	69	3	17	4	14	5	76	6	56	7	43	8	78	9	7	10	91	11	3	12	51	13	78	14	64	15	50	16	77	17	65	18	85	19	79	20	33	21	49	22	6	23	64	24	22	25	41	26	87	27	92	28	7	29	54
	0	95	1	97	2	27	3	10	4	86	5	76	6	7	7	90	8	7	9	19	10	55	11	71	12	8	13	86	14	22	15	99	16	63	17	41	18	47	19	94	20	34	21	83	22	38	23	93	24	32	25	65	26	32	27	69	28	50	29	83
	0	64	1	83	2	77	3	74	4	17	5	62	6	26	7	55	8	39	9	8	10	20	11	92	12	60	13	76	14	29	15	82	16	21	17	80	18	49	19	92	20	26	21	20	22	65	23	73	24	55	25	29	26	46	27	63	28	17	29	86
	0	52	1	33	2	22	3	56	4	58	5	36	6	95	7	29	8	27	9	89	10	76	11	92	12	87	13	61	14	72	15	50	16	83	17	74	18	51	19	64	20	22	21	40	22	95	23	97	24	33	25	67	26	60	27	67	28	94	29	27
	0	2	1	60	2	14	3	82	4	68	5	41	6	67	7	69	8	66	9	77	10	13	11	28	12	51	13	54	14	58	15	13	16	14	17	49	18	32	19	9	20	31	21	96	22	92	23	66	24	34	25	55	26	78	27	94	28	98	29	72
	0	80	1	14	2	58	3	82	4	89	5	33	6	9	7	9	8	41	9	94	10	31	11	50	12	88	13	34	14	72	15	59	16	41	17	24	18	54	19	53	20	70	21	97	22	5	23	21	24	73	25	85	26	15	27	2	28	21	29	2
	0	85	1	59	2	66	3	69	4	2	5	74	6	64	7	55	8	71	9	30	10	26	11	75	12	87	13	69	14	41	15	86	16	12	17	21	18	1	19	59	20	7	21	71	22	26	23	13	24	32	25	86	26	90	27	54	28	10	29	20
	0	67	1	50	2	6	3	93	4	72	5	27	6	95	7	80	8	56	9	79	10	1	11	79	12	73	13	10	14	27	15	29	16	42	17	76	18	18	19	9	20	61	21	74	22	32	23	37	24	59	25	97	26	97	27	40	28	73	29	69
	0	81	1	69	2	2	3	11	4	17	5	92	6	74	7	13	8	44	9	75	10	19	11	1	12	67	13	29	14	44	15	41	16	36	17	4	18	45	19	9	20	6	21	40	22	4	23	11	24	35	25	13	26	63	27	51	28	2	29	33
	0	64	1	64	2	89	3	86	4	97	5	74	6	45	7	26	8	7	9	38	10	3	11	57	12	36	13	81	14	56	15	57	16	6	17	46	18	97	19	44	20	86	21	5	22	64	23	86	24	67	25	3	26	64	27	86	28	63	29	42
	0	68	1	18	2	8	3	12	4	89	5	84	6	5	7	39	8	86	9	17	10	66	11	5	12	67	13	52	14	24	15	44	16	77	17	40	18	37	19	44	20	89	21	76	22	85	23	97	24	47	25	68	26	49	27	72	28	15	29	70
	0	18	1	1	2	41	3	47	4	61	5	26	6	32	7	52	8	62	9	24	10	8	11	36	12	99	13	6	14	82	15	14	16	35	17	77	18	57	19	58	20	19	21	91	22	84	23	1	24	44	25	35	26	83	27	59	28	2	29	27
	0	30	1	7	2	20	3	24	4	82	5	77	6	85	7	58	8	62	9	58	10	85	11	58	12	48	13	8	14	16	15	19	16	34	17	20	18	50	19	33	20	46	21	91	22	44	23	84	24	50	25	100	26	48	27	79	28	69	29	85
	0	40	1	70	2	93	3	62	4	93	5	70	6	76	7	63	8	52	9	99	10	21	11	43	12	76	13	85	14	14	15	10	16	84	17	16	18	57	19	77	20	85	21	28	22	13	23	22	24	12	25	58	26	52	27	29	28	64	29	6
	0	73	1	21	2	34	3	88	4	37	5	32	6	94	7	62	8	28	9	63	10	40	11	78	12	46	13	27	14	20	15	63	16	82	17	67	18	25	19	53	20	31	21	17	22	90	23	42	24	46	25	36	26	31	27	87	28	49	29	20
	0	43	1	6	2	34	3	97	4	10	5	59	6	38	7	35	8	14	9	88	10	61	11	39	12	34	13	64	14	68	15	5	16	83	17	64	18	3	19	59	20	23	21	78	22	79	23	98	24	46	25	20	26	55	27	16	28	15	29	84
	0	94	1	83	2	18	3	83	4	60	5	91	6	55	7	50	8	17	9	19	10	74	11	99	12	20	13	50	14	29	15	65	16	14	17	51	18	15	19	75	20	94	21	17	22	18	23	28	24	72	25	6	26	65	27	71	28	71	29	52
	0	88	1	3	2	37	3	2	4	5	5	56	6	29	7	36	8	13	9	18	10	42	11	58	12	31	13	11	14	70	15	60	16	27	17	27	18	7	19	13	20	49	21	95	22	44	23	22	24	5	25	28	26	24	27	54	28	97	29	67
	0	43	1	30	2	80	3	35	4	24	5	41	6	4	7	56	8	91	9	13	10	85	11	7	12	26	13	51	14	73	15	3	16	98	17	32	18	38	19	38	20	64	21	17	22	99	23	40	24	12	25	8	26	42	27	93	28	95	29	78
	0	20	1	44	2	43	3	42	4	29	5	9	6	94	7	39	8	96	9	31	10	64	11	57	12	31	13	52	14	26	15	27	16	21	17	18	18	7	19	34	20	79	21	22	22	97	23	65	24	65	25	37	26	29	27	60	28	41	29	26
	0	91	1	45	2	48	3	3	4	60	5	79	6	84	7	96	8	84	9	10	10	46	11	39	12	39	13	55	14	67	15	74	16	46	17	37	18	30	19	65	20	26	21	33	22	76	23	43	24	16	25	35	26	26	27	30	28	93	29	15
	0	74	1	19	2	62	3	46	4	25	5	9	6	6	7	35	8	96	9	5	10	24	11	46	12	1	13	57	14	76	15	43	16	69	17	88	18	34	19	61	20	85	21	16	22	99	23	98	24	61	25	4	26	24	27	84	28	48	29	73
	0	76	1	62	2	69	3	56	4	5	5	100	6	29	7	90	8	13	9	4	10	30	11	83	12	39	13	17	14	92	15	73	16	5	17	11	18	69	19	93	20	83	21	7	22	8	23	5	24	93	25	99	26	75	27	48	28	19	29	42
	0	76	1	39	2	17	3	39	4	12	5	5	6	61	7	49	8	73	9	41	10	33	11	83	12	53	13	16	14	53	15	68	16	31	17	88	18	26	19	99	20	57	21	80	22	34	23	7	24	49	25	33	26	96	27	9	28	68	29	56
	0	96	1	18	2	40	3	12	4	27	5	39	6	49	7	28	8	18	9	68	10	99	11	16	12	36	13	70	14	45	15	32	16	81	17	19	18	14	19	21	20	11	21	99	22	83	23	29	24	70	25	21	26	95	27	65	28	14	29	1
	0	96	1	48	2	44	3	97	4	52	5	90	6	87	7	4	8	81	9	74	10	6	11	51	12	85	13	39	14	17	15	65	16	91	17	94	18	37	19	70	20	19	21	1	22	100	23	56	24	53	25	8	26	20	27	34	28	64	29	27
	0	76	1	51	2	23	3	85	4	48	5	41	6	8	7	87	8	49	9	29	10	69	11	79	12	4	13	26	14	40	15	92	16	87	17	68	18	83	19	7	20	26	21	94	22	10	23	74	24	6	25	64	26	30	27	75	28	61	29	60
	0	7	1	13	2	29	3	37	4	22	5	63	6	89	7	87	8	84	9	29	10	34	11	60	12	31	13	71	14	33	15	41	16	7	17	27	18	80	19	83	20	24	21	14	22	52	23	44	24	28	25	98	26	10	27	70	28	36	29	75
	0	12	1	38	2	6	3	77	4	41	5	35	6	72	7	22	8	41	9	51	10	43	11	56	12	35	13	94	14	42	15	67	16	63	17	76	18	60	19	55	20	49	21	14	22	21	23	96	24	14	25	48	26	3	27	46	28	64	29	73
	0	51	1	46	2	40	3	33	4	80	5	41	6	1	7	28	8	62	9	37	10	76	11	23	12	26	13	25	14	14	15	82	16	36	17	71	18	6	19	33	20	7	21	54	22	68	23	66	24	92	25	76	26	4	27	9	28	43	29	6
	0	91	1	23	2	12	3	10	4	54	5	39	6	77	7	89	8	17	9	95	10	86	11	24	12	59	13	72	14	62	15	4	16	3	17	23	18	4	19	78	20	21	21	44	22	89	23	65	24	30	25	47	26	62	27	13	28	11	29	9
	0	41	1	78	2	84	3	21	4	14	5	83	6	12	7	73	8	79	9	68	10	20	11	20	12	49	13	39	14	52	15	41	16	58	17	76	18	6	19	69	20	95	21	71	22	12	23	66	24	80	25	94	26	50	27	67	28	62	29	7
	0	19	1	5	2	74	3	77	4	5	5	21	6	12	7	67	8	14	9	81	10	1	11	92	12	57	13	89	14	62	15	75	16	11	17	51	18	6	19	38	20	95	21	26	22	17	23	22	24	29	25	82	26	87	27	10	28	63	29	34
	0	32	1	96	2	8	3	32	4	98	5	33	6	89	7	26	8	15	9	54	10	9	11	36	12	92	13	37	14	100	15	87	16	43	17	64	18	89	19	1	20	82	21	2	22	15	23	48	24	33	25	93	26	65	27	4	28	47	29	47
	0	24	1	63	2	22	3	57	4	52	5	1	6	56	7	89	8	39	9	94	10	92	11	25	12	87	13	36	14	31	15	43	16	37	17	2	18	21	19	79	20	33	21	63	22	43	23	92	24	79	25	42	26	68	27	34	28	61	29	67
	0	34	1	2	2	7	3	65	4	86	5	7	6	21	7	98	8	71	9	2	10	28	11	32	12	69	13	49	14	87	15	6	16	32	17	15	18	80	19	24	20	28	21	31	22	84	23	89	24	30	25	49	26	71	27	67	28	100	29	85
	0	2	1	35	2	52	3	37	4	8	5	57	6	88	7	1	8	81	9	87	10	50	11	44	12	2	13	100	14	32	15	86	16	92	17	98	18	42	19	22	20	60	21	44	22	9	23	70	24	83	25	5	26	65	27	25	28	46	29	33
	0	69	1	74	2	18	3	99	4	39	5	77	6	43	7	56	8	100	9	35	10	92	11	9	12	82	13	99	14	76	15	8	16	21	17	85	18	29	19	91	20	39	21	96	22	26	23	54	24	12	25	85	26	60	27	16	28	54	29	88
	0	29	1	1	2	70	3	19	4	85	5	74	6	65	7	12	8	49	9	79	10	1	11	41	12	9	13	81	14	41	15	69	16	33	17	18	18	38	19	81	20	72	21	88	22	36	23	34	24	51	25	48	26	97	27	4	28	46	29	1
	0	86	1	20	2	15	3	86	4	58	5	27	6	24	7	5	8	34	9	96	10	82	11	46	12	77	13	93	14	85	15	97	16	81	17	65	18	30	19	46	20	40	21	2	22	40	23	22	24	76	25	97	26	26	27	22	28	30	29	95
	0	64	1	17	2	34	3	16	4	70	5	51	6	43	7	93	8	3	9	60	10	81	11	46	12	18	13	80	14	25	15	2	16	66	17	26	18	40	19	16	20	91	21	57	22	42	23	63	24	97	25	51	26	38	27	9	28	63	29	74
	0	83	1	63	2	33	3	99	4	51	5	85	6	28	7	14	8	96	9	3	10	32	11	36	12	76	13	46	14	55	15	2	16	45	17	20	18	92	19	16	20	40	21	63	22	14	23	67	24	17	25	69	26	53	27	59	28	32	29	60
	0	94	1	2	2	39	3	55	4	68	5	55	6	74	7	52	8	97	9	42	10	43	11	30	12	68	13	57	14	20	15	40	16	10	17	39	18	50	19	35	20	3	21	88	22	83	23	63	24	64	25	45	26	98	27	11	28	62	29	57
	0	100	1	3	2	73	3	6	4	88	5	55	6	78	7	72	8	24	9	55	10	53	11	54	12	70	13	37	14	15	15	70	16	47	17	39	18	20	19	15	20	57	21	78	22	29	23	44	24	56	25	84	26	77	27	12	28	72	29	74
	0	23	1	83	2	19	3	55	4	71	5	89	6	25	7	85	8	68	9	14	10	4	11	44	12	41	13	22	14	19	15	77	16	19	17	53	18	26	19	17	20	45	21	58	22	92	23	16	24	100	25	60	26	29	27	11	28	61	29	40
	0	88	1	29	2	84	3	1	4	98	5	97	6	82	7	53	8	57	9	10	10	40	11	20	12	99	13	87	14	81	15	69	16	92	17	89	18	73	19	7	20	55	21	12	22	62	23	98	24	89	25	56	26	37	27	88	28	54	29	42
	0	93	1	52	2	48	3	36	4	33	5	3	6	77	7	73	8	20	9	5	10	96	11	30	12	88	13	6	14	77	15	62	16	58	17	68	18	47	19	6	20	17	21	63	22	69	23	26	24	69	25	66	26	91	27	44	28	60	29	58
	0	65	1	89	2	20	3	23	4	17	5	45	6	7	7	4	8	32	9	94	10	18	11	50	12	63	13	86	14	4	15	64	16	91	17	65	18	30	19	46	20	99	21	45	22	33	23	75	24	33	25	26	26	87	27	94	28	46	29	66
	0	81	1	76	2	80	3	78	4	61	5	80	6	13	7	94	8	88	9	50	10	70	11	33	12	31	13	98	14	86	15	59	16	75	17	65	18	73	19	3	20	26	21	79	22	25	23	16	24	51	25	25	26	45	27	41	28	54	29	16
	0	11	1	47	2	11	3	24	4	100	5	48	6	2	7	100	8	16	9	13	10	2	11	11	12	29	13	27	14	32	15	57	16	1	17	66	18	81	19	55	20	42	21	98	22	44	23	97	24	54	25	14	26	45	27	23	28	36	29	67
	0	29	1	68	2	53	3	48	4	53	5	63	6	8	7	55	8	4	9	14	10	61	11	17	12	21	13	83	14	85	15	78	16	17	17	38	18	53	19	65	20	99	21	54	22	96	23	86	24	52	25	80	26	78	27	28	28	34	29	4
	0	72	1	62	2	94	3	86	4	44	5	73	6	7	7	27	8	70	9	66	10	93	11	2	12	41	13	12	14	62	15	91	16	41	17	50	18	1	19	56	20	94	21	55	22	3	23	64	24	19	25	19	26	89	27	60	28	43	29	32
	0	83	1	30	2	48	3	48	4	47	5	10	6	65	7	64	8	69	9	28	10	35	11	64	12	70	13	98	14	8	15	94	16	88	17	85	18	36	19	75	20	19	21	24	22	82	23	70	24	60	25	58	26	76	27	59	28	64	29	20
	0	56	1	91	2	3	3	89	4	96	5	12	6	10	7	79	8	4	9	100	10	27	11	57	12	35	13	45	14	5	15	85	16	73	17	46	18	6	19	41	20	42	21	44	22	28	23	58	24	86	25	86	26	32	27	90	28	14	29	86
	0	57	1	97	2	79	3	58	4	49	5	96	6	77	7	4	8	23	9	36	10	58	11	2	12	68	13	77	14	85	15	19	16	35	17	100	18	100	19	42	20	70	21	62	22	62	23	17	24	1	25	76	26	82	27	17	28	78	29	87
	0	65	1	92	2	18	3	76	4	33	5	76	6	21	7	93	8	87	9	41	10	47	11	23	12	31	13	28	14	73	15	32	16	82	17	11	18	72	19	31	20	16	21	44	22	78	23	80	24	34	25	14	26	38	27	96	28	51	29	15
	0	52	1	56	2	43	3	84	4	67	5	95	6	98	7	77	8	66	9	48	10	54	11	99	12	65	13	85	14	35	15	76	16	18	17	39	18	6	19	60	20	96	21	15	22	4	23	3	24	75	25	49	26	27	27	22	28	53	29	41
	0	86	1	75	2	2	3	79	4	45	5	81	6	94	7	46	8	9	9	82	10	76	11	56	12	39	13	22	14	77	15	70	16	90	17	83	18	75	19	94	20	20	21	18	22	58	23	45	24	3	25	59	26	48	27	53	28	43	29	90
	0	83	1	31	2	84	3	26	4	72	5	12	6	49	7	20	8	61	9	68	10	62	11	100	12	87	13	37	14	36	15	17	16	6	17	25	18	24	19	24	20	10	21	68	22	70	23	52	24	77	25	61	26	13	27	42	28	32	29	2
	0	19	1	33	2	87	3	91	4	53	5	39	6	2	7	92	8	18	9	47	10	97	11	55	12	8	13	31	14	81	15	40	16	72	17	55	18	95	19	100	20	72	21	15	22	85	23	9	24	85	25	43	26	47	27	59	28	89	29	70
	0	8	1	32	2	21	3	29	4	42	5	46	6	7	7	24	8	28	9	30	10	97	11	28	12	6	13	52	14	58	15	62	16	86	17	40	18	6	19	71	20	5	21	45	22	78	23	9	24	58	25	44	26	76	27	85	28	28	29	82
	0	46	1	52	2	100	3	5	4	51	5	18	6	45	7	23	8	68	9	28	10	78	11	14	12	14	13	37	14	57	15	54	16	80	17	71	18	73	19	37	20	31	21	65	22	21	23	14	24	92	25	99	26	82	27	72	28	37	29	87
	0	51	1	28	2	55	3	82	4	79	5	10	6	43	7	9	8	14	9	51	10	66	11	41	12	78	13	8	14	79	15	66	16	94	17	10	18	99	19	23	20	62	21	58	22	72	23	98	24	45	25	61	26	73	27	19	28	4	29	71
	0	46	1	73	2	20	3	46	4	46	5	47	6	60	7	64	8	63	9	70	10	89	11	59	12	38	13	88	14	49	15	55	16	87	17	20	18	29	19	18	20	99	21	73	22	16	23	58	24	87	25	99	26	1	27	42	28	89	29	38
	0	69	1	97	2	62	3	79	4	7	5	35	6	6	7	22	8	4	9	9	10	10	11	37	12	28	13	80	14	32	15	35	16	8	17	71	18	13	19	19	20	44	21	29	22	21	23	67	24	43	25	18	26	66	27	59	28	33	29	13
	0	14	1	67	2	15	3	80	4	29	5	56	6	54	7	47	8	80	9	71	10	17	11	14	12	17	13	7	14	11	15	45	16	99	17	87	18	64	19	51	20	17	21	94	22	93	23	46	24	65	25	37	26	97	27	44	28	33	29	33
	0	6	1	35	2	30	3	55	4	75	5	27	6	71	7	70	8	76	9	85	10	73	11	46	12	52	13	73	14	49	15	43	16	35	17	91	18	1	19	87	20	27	21	65	22	40	23	94	24	98	25	22	26	87	27	5	28	77	29	71
	0	44	1	40	2	4	3	67	4	27	5	92	6	80	7	24	8	97	9	99	10	54	11	3	12	44	13	88	14	5	15	10	16	3	17	71	18	23	19	54	20	8	21	19	22	96	23	62	24	7	25	79	26	53	27	63	28	2	29	83
	0	28	1	59	2	89	3	65	4	31	5	72	6	3	7	3	8	53	9	30	10	98	11	37	12	43	13	9	14	12	15	30	16	18	17	73	18	10	19	82	20	13	21	71	22	96	23	5	24	69	25	65	26	26	27	25	28	23	29	25
	0	83	1	72	2	41	3	94	4	90	5	54	6	14	7	14	8	65	9	56	10	16	11	84	12	48	13	91	14	67	15	59	16	53	17	91	18	79	19	37	20	34	21	30	22	65	23	81	24	50	25	5	26	40	27	76	28	87	29	21
	0	41	1	18	2	60	3	60	4	49	5	90	6	1	7	19	8	97	9	57	10	25	11	56	12	82	13	98	14	4	15	83	16	20	17	64	18	3	19	80	20	20	21	4	22	70	23	35	24	61	25	27	26	63	27	19	28	96	29	70
	0	63	1	71	2	11	3	2	4	21	5	28	6	33	7	88	8	10	9	37	10	47	11	68	12	6	13	49	14	64	15	63	16	5	17	48	18	67	19	83	20	53	21	96	22	20	23	2	24	48	25	78	26	2	27	49	28	34	29	88
	0	20	1	1	2	11	3	92	4	10	5	88	6	13	7	41	8	20	9	53	10	38	11	45	12	50	13	17	14	36	15	16	16	65	17	47	18	74	19	35	20	44	21	30	22	53	23	25	24	3	25	86	26	30	27	6	28	9	29	93
	0	72	1	88	2	90	3	1	4	69	5	15	6	81	7	40	8	39	9	57	10	81	11	79	12	38	13	50	14	12	15	71	16	52	17	82	18	89	19	93	20	17	21	9	22	54	23	68	24	11	25	43	26	36	27	37	28	9	29	31
	0	23	1	5	2	94	3	38	4	81	5	75	6	58	7	86	8	40	9	72	10	61	11	23	12	32	13	86	14	95	15	17	16	60	17	4	18	99	19	8	20	31	21	20	22	20	23	46	24	75	25	14	26	93	27	17	28	35	29	64
	0	15	1	28	2	7	3	31	4	21	5	94	6	63	7	8	8	84	9	65	10	74	11	51	12	98	13	71	14	34	15	19	16	29	17	80	18	41	19	89	20	31	21	95	22	83	23	26	24	55	25	39	26	51	27	34	28	21	29	100
	0	58	1	1	2	6	3	34	4	43	5	20	6	87	7	50	8	98	9	59	10	33	11	26	12	38	13	95	14	28	15	28	16	95	17	53	18	92	19	34	20	22	21	98	22	7	23	82	24	32	25	83	26	76	27	92	28	100	29	47
	0	77	1	36	2	10	3	9	4	77	5	54	6	33	7	23	8	31	9	42	10	47	11	64	12	75	13	55	14	58	15	73	16	85	17	4	18	67	19	85	20	67	21	39	22	92	23	10	24	95	25	50	26	61	27	43	28	19	29	27
	0	7	1	23	2	100	3	57	4	42	5	75	6	53	7	53	8	100	9	91	10	99	11	43	12	66	13	37	14	64	15	56	16	32	17	6	18	64	19	4	20	48	21	43	22	73	23	20	24	58	25	1	26	73	27	15	28	48	29	30
	0	3	1	76	2	30	3	85	4	87	5	85	6	48	7	15	8	92	9	65	10	88	11	78	12	47	13	65	14	4	15	67	16	35	17	44	18	26	19	67	20	13	21	16	22	80	23	78	24	60	25	64	26	49	27	52	28	23	29	35
	0	65	1	48	2	31	3	88	4	95	5	5	6	92	7	31	8	70	9	69	10	86	11	83	12	59	13	40	14	38	15	60	16	8	17	21	18	6	19	49	20	78	21	81	22	43	23	23	24	53	25	70	26	9	27	23	28	13	29	42
	0	38	1	7	2	81	3	76	4	87	5	25	6	1	7	9	8	28	9	94	10	93	11	4	12	61	13	66	14	98	15	32	16	43	17	20	18	18	19	41	20	79	21	15	22	95	23	23	24	19	25	93	26	100	27	24	28	38	29	15
	0	19	1	54	2	17	3	65	4	60	5	71	6	39	7	63	8	15	9	73	10	65	11	63	12	49	13	14	14	72	15	39	16	10	17	13	18	39	19	73	20	71	21	46	22	38	23	100	24	56	25	19	26	65	27	84	28	99	29	73
	0	95	1	19	2	57	3	72	4	67	5	84	6	61	7	65	8	37	9	91	10	75	11	25	12	32	13	16	14	14	15	19	16	10	17	89	18	17	19	43	20	13	21	89	22	99	23	34	24	50	25	76	26	8	27	50	28	64	29	44
	0	76	1	76	2	60	3	80	4	36	5	82	6	4	7	77	8	37	9	66	10	15	11	15	12	89	13	46	14	13	15	20	16	10	17	68	18	97	19	66	20	66	21	83	22	59	23	75	24	28	25	75	26	64	27	30	28	70	29	46
	0	55	1	8	2	99	3	16	4	49	5	6	6	86	7	71	8	51	9	96	10	40	11	62	12	89	13	52	14	37	15	65	16	53	17	30	18	4	19	32	20	90	21	88	22	21	23	96	24	79	25	79	26	81	27	19	28	14	29	62
	0	31	1	89	2	35	3	4	4	83	5	8	6	8	7	71	8	58	9	27	10	37	11	33	12	13	13	14	14	59	15	35	16	67	17	67	18	54	19	92	20	9	21	13	22	76	23	32	24	68	25	46	26	83	27	86	28	75	29	91
	0	14	1	85	2	51	3	11	4	61	5	44	6	89	7	89	8	17	9	9	10	21	11	41	12	3	13	19	14	97	15	61	16	5	17	10	18	99	19	85	20	74	21	40	22	83	23	38	24	77	25	43	26	11	27	100	28	88	29	21
	0	23	1	94	2	62	3	30	4	59	5	99	6	45	7	33	8	22	9	23	10	89	11	23	12	68	13	5	14	95	15	23	16	27	17	18	18	92	19	37	20	23	21	5	22	31	23	96	24	28	25	59	26	47	27	29	28	78	29	24
	0	20	1	49	2	34	3	7	4	41	5	37	6	54	7	89	8	59	9	63	10	33	11	4	12	69	13	76	14	8	15	11	16	66	17	54	18	35	19	78	20	68	21	91	22	98	23	66	24	99	25	74	26	95	27	56	28	73	29	60
	0	15	1	89	2	11	3	73	4	11	5	84	6	13	7	63	8	7	9	70	10	31	11	17	12	18	13	48	14	36	15	99	16	73	17	54	18	78	19	60	20	47	21	8	22	63	23	61	24	54	25	55	26	12	27	74	28	75	29	37
	0	74	1	74	2	88	3	64	4	3	5	35	6	53	7	58	8	25	9	80	10	58	11	81	12	47	13	64	14	19	15	1	16	100	17	82	18	16	19	32	20	2	21	27	22	84	23	55	24	90	25	49	26	94	27	13	28	59	29	87
	0	8	1	33	2	2	3	70	4	85	5	23	6	44	7	17	8	54	9	36	10	6	11	72	12	18	13	13	14	53	15	65	16	22	17	33	18	6	19	84	20	8	21	43	22	16	23	81	24	62	25	40	26	45	27	72	28	86	29	33
	0	90	1	92	2	79	3	4	4	44	5	12	6	11	7	38	8	92	9	38	10	4	11	4	12	70	13	37	14	69	15	10	16	51	17	69	18	59	19	44	20	29	21	26	22	42	23	85	24	4	25	88	26	95	27	60	28	6	29	60
	0	73	1	59	2	10	3	57	4	18	5	38	6	18	7	28	8	96	9	85	10	10	11	59	12	88	13	24	14	10	15	88	16	61	17	66	18	1	19	13	20	8	21	56	22	81	23	92	24	31	25	59	26	60	27	51	28	90	29	91
	0	35	1	59	2	66	3	85	4	84	5	40	6	98	7	45	8	73	9	10	10	87	11	41	12	70	13	77	14	84	15	33	16	5	17	52	18	16	19	27	20	20	21	25	22	91	23	21	24	2	25	32	26	6	27	70	28	85	29	13
	0	48	1	85	2	77	3	28	4	47	5	59	6	34	7	88	8	42	9	66	10	94	11	14	12	52	13	85	14	53	15	32	16	70	17	45	18	15	19	71	20	27	21	91	22	85	23	21	24	77	25	17	26	68	27	58	28	23	29	21
	0	89	1	56	2	70	3	68	4	57	5	38	6	69	7	78	8	38	9	36	10	14	11	66	12	98	13	60	14	79	15	97	16	46	17	98	18	16	19	53	20	84	21	98	22	55	23	7	24	29	25	6	26	79	27	48	28	87	29	48
	0	54	1	17	2	87	3	2	4	47	5	46	6	87	7	78	8	53	9	94	10	34	11	9	12	25	13	38	14	34	15	33	16	78	17	58	18	46	19	92	20	87	21	24	22	38	23	4	24	33	25	76	26	42	27	73	28	55	29	44
	0	100	1	44	2	94	3	67	4	4	5	11	6	68	7	99	8	59	9	48	10	92	11	7	12	19	13	20	14	32	15	100	16	83	17	80	18	78	19	52	20	55	21	68	22	45	23	3	24	87	25	70	26	65	27	50	28	76	29	8
	0	9	1	62	2	81	3	50	4	57	5	78	6	73	7	81	8	18	9	86	10	48	11	63	12	50	13	71	14	43	15	73	16	37	17	98	18	62	19	16	20	28	21	62	22	85	23	21	24	48	25	9	26	22	27	95	28	24	29	33
	0	36	1	81	2	91	3	87	4	35	5	37	6	77	7	63	8	35	9	53	10	76	11	40	12	13	13	53	14	60	15	90	16	20	17	60	18	85	19	5	20	17	21	15	22	97	23	77	24	55	25	83	26	46	27	41	28	18	29	89
	0	52	1	81	2	86	3	54	4	95	5	28	6	2	7	36	8	9	9	32	10	35	11	2	12	17	13	71	14	95	15	61	16	26	17	21	18	17	19	60	20	70	21	18	22	29	23	18	24	77	25	83	26	91	27	26	28	87	29	73
	0	32	1	78	2	65	3	99	4	51	5	78	6	60	7	23	8	54	9	47	10	29	11	100	12	32	13	45	14	10	15	69	16	18	17	44	18	22	19	71	20	60	21	45	22	29	23	64	24	12	25	30	26	76	27	69	28	29	29	62
	0	14	1	55	2	6	3	1	4	46	5	48	6	10	7	92	8	74	9	34	10	95	11	31	12	32	13	82	14	88	15	39	16	21	17	95	18	88	19	74	20	92	21	99	22	35	23	74	24	45	25	93	26	13	27	20	28	27	29	28
	0	11	1	40	2	65	3	14	4	61	5	12	6	49	7	38	8	1	9	24	10	64	11	53	12	64	13	13	14	34	15	94	16	74	17	77	18	10	19	91	20	96	21	35	22	51	23	18	24	82	25	94	26	45	27	83	28	9	29	20
	0	80	1	51	2	88	3	50	4	72	5	54	6	5	7	77	8	100	9	29	10	21	11	94	12	9	13	96	14	31	15	83	16	71	17	55	18	71	19	93	20	33	21	74	22	13	23	28	24	84	25	88	26	3	27	42	28	4	29	41
	0	13	1	27	2	6	3	33	4	17	5	19	6	65	7	56	8	25	9	79	10	94	11	35	12	23	13	6	14	28	15	5	16	99	17	95	18	99	19	84	20	64	21	61	22	42	23	37	24	95	25	66	26	46	27	25	28	55	29	46
	0	41	1	97	2	69	3	1	4	97	5	69	6	64	7	15	8	67	9	76	10	94	11	14	12	97	13	21	14	19	15	58	16	88	17	51	18	4	19	67	20	97	21	4	22	49	23	91	24	83	25	50	26	80	27	77	28	63	29	93
	0	53	1	19	2	18	3	10	4	56	5	69	6	65	7	57	8	3	9	45	10	98	11	47	12	66	13	89	14	43	15	4	16	79	17	33	18	1	19	29	20	16	21	80	22	59	23	37	24	29	25	34	26	98	27	60	28	89	29	2
	0	31	1	10	2	71	3	68	4	47	5	63	6	83	7	18	8	42	9	95	10	17	11	54	12	71	13	79	14	78	15	31	16	39	17	51	18	29	19	6	20	24	21	63	22	35	23	82	24	5	25	8	26	14	27	82	28	24	29	90
	0	25	1	98	2	16	3	45	4	40	5	84	6	80	7	68	8	93	9	2	10	81	11	83	12	93	13	25	14	98	15	60	16	50	17	76	18	62	19	82	20	55	21	40	22	59	23	2	24	96	25	80	26	71	27	43	28	22	29	61
Reldue
-1	17131	-1	1
-1	15070	-1	1
-1	16426	-1	1
-1	14803	-1	1
-1	15637	-1	1
-1	14235	-1	1
-1	15455	-1	1
-1	15528	-1	1
-1	14296	-1	1
-1	15984	-1	1
-1	15968	-1	1
-1	14973	-1	1
-1	15672	-1	1
-1	14486	-1	1
-1	14694	-1	1
-1	16765	-1	1
-1	16720	-1	1
-1	15533	-1	1
-1	16853	-1	1
-1	16453	-1	1
-1	15804	-1	1
-1	16174	-1	1
-1	17389	-1	1
-1	16873	-1	1
-1	15647	-1	1
-1	14384	-1	1
-1	16115	-1	1
-1	15513	-1	1
-1	14160	-1	1
-1	16244	-1	1
-1	16605	-1	1
-1	15161	-1	1
-1	14818	-1	1
-1	16864	-1	1
-1	13829	-1	1
-1	17087	-1	1
-1	15593	-1	1
-1	13568	-1	1
-1	15299	-1	1
-1	15114	-1	1
-1	13912	-1	1
-1	14000	-1	1
-1	17427	-1	1
-1	13750	-1	1
-1	15730	-1	1
-1	14390	-1	1
-1	14778	-1	1
-1	17059	-1	1
-1	14498	-1	1
-1	17172	-1	1
-1	16240	-1	1
-1	17257	-1	1
-1	15280	-1	1
-1	14763	-1	1
-1	15996	-1	1
-1	16887	-1	1
-1	13642	-1	1
-1	14517	-1	1
-1	15361	-1	1
-1	14763	-1	1
-1	14239	-1	1
-1	14219	-1	1
-1	14309	-1	1
-1	14705	-1	1
-1	16157	-1	1
-1	16689	-1	1
-1	16469	-1	1
-1	16338	-1	1
-1	17007	-1	1
-1	14190	-1	1
-1	14812	-1	1
-1	14034	-1	1
-1	15137	-1	1
-1	13748	-1	1
-1	15383	-1	1
-1	15553	-1	1
-1	17392	-1	1
-1	16668	-1	1
-1	14018	-1	1
-1	15452	-1	1
-1	14371	-1	1
-1	13654	-1	1
-1	16298	-1	1
-1	14225	-1	1
-1	13888	-1	1
-1	15360	-1	1
-1	13750	-1	1
-1	16283	-1	1
-1	15175	-1	1
-1	15138	-1	1
-1	16258	-1	1
-1	14486	-1	1
-1	16479	-1	1
-1	14204	-1	1
-1	16859	-1	1
-1	16338	-1	1
-1	14113	-1	1
-1	15689	-1	1
-1	14077	-1	1
-1	16897	-1	1
-1	13973	-1	1
-1	15132	-1	1
-1	16413	-1	1
-1	14213	-1	1
-1	15488	-1	1
-1	15902	-1	1
-1	16590	-1	1
-1	16865	-1	1
-1	14219	-1	1
-1	13827	-1	1
-1	17088	-1	1
-1	17397	-1	1
-1	15991	-1	1
-1	16320	-1	1
-1	15138	-1	1
-1	14873	-1	1
-1	13862	-1	1
-1	15089	-1	1
-1	15158	-1	1
-1	15805	-1	1
-1	15738	-1	1
-1	14528	-1	1
-1	13608	-1	1
-1	17251	-1	1
-1	13865	-1	1
-1	13580	-1	1
-1	14551	-1	1
-1	15613	-1	1
-1	16965	-1	1
-1	14098	-1	1
-1	15086	-1	1
-1	15897	-1	1
-1	14927	-1	1
-1	17422	-1	1
-1	17013	-1	1
-1	17153	-1	1
-1	14243	-1	1
-1	14414	-1	1
-1	13579	-1	1
-1	16655	-1	1
-1	16056	-1	1
-1	13932	-1	1
-1	17343	-1	1
-1	14361	-1	1
-1	14956	-1	1
-1	16234	-1	1
-1	14083	-1	1
-1	15641	-1	1
-1	16286	-1	1
-1	16945	-1	1
-1	15343	-1	1
-1	15774	-1	1
-1	16452	-1	1
-1	15872	-1	1
-1	15103	-1	1
-1	16486	-1	1
-1	15668	-1	1
-1	13662	-1	1
-1	17356	-1	1
-1	17348	-1	1
-1	17315	-1	1
-1	15115	-1	1
-1	15642	-1	1
-1	14895	-1	1
-1	15535	-1	1
-1	16340	-1	1
-1	15762	-1	1
-1	16184	-1	1
-1	16304	-1	1
-1	15890	-1	1
-1	15647	-1	1
-1	16371	-1	1
-1	14166	-1	1
-1	17363	-1	1
-1	16186	-1	1
-1	14821	-1	1
-1	14431	-1	1
-1	15174	-1	1
-1	13789	-1	1
-1	17388	-1	1
-1	17219	-1	1
-1	14300	-1	1
-1	15545	-1	1
-1	16088	-1	1
-1	16319	-1	1
-1	15636	-1	1
-1	14210	-1	1
-1	15849	-1	1
-1	16450	-1	1
-1	15829	-1	1
-1	16175	-1	1
-1	16248	-1	1
-1	15329	-1	1
-1	17158	-1	1
-1	15101	-1	1
-1	15988	-1	1
-1	14188	-1	1
-1	16907	-1	1
-1	14049	-1	1
-1	15833	-1	1
-1	16709	-1	1
-1	16342	-1	1
-1	13990	-1	1
-1	16069	-1	1
-1	16093	-1	1
-1	16808	-1	1
-1	15326	-1	1
-1	17148	-1	1
-1	17399	-1	1
-1	14009	-1	1
-1	14246	-1	1
-1	13767	-1	1
-1	15444	-1	1
-1	14145	-1	1
-1	15368	-1	1
-1	16220	-1	1
-1	16099	-1	1
-1	15189	-1	1
-1	17291	-1	1
-1	13732	-1	1
-1	15432	-1	1
-1	13768	-1	1
-1	13838	-1	1
-1	16282	-1	1
-1	14870	-1	1
-1	13865	-1	1
-1	16024	-1	1
-1	14073	-1	1
-1	15873	-1	1
-1	14524	-1	1
-1	15505	-1	1
-1	16330	-1	1
-1	16127	-1	1
-1	16686	-1	1
-1	16574	-1	1
-1	14412	-1	1
-1	14675	-1	1
-1	16642	-1	1
-1	16773	-1	1
-1	17349	-1	1
-1	15037	-1	1
-1	16575	-1	1
-1	14778	-1	1
-1	14476	-1	1
-1	16342	-1	1
-1	13847	-1	1
-1	16656	-1	1
-1	15220	-1	1
-1	14429	-1	1
-1	16930	-1	1
-1	16482	-1	1
-1	14881	-1	1
-1	16498	-1	1
-1	16725	-1	1
-1	17348	-1	1
-1	15183	-1	1
-1	15740	-1	1
-1	17332	-1	1
-1	16435	-1	1
-1	16213	-1	1
-1	16679	-1	1
-1	14336	-1	1
-1	14377	-1	1
-1	13610	-1	1
-1	16980	-1	1
-1	14990	-1	1
-1	17139	-1	1
-1	16422	-1	1
-1	15155	-1	1
-1	17423	-1	1
-1	15092	-1	1
-1	16819	-1	1
-1	13840	-1	1
-1	14177	-1	1
-1	14044	-1	1
-1	14259	-1	1
-1	16396	-1	1
-1	16643	-1	1
-1	15744	-1	1
-1	15588	-1	1
-1	15579	-1	1
-1	16537	-1	1
-1	16812	-1	1
-1	14904	-1	1
-1	16569	-1	1
-1	14637	-1	1
-1	14641	-1	1
-1	16071	-1	1
-1	13690	-1	1
-1	15506	-1	1
-1	13690	-1	1
-1	14519	-1	1
-1	15420	-1	1
-1	15735	-1	1
-1	14899	-1	1
-1	14801	-1	1
-1	15697	-1	1
-1	14229	-1	1
-1	14571	-1	1
-1	14102	-1	1
-1	15818	-1	1
-1	15897	-1	1
-1	16773	-1	1
-1	14594	-1	1
-1	16245	-1	1
-1	16584	-1	1
-1	13910	-1	1
-1	16153	-1	1
-1	14814	-1	1
-1	16147	-1	1
-1	15081	-1	1
-1	15527	-1	1
-1	13952	-1	1
-1	14592	-1	1
-1	16833	-1	1
-1	15765	-1	1
-1	17228	-1	1
-1	16871	-1	1
-1	17202	-1	1
-1	15834	-1	1
-1	15909	-1	1
-1	14796	-1	1
-1	16103	-1	1
-1	17144	-1	1
-1	13634	-1	1
-1	16241	-1	1
-1	15798	-1	1
-1	14990	-1	1
-1	14338	-1	1
-1	14530	-1	1
-1	16775	-1	1
-1	13564	-1	1
-1	15734	-1	1
-1	16620	-1	1
-1	16986	-1	1
-1	15096	-1	1
-1	16760	-1	1
-1	17159	-1	1
-1	15576	-1	1
-1	15993	-1	1
-1	17400	-1	1
-1	15717	-1	1
-1	15483	-1	1
-1	16689	-1	1
-1	17326	-1	1
-1	16581	-1	1
-1	16370	-1	1
-1	14160	-1	1
-1	16971	-1	1
-1	17357	-1	1
LBCmax: 19364
