350  10
	0	40	1	97	2	74	3	85	4	88	5	42	6	69	7	37	8	47	9	20
	0	46	1	50	2	68	3	73	4	83	5	1	6	36	7	9	8	25	9	5
	0	59	1	72	2	30	3	18	4	7	5	82	6	56	7	35	8	71	9	9
	0	55	1	34	2	99	3	2	4	66	5	8	6	30	7	65	8	26	9	93
	0	50	1	56	2	42	3	81	4	24	5	65	6	82	7	74	8	85	9	80
	0	96	1	20	2	82	3	60	4	62	5	36	6	26	7	57	8	12	9	17
	0	77	1	76	2	13	3	68	4	53	5	56	6	67	7	23	8	74	9	5
	0	84	1	41	2	71	3	34	4	39	5	77	6	95	7	62	8	98	9	77
	0	33	1	95	2	98	3	51	4	20	5	98	6	3	7	11	8	75	9	7
	0	72	1	91	2	26	3	64	4	10	5	71	6	95	7	64	8	99	9	79
	0	49	1	36	2	9	3	55	4	54	5	20	6	59	7	81	8	77	9	94
	0	64	1	20	2	17	3	68	4	86	5	21	6	80	7	56	8	93	9	78
	0	16	1	79	2	65	3	51	4	71	5	73	6	30	7	91	8	53	9	98
	0	4	1	24	2	89	3	75	4	64	5	81	6	29	7	96	8	92	9	85
	0	27	1	79	2	60	3	39	4	4	5	75	6	39	7	57	8	77	9	43
	0	67	1	48	2	92	3	36	4	94	5	40	6	21	7	89	8	99	9	3
	0	85	1	93	2	45	3	11	4	38	5	76	6	5	7	45	8	6	9	56
	0	1	1	36	2	59	3	24	4	11	5	97	6	96	7	60	8	55	9	86
	0	32	1	8	2	55	3	9	4	34	5	54	6	31	7	55	8	43	9	91
	0	91	1	7	2	85	3	47	4	5	5	91	6	48	7	30	8	86	9	48
	0	80	1	9	2	16	3	30	4	44	5	27	6	88	7	83	8	25	9	29
	0	52	1	35	2	76	3	38	4	82	5	26	6	50	7	26	8	17	9	44
	0	65	1	44	2	23	3	31	4	77	5	25	6	88	7	20	8	76	9	71
	0	56	1	67	2	28	3	79	4	42	5	16	6	14	7	72	8	7	9	12
	0	60	1	51	2	68	3	36	4	47	5	61	6	70	7	41	8	36	9	55
	0	65	1	5	2	69	3	4	4	59	5	29	6	20	7	53	8	18	9	53
	0	91	1	70	2	56	3	59	4	10	5	1	6	49	7	94	8	54	9	35
	0	28	1	27	2	98	3	61	4	62	5	18	6	89	7	41	8	33	9	70
	0	66	1	62	2	58	3	90	4	98	5	14	6	7	7	83	8	3	9	23
	0	37	1	47	2	65	3	37	4	26	5	53	6	68	7	28	8	80	9	15
	0	10	1	79	2	57	3	98	4	73	5	57	6	13	7	17	8	57	9	84
	0	84	1	9	2	100	3	78	4	47	5	100	6	48	7	8	8	21	9	98
	0	51	1	90	2	11	3	62	4	83	5	20	6	100	7	57	8	29	9	23
	0	50	1	82	2	86	3	58	4	46	5	19	6	49	7	2	8	21	9	66
	0	12	1	34	2	30	3	27	4	80	5	51	6	58	7	91	8	79	9	9
	0	1	1	8	2	20	3	73	4	23	5	57	6	33	7	10	8	8	9	55
	0	1	1	68	2	40	3	50	4	41	5	12	6	93	7	13	8	24	9	22
	0	5	1	1	2	23	3	73	4	71	5	73	6	31	7	43	8	83	9	66
	0	5	1	27	2	91	3	75	4	99	5	55	6	80	7	96	8	14	9	32
	0	73	1	8	2	74	3	54	4	6	5	25	6	96	7	73	8	39	9	28
	0	29	1	8	2	6	3	62	4	66	5	23	6	6	7	71	8	61	9	28
	0	86	1	84	2	98	3	64	4	80	5	85	6	11	7	86	8	6	9	41
	0	32	1	54	2	17	3	54	4	23	5	89	6	70	7	65	8	25	9	60
	0	72	1	39	2	26	3	14	4	84	5	86	6	27	7	46	8	27	9	21
	0	59	1	96	2	1	3	52	4	89	5	8	6	5	7	51	8	9	9	75
	0	47	1	58	2	100	3	81	4	53	5	6	6	4	7	94	8	28	9	80
	0	65	1	84	2	24	3	48	4	13	5	58	6	20	7	16	8	98	9	41
	0	23	1	100	2	98	3	51	4	33	5	31	6	65	7	39	8	45	9	14
	0	82	1	99	2	68	3	14	4	40	5	57	6	94	7	54	8	57	9	5
	0	44	1	30	2	6	3	42	4	74	5	84	6	18	7	25	8	14	9	93
	0	80	1	48	2	75	3	63	4	36	5	9	6	57	7	33	8	74	9	24
	0	27	1	40	2	51	3	98	4	56	5	77	6	81	7	67	8	44	9	66
	0	4	1	71	2	53	3	28	4	98	5	21	6	46	7	1	8	4	9	59
	0	88	1	62	2	80	3	44	4	63	5	38	6	10	7	2	8	18	9	21
	0	18	1	20	2	21	3	22	4	67	5	74	6	18	7	16	8	59	9	32
	0	4	1	85	2	52	3	57	4	61	5	38	6	50	7	98	8	7	9	81
	0	64	1	73	2	84	3	69	4	14	5	48	6	61	7	34	8	43	9	77
	0	32	1	10	2	60	3	72	4	44	5	80	6	18	7	97	8	79	9	5
	0	21	1	16	2	72	3	31	4	86	5	38	6	42	7	75	8	27	9	38
	0	73	1	32	2	26	3	41	4	64	5	60	6	7	7	15	8	38	9	33
	0	38	1	92	2	83	3	66	4	19	5	15	6	58	7	60	8	22	9	98
	0	88	1	14	2	18	3	18	4	40	5	1	6	80	7	8	8	43	9	7
	0	53	1	94	2	3	3	88	4	51	5	2	6	9	7	85	8	89	9	41
	0	58	1	95	2	84	3	21	4	29	5	6	6	71	7	74	8	70	9	35
	0	32	1	72	2	11	3	20	4	11	5	79	6	94	7	68	8	85	9	72
	0	81	1	52	2	8	3	12	4	1	5	10	6	31	7	59	8	22	9	94
	0	1	1	60	2	82	3	57	4	49	5	53	6	95	7	2	8	54	9	62
	0	32	1	5	2	31	3	81	4	36	5	98	6	69	7	78	8	16	9	82
	0	39	1	50	2	41	3	81	4	31	5	22	6	17	7	87	8	93	9	78
	0	27	1	39	2	89	3	46	4	64	5	33	6	87	7	88	8	79	9	73
	0	58	1	79	2	42	3	95	4	36	5	48	6	72	7	26	8	66	9	32
	0	85	1	69	2	61	3	75	4	81	5	15	6	20	7	48	8	47	9	32
	0	96	1	93	2	67	3	73	4	8	5	11	6	54	7	11	8	34	9	44
	0	47	1	92	2	36	3	18	4	43	5	58	6	99	7	61	8	47	9	83
	0	89	1	100	2	74	3	32	4	53	5	96	6	28	7	29	8	29	9	99
	0	31	1	86	2	30	3	96	4	4	5	51	6	21	7	7	8	99	9	57
	0	8	1	49	2	37	3	84	4	94	5	59	6	23	7	73	8	1	9	73
	0	9	1	51	2	27	3	76	4	51	5	51	6	99	7	74	8	78	9	46
	0	70	1	74	2	56	3	16	4	21	5	48	6	24	7	31	8	100	9	25
	0	39	1	16	2	10	3	47	4	57	5	24	6	1	7	70	8	16	9	46
	0	60	1	100	2	27	3	10	4	81	5	96	6	79	7	82	8	69	9	86
	0	1	1	44	2	14	3	64	4	52	5	17	6	24	7	73	8	29	9	70
	0	22	1	95	2	11	3	5	4	24	5	98	6	84	7	40	8	80	9	11
	0	100	1	8	2	22	3	22	4	91	5	46	6	58	7	35	8	19	9	57
	0	11	1	22	2	35	3	51	4	88	5	46	6	97	7	9	8	32	9	56
	0	45	1	28	2	73	3	85	4	47	5	21	6	18	7	73	8	66	9	11
	0	13	1	28	2	1	3	20	4	70	5	83	6	10	7	45	8	73	9	6
	0	23	1	85	2	60	3	86	4	87	5	46	6	80	7	85	8	12	9	39
	0	65	1	51	2	16	3	66	4	48	5	3	6	73	7	36	8	41	9	58
	0	23	1	66	2	39	3	58	4	87	5	65	6	18	7	93	8	15	9	92
	0	49	1	61	2	43	3	53	4	31	5	96	6	36	7	60	8	31	9	40
	0	64	1	81	2	80	3	72	4	7	5	47	6	49	7	96	8	13	9	100
	0	26	1	54	2	42	3	88	4	57	5	26	6	74	7	56	8	13	9	23
	0	54	1	77	2	17	3	92	4	22	5	22	6	24	7	84	8	32	9	77
	0	44	1	54	2	66	3	34	4	65	5	99	6	3	7	36	8	85	9	51
	0	82	1	37	2	88	3	75	4	85	5	11	6	21	7	47	8	21	9	32
	0	35	1	11	2	100	3	90	4	15	5	30	6	1	7	31	8	20	9	97
	0	93	1	30	2	79	3	61	4	76	5	27	6	42	7	75	8	12	9	99
	0	73	1	92	2	95	3	51	4	25	5	49	6	79	7	20	8	45	9	25
	0	35	1	57	2	96	3	56	4	43	5	22	6	91	7	43	8	15	9	97
	0	84	1	96	2	10	3	6	4	52	5	85	6	96	7	10	8	64	9	9
	0	57	1	3	2	40	3	83	4	60	5	19	6	19	7	19	8	24	9	51
	0	1	1	52	2	66	3	23	4	41	5	24	6	94	7	68	8	98	9	41
	0	96	1	9	2	63	3	54	4	43	5	42	6	37	7	39	8	77	9	66
	0	18	1	72	2	86	3	18	4	18	5	28	6	79	7	97	8	32	9	41
	0	92	1	92	2	16	3	10	4	9	5	48	6	50	7	44	8	84	9	22
	0	98	1	72	2	70	3	39	4	88	5	61	6	21	7	28	8	69	9	22
	0	10	1	100	2	24	3	100	4	66	5	13	6	48	7	69	8	53	9	16
	0	12	1	86	2	22	3	85	4	78	5	69	6	8	7	77	8	32	9	8
	0	65	1	80	2	61	3	22	4	58	5	29	6	72	7	19	8	46	9	3
	0	37	1	25	2	36	3	45	4	35	5	92	6	83	7	62	8	80	9	87
	0	75	1	86	2	89	3	38	4	25	5	19	6	30	7	90	8	48	9	81
	0	33	1	73	2	10	3	41	4	65	5	17	6	77	7	3	8	10	9	44
	0	89	1	60	2	91	3	29	4	38	5	61	6	36	7	13	8	44	9	38
	0	68	1	3	2	35	3	91	4	73	5	97	6	83	7	38	8	76	9	21
	0	61	1	58	2	28	3	60	4	10	5	4	6	96	7	22	8	39	9	58
	0	80	1	68	2	90	3	43	4	35	5	1	6	47	7	33	8	44	9	91
	0	78	1	16	2	79	3	76	4	17	5	93	6	61	7	75	8	46	9	36
	0	75	1	1	2	25	3	32	4	28	5	55	6	79	7	70	8	46	9	41
	0	52	1	68	2	46	3	35	4	61	5	47	6	34	7	98	8	37	9	76
	0	11	1	18	2	31	3	74	4	84	5	5	6	2	7	29	8	31	9	99
	0	36	1	60	2	46	3	56	4	62	5	55	6	74	7	6	8	50	9	42
	0	16	1	16	2	18	3	87	4	50	5	4	6	84	7	18	8	10	9	68
	0	29	1	27	2	20	3	50	4	73	5	90	6	63	7	27	8	65	9	15
	0	42	1	10	2	46	3	7	4	63	5	3	6	41	7	4	8	41	9	27
	0	76	1	25	2	16	3	32	4	36	5	40	6	20	7	48	8	11	9	56
	0	43	1	47	2	89	3	52	4	88	5	7	6	91	7	43	8	4	9	18
	0	76	1	41	2	39	3	62	4	37	5	27	6	61	7	47	8	75	9	82
	0	39	1	94	2	30	3	23	4	63	5	7	6	99	7	34	8	65	9	54
	0	66	1	10	2	70	3	57	4	27	5	45	6	65	7	73	8	95	9	17
	0	3	1	96	2	3	3	75	4	47	5	26	6	43	7	19	8	31	9	81
	0	22	1	22	2	6	3	50	4	7	5	45	6	80	7	3	8	95	9	48
	0	79	1	24	2	39	3	82	4	85	5	14	6	100	7	23	8	32	9	97
	0	14	1	93	2	63	3	14	4	6	5	62	6	76	7	83	8	66	9	37
	0	22	1	90	2	86	3	79	4	17	5	99	6	20	7	100	8	1	9	19
	0	9	1	41	2	38	3	71	4	96	5	25	6	43	7	21	8	9	9	33
	0	5	1	92	2	97	3	57	4	95	5	66	6	41	7	22	8	18	9	31
	0	80	1	84	2	40	3	45	4	17	5	37	6	79	7	11	8	5	9	98
	0	65	1	94	2	20	3	47	4	98	5	26	6	68	7	44	8	55	9	69
	0	1	1	46	2	31	3	33	4	14	5	94	6	19	7	85	8	62	9	54
	0	48	1	82	2	28	3	16	4	52	5	8	6	9	7	8	8	30	9	19
	0	17	1	50	2	21	3	4	4	2	5	75	6	2	7	32	8	61	9	94
	0	88	1	38	2	69	3	61	4	91	5	61	6	54	7	94	8	61	9	43
	0	14	1	30	2	23	3	60	4	24	5	40	6	79	7	30	8	3	9	27
	0	43	1	21	2	30	3	72	4	24	5	66	6	26	7	15	8	73	9	45
	0	47	1	84	2	69	3	100	4	50	5	4	6	98	7	80	8	29	9	45
	0	56	1	51	2	42	3	2	4	83	5	5	6	52	7	14	8	1	9	50
	0	82	1	59	2	22	3	79	4	40	5	78	6	37	7	36	8	57	9	29
	0	19	1	39	2	72	3	73	4	83	5	13	6	26	7	26	8	99	9	60
	0	69	1	37	2	47	3	60	4	82	5	96	6	52	7	71	8	68	9	49
	0	58	1	97	2	79	3	93	4	5	5	17	6	63	7	84	8	33	9	8
	0	55	1	58	2	28	3	96	4	49	5	72	6	72	7	25	8	27	9	4
	0	72	1	33	2	26	3	65	4	83	5	58	6	68	7	17	8	36	9	24
	0	94	1	6	2	44	3	87	4	68	5	46	6	62	7	27	8	36	9	10
	0	90	1	17	2	77	3	18	4	74	5	18	6	65	7	44	8	35	9	74
	0	25	1	45	2	30	3	96	4	69	5	22	6	24	7	73	8	28	9	44
	0	23	1	46	2	28	3	99	4	15	5	29	6	71	7	61	8	97	9	62
	0	14	1	74	2	96	3	34	4	73	5	5	6	11	7	18	8	74	9	1
	0	31	1	86	2	40	3	80	4	17	5	10	6	92	7	3	8	34	9	73
	0	87	1	35	2	85	3	34	4	34	5	91	6	81	7	17	8	53	9	8
	0	46	1	39	2	75	3	99	4	46	5	72	6	90	7	87	8	77	9	24
	0	2	1	11	2	75	3	76	4	35	5	66	6	10	7	99	8	6	9	6
	0	89	1	64	2	64	3	23	4	76	5	96	6	48	7	1	8	12	9	38
	0	28	1	83	2	77	3	40	4	15	5	8	6	41	7	81	8	70	9	11
	0	94	1	76	2	44	3	91	4	40	5	48	6	19	7	89	8	21	9	52
	0	42	1	30	2	68	3	92	4	72	5	17	6	35	7	56	8	77	9	95
	0	35	1	63	2	52	3	9	4	93	5	12	6	52	7	25	8	93	9	52
	0	50	1	100	2	64	3	32	4	68	5	8	6	58	7	96	8	49	9	59
	0	91	1	23	2	55	3	74	4	63	5	41	6	23	7	5	8	80	9	52
	0	96	1	94	2	35	3	58	4	27	5	35	6	27	7	64	8	24	9	76
	0	20	1	13	2	63	3	55	4	75	5	60	6	10	7	83	8	18	9	2
	0	22	1	13	2	97	3	29	4	17	5	42	6	69	7	35	8	20	9	49
	0	14	1	37	2	52	3	67	4	56	5	72	6	2	7	38	8	48	9	72
	0	89	1	90	2	47	3	32	4	36	5	51	6	96	7	45	8	76	9	89
	0	66	1	39	2	86	3	17	4	48	5	50	6	20	7	36	8	92	9	35
	0	65	1	89	2	25	3	75	4	63	5	39	6	98	7	49	8	68	9	19
	0	55	1	71	2	25	3	94	4	10	5	17	6	92	7	42	8	78	9	85
	0	43	1	48	2	7	3	66	4	30	5	61	6	85	7	33	8	79	9	62
	0	45	1	44	2	52	3	41	4	79	5	47	6	15	7	83	8	19	9	17
	0	65	1	8	2	81	3	66	4	31	5	21	6	49	7	14	8	50	9	57
	0	58	1	90	2	60	3	36	4	3	5	34	6	91	7	62	8	82	9	85
	0	27	1	26	2	49	3	3	4	74	5	98	6	28	7	46	8	66	9	24
	0	36	1	97	2	75	3	61	4	92	5	23	6	25	7	2	8	15	9	8
	0	23	1	2	2	51	3	89	4	44	5	79	6	75	7	80	8	49	9	65
	0	47	1	81	2	18	3	37	4	31	5	91	6	17	7	29	8	6	9	82
	0	45	1	41	2	24	3	95	4	29	5	59	6	87	7	71	8	48	9	72
	0	64	1	23	2	21	3	59	4	59	5	20	6	83	7	55	8	1	9	34
	0	32	1	40	2	20	3	58	4	28	5	3	6	28	7	27	8	62	9	81
	0	31	1	76	2	50	3	62	4	13	5	11	6	100	7	12	8	96	9	5
	0	58	1	66	2	61	3	23	4	47	5	89	6	66	7	39	8	36	9	94
	0	17	1	11	2	12	3	83	4	73	5	17	6	49	7	37	8	85	9	69
	0	86	1	75	2	1	3	64	4	48	5	68	6	94	7	29	8	7	9	55
	0	85	1	83	2	36	3	22	4	80	5	9	6	2	7	26	8	37	9	12
	0	31	1	78	2	16	3	18	4	5	5	19	6	12	7	24	8	99	9	51
	0	53	1	14	2	61	3	11	4	100	5	96	6	80	7	90	8	14	9	26
	0	17	1	49	2	50	3	29	4	82	5	77	6	2	7	25	8	81	9	82
	0	21	1	23	2	67	3	38	4	49	5	49	6	73	7	97	8	76	9	8
	0	12	1	60	2	92	3	98	4	56	5	64	6	93	7	37	8	54	9	13
	0	79	1	67	2	38	3	84	4	20	5	29	6	16	7	72	8	15	9	49
	0	73	1	48	2	50	3	67	4	14	5	59	6	27	7	90	8	26	9	95
	0	35	1	64	2	43	3	80	4	69	5	96	6	32	7	86	8	28	9	66
	0	50	1	70	2	52	3	4	4	27	5	74	6	60	7	33	8	80	9	49
	0	16	1	2	2	64	3	87	4	39	5	56	6	12	7	78	8	16	9	12
	0	16	1	16	2	94	3	48	4	69	5	28	6	59	7	22	8	49	9	7
	0	36	1	75	2	17	3	50	4	54	5	80	6	83	7	61	8	63	9	56
	0	33	1	51	2	8	3	43	4	36	5	43	6	85	7	14	8	69	9	82
	0	42	1	79	2	42	3	89	4	90	5	83	6	87	7	24	8	47	9	30
	0	60	1	30	2	31	3	69	4	76	5	90	6	64	7	28	8	54	9	13
	0	59	1	77	2	59	3	23	4	4	5	69	6	64	7	33	8	69	9	79
	0	68	1	9	2	86	3	41	4	47	5	72	6	91	7	54	8	12	9	88
	0	22	1	11	2	13	3	39	4	10	5	71	6	18	7	80	8	19	9	67
	0	31	1	25	2	8	3	39	4	58	5	12	6	24	7	16	8	19	9	53
	0	53	1	4	2	58	3	50	4	90	5	38	6	20	7	46	8	2	9	11
	0	82	1	42	2	84	3	97	4	54	5	91	6	51	7	14	8	2	9	62
	0	13	1	9	2	50	3	17	4	5	5	49	6	54	7	66	8	95	9	62
	0	70	1	74	2	83	3	56	4	61	5	49	6	52	7	1	8	97	9	22
	0	56	1	69	2	53	3	10	4	38	5	59	6	20	7	22	8	17	9	48
	0	61	1	28	2	97	3	50	4	94	5	39	6	75	7	77	8	87	9	34
	0	53	1	20	2	77	3	45	4	87	5	15	6	67	7	97	8	28	9	47
	0	56	1	36	2	23	3	5	4	5	5	19	6	1	7	5	8	48	9	43
	0	54	1	35	2	95	3	24	4	84	5	81	6	90	7	63	8	79	9	59
	0	21	1	67	2	41	3	45	4	99	5	91	6	78	7	77	8	38	9	41
	0	32	1	84	2	22	3	50	4	3	5	61	6	34	7	93	8	93	9	85
	0	67	1	41	2	89	3	51	4	77	5	44	6	39	7	77	8	11	9	92
	0	8	1	94	2	40	3	18	4	10	5	30	6	87	7	12	8	50	9	49
	0	6	1	78	2	36	3	9	4	67	5	53	6	29	7	44	8	58	9	63
	0	45	1	86	2	3	3	83	4	32	5	88	6	48	7	37	8	90	9	5
	0	74	1	53	2	89	3	45	4	45	5	42	6	19	7	7	8	91	9	87
	0	79	1	56	2	73	3	55	4	70	5	7	6	5	7	63	8	69	9	23
	0	16	1	58	2	94	3	35	4	77	5	8	6	78	7	51	8	20	9	2
	0	19	1	20	2	43	3	99	4	78	5	39	6	62	7	94	8	36	9	47
	0	54	1	70	2	26	3	33	4	12	5	74	6	20	7	54	8	98	9	20
	0	21	1	34	2	68	3	9	4	86	5	97	6	4	7	35	8	2	9	59
	0	77	1	90	2	68	3	66	4	26	5	12	6	67	7	68	8	34	9	31
	0	33	1	60	2	13	3	92	4	33	5	33	6	65	7	84	8	33	9	11
	0	51	1	93	2	19	3	73	4	92	5	50	6	76	7	77	8	95	9	57
	0	64	1	45	2	71	3	2	4	36	5	77	6	79	7	99	8	80	9	87
	0	25	1	13	2	95	3	96	4	4	5	62	6	26	7	20	8	46	9	91
	0	11	1	34	2	18	3	79	4	26	5	4	6	87	7	17	8	23	9	19
	0	59	1	47	2	5	3	56	4	25	5	94	6	80	7	75	8	99	9	93
	0	71	1	15	2	20	3	1	4	10	5	43	6	56	7	62	8	13	9	73
	0	38	1	47	2	15	3	62	4	93	5	100	6	40	7	53	8	73	9	44
	0	97	1	5	2	95	3	51	4	51	5	53	6	34	7	70	8	15	9	70
	0	31	1	55	2	32	3	36	4	23	5	55	6	78	7	28	8	93	9	53
	0	85	1	86	2	95	3	60	4	65	5	28	6	21	7	3	8	93	9	11
	0	91	1	70	2	75	3	59	4	3	5	93	6	9	7	12	8	60	9	88
	0	13	1	65	2	66	3	72	4	83	5	98	6	61	7	41	8	3	9	18
	0	35	1	74	2	17	3	66	4	41	5	88	6	35	7	52	8	87	9	64
	0	47	1	32	2	1	3	34	4	41	5	41	6	74	7	74	8	69	9	21
	0	39	1	55	2	5	3	47	4	38	5	56	6	80	7	11	8	78	9	22
	0	100	1	19	2	98	3	38	4	64	5	34	6	70	7	38	8	61	9	41
	0	25	1	86	2	99	3	35	4	83	5	78	6	89	7	50	8	97	9	71
	0	5	1	85	2	75	3	33	4	79	5	97	6	28	7	49	8	11	9	52
	0	41	1	67	2	89	3	75	4	92	5	35	6	67	7	26	8	47	9	74
	0	35	1	96	2	14	3	95	4	79	5	2	6	39	7	43	8	18	9	26
	0	54	1	38	2	71	3	21	4	42	5	32	6	81	7	81	8	62	9	17
	0	95	1	61	2	36	3	43	4	1	5	70	6	23	7	32	8	48	9	91
	0	6	1	6	2	7	3	2	4	77	5	48	6	46	7	81	8	89	9	75
	0	37	1	48	2	24	3	5	4	9	5	60	6	86	7	17	8	15	9	56
	0	11	1	53	2	86	3	40	4	68	5	19	6	71	7	26	8	91	9	73
	0	13	1	94	2	54	3	100	4	84	5	36	6	81	7	24	8	97	9	82
	0	76	1	18	2	61	3	32	4	82	5	79	6	38	7	48	8	23	9	1
	0	43	1	69	2	91	3	76	4	69	5	59	6	66	7	69	8	46	9	5
	0	95	1	79	2	48	3	10	4	66	5	70	6	33	7	63	8	43	9	34
	0	60	1	80	2	61	3	20	4	15	5	35	6	95	7	42	8	63	9	44
	0	37	1	52	2	83	3	53	4	64	5	33	6	65	7	49	8	75	9	64
	0	77	1	9	2	25	3	44	4	26	5	33	6	87	7	84	8	76	9	38
	0	20	1	10	2	93	3	13	4	27	5	30	6	29	7	53	8	29	9	56
	0	72	1	23	2	85	3	87	4	14	5	33	6	37	7	97	8	25	9	5
	0	64	1	80	2	25	3	77	4	69	5	44	6	99	7	68	8	35	9	61
	0	94	1	5	2	18	3	15	4	90	5	86	6	77	7	99	8	44	9	19
	0	44	1	57	2	34	3	72	4	94	5	76	6	70	7	21	8	63	9	67
	0	32	1	89	2	20	3	92	4	59	5	88	6	9	7	27	8	4	9	34
	0	95	1	70	2	27	3	94	4	87	5	35	6	78	7	65	8	32	9	77
	0	6	1	7	2	95	3	57	4	3	5	92	6	60	7	40	8	45	9	21
	0	39	1	69	2	5	3	24	4	51	5	78	6	54	7	60	8	23	9	19
	0	61	1	66	2	25	3	35	4	72	5	30	6	22	7	86	8	14	9	81
	0	37	1	19	2	71	3	30	4	31	5	47	6	14	7	1	8	51	9	51
	0	89	1	23	2	8	3	56	4	94	5	98	6	86	7	18	8	94	9	50
	0	84	1	25	2	72	3	11	4	51	5	27	6	82	7	21	8	63	9	7
	0	91	1	29	2	54	3	79	4	1	5	40	6	99	7	92	8	86	9	27
	0	3	1	34	2	10	3	6	4	59	5	7	6	81	7	63	8	73	9	91
	0	72	1	55	2	61	3	24	4	21	5	32	6	71	7	73	8	71	9	67
	0	97	1	66	2	33	3	69	4	69	5	15	6	67	7	27	8	41	9	35
	0	20	1	15	2	24	3	65	4	75	5	41	6	25	7	27	8	82	9	37
	0	81	1	82	2	86	3	10	4	16	5	70	6	76	7	5	8	53	9	48
	0	9	1	58	2	56	3	58	4	97	5	24	6	84	7	85	8	47	9	21
	0	91	1	96	2	100	3	23	4	93	5	71	6	8	7	85	8	85	9	49
	0	47	1	98	2	100	3	73	4	45	5	88	6	10	7	98	8	88	9	19
	0	36	1	82	2	24	3	71	4	14	5	3	6	72	7	81	8	24	9	47
	0	28	1	91	2	82	3	71	4	92	5	23	6	57	7	30	8	92	9	87
	0	64	1	31	2	55	3	93	4	39	5	51	6	63	7	4	8	96	9	16
	0	90	1	80	2	27	3	53	4	1	5	73	6	96	7	47	8	83	9	93
	0	35	1	65	2	4	3	44	4	41	5	31	6	48	7	1	8	35	9	73
	0	65	1	81	2	31	3	59	4	22	5	28	6	28	7	1	8	63	9	10
	0	24	1	9	2	97	3	4	4	5	5	92	6	85	7	20	8	67	9	64
	0	84	1	73	2	80	3	99	4	76	5	28	6	90	7	27	8	99	9	58
	0	16	1	83	2	25	3	95	4	100	5	44	6	94	7	77	8	17	9	14
	0	76	1	97	2	40	3	41	4	11	5	25	6	19	7	83	8	77	9	57
	0	40	1	55	2	63	3	3	4	46	5	16	6	55	7	29	8	47	9	83
	0	60	1	7	2	59	3	92	4	28	5	42	6	32	7	26	8	52	9	76
	0	77	1	79	2	41	3	96	4	82	5	50	6	11	7	88	8	89	9	61
	0	35	1	18	2	74	3	47	4	43	5	25	6	39	7	80	8	58	9	72
	0	25	1	2	2	30	3	78	4	94	5	87	6	88	7	26	8	33	9	68
	0	7	1	26	2	99	3	88	4	3	5	76	6	88	7	51	8	62	9	55
	0	5	1	9	2	79	3	26	4	70	5	92	6	76	7	47	8	83	9	60
	0	10	1	20	2	32	3	62	4	91	5	13	6	20	7	3	8	74	9	39
	0	54	1	64	2	6	3	91	4	93	5	34	6	18	7	47	8	87	9	37
	0	12	1	100	2	25	3	68	4	81	5	93	6	79	7	70	8	50	9	41
	0	26	1	24	2	44	3	78	4	71	5	19	6	4	7	68	8	9	9	28
	0	17	1	64	2	89	3	30	4	27	5	2	6	92	7	12	8	48	9	55
	0	7	1	76	2	92	3	11	4	82	5	24	6	76	7	21	8	93	9	89
	0	85	1	44	2	34	3	44	4	2	5	87	6	42	7	4	8	18	9	14
	0	99	1	4	2	2	3	71	4	82	5	12	6	80	7	49	8	47	9	20
	0	62	1	88	2	68	3	13	4	14	5	91	6	75	7	20	8	53	9	100
	0	52	1	80	2	33	3	54	4	94	5	91	6	32	7	29	8	38	9	26
	0	62	1	35	2	2	3	21	4	74	5	20	6	18	7	81	8	9	9	91
	0	30	1	53	2	37	3	72	4	87	5	70	6	73	7	57	8	75	9	47
	0	61	1	10	2	39	3	4	4	79	5	35	6	14	7	40	8	90	9	24
	0	49	1	70	2	48	3	31	4	100	5	22	6	35	7	60	8	31	9	34
	0	92	1	47	2	34	3	14	4	60	5	71	6	77	7	44	8	49	9	39
	0	23	1	49	2	6	3	18	4	86	5	46	6	42	7	17	8	21	9	65
	0	42	1	31	2	60	3	97	4	71	5	14	6	43	7	1	8	46	9	29
	0	96	1	96	2	38	3	4	4	71	5	1	6	24	7	90	8	45	9	12
	0	4	1	82	2	32	3	21	4	53	5	82	6	66	7	19	8	72	9	90
	0	62	1	44	2	58	3	50	4	51	5	46	6	8	7	10	8	53	9	6
	0	24	1	54	2	37	3	19	4	89	5	11	6	74	7	19	8	29	9	71
	0	94	1	23	2	80	3	45	4	82	5	10	6	22	7	50	8	1	9	63
	0	53	1	11	2	7	3	55	4	20	5	17	6	98	7	30	8	21	9	62
	0	22	1	32	2	45	3	51	4	22	5	79	6	20	7	80	8	98	9	72
	0	85	1	97	2	21	3	7	4	7	5	2	6	27	7	14	8	94	9	55
	0	55	1	44	2	2	3	100	4	43	5	78	6	15	7	10	8	70	9	42
	0	54	1	23	2	13	3	30	4	43	5	24	6	64	7	81	8	39	9	89
	0	14	1	64	2	9	3	89	4	21	5	67	6	92	7	38	8	88	9	84
	0	6	1	24	2	40	3	53	4	67	5	42	6	79	7	95	8	39	9	44
	0	35	1	49	2	31	3	63	4	59	5	1	6	8	7	70	8	22	9	55
	0	87	1	78	2	19	3	5	4	24	5	7	6	82	7	85	8	29	9	56
	0	58	1	21	2	53	3	70	4	12	5	9	6	32	7	84	8	45	9	89
	0	95	1	74	2	53	3	95	4	63	5	64	6	61	7	96	8	91	9	70
	0	99	1	59	2	38	3	54	4	24	5	2	6	64	7	50	8	87	9	18
	0	95	1	69	2	1	3	78	4	89	5	96	6	73	7	59	8	11	9	39
	0	90	1	45	2	94	3	93	4	82	5	2	6	41	7	25	8	94	9	19
	0	98	1	97	2	46	3	75	4	97	5	86	6	67	7	66	8	68	9	57
	0	17	1	100	2	46	3	8	4	50	5	60	6	24	7	93	8	69	9	74
	0	51	1	85	2	84	3	49	4	56	5	35	6	73	7	66	8	41	9	57
	0	100	1	27	2	94	3	13	4	56	5	16	6	5	7	8	8	100	9	10
	0	85	1	5	2	46	3	43	4	24	5	16	6	9	7	23	8	26	9	43
	0	94	1	53	2	34	3	60	4	17	5	89	6	8	7	71	8	73	9	61
	0	19	1	83	2	95	3	26	4	1	5	67	6	69	7	17	8	32	9	16
	0	100	1	47	2	71	3	11	4	44	5	32	6	53	7	50	8	51	9	75
Reldue
-1	13770	-1	1
-1	13446	-1	1
-1	15973	-1	1
-1	13648	-1	1
-1	15602	-1	1
-1	15462	-1	1
-1	16531	-1	1
-1	14928	-1	1
-1	15977	-1	1
-1	13390	-1	1
-1	13833	-1	1
-1	14351	-1	1
-1	13507	-1	1
-1	14549	-1	1
-1	15191	-1	1
-1	15625	-1	1
-1	16578	-1	1
-1	16600	-1	1
-1	15529	-1	1
-1	14467	-1	1
-1	16024	-1	1
-1	15582	-1	1
-1	15182	-1	1
-1	16297	-1	1
-1	16138	-1	1
-1	13986	-1	1
-1	15706	-1	1
-1	14131	-1	1
-1	14360	-1	1
-1	15870	-1	1
-1	13713	-1	1
-1	15688	-1	1
-1	16573	-1	1
-1	15440	-1	1
-1	13677	-1	1
-1	13958	-1	1
-1	13428	-1	1
-1	15946	-1	1
-1	15117	-1	1
-1	14261	-1	1
-1	13844	-1	1
-1	13305	-1	1
-1	15399	-1	1
-1	13882	-1	1
-1	14967	-1	1
-1	16390	-1	1
-1	14955	-1	1
-1	15920	-1	1
-1	13958	-1	1
-1	14389	-1	1
-1	16311	-1	1
-1	15917	-1	1
-1	16581	-1	1
-1	13029	-1	1
-1	12960	-1	1
-1	15193	-1	1
-1	13203	-1	1
-1	14977	-1	1
-1	13003	-1	1
-1	16075	-1	1
-1	15626	-1	1
-1	16377	-1	1
-1	14210	-1	1
-1	14186	-1	1
-1	16455	-1	1
-1	14842	-1	1
-1	14200	-1	1
-1	14970	-1	1
-1	14251	-1	1
-1	14068	-1	1
-1	14844	-1	1
-1	13927	-1	1
-1	16030	-1	1
-1	14874	-1	1
-1	14134	-1	1
-1	13895	-1	1
-1	14516	-1	1
-1	16596	-1	1
-1	12931	-1	1
-1	13315	-1	1
-1	15995	-1	1
-1	13092	-1	1
-1	13215	-1	1
-1	14806	-1	1
-1	14664	-1	1
-1	16526	-1	1
-1	14948	-1	1
-1	15690	-1	1
-1	13317	-1	1
-1	13808	-1	1
-1	15862	-1	1
-1	13168	-1	1
-1	13931	-1	1
-1	16229	-1	1
-1	15734	-1	1
-1	13484	-1	1
-1	13412	-1	1
-1	13024	-1	1
-1	16563	-1	1
-1	13173	-1	1
-1	14816	-1	1
-1	13400	-1	1
-1	14654	-1	1
-1	13709	-1	1
-1	13606	-1	1
-1	15447	-1	1
-1	14783	-1	1
-1	13662	-1	1
-1	15432	-1	1
-1	14488	-1	1
-1	16322	-1	1
-1	15683	-1	1
-1	13598	-1	1
-1	12958	-1	1
-1	14404	-1	1
-1	16420	-1	1
-1	14085	-1	1
-1	13292	-1	1
-1	15849	-1	1
-1	14832	-1	1
-1	16001	-1	1
-1	13166	-1	1
-1	15098	-1	1
-1	16248	-1	1
-1	15005	-1	1
-1	15927	-1	1
-1	12943	-1	1
-1	14099	-1	1
-1	13270	-1	1
-1	14649	-1	1
-1	14076	-1	1
-1	13418	-1	1
-1	13080	-1	1
-1	16187	-1	1
-1	14238	-1	1
-1	13447	-1	1
-1	16391	-1	1
-1	13814	-1	1
-1	14535	-1	1
-1	15280	-1	1
-1	12977	-1	1
-1	13594	-1	1
-1	16470	-1	1
-1	14343	-1	1
-1	14584	-1	1
-1	13829	-1	1
-1	14947	-1	1
-1	15948	-1	1
-1	16177	-1	1
-1	15062	-1	1
-1	14804	-1	1
-1	13410	-1	1
-1	13683	-1	1
-1	13486	-1	1
-1	16120	-1	1
-1	13136	-1	1
-1	16560	-1	1
-1	16491	-1	1
-1	14168	-1	1
-1	14763	-1	1
-1	16602	-1	1
-1	16589	-1	1
-1	16489	-1	1
-1	14156	-1	1
-1	15597	-1	1
-1	15965	-1	1
-1	14038	-1	1
-1	13040	-1	1
-1	16032	-1	1
-1	13902	-1	1
-1	14099	-1	1
-1	16291	-1	1
-1	16543	-1	1
-1	14270	-1	1
-1	14695	-1	1
-1	13592	-1	1
-1	14133	-1	1
-1	15149	-1	1
-1	15279	-1	1
-1	13252	-1	1
-1	16098	-1	1
-1	13785	-1	1
-1	15400	-1	1
-1	15968	-1	1
-1	13844	-1	1
-1	12954	-1	1
-1	13089	-1	1
-1	12938	-1	1
-1	15674	-1	1
-1	15767	-1	1
-1	15566	-1	1
-1	16108	-1	1
-1	15042	-1	1
-1	15316	-1	1
-1	13074	-1	1
-1	14815	-1	1
-1	15361	-1	1
-1	16018	-1	1
-1	15244	-1	1
-1	16137	-1	1
-1	15541	-1	1
-1	13696	-1	1
-1	14009	-1	1
-1	13369	-1	1
-1	16430	-1	1
-1	13700	-1	1
-1	14916	-1	1
-1	15938	-1	1
-1	13252	-1	1
-1	15952	-1	1
-1	13813	-1	1
-1	16561	-1	1
-1	13911	-1	1
-1	14850	-1	1
-1	14587	-1	1
-1	16030	-1	1
-1	13180	-1	1
-1	14891	-1	1
-1	14761	-1	1
-1	16513	-1	1
-1	16173	-1	1
-1	15815	-1	1
-1	15891	-1	1
-1	13290	-1	1
-1	13433	-1	1
-1	14278	-1	1
-1	13234	-1	1
-1	15807	-1	1
-1	13964	-1	1
-1	14611	-1	1
-1	16106	-1	1
-1	15367	-1	1
-1	14527	-1	1
-1	16313	-1	1
-1	14627	-1	1
-1	13401	-1	1
-1	13378	-1	1
-1	13279	-1	1
-1	16260	-1	1
-1	14719	-1	1
-1	15082	-1	1
-1	14873	-1	1
-1	14331	-1	1
-1	12930	-1	1
-1	14582	-1	1
-1	14936	-1	1
-1	13759	-1	1
-1	14562	-1	1
-1	16058	-1	1
-1	12982	-1	1
-1	14950	-1	1
-1	16468	-1	1
-1	13865	-1	1
-1	15519	-1	1
-1	16493	-1	1
-1	14441	-1	1
-1	15061	-1	1
-1	16522	-1	1
-1	13280	-1	1
-1	14830	-1	1
-1	14209	-1	1
-1	16067	-1	1
-1	15623	-1	1
-1	14494	-1	1
-1	16578	-1	1
-1	15238	-1	1
-1	16142	-1	1
-1	15022	-1	1
-1	14876	-1	1
-1	14921	-1	1
-1	13068	-1	1
-1	16250	-1	1
-1	13825	-1	1
-1	13832	-1	1
-1	14901	-1	1
-1	16239	-1	1
-1	13213	-1	1
-1	13087	-1	1
-1	15058	-1	1
-1	16278	-1	1
-1	16059	-1	1
-1	13433	-1	1
-1	14681	-1	1
-1	15623	-1	1
-1	15000	-1	1
-1	14285	-1	1
-1	13933	-1	1
-1	14831	-1	1
-1	14271	-1	1
-1	13614	-1	1
-1	14886	-1	1
-1	14257	-1	1
-1	16419	-1	1
-1	15997	-1	1
-1	13544	-1	1
-1	13647	-1	1
-1	14495	-1	1
-1	16473	-1	1
-1	14878	-1	1
-1	16006	-1	1
-1	13013	-1	1
-1	13675	-1	1
-1	13353	-1	1
-1	13984	-1	1
-1	13199	-1	1
-1	14347	-1	1
-1	15264	-1	1
-1	15506	-1	1
-1	13500	-1	1
-1	14406	-1	1
-1	13994	-1	1
-1	14877	-1	1
-1	14435	-1	1
-1	16506	-1	1
-1	14806	-1	1
-1	15931	-1	1
-1	14117	-1	1
-1	15728	-1	1
-1	14754	-1	1
-1	15324	-1	1
-1	14925	-1	1
-1	15176	-1	1
-1	14015	-1	1
-1	13748	-1	1
-1	14742	-1	1
-1	16070	-1	1
-1	14059	-1	1
-1	13014	-1	1
-1	16137	-1	1
-1	16388	-1	1
-1	14370	-1	1
-1	13257	-1	1
-1	14009	-1	1
-1	16187	-1	1
-1	12956	-1	1
-1	14353	-1	1
-1	15364	-1	1
-1	13839	-1	1
-1	13144	-1	1
-1	15497	-1	1
-1	12968	-1	1
-1	15281	-1	1
-1	14208	-1	1
-1	15188	-1	1
-1	16418	-1	1
-1	16523	-1	1
-1	16004	-1	1
-1	14788	-1	1
-1	16196	-1	1
-1	16598	-1	1
LBCmax: 18452
