150  50
	0	63	1	64	2	66	3	16	4	29	5	58	6	31	7	19	8	69	9	71	10	51	11	77	12	40	13	47	14	77	15	62	16	11	17	35	18	56	19	22	20	12	21	8	22	80	23	6	24	58	25	71	26	67	27	21	28	28	29	99	30	77	31	16	32	71	33	51	34	55	35	15	36	71	37	66	38	34	39	48	40	12	41	36	42	52	43	65	44	98	45	1	46	63	47	4	48	36	49	19
	0	49	1	69	2	91	3	11	4	59	5	45	6	55	7	71	8	32	9	26	10	97	11	97	12	80	13	65	14	92	15	92	16	44	17	57	18	38	19	27	20	45	21	13	22	11	23	72	24	85	25	90	26	14	27	33	28	80	29	80	30	30	31	58	32	34	33	89	34	78	35	96	36	75	37	34	38	19	39	20	40	12	41	53	42	96	43	51	44	93	45	16	46	70	47	37	48	69	49	59
	0	93	1	91	2	93	3	94	4	56	5	74	6	6	7	69	8	68	9	80	10	96	11	68	12	72	13	75	14	26	15	89	16	5	17	72	18	73	19	34	20	52	21	63	22	18	23	89	24	53	25	35	26	77	27	4	28	66	29	37	30	74	31	73	32	92	33	81	34	89	35	86	36	9	37	85	38	30	39	10	40	86	41	5	42	11	43	10	44	60	45	99	46	47	47	19	48	5	49	29
	0	81	1	22	2	24	3	96	4	18	5	12	6	39	7	51	8	23	9	29	10	65	11	45	12	9	13	93	14	89	15	99	16	27	17	97	18	3	19	4	20	28	21	10	22	37	23	97	24	60	25	11	26	11	27	58	28	26	29	66	30	2	31	31	32	10	33	90	34	80	35	67	36	37	37	89	38	74	39	26	40	57	41	53	42	68	43	16	44	33	45	52	46	32	47	23	48	85	49	51
	0	38	1	79	2	29	3	54	4	37	5	72	6	9	7	43	8	64	9	82	10	3	11	56	12	17	13	20	14	52	15	42	16	29	17	74	18	59	19	73	20	20	21	14	22	37	23	5	24	1	25	4	26	14	27	19	28	63	29	8	30	21	31	84	32	88	33	10	34	22	35	17	36	47	37	72	38	57	39	40	40	78	41	3	42	22	43	56	44	65	45	12	46	84	47	98	48	56	49	69
	0	24	1	9	2	87	3	96	4	53	5	74	6	7	7	68	8	25	9	6	10	22	11	85	12	80	13	49	14	96	15	48	16	51	17	63	18	74	19	66	20	37	21	99	22	32	23	53	24	37	25	71	26	59	27	3	28	66	29	90	30	13	31	53	32	33	33	31	34	27	35	79	36	29	37	17	38	50	39	67	40	50	41	62	42	44	43	60	44	86	45	9	46	74	47	96	48	20	49	45
	0	68	1	50	2	14	3	84	4	26	5	68	6	8	7	43	8	5	9	62	10	40	11	66	12	24	13	82	14	43	15	61	16	40	17	97	18	21	19	53	20	15	21	60	22	77	23	74	24	56	25	19	26	48	27	44	28	6	29	9	30	89	31	4	32	28	33	45	34	85	35	20	36	79	37	84	38	7	39	56	40	5	41	39	42	29	43	87	44	81	45	59	46	67	47	10	48	72	49	10
	0	18	1	65	2	6	3	11	4	6	5	72	6	84	7	22	8	58	9	47	10	46	11	94	12	77	13	72	14	94	15	1	16	80	17	98	18	31	19	38	20	8	21	32	22	57	23	56	24	42	25	27	26	50	27	43	28	79	29	79	30	11	31	5	32	43	33	2	34	50	35	82	36	41	37	20	38	47	39	6	40	88	41	26	42	18	43	7	44	61	45	68	46	55	47	92	48	64	49	74
	0	43	1	71	2	97	3	32	4	52	5	14	6	69	7	78	8	64	9	42	10	9	11	58	12	93	13	96	14	51	15	74	16	91	17	39	18	97	19	25	20	62	21	86	22	95	23	2	24	16	25	59	26	75	27	1	28	44	29	20	30	33	31	64	32	96	33	22	34	66	35	56	36	79	37	90	38	83	39	41	40	28	41	16	42	45	43	24	44	98	45	22	46	28	47	57	48	96	49	49
	0	96	1	31	2	38	3	51	4	20	5	10	6	4	7	11	8	10	9	71	10	38	11	14	12	15	13	53	14	90	15	36	16	16	17	43	18	21	19	39	20	40	21	35	22	16	23	77	24	33	25	46	26	53	27	50	28	96	29	91	30	50	31	80	32	65	33	22	34	82	35	69	36	85	37	100	38	19	39	74	40	18	41	63	42	62	43	28	44	72	45	87	46	46	47	55	48	55	49	72
	0	57	1	90	2	79	3	90	4	74	5	87	6	78	7	80	8	28	9	74	10	8	11	80	12	61	13	2	14	43	15	20	16	94	17	83	18	95	19	35	20	65	21	13	22	6	23	54	24	83	25	44	26	100	27	76	28	8	29	26	30	99	31	59	32	61	33	50	34	22	35	53	36	17	37	62	38	40	39	73	40	40	41	12	42	49	43	92	44	54	45	87	46	74	47	88	48	71	49	13
	0	37	1	94	2	17	3	44	4	38	5	9	6	16	7	69	8	25	9	96	10	35	11	96	12	71	13	61	14	1	15	3	16	73	17	83	18	31	19	69	20	40	21	58	22	50	23	12	24	39	25	58	26	77	27	7	28	11	29	27	30	6	31	56	32	84	33	67	34	23	35	34	36	40	37	84	38	21	39	40	40	8	41	86	42	12	43	13	44	3	45	74	46	42	47	8	48	19	49	54
	0	73	1	24	2	54	3	61	4	66	5	46	6	29	7	75	8	98	9	37	10	14	11	75	12	84	13	85	14	88	15	61	16	97	17	1	18	91	19	20	20	2	21	15	22	42	23	48	24	39	25	29	26	35	27	31	28	44	29	2	30	30	31	54	32	67	33	98	34	18	35	93	36	41	37	13	38	4	39	2	40	3	41	54	42	51	43	13	44	90	45	51	46	86	47	95	48	27	49	16
	0	31	1	51	2	9	3	84	4	53	5	50	6	41	7	94	8	13	9	7	10	63	11	98	12	60	13	84	14	12	15	12	16	24	17	57	18	70	19	40	20	81	21	64	22	2	23	35	24	100	25	58	26	99	27	78	28	97	29	3	30	69	31	100	32	57	33	99	34	38	35	60	36	100	37	22	38	59	39	63	40	93	41	13	42	48	43	86	44	43	45	61	46	74	47	38	48	24	49	44
	0	99	1	79	2	11	3	49	4	23	5	58	6	43	7	67	8	87	9	71	10	23	11	34	12	51	13	27	14	23	15	74	16	29	17	85	18	74	19	61	20	59	21	90	22	38	23	3	24	45	25	31	26	99	27	13	28	91	29	1	30	25	31	34	32	14	33	9	34	76	35	9	36	13	37	6	38	73	39	37	40	20	41	8	42	49	43	48	44	70	45	23	46	42	47	75	48	68	49	25
	0	99	1	24	2	24	3	32	4	18	5	65	6	95	7	78	8	29	9	87	10	70	11	77	12	94	13	97	14	50	15	36	16	91	17	60	18	43	19	61	20	88	21	3	22	62	23	46	24	43	25	23	26	94	27	63	28	83	29	92	30	87	31	74	32	33	33	37	34	57	35	48	36	11	37	31	38	35	39	44	40	16	41	38	42	89	43	91	44	56	45	90	46	86	47	91	48	7	49	84
	0	1	1	6	2	97	3	39	4	73	5	18	6	56	7	48	8	61	9	76	10	76	11	2	12	61	13	54	14	66	15	85	16	83	17	97	18	5	19	68	20	97	21	26	22	28	23	41	24	97	25	25	26	92	27	61	28	46	29	35	30	3	31	23	32	98	33	27	34	14	35	58	36	8	37	32	38	20	39	27	40	80	41	41	42	6	43	72	44	14	45	10	46	20	47	21	48	47	49	40
	0	92	1	86	2	7	3	97	4	15	5	80	6	11	7	8	8	42	9	47	10	99	11	51	12	94	13	87	14	62	15	11	16	63	17	13	18	14	19	74	20	53	21	79	22	28	23	89	24	16	25	58	26	12	27	18	28	51	29	59	30	15	31	41	32	75	33	30	34	87	35	5	36	8	37	56	38	22	39	21	40	4	41	73	42	60	43	53	44	28	45	48	46	44	47	47	48	73	49	96
	0	38	1	7	2	52	3	37	4	56	5	4	6	9	7	5	8	67	9	76	10	47	11	81	12	71	13	63	14	64	15	87	16	56	17	75	18	24	19	84	20	88	21	99	22	32	23	53	24	90	25	78	26	83	27	43	28	16	29	25	30	85	31	36	32	21	33	69	34	100	35	45	36	83	37	20	38	43	39	47	40	38	41	12	42	31	43	28	44	21	45	73	46	76	47	81	48	26	49	11
	0	60	1	92	2	38	3	27	4	41	5	91	6	94	7	91	8	73	9	73	10	67	11	37	12	44	13	4	14	96	15	76	16	61	17	66	18	98	19	23	20	35	21	7	22	28	23	79	24	55	25	9	26	91	27	38	28	36	29	78	30	5	31	90	32	98	33	22	34	73	35	42	36	2	37	80	38	22	39	84	40	44	41	2	42	9	43	76	44	5	45	9	46	96	47	20	48	82	49	73
	0	61	1	49	2	61	3	98	4	85	5	56	6	6	7	96	8	28	9	28	10	78	11	80	12	98	13	69	14	2	15	31	16	63	17	31	18	42	19	1	20	72	21	76	22	72	23	59	24	73	25	37	26	29	27	97	28	46	29	69	30	95	31	55	32	3	33	89	34	53	35	21	36	3	37	51	38	5	39	24	40	98	41	12	42	43	43	30	44	2	45	78	46	17	47	90	48	47	49	35
	0	49	1	26	2	84	3	11	4	70	5	37	6	11	7	17	8	87	9	56	10	68	11	69	12	11	13	14	14	24	15	83	16	2	17	66	18	21	19	96	20	4	21	94	22	88	23	65	24	79	25	8	26	12	27	27	28	74	29	82	30	38	31	45	32	68	33	14	34	45	35	59	36	81	37	92	38	95	39	13	40	55	41	12	42	79	43	41	44	27	45	68	46	95	47	23	48	56	49	12
	0	24	1	51	2	87	3	69	4	5	5	58	6	42	7	36	8	18	9	99	10	84	11	8	12	16	13	4	14	100	15	13	16	87	17	20	18	83	19	47	20	18	21	26	22	21	23	30	24	92	25	83	26	21	27	47	28	58	29	52	30	22	31	28	32	41	33	2	34	74	35	77	36	78	37	68	38	98	39	72	40	4	41	58	42	43	43	79	44	32	45	6	46	6	47	63	48	88	49	17
	0	83	1	85	2	92	3	55	4	76	5	13	6	12	7	70	8	55	9	95	10	24	11	67	12	63	13	71	14	47	15	62	16	15	17	11	18	53	19	71	20	19	21	16	22	50	23	40	24	29	25	23	26	9	27	98	28	3	29	90	30	71	31	2	32	26	33	56	34	51	35	5	36	22	37	4	38	44	39	54	40	73	41	72	42	75	43	14	44	1	45	88	46	63	47	69	48	93	49	26
	0	99	1	47	2	83	3	4	4	32	5	60	6	2	7	80	8	37	9	77	10	67	11	10	12	2	13	51	14	85	15	73	16	47	17	79	18	68	19	86	20	85	21	62	22	3	23	51	24	62	25	90	26	16	27	15	28	54	29	90	30	26	31	43	32	5	33	74	34	81	35	14	36	21	37	10	38	6	39	5	40	81	41	92	42	33	43	28	44	96	45	70	46	69	47	14	48	55	49	84
	0	31	1	81	2	29	3	99	4	53	5	18	6	10	7	48	8	45	9	76	10	32	11	17	12	63	13	46	14	79	15	35	16	6	17	61	18	83	19	57	20	67	21	68	22	71	23	45	24	90	25	39	26	12	27	88	28	19	29	19	30	68	31	25	32	35	33	47	34	64	35	45	36	17	37	75	38	9	39	87	40	84	41	85	42	52	43	69	44	85	45	83	46	50	47	13	48	62	49	100
	0	79	1	46	2	94	3	51	4	11	5	87	6	89	7	25	8	52	9	63	10	9	11	95	12	1	13	14	14	13	15	85	16	75	17	60	18	71	19	37	20	24	21	61	22	85	23	45	24	16	25	91	26	8	27	67	28	69	29	93	30	62	31	24	32	65	33	98	34	79	35	52	36	75	37	22	38	36	39	60	40	67	41	79	42	43	43	9	44	88	45	60	46	4	47	33	48	40	49	76
	0	72	1	33	2	89	3	75	4	60	5	48	6	71	7	56	8	80	9	74	10	4	11	61	12	23	13	68	14	94	15	9	16	97	17	82	18	6	19	6	20	96	21	4	22	51	23	46	24	63	25	97	26	85	27	74	28	57	29	68	30	35	31	4	32	62	33	6	34	5	35	84	36	77	37	74	38	10	39	62	40	81	41	45	42	46	43	4	44	72	45	2	46	13	47	55	48	5	49	65
	0	18	1	47	2	92	3	8	4	44	5	1	6	39	7	55	8	66	9	72	10	28	11	7	12	30	13	33	14	64	15	14	16	49	17	98	18	62	19	95	20	69	21	34	22	25	23	84	24	5	25	13	26	45	27	37	28	64	29	85	30	44	31	43	32	95	33	1	34	4	35	12	36	31	37	7	38	77	39	46	40	26	41	68	42	79	43	5	44	89	45	24	46	87	47	27	48	63	49	74
	0	1	1	67	2	32	3	25	4	57	5	60	6	12	7	78	8	84	9	25	10	86	11	26	12	38	13	67	14	91	15	80	16	70	17	44	18	43	19	54	20	14	21	94	22	83	23	78	24	84	25	57	26	73	27	20	28	18	29	32	30	64	31	24	32	34	33	41	34	27	35	12	36	57	37	5	38	18	39	92	40	39	41	53	42	12	43	84	44	91	45	5	46	33	47	46	48	87	49	21
	0	55	1	60	2	21	3	89	4	72	5	22	6	20	7	97	8	38	9	37	10	31	11	28	12	35	13	11	14	63	15	53	16	27	17	100	18	38	19	17	20	94	21	49	22	69	23	50	24	70	25	36	26	93	27	40	28	13	29	11	30	7	31	52	32	88	33	66	34	1	35	86	36	49	37	19	38	75	39	97	40	36	41	68	42	80	43	28	44	32	45	49	46	44	47	29	48	51	49	20
	0	42	1	56	2	32	3	44	4	39	5	84	6	85	7	42	8	15	9	66	10	99	11	40	12	44	13	31	14	10	15	44	16	90	17	1	18	91	19	91	20	43	21	69	22	12	23	84	24	4	25	60	26	81	27	2	28	94	29	85	30	63	31	32	32	48	33	48	34	44	35	76	36	22	37	60	38	74	39	33	40	12	41	93	42	26	43	50	44	65	45	42	46	31	47	88	48	57	49	18
	0	96	1	60	2	28	3	64	4	9	5	31	6	24	7	66	8	78	9	89	10	85	11	24	12	73	13	18	14	67	15	80	16	62	17	42	18	2	19	25	20	54	21	20	22	21	23	45	24	100	25	9	26	100	27	62	28	9	29	23	30	4	31	82	32	81	33	51	34	40	35	72	36	64	37	33	38	43	39	1	40	89	41	78	42	49	43	41	44	36	45	91	46	41	47	6	48	38	49	43
	0	66	1	62	2	33	3	89	4	62	5	59	6	97	7	36	8	32	9	51	10	46	11	97	12	64	13	3	14	83	15	91	16	97	17	22	18	10	19	89	20	48	21	36	22	50	23	90	24	75	25	19	26	50	27	88	28	46	29	43	30	47	31	81	32	13	33	95	34	17	35	4	36	39	37	88	38	64	39	3	40	4	41	62	42	90	43	86	44	7	45	56	46	61	47	7	48	26	49	82
	0	73	1	76	2	8	3	54	4	68	5	95	6	10	7	27	8	63	9	73	10	91	11	73	12	79	13	60	14	47	15	87	16	6	17	4	18	35	19	98	20	19	21	32	22	18	23	36	24	34	25	93	26	30	27	77	28	93	29	28	30	59	31	60	32	77	33	46	34	75	35	53	36	21	37	18	38	58	39	28	40	63	41	38	42	17	43	40	44	50	45	85	46	81	47	39	48	96	49	5
	0	22	1	67	2	48	3	96	4	32	5	4	6	17	7	47	8	69	9	70	10	77	11	86	12	40	13	100	14	42	15	29	16	83	17	45	18	56	19	34	20	82	21	71	22	89	23	98	24	99	25	54	26	94	27	62	28	36	29	93	30	78	31	100	32	48	33	91	34	9	35	23	36	62	37	85	38	21	39	3	40	87	41	1	42	33	43	12	44	17	45	89	46	79	47	31	48	52	49	56
	0	91	1	69	2	2	3	95	4	19	5	100	6	44	7	88	8	63	9	99	10	40	11	27	12	39	13	59	14	49	15	78	16	30	17	89	18	82	19	86	20	75	21	45	22	84	23	1	24	100	25	41	26	48	27	51	28	98	29	36	30	81	31	27	32	14	33	2	34	96	35	27	36	82	37	12	38	92	39	80	40	33	41	6	42	30	43	60	44	59	45	26	46	42	47	49	48	10	49	23
	0	25	1	6	2	55	3	80	4	92	5	63	6	37	7	8	8	97	9	49	10	5	11	1	12	53	13	11	14	83	15	61	16	100	17	84	18	49	19	32	20	16	21	30	22	98	23	95	24	49	25	52	26	17	27	26	28	26	29	41	30	16	31	6	32	79	33	31	34	80	35	44	36	74	37	46	38	25	39	50	40	39	41	86	42	97	43	62	44	35	45	77	46	27	47	28	48	8	49	72
	0	38	1	83	2	21	3	5	4	74	5	79	6	49	7	97	8	84	9	56	10	83	11	4	12	89	13	70	14	94	15	35	16	13	17	99	18	28	19	73	20	64	21	6	22	54	23	3	24	71	25	33	26	75	27	6	28	46	29	37	30	71	31	87	32	10	33	17	34	46	35	33	36	96	37	71	38	91	39	34	40	27	41	92	42	80	43	3	44	36	45	97	46	73	47	84	48	67	49	33
	0	83	1	30	2	73	3	16	4	30	5	80	6	16	7	1	8	6	9	96	10	8	11	71	12	98	13	13	14	75	15	8	16	62	17	10	18	19	19	88	20	41	21	35	22	11	23	87	24	65	25	15	26	38	27	25	28	81	29	32	30	96	31	61	32	1	33	68	34	95	35	23	36	64	37	38	38	18	39	32	40	42	41	58	42	53	43	66	44	57	45	21	46	84	47	62	48	73	49	91
	0	20	1	47	2	75	3	17	4	93	5	69	6	67	7	34	8	45	9	38	10	38	11	21	12	100	13	26	14	79	15	2	16	90	17	68	18	60	19	35	20	58	21	69	22	80	23	14	24	92	25	10	26	73	27	76	28	36	29	7	30	16	31	100	32	95	33	68	34	77	35	32	36	26	37	43	38	2	39	66	40	76	41	75	42	23	43	82	44	27	45	94	46	45	47	10	48	40	49	98
	0	30	1	68	2	13	3	29	4	1	5	4	6	4	7	42	8	28	9	27	10	76	11	1	12	61	13	22	14	61	15	71	16	36	17	71	18	60	19	91	20	66	21	31	22	22	23	27	24	73	25	36	26	68	27	61	28	60	29	36	30	46	31	58	32	94	33	76	34	53	35	8	36	68	37	81	38	40	39	52	40	62	41	16	42	92	43	25	44	9	45	7	46	54	47	79	48	52	49	68
	0	38	1	72	2	37	3	64	4	45	5	35	6	83	7	94	8	58	9	49	10	17	11	86	12	31	13	97	14	80	15	32	16	45	17	78	18	26	19	11	20	22	21	83	22	75	23	71	24	18	25	90	26	97	27	68	28	31	29	15	30	32	31	91	32	1	33	20	34	80	35	15	36	74	37	91	38	4	39	55	40	81	41	4	42	43	43	31	44	36	45	64	46	23	47	53	48	53	49	86
	0	4	1	75	2	39	3	28	4	23	5	11	6	35	7	32	8	92	9	84	10	72	11	4	12	90	13	51	14	83	15	47	16	37	17	44	18	11	19	40	20	46	21	5	22	64	23	1	24	98	25	7	26	26	27	11	28	66	29	92	30	32	31	58	32	14	33	68	34	55	35	33	36	18	37	44	38	68	39	13	40	96	41	97	42	72	43	74	44	47	45	96	46	14	47	42	48	38	49	31
	0	29	1	78	2	79	3	23	4	80	5	42	6	74	7	12	8	82	9	90	10	61	11	42	12	36	13	94	14	50	15	98	16	1	17	95	18	34	19	66	20	86	21	24	22	41	23	13	24	51	25	54	26	35	27	13	28	19	29	68	30	94	31	64	32	68	33	53	34	26	35	74	36	46	37	53	38	96	39	10	40	9	41	55	42	66	43	36	44	13	45	73	46	89	47	90	48	78	49	61
	0	100	1	63	2	6	3	78	4	96	5	3	6	46	7	72	8	90	9	30	10	20	11	67	12	96	13	50	14	43	15	64	16	73	17	14	18	25	19	90	20	23	21	28	22	29	23	63	24	49	25	45	26	7	27	50	28	90	29	78	30	60	31	33	32	3	33	10	34	88	35	20	36	58	37	99	38	18	39	61	40	59	41	11	42	32	43	57	44	23	45	7	46	34	47	62	48	60	49	86
	0	27	1	32	2	44	3	56	4	87	5	70	6	83	7	78	8	56	9	55	10	97	11	16	12	89	13	60	14	89	15	69	16	39	17	17	18	60	19	2	20	45	21	55	22	95	23	62	24	66	25	32	26	33	27	69	28	95	29	48	30	86	31	24	32	5	33	86	34	84	35	51	36	48	37	36	38	51	39	86	40	94	41	95	42	35	43	67	44	79	45	48	46	60	47	95	48	10	49	65
	0	67	1	73	2	25	3	87	4	59	5	27	6	30	7	63	8	67	9	82	10	50	11	78	12	8	13	51	14	59	15	88	16	99	17	33	18	95	19	22	20	44	21	56	22	50	23	56	24	13	25	11	26	13	27	50	28	78	29	29	30	99	31	87	32	78	33	38	34	80	35	94	36	20	37	88	38	26	39	97	40	51	41	9	42	91	43	57	44	41	45	78	46	34	47	96	48	78	49	83
	0	33	1	88	2	59	3	17	4	49	5	98	6	21	7	41	8	44	9	72	10	61	11	2	12	47	13	31	14	22	15	89	16	50	17	14	18	56	19	67	20	50	21	58	22	93	23	23	24	84	25	40	26	59	27	4	28	18	29	97	30	43	31	50	32	89	33	100	34	2	35	34	36	12	37	57	38	34	39	65	40	97	41	72	42	86	43	33	44	42	45	73	46	62	47	79	48	93	49	86
	0	51	1	26	2	95	3	48	4	82	5	15	6	61	7	38	8	90	9	21	10	47	11	6	12	49	13	46	14	7	15	21	16	87	17	12	18	53	19	49	20	8	21	4	22	66	23	61	24	86	25	33	26	16	27	13	28	96	29	28	30	92	31	52	32	97	33	64	34	50	35	42	36	91	37	87	38	28	39	10	40	24	41	6	42	2	43	63	44	84	45	47	46	53	47	20	48	35	49	98
	0	82	1	63	2	83	3	93	4	15	5	98	6	55	7	98	8	49	9	80	10	52	11	18	12	48	13	54	14	94	15	21	16	96	17	95	18	78	19	58	20	60	21	68	22	6	23	27	24	9	25	33	26	68	27	91	28	13	29	64	30	75	31	74	32	7	33	66	34	81	35	82	36	81	37	96	38	42	39	17	40	63	41	29	42	92	43	95	44	81	45	36	46	52	47	75	48	14	49	38
	0	80	1	59	2	1	3	75	4	40	5	41	6	39	7	10	8	53	9	83	10	95	11	23	12	45	13	63	14	27	15	2	16	8	17	34	18	67	19	19	20	55	21	66	22	28	23	42	24	11	25	72	26	33	27	43	28	85	29	42	30	77	31	76	32	19	33	36	34	67	35	46	36	88	37	94	38	7	39	14	40	28	41	90	42	24	43	69	44	88	45	27	46	40	47	91	48	52	49	27
	0	50	1	82	2	59	3	9	4	57	5	27	6	36	7	22	8	67	9	24	10	18	11	81	12	54	13	93	14	100	15	47	16	44	17	48	18	69	19	20	20	77	21	91	22	9	23	46	24	48	25	75	26	59	27	66	28	37	29	30	30	82	31	53	32	75	33	54	34	77	35	2	36	9	37	17	38	28	39	84	40	64	41	27	42	83	43	85	44	9	45	50	46	10	47	67	48	88	49	98
	0	62	1	43	2	55	3	13	4	49	5	44	6	34	7	15	8	17	9	22	10	6	11	92	12	54	13	18	14	60	15	53	16	92	17	87	18	91	19	75	20	79	21	62	22	27	23	1	24	18	25	89	26	3	27	82	28	18	29	84	30	25	31	65	32	99	33	77	34	92	35	81	36	33	37	46	38	71	39	66	40	31	41	72	42	29	43	26	44	3	45	41	46	90	47	48	48	42	49	98
	0	50	1	88	2	15	3	23	4	79	5	100	6	70	7	67	8	90	9	3	10	79	11	100	12	52	13	72	14	76	15	23	16	88	17	20	18	78	19	76	20	65	21	4	22	77	23	34	24	84	25	59	26	49	27	56	28	22	29	62	30	23	31	55	32	84	33	69	34	96	35	97	36	63	37	77	38	96	39	32	40	21	41	2	42	26	43	29	44	36	45	90	46	42	47	72	48	85	49	83
	0	33	1	22	2	46	3	11	4	39	5	67	6	43	7	94	8	94	9	11	10	83	11	69	12	91	13	70	14	32	15	61	16	12	17	80	18	43	19	86	20	57	21	35	22	41	23	46	24	80	25	3	26	15	27	45	28	5	29	5	30	72	31	49	32	82	33	36	34	61	35	65	36	8	37	65	38	76	39	11	40	23	41	68	42	72	43	93	44	58	45	42	46	81	47	30	48	89	49	32
	0	2	1	85	2	24	3	66	4	93	5	78	6	41	7	66	8	96	9	10	10	33	11	91	12	81	13	23	14	41	15	34	16	81	17	51	18	84	19	65	20	45	21	65	22	3	23	3	24	55	25	10	26	94	27	60	28	61	29	71	30	83	31	75	32	45	33	31	34	76	35	56	36	11	37	16	38	94	39	75	40	57	41	15	42	49	43	89	44	92	45	38	46	58	47	97	48	94	49	51
	0	74	1	41	2	11	3	89	4	85	5	7	6	71	7	50	8	26	9	1	10	50	11	3	12	84	13	97	14	96	15	85	16	99	17	74	18	28	19	56	20	5	21	2	22	46	23	37	24	36	25	44	26	30	27	52	28	15	29	69	30	10	31	51	32	94	33	5	34	26	35	93	36	3	37	83	38	28	39	91	40	42	41	33	42	69	43	73	44	15	45	49	46	100	47	7	48	88	49	26
	0	70	1	72	2	23	3	34	4	82	5	8	6	33	7	95	8	63	9	51	10	25	11	59	12	59	13	39	14	67	15	11	16	42	17	61	18	72	19	49	20	6	21	65	22	85	23	12	24	86	25	57	26	32	27	48	28	22	29	60	30	43	31	61	32	61	33	12	34	83	35	72	36	53	37	9	38	37	39	66	40	7	41	46	42	36	43	39	44	91	45	3	46	22	47	50	48	3	49	57
	0	91	1	39	2	52	3	54	4	56	5	82	6	13	7	52	8	23	9	71	10	47	11	10	12	75	13	64	14	17	15	1	16	98	17	29	18	20	19	74	20	5	21	72	22	22	23	77	24	28	25	45	26	76	27	33	28	100	29	52	30	48	31	18	32	43	33	98	34	87	35	94	36	14	37	78	38	7	39	88	40	9	41	64	42	81	43	21	44	1	45	61	46	52	47	42	48	68	49	33
	0	12	1	87	2	49	3	16	4	13	5	8	6	12	7	79	8	6	9	21	10	46	11	87	12	15	13	62	14	91	15	87	16	100	17	69	18	77	19	22	20	73	21	16	22	44	23	34	24	51	25	62	26	46	27	15	28	74	29	14	30	73	31	28	32	27	33	87	34	40	35	92	36	31	37	31	38	36	39	6	40	92	41	60	42	15	43	63	44	33	45	78	46	84	47	81	48	52	49	18
	0	20	1	27	2	59	3	16	4	16	5	52	6	1	7	2	8	44	9	29	10	85	11	71	12	76	13	70	14	38	15	60	16	8	17	80	18	73	19	64	20	76	21	53	22	64	23	46	24	69	25	30	26	29	27	37	28	51	29	67	30	72	31	29	32	75	33	95	34	57	35	95	36	43	37	55	38	100	39	11	40	36	41	47	42	86	43	46	44	25	45	29	46	83	47	48	48	38	49	52
	0	79	1	51	2	45	3	15	4	76	5	74	6	77	7	72	8	24	9	83	10	5	11	49	12	61	13	43	14	32	15	15	16	9	17	87	18	79	19	42	20	33	21	62	22	71	23	49	24	71	25	47	26	50	27	91	28	74	29	40	30	76	31	68	32	37	33	65	34	85	35	47	36	99	37	44	38	17	39	17	40	36	41	38	42	43	43	43	44	90	45	53	46	41	47	67	48	97	49	49
	0	9	1	78	2	9	3	28	4	4	5	56	6	28	7	58	8	61	9	53	10	92	11	81	12	23	13	77	14	78	15	2	16	74	17	70	18	25	19	53	20	75	21	28	22	76	23	100	24	43	25	80	26	100	27	1	28	8	29	19	30	51	31	70	32	50	33	89	34	54	35	85	36	100	37	26	38	43	39	42	40	55	41	29	42	88	43	64	44	41	45	15	46	81	47	87	48	21	49	71
	0	67	1	5	2	44	3	11	4	51	5	44	6	66	7	4	8	3	9	84	10	96	11	29	12	48	13	61	14	54	15	69	16	17	17	9	18	32	19	60	20	96	21	37	22	9	23	45	24	84	25	36	26	46	27	12	28	67	29	71	30	68	31	97	32	59	33	100	34	25	35	8	36	66	37	21	38	56	39	76	40	81	41	48	42	27	43	44	44	6	45	61	46	4	47	74	48	66	49	80
	0	80	1	94	2	62	3	56	4	84	5	43	6	73	7	95	8	14	9	81	10	4	11	32	12	91	13	63	14	53	15	44	16	27	17	1	18	16	19	59	20	42	21	66	22	86	23	91	24	82	25	98	26	92	27	37	28	17	29	23	30	90	31	77	32	31	33	4	34	12	35	92	36	23	37	77	38	15	39	89	40	79	41	30	42	7	43	74	44	97	45	45	46	23	47	43	48	67	49	12
	0	97	1	62	2	32	3	64	4	40	5	64	6	96	7	17	8	16	9	80	10	42	11	1	12	96	13	82	14	82	15	8	16	11	17	12	18	53	19	16	20	45	21	19	22	32	23	51	24	33	25	27	26	28	27	85	28	64	29	3	30	69	31	100	32	97	33	13	34	20	35	69	36	37	37	69	38	66	39	15	40	35	41	10	42	62	43	56	44	15	45	78	46	34	47	59	48	23	49	60
	0	83	1	44	2	65	3	38	4	23	5	29	6	86	7	49	8	56	9	87	10	89	11	34	12	66	13	65	14	100	15	67	16	80	17	97	18	38	19	57	20	45	21	94	22	51	23	73	24	91	25	1	26	96	27	50	28	1	29	51	30	2	31	58	32	4	33	58	34	47	35	50	36	59	37	36	38	17	39	23	40	89	41	22	42	33	43	46	44	97	45	45	46	84	47	60	48	72	49	77
	0	79	1	34	2	44	3	47	4	11	5	39	6	77	7	13	8	8	9	84	10	100	11	17	12	1	13	2	14	92	15	68	16	37	17	10	18	3	19	32	20	19	21	59	22	64	23	23	24	52	25	52	26	12	27	18	28	26	29	2	30	36	31	52	32	62	33	57	34	30	35	53	36	5	37	9	38	2	39	31	40	42	41	68	42	59	43	29	44	68	45	67	46	4	47	100	48	48	49	25
	0	79	1	69	2	32	3	96	4	56	5	87	6	19	7	65	8	65	9	100	10	94	11	81	12	96	13	79	14	62	15	32	16	31	17	84	18	74	19	6	20	77	21	60	22	8	23	91	24	13	25	98	26	44	27	3	28	80	29	94	30	63	31	53	32	67	33	86	34	41	35	95	36	67	37	76	38	32	39	100	40	20	41	48	42	54	43	59	44	60	45	31	46	22	47	19	48	32	49	97
	0	98	1	83	2	50	3	69	4	36	5	45	6	3	7	75	8	69	9	38	10	44	11	3	12	38	13	6	14	6	15	12	16	78	17	48	18	37	19	16	20	5	21	74	22	49	23	54	24	66	25	79	26	16	27	92	28	59	29	30	30	73	31	42	32	6	33	19	34	99	35	90	36	79	37	23	38	81	39	48	40	74	41	74	42	1	43	94	44	98	45	44	46	91	47	64	48	17	49	70
	0	35	1	97	2	75	3	6	4	31	5	54	6	87	7	56	8	37	9	61	10	55	11	27	12	56	13	56	14	72	15	17	16	37	17	21	18	6	19	17	20	4	21	45	22	89	23	93	24	41	25	48	26	36	27	81	28	76	29	49	30	80	31	6	32	64	33	72	34	98	35	15	36	52	37	19	38	68	39	85	40	79	41	53	42	68	43	23	44	38	45	64	46	14	47	10	48	7	49	22
	0	10	1	24	2	39	3	35	4	38	5	52	6	35	7	63	8	20	9	81	10	74	11	63	12	33	13	23	14	61	15	58	16	52	17	23	18	9	19	62	20	55	21	34	22	79	23	95	24	23	25	84	26	34	27	83	28	97	29	55	30	88	31	18	32	3	33	42	34	59	35	22	36	39	37	83	38	37	39	46	40	85	41	61	42	52	43	90	44	88	45	20	46	94	47	39	48	33	49	53
	0	3	1	34	2	90	3	52	4	58	5	29	6	15	7	29	8	17	9	16	10	30	11	37	12	90	13	99	14	17	15	68	16	45	17	53	18	8	19	96	20	85	21	22	22	36	23	89	24	39	25	5	26	3	27	18	28	66	29	60	30	58	31	29	32	45	33	23	34	11	35	61	36	20	37	10	38	10	39	24	40	20	41	57	42	67	43	67	44	56	45	16	46	4	47	4	48	88	49	13
	0	54	1	79	2	98	3	29	4	51	5	85	6	21	7	71	8	79	9	68	10	10	11	31	12	66	13	78	14	53	15	61	16	48	17	61	18	51	19	9	20	46	21	91	22	31	23	89	24	9	25	83	26	61	27	87	28	37	29	51	30	84	31	23	32	81	33	94	34	80	35	18	36	76	37	20	38	38	39	39	40	64	41	44	42	95	43	26	44	14	45	27	46	54	47	14	48	32	49	29
	0	21	1	8	2	29	3	2	4	96	5	82	6	2	7	48	8	15	9	93	10	10	11	12	12	38	13	48	14	91	15	80	16	16	17	56	18	27	19	15	20	93	21	51	22	52	23	50	24	19	25	83	26	81	27	6	28	81	29	89	30	83	31	16	32	82	33	7	34	37	35	79	36	21	37	98	38	35	39	55	40	60	41	80	42	37	43	94	44	64	45	89	46	80	47	55	48	75	49	21
	0	93	1	46	2	44	3	37	4	80	5	15	6	17	7	5	8	65	9	45	10	76	11	33	12	22	13	54	14	68	15	16	16	16	17	98	18	68	19	87	20	44	21	20	22	68	23	57	24	50	25	2	26	81	27	86	28	38	29	10	30	9	31	10	32	31	33	38	34	8	35	16	36	32	37	94	38	54	39	58	40	86	41	77	42	88	43	31	44	61	45	47	46	97	47	63	48	85	49	86
	0	57	1	86	2	12	3	87	4	48	5	97	6	4	7	45	8	19	9	19	10	51	11	15	12	50	13	28	14	69	15	69	16	58	17	96	18	37	19	69	20	28	21	72	22	83	23	36	24	76	25	8	26	10	27	79	28	70	29	87	30	32	31	20	32	66	33	25	34	64	35	26	36	40	37	37	38	74	39	32	40	13	41	8	42	2	43	16	44	16	45	100	46	5	47	67	48	26	49	75
	0	70	1	50	2	71	3	42	4	15	5	57	6	4	7	26	8	73	9	8	10	70	11	43	12	15	13	30	14	32	15	19	16	73	17	35	18	16	19	79	20	54	21	75	22	8	23	9	24	68	25	36	26	7	27	60	28	8	29	13	30	2	31	40	32	50	33	72	34	47	35	26	36	62	37	78	38	44	39	88	40	49	41	71	42	64	43	98	44	63	45	98	46	47	47	75	48	55	49	38
	0	81	1	88	2	59	3	86	4	55	5	21	6	19	7	73	8	6	9	59	10	17	11	39	12	34	13	64	14	41	15	96	16	53	17	46	18	25	19	37	20	79	21	36	22	34	23	79	24	100	25	35	26	75	27	56	28	63	29	88	30	74	31	84	32	76	33	95	34	25	35	81	36	15	37	78	38	26	39	3	40	78	41	61	42	40	43	28	44	28	45	14	46	55	47	11	48	19	49	90
	0	24	1	74	2	96	3	50	4	18	5	22	6	9	7	51	8	21	9	88	10	90	11	42	12	37	13	50	14	70	15	91	16	7	17	74	18	54	19	57	20	49	21	78	22	70	23	46	24	58	25	16	26	45	27	43	28	46	29	32	30	7	31	7	32	100	33	31	34	92	35	50	36	86	37	65	38	8	39	56	40	40	41	31	42	94	43	10	44	97	45	40	46	67	47	37	48	82	49	84
	0	49	1	71	2	48	3	27	4	14	5	4	6	21	7	89	8	8	9	93	10	15	11	1	12	13	13	14	14	13	15	52	16	71	17	94	18	20	19	49	20	92	21	73	22	41	23	72	24	1	25	53	26	53	27	83	28	5	29	52	30	46	31	30	32	81	33	73	34	76	35	54	36	24	37	44	38	47	39	86	40	96	41	97	42	9	43	85	44	66	45	88	46	47	47	82	48	46	49	81
	0	95	1	94	2	43	3	43	4	7	5	50	6	94	7	25	8	48	9	35	10	53	11	23	12	15	13	33	14	43	15	56	16	82	17	43	18	97	19	85	20	29	21	96	22	44	23	74	24	19	25	80	26	26	27	72	28	1	29	66	30	35	31	46	32	83	33	95	34	23	35	17	36	86	37	56	38	12	39	64	40	72	41	81	42	14	43	100	44	26	45	14	46	33	47	51	48	9	49	51
	0	11	1	62	2	27	3	61	4	48	5	35	6	81	7	7	8	87	9	73	10	99	11	53	12	67	13	67	14	51	15	22	16	78	17	62	18	100	19	32	20	55	21	100	22	59	23	29	24	22	25	97	26	37	27	97	28	57	29	29	30	99	31	14	32	29	33	24	34	71	35	74	36	59	37	79	38	78	39	14	40	76	41	63	42	83	43	92	44	78	45	57	46	61	47	25	48	36	49	60
	0	40	1	71	2	78	3	51	4	89	5	16	6	47	7	92	8	26	9	9	10	30	11	98	12	84	13	42	14	97	15	34	16	63	17	79	18	89	19	93	20	37	21	74	22	52	23	76	24	16	25	36	26	10	27	70	28	70	29	28	30	10	31	4	32	68	33	19	34	96	35	26	36	86	37	3	38	89	39	26	40	89	41	75	42	75	43	8	44	96	45	24	46	41	47	67	48	76	49	73
	0	4	1	56	2	31	3	89	4	8	5	12	6	80	7	35	8	14	9	1	10	32	11	33	12	93	13	3	14	16	15	73	16	80	17	20	18	22	19	82	20	81	21	7	22	46	23	25	24	20	25	45	26	60	27	24	28	73	29	17	30	50	31	2	32	30	33	32	34	78	35	87	36	69	37	33	38	80	39	45	40	51	41	81	42	94	43	18	44	63	45	82	46	86	47	81	48	60	49	20
	0	11	1	66	2	90	3	3	4	34	5	88	6	4	7	38	8	97	9	84	10	87	11	86	12	99	13	67	14	51	15	77	16	41	17	22	18	92	19	66	20	37	21	22	22	85	23	81	24	100	25	36	26	79	27	76	28	50	29	43	30	24	31	100	32	16	33	99	34	16	35	50	36	13	37	96	38	73	39	51	40	22	41	21	42	57	43	95	44	4	45	17	46	9	47	35	48	29	49	74
	0	69	1	4	2	98	3	23	4	93	5	11	6	88	7	19	8	85	9	36	10	51	11	11	12	16	13	23	14	41	15	49	16	91	17	46	18	62	19	82	20	80	21	89	22	47	23	30	24	45	25	77	26	20	27	56	28	2	29	40	30	95	31	50	32	23	33	2	34	26	35	7	36	55	37	21	38	93	39	75	40	5	41	28	42	2	43	88	44	40	45	43	46	39	47	13	48	79	49	53
	0	80	1	81	2	87	3	96	4	79	5	82	6	90	7	78	8	68	9	38	10	88	11	13	12	40	13	84	14	11	15	78	16	5	17	34	18	63	19	98	20	43	21	87	22	48	23	31	24	87	25	28	26	56	27	1	28	6	29	12	30	79	31	97	32	87	33	30	34	61	35	54	36	20	37	24	38	19	39	59	40	44	41	67	42	80	43	67	44	7	45	38	46	21	47	17	48	40	49	66
	0	15	1	72	2	64	3	18	4	6	5	39	6	60	7	38	8	84	9	29	10	86	11	94	12	21	13	70	14	23	15	65	16	81	17	87	18	67	19	80	20	39	21	97	22	10	23	100	24	53	25	2	26	86	27	96	28	77	29	65	30	58	31	68	32	15	33	7	34	75	35	2	36	51	37	57	38	44	39	76	40	100	41	46	42	64	43	35	44	69	45	26	46	49	47	28	48	31	49	55
	0	12	1	50	2	40	3	80	4	1	5	47	6	36	7	7	8	13	9	74	10	31	11	35	12	2	13	4	14	78	15	10	16	92	17	56	18	42	19	9	20	33	21	50	22	37	23	61	24	75	25	37	26	18	27	82	28	44	29	57	30	4	31	57	32	44	33	13	34	96	35	12	36	21	37	67	38	17	39	60	40	68	41	10	42	73	43	3	44	40	45	41	46	26	47	25	48	25	49	69
	0	16	1	29	2	94	3	22	4	89	5	73	6	97	7	28	8	98	9	23	10	11	11	98	12	99	13	34	14	45	15	21	16	61	17	11	18	46	19	73	20	42	21	31	22	77	23	72	24	22	25	7	26	57	27	48	28	87	29	36	30	81	31	7	32	98	33	67	34	60	35	5	36	5	37	69	38	52	39	63	40	71	41	95	42	70	43	92	44	26	45	62	46	95	47	4	48	76	49	7
	0	20	1	26	2	16	3	74	4	11	5	53	6	32	7	52	8	59	9	95	10	98	11	65	12	59	13	16	14	92	15	86	16	37	17	62	18	93	19	25	20	9	21	23	22	31	23	8	24	64	25	86	26	99	27	61	28	67	29	70	30	62	31	47	32	59	33	43	34	100	35	37	36	86	37	72	38	90	39	5	40	75	41	52	42	5	43	75	44	58	45	14	46	86	47	64	48	100	49	9
	0	18	1	6	2	84	3	16	4	5	5	38	6	53	7	28	8	43	9	85	10	31	11	2	12	23	13	89	14	49	15	90	16	13	17	54	18	65	19	76	20	13	21	99	22	49	23	93	24	60	25	66	26	68	27	98	28	51	29	93	30	96	31	13	32	5	33	67	34	34	35	77	36	55	37	23	38	21	39	66	40	89	41	31	42	50	43	60	44	46	45	9	46	46	47	84	48	34	49	48
	0	54	1	37	2	53	3	30	4	51	5	93	6	23	7	78	8	77	9	42	10	41	11	78	12	40	13	92	14	33	15	51	16	65	17	67	18	73	19	67	20	70	21	50	22	77	23	32	24	85	25	81	26	2	27	93	28	75	29	96	30	95	31	33	32	6	33	56	34	96	35	57	36	68	37	28	38	63	39	90	40	67	41	95	42	92	43	40	44	20	45	19	46	42	47	91	48	28	49	73
	0	85	1	37	2	22	3	32	4	54	5	63	6	91	7	77	8	43	9	44	10	35	11	45	12	92	13	11	14	18	15	57	16	57	17	5	18	8	19	75	20	56	21	21	22	17	23	84	24	23	25	12	26	91	27	13	28	29	29	8	30	16	31	10	32	50	33	63	34	22	35	67	36	75	37	35	38	18	39	38	40	5	41	77	42	91	43	5	44	74	45	73	46	33	47	94	48	89	49	61
	0	99	1	13	2	86	3	26	4	98	5	12	6	37	7	41	8	83	9	48	10	49	11	13	12	71	13	19	14	59	15	41	16	32	17	8	18	3	19	2	20	12	21	30	22	7	23	22	24	82	25	1	26	50	27	99	28	41	29	45	30	72	31	79	32	90	33	25	34	45	35	4	36	81	37	58	38	18	39	91	40	90	41	50	42	13	43	6	44	80	45	67	46	37	47	30	48	36	49	13
	0	8	1	52	2	14	3	97	4	50	5	23	6	14	7	7	8	86	9	59	10	73	11	17	12	24	13	74	14	49	15	91	16	31	17	88	18	27	19	78	20	34	21	37	22	83	23	95	24	93	25	75	26	72	27	49	28	41	29	54	30	39	31	39	32	68	33	16	34	60	35	57	36	17	37	39	38	67	39	51	40	7	41	10	42	10	43	40	44	93	45	26	46	67	47	96	48	53	49	53
	0	97	1	5	2	35	3	69	4	98	5	12	6	16	7	98	8	25	9	83	10	60	11	100	12	65	13	48	14	71	15	63	16	83	17	6	18	77	19	42	20	87	21	12	22	94	23	100	24	76	25	75	26	60	27	81	28	53	29	26	30	26	31	12	32	44	33	47	34	56	35	92	36	44	37	79	38	68	39	42	40	61	41	18	42	18	43	19	44	58	45	99	46	10	47	1	48	8	49	17
	0	78	1	17	2	95	3	21	4	88	5	65	6	39	7	7	8	39	9	46	10	36	11	67	12	72	13	18	14	19	15	92	16	11	17	23	18	1	19	28	20	93	21	63	22	47	23	27	24	71	25	27	26	84	27	56	28	87	29	77	30	59	31	38	32	53	33	65	34	78	35	59	36	85	37	31	38	16	39	47	40	78	41	95	42	67	43	8	44	23	45	63	46	66	47	100	48	1	49	95
	0	16	1	42	2	92	3	6	4	95	5	11	6	6	7	3	8	29	9	82	10	12	11	76	12	53	13	96	14	18	15	1	16	96	17	61	18	41	19	13	20	65	21	34	22	55	23	63	24	17	25	40	26	17	27	77	28	25	29	12	30	6	31	55	32	9	33	55	34	25	35	5	36	63	37	95	38	45	39	91	40	97	41	46	42	2	43	25	44	2	45	93	46	71	47	53	48	78	49	10
	0	70	1	13	2	94	3	32	4	85	5	52	6	76	7	55	8	100	9	29	10	33	11	41	12	92	13	62	14	71	15	53	16	9	17	84	18	55	19	34	20	42	21	100	22	15	23	12	24	83	25	86	26	16	27	6	28	92	29	63	30	24	31	45	32	43	33	26	34	52	35	35	36	11	37	26	38	55	39	44	40	28	41	28	42	19	43	81	44	6	45	92	46	60	47	74	48	18	49	54
	0	18	1	7	2	84	3	100	4	29	5	52	6	87	7	63	8	97	9	93	10	46	11	88	12	5	13	52	14	88	15	31	16	35	17	58	18	14	19	14	20	86	21	5	22	60	23	22	24	11	25	99	26	77	27	32	28	8	29	6	30	85	31	16	32	48	33	21	34	90	35	27	36	6	37	35	38	57	39	99	40	45	41	83	42	80	43	98	44	61	45	73	46	91	47	1	48	86	49	49
	0	2	1	8	2	22	3	32	4	69	5	98	6	29	7	42	8	20	9	86	10	15	11	91	12	2	13	61	14	82	15	9	16	13	17	81	18	33	19	34	20	39	21	74	22	54	23	86	24	21	25	78	26	2	27	98	28	99	29	95	30	90	31	76	32	22	33	67	34	33	35	24	36	31	37	81	38	91	39	30	40	30	41	71	42	52	43	21	44	16	45	69	46	5	47	29	48	38	49	27
	0	17	1	23	2	92	3	10	4	13	5	86	6	84	7	27	8	10	9	70	10	12	11	62	12	81	13	40	14	48	15	10	16	12	17	81	18	31	19	37	20	9	21	61	22	85	23	16	24	60	25	38	26	34	27	8	28	48	29	69	30	84	31	92	32	86	33	77	34	79	35	66	36	6	37	46	38	63	39	58	40	37	41	85	42	90	43	40	44	34	45	63	46	91	47	23	48	72	49	4
	0	64	1	70	2	89	3	12	4	47	5	67	6	50	7	39	8	19	9	35	10	84	11	42	12	1	13	68	14	87	15	72	16	73	17	39	18	15	19	3	20	35	21	97	22	3	23	87	24	53	25	55	26	74	27	97	28	93	29	55	30	47	31	95	32	30	33	22	34	36	35	32	36	60	37	82	38	5	39	70	40	93	41	96	42	35	43	85	44	72	45	12	46	89	47	88	48	54	49	68
	0	15	1	72	2	62	3	85	4	100	5	75	6	75	7	25	8	68	9	19	10	30	11	19	12	89	13	59	14	37	15	75	16	47	17	50	18	52	19	35	20	77	21	30	22	37	23	28	24	65	25	66	26	16	27	44	28	80	29	5	30	9	31	30	32	76	33	43	34	86	35	78	36	93	37	98	38	90	39	54	40	28	41	34	42	8	43	92	44	72	45	2	46	4	47	52	48	15	49	70
	0	32	1	13	2	88	3	69	4	87	5	56	6	87	7	76	8	80	9	47	10	69	11	3	12	34	13	40	14	64	15	86	16	35	17	44	18	12	19	56	20	89	21	37	22	15	23	72	24	69	25	16	26	90	27	31	28	54	29	12	30	29	31	74	32	93	33	16	34	32	35	88	36	38	37	92	38	55	39	34	40	47	41	71	42	85	43	67	44	33	45	52	46	40	47	43	48	18	49	66
	0	60	1	3	2	22	3	56	4	32	5	91	6	87	7	95	8	57	9	54	10	20	11	54	12	73	13	19	14	10	15	60	16	70	17	41	18	45	19	40	20	73	21	86	22	32	23	27	24	78	25	81	26	17	27	62	28	63	29	37	30	25	31	42	32	12	33	41	34	95	35	84	36	28	37	73	38	67	39	1	40	8	41	83	42	42	43	17	44	27	45	38	46	42	47	74	48	37	49	32
	0	17	1	92	2	86	3	4	4	83	5	92	6	17	7	32	8	4	9	1	10	82	11	64	12	33	13	83	14	11	15	26	16	74	17	83	18	97	19	30	20	49	21	65	22	99	23	30	24	68	25	78	26	65	27	44	28	31	29	1	30	36	31	17	32	23	33	29	34	88	35	87	36	80	37	7	38	93	39	7	40	23	41	41	42	46	43	98	44	98	45	14	46	70	47	66	48	80	49	3
	0	81	1	98	2	6	3	85	4	3	5	8	6	53	7	54	8	56	9	23	10	99	11	99	12	42	13	4	14	90	15	20	16	15	17	60	18	37	19	77	20	16	21	95	22	7	23	94	24	98	25	90	26	62	27	74	28	74	29	19	30	95	31	83	32	62	33	41	34	41	35	23	36	17	37	33	38	62	39	100	40	68	41	39	42	54	43	38	44	99	45	53	46	3	47	25	48	50	49	74
	0	1	1	69	2	16	3	88	4	99	5	10	6	75	7	68	8	46	9	17	10	78	11	94	12	56	13	52	14	74	15	49	16	92	17	5	18	57	19	21	20	66	21	11	22	59	23	32	24	85	25	5	26	21	27	74	28	2	29	91	30	21	31	8	32	49	33	16	34	45	35	79	36	50	37	78	38	10	39	34	40	58	41	10	42	5	43	55	44	60	45	28	46	90	47	38	48	31	49	21
	0	58	1	91	2	43	3	20	4	86	5	20	6	65	7	98	8	93	9	30	10	89	11	57	12	3	13	66	14	94	15	16	16	73	17	61	18	17	19	25	20	32	21	70	22	85	23	35	24	52	25	13	26	60	27	18	28	32	29	52	30	59	31	23	32	78	33	62	34	82	35	1	36	100	37	95	38	48	39	32	40	72	41	35	42	21	43	47	44	14	45	81	46	81	47	29	48	93	49	30
	0	66	1	20	2	65	3	31	4	100	5	88	6	84	7	34	8	68	9	17	10	67	11	60	12	14	13	31	14	92	15	56	16	77	17	65	18	47	19	29	20	74	21	34	22	81	23	54	24	13	25	79	26	17	27	10	28	87	29	80	30	17	31	83	32	72	33	69	34	28	35	52	36	57	37	78	38	36	39	35	40	53	41	10	42	7	43	59	44	64	45	26	46	99	47	96	48	30	49	63
	0	70	1	67	2	62	3	46	4	19	5	6	6	39	7	55	8	23	9	37	10	22	11	58	12	77	13	19	14	15	15	17	16	36	17	42	18	94	19	28	20	15	21	82	22	44	23	71	24	8	25	71	26	11	27	54	28	15	29	7	30	52	31	85	32	6	33	34	34	17	35	22	36	49	37	58	38	31	39	70	40	85	41	74	42	29	43	16	44	24	45	40	46	86	47	48	48	98	49	88
	0	29	1	77	2	97	3	97	4	24	5	63	6	73	7	46	8	89	9	24	10	78	11	15	12	61	13	59	14	86	15	28	16	25	17	35	18	10	19	30	20	76	21	6	22	5	23	59	24	85	25	72	26	33	27	45	28	82	29	86	30	19	31	52	32	67	33	76	34	29	35	49	36	37	37	39	38	49	39	59	40	66	41	12	42	47	43	47	44	84	45	55	46	39	47	26	48	55	49	66
	0	8	1	96	2	22	3	34	4	27	5	55	6	99	7	5	8	97	9	40	10	6	11	94	12	100	13	75	14	93	15	92	16	28	17	61	18	83	19	38	20	30	21	14	22	41	23	55	24	99	25	34	26	54	27	78	28	88	29	81	30	59	31	14	32	20	33	77	34	74	35	15	36	42	37	54	38	10	39	62	40	28	41	28	42	73	43	73	44	37	45	73	46	75	47	4	48	81	49	9
	0	21	1	92	2	54	3	39	4	49	5	56	6	34	7	4	8	14	9	76	10	51	11	23	12	73	13	91	14	94	15	50	16	94	17	99	18	87	19	73	20	95	21	51	22	61	23	18	24	3	25	64	26	21	27	38	28	65	29	6	30	46	31	16	32	68	33	19	34	5	35	91	36	53	37	81	38	70	39	92	40	12	41	34	42	43	43	57	44	13	45	24	46	47	47	40	48	2	49	25
	0	41	1	56	2	60	3	46	4	50	5	16	6	24	7	47	8	38	9	40	10	96	11	7	12	50	13	62	14	97	15	28	16	11	17	50	18	54	19	59	20	46	21	31	22	6	23	75	24	71	25	66	26	80	27	52	28	68	29	26	30	76	31	20	32	33	33	73	34	45	35	85	36	70	37	33	38	73	39	40	40	69	41	25	42	86	43	28	44	93	45	73	46	41	47	17	48	46	49	27
	0	82	1	87	2	23	3	57	4	62	5	63	6	40	7	10	8	59	9	29	10	15	11	37	12	52	13	2	14	33	15	21	16	23	17	69	18	14	19	79	20	94	21	2	22	92	23	15	24	35	25	7	26	42	27	32	28	89	29	71	30	31	31	56	32	2	33	21	34	79	35	6	36	51	37	1	38	51	39	24	40	14	41	23	42	17	43	55	44	24	45	75	46	59	47	24	48	100	49	63
	0	99	1	69	2	38	3	29	4	79	5	9	6	24	7	92	8	37	9	71	10	89	11	66	12	30	13	99	14	11	15	85	16	16	17	18	18	56	19	30	20	97	21	20	22	95	23	18	24	73	25	12	26	44	27	36	28	74	29	33	30	13	31	97	32	59	33	16	34	66	35	58	36	98	37	82	38	20	39	48	40	87	41	71	42	46	43	67	44	54	45	45	46	38	47	66	48	54	49	32
	0	64	1	30	2	69	3	87	4	33	5	9	6	52	7	93	8	20	9	68	10	86	11	23	12	35	13	64	14	50	15	36	16	44	17	63	18	11	19	88	20	71	21	55	22	71	23	70	24	24	25	27	26	57	27	9	28	46	29	13	30	34	31	91	32	72	33	22	34	54	35	91	36	44	37	7	38	94	39	34	40	20	41	45	42	47	43	99	44	69	45	23	46	49	47	47	48	49	49	59
	0	77	1	54	2	7	3	3	4	39	5	53	6	43	7	89	8	41	9	32	10	30	11	42	12	17	13	37	14	84	15	64	16	30	17	74	18	25	19	36	20	9	21	22	22	69	23	28	24	56	25	90	26	52	27	95	28	52	29	68	30	63	31	99	32	50	33	85	34	42	35	1	36	11	37	59	38	83	39	84	40	52	41	83	42	20	43	31	44	84	45	16	46	13	47	53	48	76	49	53
	0	55	1	35	2	77	3	97	4	49	5	69	6	57	7	52	8	54	9	66	10	74	11	19	12	77	13	75	14	77	15	65	16	74	17	67	18	78	19	78	20	80	21	34	22	81	23	56	24	75	25	24	26	37	27	74	28	78	29	27	30	62	31	25	32	98	33	57	34	49	35	48	36	2	37	9	38	39	39	69	40	76	41	85	42	54	43	24	44	90	45	19	46	4	47	50	48	81	49	38
	0	1	1	51	2	28	3	48	4	65	5	72	6	90	7	27	8	98	9	59	10	7	11	61	12	56	13	61	14	100	15	67	16	46	17	19	18	24	19	76	20	36	21	50	22	56	23	67	24	49	25	5	26	9	27	1	28	70	29	76	30	25	31	62	32	11	33	70	34	80	35	26	36	86	37	80	38	92	39	11	40	10	41	21	42	35	43	70	44	18	45	9	46	89	47	48	48	59	49	2
	0	74	1	88	2	28	3	31	4	60	5	90	6	35	7	88	8	48	9	29	10	9	11	55	12	52	13	1	14	8	15	81	16	46	17	54	18	72	19	54	20	39	21	11	22	36	23	10	24	6	25	9	26	8	27	93	28	77	29	93	30	49	31	43	32	64	33	55	34	41	35	75	36	90	37	96	38	11	39	1	40	29	41	54	42	53	43	74	44	90	45	33	46	65	47	80	48	93	49	11
	0	94	1	94	2	25	3	27	4	58	5	81	6	70	7	70	8	77	9	17	10	57	11	12	12	49	13	39	14	66	15	72	16	44	17	71	18	78	19	91	20	96	21	71	22	82	23	62	24	25	25	99	26	49	27	48	28	24	29	14	30	48	31	62	32	72	33	28	34	74	35	21	36	80	37	86	38	87	39	85	40	74	41	56	42	8	43	27	44	61	45	39	46	10	47	24	48	53	49	35
	0	93	1	45	2	27	3	28	4	45	5	81	6	48	7	70	8	23	9	51	10	97	11	83	12	95	13	62	14	69	15	11	16	45	17	21	18	26	19	82	20	24	21	26	22	41	23	66	24	90	25	76	26	57	27	42	28	84	29	87	30	29	31	10	32	33	33	92	34	63	35	5	36	64	37	75	38	36	39	5	40	87	41	62	42	67	43	36	44	73	45	56	46	92	47	22	48	27	49	19
	0	39	1	26	2	54	3	3	4	19	5	77	6	43	7	10	8	80	9	100	10	33	11	24	12	79	13	64	14	30	15	31	16	84	17	34	18	93	19	50	20	2	21	98	22	2	23	13	24	87	25	77	26	83	27	77	28	97	29	70	30	46	31	68	32	84	33	77	34	61	35	65	36	40	37	98	38	95	39	93	40	42	41	16	42	59	43	88	44	54	45	92	46	49	47	24	48	90	49	51
	0	91	1	49	2	52	3	21	4	9	5	51	6	79	7	60	8	82	9	48	10	81	11	88	12	56	13	90	14	45	15	96	16	34	17	100	18	35	19	13	20	54	21	5	22	29	23	45	24	24	25	20	26	50	27	18	28	89	29	98	30	99	31	91	32	29	33	56	34	88	35	20	36	33	37	38	38	39	39	89	40	84	41	79	42	91	43	36	44	48	45	66	46	27	47	45	48	72	49	37
	0	27	1	82	2	11	3	40	4	93	5	92	6	47	7	53	8	11	9	88	10	79	11	43	12	52	13	92	14	84	15	92	16	7	17	21	18	81	19	50	20	29	21	23	22	62	23	71	24	15	25	1	26	43	27	46	28	56	29	87	30	80	31	40	32	37	33	42	34	39	35	3	36	58	37	17	38	3	39	6	40	24	41	80	42	83	43	13	44	9	45	94	46	39	47	18	48	2	49	22
	0	45	1	74	2	83	3	69	4	46	5	14	6	90	7	97	8	96	9	40	10	78	11	87	12	72	13	17	14	80	15	7	16	96	17	18	18	19	19	27	20	28	21	87	22	21	23	93	24	98	25	28	26	51	27	38	28	88	29	35	30	62	31	3	32	96	33	16	34	7	35	87	36	24	37	87	38	95	39	64	40	95	41	25	42	57	43	13	44	69	45	12	46	67	47	69	48	21	49	19
	0	40	1	85	2	13	3	96	4	80	5	58	6	52	7	70	8	79	9	66	10	31	11	81	12	68	13	15	14	90	15	92	16	75	17	90	18	43	19	56	20	56	21	68	22	60	23	39	24	80	25	33	26	1	27	7	28	3	29	93	30	36	31	56	32	56	33	2	34	8	35	18	36	26	37	28	38	7	39	85	40	15	41	23	42	77	43	35	44	100	45	90	46	68	47	33	48	32	49	41
	0	7	1	80	2	44	3	2	4	45	5	87	6	54	7	16	8	4	9	27	10	90	11	23	12	47	13	92	14	74	15	43	16	21	17	32	18	27	19	85	20	58	21	86	22	99	23	54	24	40	25	14	26	31	27	34	28	50	29	86	30	94	31	54	32	77	33	2	34	76	35	87	36	35	37	36	38	5	39	35	40	24	41	33	42	24	43	80	44	42	45	5	46	67	47	22	48	18	49	1
	0	97	1	36	2	33	3	46	4	95	5	7	6	45	7	74	8	31	9	31	10	41	11	10	12	47	13	95	14	72	15	60	16	14	17	68	18	49	19	19	20	81	21	62	22	12	23	25	24	97	25	60	26	91	27	86	28	83	29	9	30	21	31	80	32	95	33	18	34	91	35	4	36	83	37	30	38	23	39	11	40	65	41	40	42	28	43	79	44	46	45	84	46	70	47	75	48	65	49	18
	0	40	1	32	2	49	3	72	4	31	5	44	6	96	7	36	8	49	9	42	10	38	11	20	12	13	13	13	14	27	15	90	16	25	17	63	18	68	19	73	20	14	21	60	22	91	23	99	24	81	25	81	26	18	27	89	28	6	29	62	30	80	31	37	32	91	33	33	34	96	35	40	36	47	37	68	38	4	39	59	40	51	41	93	42	17	43	27	44	32	45	32	46	41	47	40	48	63	49	92
	0	71	1	89	2	65	3	93	4	66	5	20	6	53	7	16	8	60	9	31	10	73	11	22	12	59	13	50	14	20	15	49	16	31	17	45	18	37	19	17	20	99	21	54	22	17	23	71	24	79	25	51	26	75	27	59	28	35	29	83	30	62	31	20	32	35	33	32	34	32	35	24	36	39	37	93	38	80	39	2	40	38	41	83	42	21	43	46	44	43	45	11	46	77	47	66	48	82	49	66
	0	86	1	45	2	53	3	24	4	50	5	25	6	50	7	66	8	96	9	4	10	47	11	59	12	14	13	43	14	26	15	55	16	76	17	3	18	56	19	83	20	79	21	69	22	91	23	70	24	59	25	15	26	21	27	98	28	46	29	38	30	98	31	84	32	84	33	51	34	34	35	49	36	33	37	18	38	27	39	96	40	9	41	67	42	65	43	36	44	43	45	20	46	25	47	16	48	68	49	22
	0	59	1	35	2	54	3	59	4	25	5	66	6	54	7	98	8	27	9	17	10	41	11	79	12	47	13	81	14	31	15	70	16	8	17	85	18	35	19	24	20	79	21	19	22	82	23	37	24	19	25	8	26	7	27	74	28	38	29	73	30	87	31	11	32	84	33	66	34	86	35	32	36	20	37	100	38	29	39	53	40	39	41	100	42	11	43	72	44	20	45	42	46	35	47	74	48	32	49	64
	0	6	1	35	2	43	3	62	4	45	5	92	6	87	7	95	8	95	9	93	10	88	11	86	12	20	13	38	14	61	15	74	16	45	17	60	18	22	19	50	20	67	21	27	22	83	23	6	24	38	25	59	26	25	27	51	28	10	29	79	30	61	31	96	32	79	33	54	34	28	35	5	36	84	37	98	38	89	39	44	40	30	41	29	42	21	43	16	44	60	45	11	46	20	47	30	48	78	49	28
	0	50	1	47	2	7	3	57	4	26	5	20	6	36	7	50	8	93	9	95	10	80	11	36	12	45	13	67	14	72	15	100	16	13	17	79	18	41	19	12	20	93	21	29	22	68	23	97	24	2	25	26	26	9	27	78	28	80	29	84	30	20	31	38	32	95	33	73	34	47	35	69	36	85	37	54	38	52	39	17	40	73	41	65	42	76	43	36	44	28	45	38	46	81	47	5	48	47	49	67
	0	18	1	78	2	13	3	50	4	98	5	76	6	15	7	80	8	77	9	24	10	62	11	61	12	84	13	2	14	14	15	61	16	43	17	76	18	20	19	47	20	66	21	97	22	37	23	49	24	36	25	11	26	51	27	49	28	91	29	15	30	49	31	4	32	75	33	31	34	5	35	34	36	39	37	10	38	68	39	45	40	81	41	73	42	76	43	62	44	70	45	51	46	37	47	96	48	7	49	83
	0	36	1	63	2	90	3	90	4	75	5	39	6	6	7	30	8	49	9	15	10	64	11	90	12	9	13	75	14	29	15	93	16	73	17	34	18	48	19	7	20	85	21	88	22	47	23	92	24	32	25	68	26	58	27	26	28	64	29	15	30	10	31	82	32	83	33	95	34	70	35	62	36	98	37	29	38	42	39	2	40	54	41	27	42	49	43	7	44	87	45	18	46	55	47	77	48	65	49	30
	0	10	1	38	2	13	3	77	4	8	5	82	6	33	7	33	8	12	9	83	10	65	11	7	12	82	13	55	14	59	15	60	16	84	17	40	18	38	19	14	20	4	21	74	22	91	23	56	24	75	25	51	26	12	27	22	28	86	29	84	30	75	31	28	32	44	33	40	34	18	35	85	36	4	37	86	38	78	39	89	40	79	41	94	42	82	43	11	44	9	45	72	46	4	47	3	48	43	49	18
	0	47	1	90	2	63	3	33	4	83	5	44	6	56	7	28	8	87	9	27	10	11	11	5	12	42	13	62	14	5	15	12	16	89	17	82	18	85	19	85	20	60	21	44	22	89	23	43	24	23	25	19	26	36	27	94	28	5	29	95	30	92	31	53	32	96	33	56	34	96	35	5	36	45	37	15	38	87	39	52	40	82	41	26	42	80	43	19	44	50	45	91	46	76	47	18	48	31	49	44
	0	8	1	100	2	71	3	84	4	53	5	29	6	71	7	73	8	64	9	70	10	94	11	35	12	6	13	66	14	79	15	10	16	89	17	56	18	90	19	67	20	48	21	56	22	37	23	63	24	99	25	94	26	30	27	1	28	76	29	86	30	73	31	44	32	36	33	89	34	93	35	69	36	66	37	65	38	77	39	69	40	54	41	36	42	49	43	46	44	95	45	41	46	7	47	54	48	36	49	88
	0	26	1	74	2	99	3	83	4	65	5	32	6	31	7	87	8	57	9	4	10	56	11	9	12	62	13	61	14	41	15	53	16	9	17	38	18	6	19	76	20	63	21	51	22	25	23	22	24	93	25	79	26	2	27	28	28	15	29	91	30	36	31	45	32	55	33	87	34	85	35	93	36	47	37	80	38	99	39	46	40	50	41	41	42	99	43	42	44	66	45	72	46	5	47	28	48	92	49	6
	0	35	1	5	2	21	3	19	4	50	5	41	6	92	7	13	8	2	9	40	10	54	11	25	12	100	13	10	14	75	15	35	16	33	17	58	18	36	19	7	20	81	21	6	22	75	23	76	24	23	25	6	26	75	27	58	28	14	29	90	30	13	31	64	32	95	33	7	34	12	35	20	36	65	37	1	38	62	39	51	40	2	41	55	42	100	43	62	44	44	45	2	46	81	47	22	48	52	49	66
	0	54	1	62	2	17	3	92	4	44	5	2	6	76	7	84	8	96	9	1	10	64	11	56	12	40	13	79	14	13	15	49	16	71	17	57	18	60	19	94	20	59	21	24	22	44	23	13	24	45	25	9	26	92	27	84	28	59	29	29	30	37	31	17	32	94	33	46	34	100	35	17	36	12	37	39	38	40	39	26	40	60	41	83	42	59	43	81	44	32	45	95	46	98	47	16	48	99	49	80
	0	85	1	5	2	89	3	89	4	100	5	20	6	5	7	75	8	77	9	53	10	95	11	14	12	61	13	27	14	19	15	13	16	84	17	84	18	81	19	31	20	31	21	44	22	15	23	89	24	10	25	58	26	47	27	35	28	42	29	5	30	70	31	95	32	47	33	5	34	100	35	30	36	79	37	45	38	14	39	71	40	39	41	49	42	68	43	11	44	84	45	25	46	63	47	67	48	80	49	85
Reldue
-1	11075	-1	1
-1	6211	-1	1
-1	10897	-1	1
-1	2330	-1	1
-1	4200	-1	1
-1	1562	-1	1
-1	4636	-1	1
-1	2965	-1	1
-1	4777	-1	1
-1	10667	-1	1
-1	3002	-1	1
-1	3650	-1	1
-1	3770	-1	1
-1	6686	-1	1
-1	1954	-1	1
-1	6692	-1	1
-1	9942	-1	1
-1	6783	-1	1
-1	2742	-1	1
-1	3253	-1	1
-1	3627	-1	1
-1	1880	-1	1
-1	3674	-1	1
-1	5866	-1	1
-1	6341	-1	1
-1	4065	-1	1
-1	5700	-1	1
-1	6515	-1	1
-1	3881	-1	1
-1	7616	-1	1
-1	6679	-1	1
-1	1153	-1	1
-1	6741	-1	1
-1	10948	-1	1
-1	2743	-1	1
-1	8705	-1	1
-1	11137	-1	1
-1	3139	-1	1
-1	7497	-1	1
-1	4894	-1	1
-1	5994	-1	1
-1	5927	-1	1
-1	10054	-1	1
-1	1529	-1	1
-1	9713	-1	1
-1	8179	-1	1
-1	10849	-1	1
-1	1820	-1	1
-1	10271	-1	1
-1	1646	-1	1
-1	10054	-1	1
-1	5968	-1	1
-1	2727	-1	1
-1	1201	-1	1
-1	10644	-1	1
-1	7849	-1	1
-1	2824	-1	1
-1	7052	-1	1
-1	8354	-1	1
-1	8312	-1	1
-1	10232	-1	1
-1	2398	-1	1
-1	4940	-1	1
-1	1312	-1	1
-1	10392	-1	1
-1	10707	-1	1
-1	1604	-1	1
-1	4532	-1	1
-1	3889	-1	1
-1	3478	-1	1
-1	3859	-1	1
-1	3548	-1	1
-1	3583	-1	1
-1	5777	-1	1
-1	10087	-1	1
-1	9396	-1	1
-1	3827	-1	1
-1	10913	-1	1
-1	9932	-1	1
-1	1153	-1	1
-1	10715	-1	1
-1	5385	-1	1
-1	10946	-1	1
-1	9810	-1	1
-1	9471	-1	1
-1	7777	-1	1
-1	1656	-1	1
-1	7343	-1	1
-1	4094	-1	1
-1	7344	-1	1
-1	7962	-1	1
-1	5989	-1	1
-1	10495	-1	1
-1	8537	-1	1
-1	2301	-1	1
-1	6000	-1	1
-1	10013	-1	1
-1	10797	-1	1
-1	1966	-1	1
-1	7109	-1	1
-1	6119	-1	1
-1	1657	-1	1
-1	8340	-1	1
-1	4063	-1	1
-1	1434	-1	1
-1	2740	-1	1
-1	5478	-1	1
-1	1958	-1	1
-1	1961	-1	1
-1	5672	-1	1
-1	3125	-1	1
-1	7623	-1	1
-1	4145	-1	1
-1	6718	-1	1
-1	9278	-1	1
-1	7153	-1	1
-1	4970	-1	1
-1	2817	-1	1
-1	4550	-1	1
-1	3793	-1	1
-1	6109	-1	1
-1	9087	-1	1
-1	3457	-1	1
-1	8309	-1	1
-1	6176	-1	1
-1	6639	-1	1
-1	3084	-1	1
-1	9897	-1	1
-1	8491	-1	1
-1	8992	-1	1
-1	1678	-1	1
-1	9534	-1	1
-1	2546	-1	1
-1	7170	-1	1
-1	5589	-1	1
-1	5327	-1	1
-1	2957	-1	1
-1	7454	-1	1
-1	7099	-1	1
-1	6650	-1	1
-1	6664	-1	1
-1	9041	-1	1
-1	10535	-1	1
-1	2527	-1	1
-1	8594	-1	1
-1	7348	-1	1
-1	2019	-1	1
-1	7203	-1	1
-1	3192	-1	1
-1	8716	-1	1
LBCmax: 10256
