50  30
	0	65	1	45	2	92	3	14	4	6	5	95	6	73	7	69	8	91	9	45	10	51	11	5	12	49	13	46	14	58	15	65	16	68	17	12	18	40	19	88	20	54	21	48	22	58	23	69	24	36	25	92	26	23	27	30	28	2	29	97
	0	81	1	89	2	54	3	57	4	45	5	92	6	37	7	34	8	21	9	32	10	71	11	60	12	7	13	88	14	80	15	3	16	40	17	39	18	26	19	41	20	19	21	53	22	64	23	64	24	43	25	38	26	86	27	1	28	32	29	21
	0	19	1	64	2	24	3	90	4	6	5	21	6	59	7	2	8	67	9	65	10	2	11	56	12	28	13	39	14	66	15	74	16	66	17	22	18	30	19	54	20	6	21	93	22	59	23	71	24	72	25	28	26	92	27	39	28	65	29	5
	0	36	1	87	2	41	3	4	4	79	5	75	6	93	7	38	8	33	9	80	10	63	11	54	12	44	13	21	14	57	15	90	16	46	17	88	18	14	19	68	20	41	21	22	22	60	23	63	24	32	25	40	26	58	27	91	28	44	29	5
	0	22	1	79	2	98	3	89	4	66	5	41	6	47	7	83	8	95	9	49	10	63	11	38	12	72	13	84	14	48	15	61	16	9	17	6	18	9	19	79	20	62	21	70	22	10	23	57	24	48	25	90	26	7	27	37	28	89	29	16
	0	7	1	19	2	62	3	88	4	29	5	17	6	22	7	60	8	47	9	53	10	2	11	37	12	39	13	65	14	28	15	53	16	82	17	60	18	93	19	73	20	63	21	26	22	82	23	22	24	93	25	76	26	38	27	46	28	46	29	13
	0	13	1	83	2	62	3	15	4	48	5	85	6	85	7	86	8	72	9	12	10	21	11	28	12	9	13	19	14	46	15	26	16	43	17	69	18	86	19	54	20	77	21	63	22	61	23	30	24	77	25	81	26	65	27	96	28	5	29	47
	0	7	1	98	2	60	3	84	4	58	5	82	6	2	7	12	8	65	9	36	10	12	11	13	12	30	13	50	14	22	15	56	16	65	17	64	18	17	19	58	20	69	21	31	22	86	23	39	24	1	25	22	26	85	27	70	28	22	29	36
	0	32	1	47	2	44	3	96	4	46	5	24	6	15	7	56	8	2	9	2	10	17	11	37	12	70	13	40	14	56	15	65	16	52	17	44	18	72	19	96	20	29	21	59	22	13	23	28	24	1	25	52	26	28	27	58	28	75	29	75
	0	82	1	16	2	10	3	36	4	5	5	89	6	65	7	26	8	24	9	28	10	84	11	75	12	32	13	83	14	8	15	37	16	100	17	20	18	18	19	20	20	40	21	18	22	42	23	23	24	68	25	38	26	65	27	41	28	31	29	22
	0	49	1	44	2	81	3	60	4	38	5	46	6	36	7	36	8	99	9	23	10	46	11	39	12	44	13	42	14	47	15	94	16	18	17	11	18	84	19	62	20	50	21	60	22	34	23	2	24	1	25	18	26	55	27	2	28	75	29	38
	0	43	1	22	2	43	3	93	4	76	5	90	6	22	7	49	8	75	9	71	10	8	11	64	12	11	13	83	14	34	15	1	16	43	17	20	18	28	19	32	20	51	21	41	22	81	23	80	24	17	25	95	26	37	27	24	28	65	29	14
	0	87	1	59	2	45	3	95	4	25	5	99	6	46	7	33	8	77	9	52	10	57	11	7	12	38	13	12	14	22	15	3	16	63	17	39	18	48	19	34	20	98	21	36	22	63	23	7	24	56	25	33	26	46	27	23	28	59	29	36
	0	60	1	20	2	16	3	12	4	62	5	3	6	96	7	4	8	87	9	15	10	25	11	6	12	12	13	31	14	17	15	44	16	49	17	96	18	99	19	35	20	34	21	37	22	19	23	22	24	4	25	15	26	25	27	12	28	75	29	87
	0	63	1	64	2	71	3	15	4	32	5	95	6	64	7	37	8	89	9	14	10	19	11	65	12	96	13	97	14	66	15	7	16	56	17	51	18	35	19	9	20	69	21	54	22	20	23	58	24	17	25	53	26	77	27	18	28	48	29	49
	0	50	1	65	2	25	3	29	4	1	5	49	6	67	7	92	8	66	9	10	10	71	11	100	12	79	13	12	14	28	15	51	16	40	17	78	18	47	19	37	20	92	21	42	22	56	23	51	24	70	25	49	26	49	27	55	28	5	29	71
	0	91	1	16	2	17	3	11	4	6	5	69	6	22	7	21	8	7	9	79	10	30	11	67	12	42	13	96	14	27	15	89	16	66	17	36	18	49	19	61	20	68	21	22	22	3	23	45	24	1	25	71	26	91	27	92	28	7	29	22
	0	33	1	33	2	29	3	23	4	12	5	56	6	48	7	35	8	77	9	84	10	97	11	18	12	62	13	76	14	33	15	100	16	41	17	29	18	65	19	55	20	5	21	49	22	77	23	39	24	21	25	21	26	3	27	47	28	37	29	94
	0	14	1	7	2	24	3	62	4	43	5	19	6	71	7	9	8	76	9	93	10	79	11	40	12	41	13	64	14	13	15	33	16	10	17	74	18	22	19	66	20	84	21	53	22	15	23	15	24	17	25	34	26	69	27	23	28	20	29	1
	0	9	1	88	2	26	3	30	4	64	5	19	6	25	7	92	8	23	9	52	10	99	11	20	12	11	13	43	14	100	15	57	16	81	17	58	18	70	19	46	20	88	21	36	22	94	23	11	24	80	25	5	26	12	27	70	28	41	29	58
	0	66	1	44	2	49	3	36	4	32	5	76	6	58	7	65	8	73	9	70	10	92	11	48	12	8	13	12	14	28	15	1	16	92	17	29	18	8	19	2	20	45	21	5	22	81	23	78	24	71	25	53	26	99	27	43	28	70	29	22
	0	100	1	81	2	13	3	78	4	49	5	23	6	56	7	90	8	30	9	66	10	91	11	19	12	98	13	32	14	77	15	74	16	54	17	71	18	93	19	100	20	81	21	39	22	96	23	6	24	59	25	31	26	99	27	39	28	62	29	30
	0	80	1	78	2	81	3	2	4	92	5	92	6	44	7	63	8	50	9	86	10	26	11	85	12	94	13	45	14	57	15	20	16	63	17	28	18	82	19	62	20	38	21	79	22	33	23	71	24	22	25	68	26	5	27	36	28	73	29	70
	0	59	1	44	2	17	3	43	4	88	5	81	6	92	7	63	8	13	9	97	10	4	11	38	12	12	13	90	14	3	15	93	16	79	17	1	18	6	19	10	20	78	21	35	22	19	23	64	24	42	25	27	26	49	27	73	28	19	29	36
	0	90	1	84	2	73	3	38	4	36	5	33	6	96	7	30	8	58	9	61	10	84	11	91	12	37	13	86	14	74	15	48	16	47	17	46	18	69	19	43	20	27	21	69	22	76	23	3	24	87	25	41	26	32	27	60	28	42	29	68
	0	22	1	74	2	61	3	60	4	82	5	41	6	76	7	80	8	51	9	11	10	94	11	41	12	26	13	38	14	3	15	34	16	19	17	31	18	64	19	27	20	31	21	88	22	32	23	69	24	81	25	29	26	48	27	89	28	71	29	53
	0	93	1	65	2	56	3	97	4	1	5	14	6	60	7	62	8	59	9	30	10	67	11	40	12	62	13	50	14	57	15	58	16	88	17	51	18	73	19	8	20	98	21	97	22	58	23	58	24	9	25	88	26	70	27	30	28	68	29	71
	0	74	1	14	2	32	3	37	4	83	5	51	6	33	7	4	8	76	9	83	10	89	11	43	12	31	13	83	14	82	15	22	16	37	17	96	18	10	19	67	20	84	21	54	22	2	23	59	24	45	25	48	26	29	27	16	28	89	29	72
	0	72	1	42	2	100	3	77	4	17	5	24	6	85	7	86	8	89	9	25	10	95	11	64	12	53	13	91	14	99	15	58	16	30	17	81	18	75	19	27	20	22	21	79	22	19	23	43	24	36	25	50	26	77	27	32	28	45	29	60
	0	53	1	75	2	39	3	45	4	54	5	4	6	42	7	29	8	65	9	51	10	9	11	10	12	77	13	42	14	21	15	64	16	97	17	34	18	41	19	40	20	23	21	49	22	8	23	47	24	66	25	51	26	69	27	51	28	37	29	60
	0	95	1	40	2	49	3	8	4	9	5	14	6	85	7	81	8	33	9	19	10	46	11	99	12	40	13	35	14	76	15	30	16	47	17	63	18	21	19	33	20	10	21	2	22	77	23	88	24	85	25	95	26	32	27	56	28	77	29	80
	0	4	1	59	2	96	3	89	4	34	5	94	6	79	7	69	8	89	9	24	10	49	11	26	12	70	13	84	14	36	15	10	16	43	17	17	18	66	19	3	20	39	21	27	22	85	23	56	24	82	25	97	26	3	27	11	28	46	29	37
	0	43	1	94	2	49	3	30	4	52	5	56	6	35	7	6	8	3	9	22	10	8	11	72	12	81	13	43	14	2	15	60	16	61	17	89	18	24	19	70	20	96	21	15	22	88	23	40	24	77	25	85	26	26	27	55	28	45	29	48
	0	57	1	75	2	60	3	88	4	42	5	53	6	48	7	2	8	50	9	68	10	94	11	71	12	26	13	94	14	54	15	31	16	25	17	84	18	85	19	61	20	60	21	32	22	39	23	42	24	77	25	49	26	50	27	56	28	42	29	68
	0	28	1	21	2	34	3	53	4	27	5	99	6	46	7	86	8	50	9	4	10	47	11	58	12	22	13	7	14	75	15	84	16	24	17	13	18	44	19	13	20	87	21	57	22	88	23	21	24	79	25	44	26	81	27	80	28	30	29	28
	0	9	1	67	2	99	3	12	4	66	5	53	6	51	7	100	8	20	9	59	10	9	11	51	12	63	13	3	14	15	15	5	16	31	17	61	18	82	19	76	20	82	21	9	22	53	23	44	24	38	25	34	26	82	27	91	28	51	29	12
	0	99	1	48	2	51	3	12	4	40	5	63	6	62	7	63	8	48	9	4	10	18	11	83	12	60	13	48	14	7	15	83	16	59	17	35	18	17	19	73	20	51	21	72	22	85	23	32	24	77	25	32	26	38	27	43	28	99	29	71
	0	5	1	76	2	95	3	53	4	39	5	88	6	66	7	85	8	54	9	68	10	40	11	65	12	91	13	43	14	17	15	13	16	57	17	30	18	98	19	50	20	100	21	93	22	85	23	16	24	17	25	46	26	61	27	67	28	10	29	97
	0	62	1	83	2	31	3	55	4	17	5	69	6	86	7	7	8	23	9	50	10	89	11	58	12	59	13	74	14	83	15	1	16	80	17	79	18	64	19	26	20	33	21	97	22	93	23	23	24	75	25	88	26	65	27	13	28	15	29	35
	0	72	1	22	2	87	3	41	4	88	5	80	6	20	7	9	8	53	9	6	10	90	11	93	12	41	13	23	14	42	15	61	16	34	17	96	18	31	19	91	20	46	21	6	22	23	23	9	24	52	25	87	26	40	27	32	28	33	29	1
	0	56	1	62	2	37	3	20	4	71	5	75	6	7	7	39	8	18	9	77	10	46	11	53	12	82	13	17	14	98	15	55	16	37	17	95	18	80	19	44	20	35	21	11	22	92	23	55	24	86	25	10	26	82	27	41	28	34	29	54
	0	48	1	78	2	9	3	10	4	13	5	69	6	96	7	27	8	87	9	66	10	81	11	67	12	15	13	37	14	42	15	85	16	73	17	46	18	98	19	87	20	52	21	37	22	38	23	12	24	64	25	11	26	97	27	12	28	30	29	63
	0	46	1	28	2	56	3	11	4	8	5	84	6	3	7	25	8	25	9	53	10	99	11	51	12	38	13	59	14	57	15	77	16	50	17	26	18	96	19	93	20	86	21	82	22	76	23	43	24	70	25	83	26	91	27	63	28	88	29	16
	0	91	1	60	2	94	3	88	4	24	5	73	6	93	7	26	8	7	9	20	10	5	11	24	12	82	13	34	14	76	15	25	16	13	17	17	18	17	19	34	20	21	21	90	22	72	23	69	24	74	25	7	26	46	27	27	28	74	29	52
	0	49	1	12	2	4	3	65	4	30	5	35	6	38	7	34	8	14	9	17	10	18	11	62	12	66	13	24	14	47	15	5	16	39	17	25	18	69	19	30	20	85	21	64	22	18	23	38	24	32	25	73	26	62	27	50	28	61	29	61
	0	83	1	70	2	30	3	80	4	53	5	38	6	41	7	33	8	7	9	70	10	27	11	78	12	27	13	36	14	19	15	52	16	77	17	8	18	30	19	6	20	58	21	13	22	33	23	39	24	80	25	34	26	54	27	58	28	53	29	73
	0	93	1	15	2	60	3	60	4	37	5	88	6	67	7	65	8	44	9	9	10	57	11	55	12	96	13	68	14	17	15	3	16	61	17	21	18	21	19	37	20	9	21	8	22	58	23	89	24	69	25	43	26	20	27	80	28	29	29	30
	0	53	1	48	2	3	3	35	4	17	5	18	6	33	7	93	8	23	9	58	10	90	11	56	12	36	13	66	14	93	15	85	16	69	17	2	18	68	19	58	20	2	21	39	22	93	23	57	24	90	25	11	26	37	27	25	28	71	29	79
	0	60	1	30	2	67	3	27	4	37	5	78	6	36	7	91	8	40	9	43	10	39	11	56	12	63	13	30	14	13	15	83	16	100	17	67	18	59	19	46	20	1	21	4	22	11	23	11	24	59	25	70	26	23	27	56	28	10	29	99
	0	86	1	35	2	54	3	42	4	91	5	38	6	21	7	18	8	68	9	77	10	38	11	73	12	83	13	26	14	79	15	51	16	76	17	84	18	2	19	91	20	57	21	29	22	4	23	13	24	12	25	2	26	39	27	51	28	70	29	28
Reldue
-1	3465	-1	1
-1	2143	-1	1
-1	2112	-1	1
-1	2466	-1	1
-1	1867	-1	1
-1	3197	-1	1
-1	1639	-1	1
-1	3220	-1	1
-1	2723	-1	1
-1	2162	-1	1
-1	2028	-1	1
-1	1790	-1	1
-1	2693	-1	1
-1	1351	-1	1
-1	2694	-1	1
-1	2602	-1	1
-1	3245	-1	1
-1	1243	-1	1
-1	1962	-1	1
-1	2383	-1	1
-1	3464	-1	1
-1	2894	-1	1
-1	1862	-1	1
-1	1556	-1	1
-1	1245	-1	1
-1	2484	-1	1
-1	2039	-1	1
-1	1471	-1	1
-1	1781	-1	1
-1	3428	-1	1
-1	3313	-1	1
-1	2520	-1	1
-1	2087	-1	1
-1	3380	-1	1
-1	1763	-1	1
-1	2222	-1	1
-1	1405	-1	1
-1	1686	-1	1
-1	2150	-1	1
-1	2414	-1	1
-1	2653	-1	1
-1	2375	-1	1
-1	1960	-1	1
-1	2117	-1	1
-1	1507	-1	1
-1	2599	-1	1
-1	2112	-1	1
-1	2997	-1	1
-1	2861	-1	1
-1	1996	-1	1
LBCmax: 3946
