250  50
	0	50	1	1	2	86	3	9	4	36	5	27	6	49	7	58	8	28	9	27	10	49	11	9	12	55	13	36	14	24	15	14	16	99	17	42	18	46	19	58	20	40	21	48	22	70	23	87	24	69	25	43	26	33	27	44	28	89	29	44	30	24	31	49	32	1	33	7	34	60	35	68	36	24	37	98	38	3	39	31	40	17	41	76	42	13	43	27	44	1	45	45	46	40	47	60	48	75	49	52
	0	77	1	54	2	7	3	55	4	39	5	49	6	27	7	93	8	38	9	10	10	37	11	8	12	65	13	51	14	61	15	23	16	9	17	40	18	47	19	77	20	64	21	55	22	26	23	46	24	99	25	76	26	92	27	25	28	16	29	55	30	33	31	56	32	98	33	2	34	51	35	94	36	21	37	61	38	42	39	72	40	5	41	78	42	21	43	11	44	7	45	77	46	24	47	62	48	84	49	9
	0	4	1	99	2	84	3	25	4	16	5	85	6	47	7	86	8	65	9	89	10	13	11	35	12	40	13	29	14	75	15	68	16	80	17	47	18	22	19	88	20	24	21	68	22	66	23	32	24	62	25	94	26	41	27	8	28	82	29	12	30	15	31	70	32	65	33	46	34	72	35	24	36	95	37	70	38	27	39	51	40	74	41	55	42	97	43	76	44	60	45	24	46	55	47	30	48	74	49	50
	0	5	1	82	2	29	3	97	4	82	5	25	6	100	7	98	8	60	9	64	10	19	11	38	12	18	13	34	14	69	15	55	16	96	17	27	18	17	19	6	20	43	21	28	22	96	23	38	24	44	25	90	26	51	27	70	28	70	29	81	30	82	31	91	32	92	33	86	34	58	35	1	36	48	37	70	38	96	39	68	40	71	41	4	42	17	43	82	44	90	45	26	46	27	47	14	48	81	49	94
	0	79	1	22	2	33	3	39	4	27	5	58	6	38	7	33	8	66	9	71	10	34	11	26	12	25	13	6	14	61	15	33	16	56	17	46	18	94	19	47	20	31	21	48	22	85	23	25	24	52	25	64	26	10	27	83	28	19	29	62	30	8	31	79	32	27	33	74	34	65	35	71	36	84	37	37	38	68	39	94	40	54	41	10	42	43	43	87	44	93	45	87	46	48	47	43	48	16	49	29
	0	80	1	98	2	9	3	84	4	22	5	64	6	95	7	77	8	43	9	59	10	95	11	89	12	20	13	20	14	49	15	46	16	43	17	72	18	3	19	96	20	33	21	8	22	60	23	44	24	77	25	98	26	48	27	74	28	49	29	26	30	74	31	70	32	100	33	31	34	50	35	24	36	9	37	97	38	14	39	94	40	34	41	21	42	76	43	37	44	13	45	47	46	79	47	47	48	2	49	57
	0	43	1	58	2	42	3	42	4	22	5	9	6	97	7	8	8	19	9	60	10	15	11	80	12	11	13	17	14	80	15	16	16	98	17	19	18	82	19	38	20	69	21	64	22	11	23	48	24	53	25	1	26	45	27	79	28	97	29	12	30	10	31	4	32	79	33	51	34	7	35	8	36	76	37	17	38	49	39	79	40	9	41	90	42	56	43	94	44	57	45	45	46	81	47	88	48	14	49	19
	0	85	1	43	2	20	3	10	4	86	5	36	6	89	7	25	8	29	9	23	10	28	11	6	12	67	13	54	14	12	15	99	16	50	17	53	18	52	19	55	20	62	21	89	22	89	23	60	24	42	25	45	26	82	27	54	28	94	29	47	30	83	31	76	32	68	33	3	34	18	35	34	36	53	37	94	38	15	39	6	40	37	41	75	42	43	43	16	44	8	45	15	46	58	47	33	48	3	49	65
	0	75	1	88	2	44	3	29	4	2	5	18	6	96	7	99	8	5	9	73	10	45	11	55	12	6	13	46	14	90	15	52	16	12	17	14	18	90	19	44	20	33	21	93	22	100	23	22	24	56	25	59	26	99	27	56	28	56	29	82	30	3	31	71	32	66	33	57	34	91	35	3	36	59	37	62	38	3	39	11	40	90	41	54	42	91	43	41	44	9	45	85	46	19	47	60	48	44	49	5
	0	56	1	24	2	15	3	85	4	3	5	38	6	30	7	78	8	39	9	12	10	65	11	77	12	95	13	36	14	41	15	80	16	78	17	30	18	43	19	44	20	5	21	25	22	45	23	80	24	24	25	94	26	35	27	48	28	28	29	37	30	55	31	37	32	94	33	85	34	5	35	35	36	93	37	87	38	70	39	40	40	60	41	80	42	64	43	52	44	32	45	65	46	11	47	51	48	64	49	43
	0	8	1	66	2	99	3	75	4	24	5	56	6	66	7	71	8	48	9	96	10	1	11	33	12	77	13	18	14	30	15	91	16	16	17	46	18	72	19	21	20	28	21	42	22	29	23	23	24	52	25	41	26	77	27	3	28	83	29	42	30	91	31	91	32	76	33	81	34	44	35	83	36	26	37	18	38	75	39	91	40	32	41	89	42	26	43	36	44	40	45	33	46	71	47	23	48	30	49	71
	0	2	1	83	2	2	3	6	4	41	5	69	6	50	7	81	8	98	9	31	10	59	11	99	12	85	13	33	14	41	15	96	16	54	17	60	18	96	19	24	20	40	21	37	22	94	23	89	24	3	25	73	26	69	27	42	28	10	29	73	30	3	31	18	32	100	33	4	34	32	35	80	36	29	37	6	38	97	39	10	40	73	41	72	42	37	43	47	44	52	45	45	46	67	47	67	48	1	49	6
	0	24	1	62	2	81	3	58	4	58	5	60	6	36	7	12	8	84	9	82	10	19	11	48	12	57	13	43	14	45	15	2	16	7	17	39	18	54	19	90	20	54	21	68	22	85	23	88	24	8	25	86	26	83	27	17	28	88	29	3	30	17	31	13	32	45	33	46	34	56	35	63	36	69	37	67	38	41	39	57	40	100	41	67	42	56	43	70	44	87	45	58	46	69	47	89	48	59	49	86
	0	15	1	40	2	2	3	94	4	27	5	77	6	62	7	94	8	52	9	52	10	9	11	64	12	88	13	57	14	39	15	16	16	50	17	31	18	93	19	77	20	37	21	53	22	27	23	88	24	60	25	75	26	58	27	21	28	65	29	61	30	67	31	48	32	39	33	38	34	41	35	32	36	100	37	79	38	80	39	23	40	13	41	67	42	5	43	62	44	62	45	6	46	32	47	37	48	85	49	99
	0	18	1	58	2	55	3	84	4	72	5	12	6	54	7	11	8	5	9	47	10	84	11	5	12	54	13	80	14	88	15	30	16	92	17	26	18	12	19	73	20	42	21	5	22	7	23	94	24	20	25	59	26	42	27	18	28	96	29	4	30	13	31	72	32	48	33	79	34	30	35	73	36	36	37	82	38	43	39	43	40	34	41	98	42	32	43	99	44	89	45	64	46	57	47	29	48	99	49	22
	0	79	1	76	2	22	3	46	4	54	5	78	6	71	7	72	8	90	9	39	10	47	11	36	12	21	13	17	14	11	15	14	16	9	17	81	18	14	19	18	20	15	21	48	22	19	23	91	24	75	25	8	26	86	27	9	28	74	29	8	30	21	31	66	32	24	33	43	34	88	35	29	36	59	37	80	38	43	39	65	40	26	41	2	42	46	43	79	44	28	45	68	46	54	47	33	48	44	49	10
	0	100	1	17	2	41	3	18	4	6	5	93	6	37	7	85	8	5	9	47	10	99	11	6	12	42	13	8	14	79	15	71	16	6	17	15	18	9	19	72	20	91	21	58	22	25	23	32	24	100	25	7	26	85	27	18	28	45	29	13	30	95	31	99	32	80	33	52	34	74	35	58	36	13	37	22	38	99	39	74	40	49	41	41	42	25	43	27	44	65	45	98	46	84	47	93	48	34	49	40
	0	75	1	43	2	43	3	19	4	24	5	42	6	63	7	17	8	77	9	30	10	70	11	29	12	31	13	26	14	36	15	73	16	51	17	89	18	25	19	49	20	99	21	8	22	70	23	78	24	78	25	38	26	11	27	88	28	85	29	84	30	29	31	17	32	9	33	95	34	96	35	70	36	16	37	33	38	32	39	37	40	21	41	26	42	39	43	59	44	28	45	12	46	47	47	6	48	92	49	44
	0	100	1	95	2	35	3	8	4	62	5	73	6	16	7	70	8	25	9	31	10	39	11	56	12	40	13	36	14	47	15	43	16	15	17	83	18	51	19	98	20	49	21	20	22	67	23	95	24	79	25	83	26	69	27	11	28	85	29	55	30	97	31	71	32	65	33	35	34	62	35	86	36	67	37	66	38	32	39	17	40	70	41	83	42	6	43	61	44	13	45	62	46	7	47	17	48	39	49	83
	0	38	1	16	2	3	3	43	4	98	5	89	6	40	7	80	8	46	9	21	10	19	11	98	12	53	13	32	14	16	15	92	16	91	17	40	18	70	19	24	20	49	21	40	22	29	23	100	24	59	25	88	26	89	27	40	28	91	29	62	30	76	31	46	32	43	33	56	34	28	35	13	36	31	37	24	38	90	39	35	40	60	41	77	42	13	43	92	44	26	45	3	46	22	47	44	48	94	49	59
	0	2	1	42	2	25	3	61	4	7	5	40	6	76	7	69	8	6	9	87	10	82	11	35	12	2	13	98	14	90	15	77	16	2	17	62	18	13	19	81	20	18	21	29	22	17	23	53	24	26	25	70	26	68	27	74	28	22	29	19	30	97	31	22	32	40	33	40	34	49	35	68	36	28	37	64	38	42	39	72	40	93	41	100	42	49	43	9	44	67	45	18	46	62	47	27	48	50	49	49
	0	26	1	5	2	34	3	50	4	32	5	63	6	11	7	40	8	12	9	50	10	23	11	96	12	87	13	94	14	7	15	65	16	45	17	13	18	38	19	32	20	53	21	5	22	79	23	51	24	39	25	70	26	89	27	38	28	98	29	40	30	42	31	59	32	84	33	3	34	68	35	84	36	28	37	58	38	19	39	88	40	74	41	49	42	4	43	7	44	8	45	33	46	68	47	91	48	68	49	11
	0	100	1	7	2	9	3	14	4	86	5	90	6	87	7	18	8	57	9	39	10	95	11	43	12	92	13	4	14	35	15	48	16	71	17	19	18	37	19	31	20	94	21	77	22	52	23	3	24	14	25	34	26	61	27	83	28	37	29	17	30	6	31	41	32	1	33	54	34	21	35	86	36	31	37	41	38	7	39	67	40	30	41	54	42	9	43	51	44	61	45	22	46	57	47	77	48	12	49	47
	0	97	1	12	2	77	3	45	4	29	5	58	6	73	7	12	8	6	9	78	10	72	11	71	12	81	13	47	14	46	15	38	16	6	17	46	18	27	19	8	20	98	21	47	22	38	23	69	24	54	25	67	26	53	27	78	28	64	29	91	30	83	31	59	32	54	33	70	34	4	35	7	36	69	37	75	38	70	39	27	40	59	41	41	42	76	43	7	44	47	45	38	46	61	47	28	48	89	49	58
	0	83	1	68	2	40	3	98	4	81	5	21	6	99	7	84	8	20	9	65	10	1	11	54	12	95	13	47	14	63	15	15	16	5	17	57	18	20	19	28	20	66	21	16	22	95	23	85	24	96	25	3	26	91	27	83	28	93	29	92	30	4	31	25	32	1	33	78	34	98	35	79	36	28	37	97	38	75	39	83	40	59	41	100	42	46	43	94	44	79	45	8	46	85	47	94	48	6	49	62
	0	12	1	7	2	90	3	68	4	48	5	10	6	28	7	66	8	31	9	21	10	8	11	2	12	92	13	90	14	81	15	68	16	18	17	59	18	20	19	38	20	68	21	35	22	9	23	28	24	11	25	6	26	87	27	37	28	91	29	93	30	30	31	68	32	57	33	13	34	44	35	24	36	7	37	8	38	10	39	29	40	22	41	49	42	93	43	28	44	1	45	34	46	18	47	47	48	29	49	23
	0	68	1	35	2	22	3	1	4	59	5	20	6	39	7	46	8	91	9	33	10	58	11	39	12	92	13	95	14	53	15	63	16	98	17	75	18	22	19	57	20	26	21	53	22	47	23	33	24	55	25	46	26	87	27	76	28	100	29	100	30	43	31	70	32	53	33	31	34	40	35	28	36	40	37	74	38	7	39	34	40	84	41	95	42	71	43	97	44	6	45	43	46	76	47	88	48	93	49	67
	0	98	1	25	2	7	3	22	4	26	5	100	6	22	7	31	8	16	9	78	10	12	11	90	12	57	13	12	14	27	15	20	16	81	17	56	18	30	19	15	20	24	21	56	22	78	23	24	24	24	25	70	26	77	27	86	28	90	29	33	30	41	31	94	32	100	33	71	34	27	35	50	36	8	37	43	38	42	39	59	40	60	41	37	42	35	43	52	44	47	45	78	46	11	47	49	48	64	49	10
	0	51	1	93	2	34	3	62	4	7	5	24	6	19	7	2	8	10	9	76	10	37	11	57	12	24	13	2	14	48	15	41	16	6	17	75	18	79	19	17	20	83	21	9	22	98	23	90	24	43	25	4	26	74	27	6	28	97	29	15	30	64	31	8	32	71	33	86	34	10	35	63	36	23	37	97	38	63	39	74	40	3	41	40	42	46	43	32	44	94	45	91	46	24	47	71	48	11	49	65
	0	53	1	43	2	34	3	61	4	18	5	15	6	8	7	35	8	82	9	53	10	48	11	68	12	15	13	54	14	4	15	98	16	61	17	38	18	1	19	51	20	74	21	9	22	48	23	82	24	25	25	46	26	74	27	11	28	64	29	85	30	52	31	10	32	82	33	5	34	3	35	97	36	16	37	28	38	96	39	13	40	97	41	87	42	95	43	8	44	8	45	42	46	8	47	59	48	28	49	27
	0	34	1	93	2	76	3	66	4	34	5	85	6	69	7	99	8	56	9	62	10	63	11	97	12	86	13	30	14	46	15	51	16	19	17	99	18	96	19	82	20	68	21	83	22	29	23	92	24	43	25	87	26	92	27	56	28	87	29	28	30	84	31	36	32	37	33	31	34	1	35	44	36	46	37	5	38	52	39	7	40	4	41	98	42	75	43	9	44	14	45	71	46	61	47	94	48	33	49	54
	0	68	1	72	2	80	3	65	4	68	5	64	6	64	7	9	8	75	9	69	10	91	11	87	12	35	13	35	14	44	15	76	16	91	17	82	18	63	19	77	20	32	21	100	22	50	23	24	24	10	25	15	26	83	27	4	28	74	29	10	30	13	31	46	32	52	33	30	34	85	35	57	36	90	37	15	38	3	39	31	40	20	41	41	42	13	43	47	44	22	45	57	46	10	47	41	48	92	49	57
	0	59	1	12	2	51	3	19	4	99	5	96	6	37	7	94	8	85	9	29	10	67	11	40	12	50	13	64	14	75	15	29	16	30	17	34	18	53	19	71	20	72	21	58	22	52	23	22	24	95	25	45	26	15	27	99	28	11	29	38	30	60	31	86	32	4	33	96	34	33	35	23	36	25	37	21	38	83	39	17	40	58	41	69	42	52	43	88	44	54	45	97	46	71	47	80	48	58	49	44
	0	97	1	69	2	56	3	50	4	49	5	54	6	21	7	44	8	20	9	23	10	41	11	83	12	60	13	24	14	64	15	93	16	85	17	83	18	72	19	60	20	32	21	42	22	84	23	78	24	77	25	23	26	56	27	37	28	83	29	33	30	6	31	17	32	44	33	65	34	10	35	16	36	51	37	64	38	21	39	35	40	74	41	55	42	18	43	93	44	63	45	67	46	100	47	45	48	95	49	85
	0	55	1	22	2	26	3	19	4	93	5	33	6	19	7	77	8	7	9	75	10	61	11	76	12	8	13	55	14	2	15	25	16	59	17	18	18	53	19	69	20	72	21	34	22	47	23	84	24	77	25	87	26	47	27	47	28	66	29	68	30	37	31	27	32	59	33	71	34	66	35	83	36	57	37	40	38	91	39	48	40	78	41	7	42	64	43	39	44	93	45	39	46	58	47	31	48	97	49	70
	0	9	1	77	2	94	3	84	4	44	5	65	6	74	7	83	8	100	9	37	10	15	11	55	12	66	13	24	14	39	15	21	16	7	17	62	18	94	19	29	20	37	21	96	22	61	23	27	24	56	25	88	26	83	27	25	28	84	29	78	30	90	31	37	32	31	33	84	34	54	35	55	36	100	37	15	38	86	39	5	40	16	41	49	42	92	43	76	44	20	45	2	46	20	47	37	48	68	49	70
	0	71	1	58	2	35	3	47	4	67	5	33	6	13	7	30	8	99	9	47	10	36	11	77	12	75	13	34	14	88	15	73	16	64	17	43	18	84	19	16	20	11	21	73	22	99	23	35	24	41	25	80	26	19	27	5	28	99	29	36	30	19	31	13	32	94	33	13	34	95	35	88	36	30	37	24	38	16	39	9	40	55	41	15	42	49	43	50	44	56	45	30	46	8	47	20	48	81	49	71
	0	97	1	14	2	66	3	14	4	59	5	83	6	97	7	87	8	67	9	86	10	42	11	87	12	94	13	83	14	20	15	5	16	61	17	73	18	2	19	100	20	53	21	12	22	60	23	15	24	45	25	36	26	11	27	45	28	76	29	87	30	6	31	88	32	74	33	19	34	88	35	54	36	15	37	23	38	93	39	99	40	51	41	18	42	86	43	10	44	81	45	63	46	49	47	70	48	8	49	19
	0	55	1	63	2	23	3	60	4	20	5	11	6	25	7	87	8	85	9	48	10	34	11	26	12	89	13	70	14	83	15	5	16	35	17	19	18	91	19	24	20	58	21	91	22	40	23	82	24	37	25	78	26	26	27	24	28	25	29	73	30	44	31	8	32	82	33	16	34	30	35	17	36	36	37	42	38	76	39	68	40	97	41	64	42	84	43	78	44	22	45	21	46	24	47	10	48	87	49	40
	0	23	1	91	2	14	3	18	4	86	5	77	6	72	7	13	8	35	9	28	10	39	11	6	12	13	13	84	14	98	15	65	16	87	17	85	18	2	19	24	20	67	21	59	22	34	23	66	24	83	25	74	26	43	27	68	28	29	29	38	30	41	31	47	32	51	33	72	34	79	35	7	36	25	37	16	38	39	39	91	40	70	41	23	42	28	43	85	44	87	45	57	46	36	47	17	48	15	49	3
	0	10	1	50	2	48	3	54	4	52	5	80	6	48	7	32	8	35	9	68	10	64	11	53	12	17	13	73	14	26	15	51	16	67	17	65	18	72	19	24	20	57	21	38	22	50	23	50	24	72	25	55	26	74	27	100	28	51	29	79	30	42	31	53	32	47	33	89	34	53	35	62	36	81	37	83	38	54	39	62	40	29	41	3	42	28	43	86	44	54	45	52	46	5	47	53	48	88	49	75
	0	30	1	41	2	12	3	33	4	55	5	34	6	99	7	85	8	13	9	50	10	16	11	61	12	5	13	52	14	93	15	87	16	100	17	5	18	18	19	4	20	32	21	59	22	97	23	82	24	53	25	32	26	11	27	18	28	53	29	42	30	46	31	96	32	82	33	21	34	63	35	4	36	19	37	94	38	80	39	74	40	79	41	10	42	26	43	74	44	47	45	58	46	27	47	68	48	88	49	19
	0	32	1	24	2	72	3	11	4	60	5	39	6	2	7	49	8	69	9	10	10	43	11	19	12	39	13	63	14	93	15	33	16	40	17	34	18	38	19	36	20	32	21	44	22	76	23	43	24	97	25	32	26	21	27	69	28	20	29	29	30	100	31	53	32	61	33	75	34	22	35	93	36	83	37	37	38	72	39	60	40	28	41	66	42	55	43	26	44	64	45	90	46	13	47	60	48	41	49	54
	0	61	1	53	2	18	3	45	4	43	5	81	6	63	7	49	8	85	9	20	10	40	11	46	12	1	13	73	14	16	15	40	16	87	17	70	18	75	19	64	20	94	21	51	22	7	23	26	24	80	25	43	26	10	27	64	28	73	29	96	30	36	31	50	32	99	33	31	34	46	35	55	36	51	37	17	38	82	39	41	40	8	41	88	42	50	43	71	44	40	45	57	46	76	47	54	48	30	49	96
	0	93	1	36	2	29	3	73	4	49	5	32	6	11	7	92	8	64	9	51	10	88	11	54	12	63	13	58	14	19	15	43	16	69	17	77	18	3	19	7	20	28	21	25	22	66	23	84	24	8	25	34	26	47	27	98	28	90	29	4	30	73	31	12	32	36	33	94	34	74	35	41	36	14	37	27	38	55	39	29	40	5	41	93	42	56	43	57	44	34	45	64	46	45	47	50	48	85	49	41
	0	38	1	75	2	97	3	20	4	40	5	64	6	67	7	39	8	36	9	1	10	79	11	29	12	94	13	51	14	51	15	6	16	57	17	33	18	83	19	56	20	24	21	52	22	11	23	9	24	56	25	44	26	29	27	8	28	60	29	4	30	38	31	3	32	24	33	6	34	8	35	48	36	23	37	19	38	77	39	68	40	4	41	87	42	32	43	18	44	29	45	33	46	31	47	66	48	38	49	93
	0	59	1	66	2	36	3	100	4	52	5	94	6	52	7	67	8	98	9	80	10	5	11	45	12	18	13	46	14	65	15	50	16	96	17	30	18	12	19	81	20	82	21	80	22	30	23	92	24	12	25	12	26	74	27	69	28	10	29	97	30	12	31	27	32	64	33	4	34	19	35	46	36	96	37	20	38	89	39	93	40	61	41	23	42	79	43	3	44	58	45	79	46	94	47	20	48	18	49	91
	0	15	1	20	2	21	3	9	4	76	5	64	6	49	7	5	8	81	9	57	10	72	11	45	12	5	13	7	14	40	15	21	16	10	17	7	18	4	19	34	20	97	21	4	22	12	23	31	24	36	25	96	26	39	27	39	28	81	29	95	30	54	31	55	32	45	33	45	34	29	35	67	36	88	37	65	38	43	39	42	40	59	41	85	42	43	43	86	44	76	45	66	46	49	47	68	48	52	49	37
	0	35	1	61	2	86	3	93	4	10	5	48	6	93	7	32	8	85	9	89	10	27	11	17	12	99	13	50	14	26	15	5	16	36	17	42	18	94	19	73	20	68	21	17	22	77	23	31	24	97	25	20	26	19	27	5	28	76	29	96	30	95	31	28	32	40	33	4	34	51	35	70	36	88	37	71	38	19	39	7	40	67	41	17	42	64	43	92	44	73	45	3	46	86	47	87	48	67	49	99
	0	3	1	78	2	66	3	79	4	60	5	60	6	52	7	75	8	59	9	87	10	22	11	61	12	98	13	12	14	68	15	39	16	69	17	58	18	48	19	50	20	46	21	7	22	100	23	40	24	60	25	90	26	13	27	47	28	65	29	19	30	44	31	79	32	10	33	85	34	47	35	27	36	92	37	27	38	70	39	5	40	52	41	38	42	12	43	18	44	29	45	61	46	63	47	21	48	100	49	93
	0	62	1	83	2	59	3	6	4	46	5	100	6	14	7	46	8	80	9	10	10	7	11	66	12	82	13	100	14	91	15	14	16	96	17	12	18	15	19	77	20	61	21	90	22	90	23	51	24	90	25	25	26	61	27	84	28	63	29	82	30	86	31	27	32	74	33	23	34	5	35	68	36	11	37	66	38	58	39	58	40	51	41	28	42	66	43	32	44	93	45	56	46	5	47	97	48	64	49	36
	0	26	1	43	2	78	3	38	4	97	5	80	6	20	7	41	8	77	9	32	10	2	11	28	12	54	13	24	14	96	15	73	16	87	17	47	18	46	19	33	20	57	21	87	22	27	23	35	24	3	25	62	26	83	27	17	28	94	29	82	30	77	31	53	32	84	33	48	34	20	35	83	36	29	37	45	38	87	39	26	40	68	41	93	42	10	43	45	44	11	45	65	46	12	47	87	48	66	49	83
	0	48	1	23	2	9	3	62	4	27	5	67	6	87	7	38	8	55	9	32	10	82	11	30	12	26	13	68	14	3	15	2	16	33	17	84	18	75	19	30	20	96	21	42	22	31	23	93	24	10	25	92	26	48	27	42	28	76	29	71	30	59	31	8	32	59	33	86	34	45	35	71	36	91	37	61	38	96	39	83	40	5	41	25	42	78	43	16	44	75	45	39	46	56	47	7	48	6	49	29
	0	56	1	81	2	71	3	53	4	72	5	100	6	24	7	8	8	40	9	62	10	11	11	84	12	44	13	43	14	68	15	95	16	28	17	71	18	80	19	58	20	14	21	57	22	26	23	95	24	71	25	29	26	60	27	74	28	73	29	51	30	74	31	32	32	29	33	11	34	59	35	24	36	5	37	19	38	66	39	5	40	44	41	47	42	12	43	34	44	56	45	95	46	6	47	53	48	53	49	78
	0	74	1	99	2	33	3	60	4	7	5	20	6	35	7	73	8	85	9	33	10	42	11	14	12	18	13	31	14	81	15	96	16	25	17	23	18	51	19	95	20	47	21	75	22	98	23	33	24	44	25	83	26	85	27	63	28	53	29	89	30	51	31	77	32	74	33	25	34	53	35	32	36	30	37	54	38	26	39	66	40	24	41	28	42	10	43	63	44	64	45	95	46	31	47	74	48	56	49	16
	0	39	1	11	2	72	3	84	4	26	5	68	6	42	7	43	8	82	9	35	10	31	11	57	12	83	13	14	14	2	15	82	16	84	17	51	18	74	19	27	20	82	21	38	22	22	23	23	24	79	25	54	26	82	27	15	28	34	29	50	30	57	31	75	32	7	33	91	34	44	35	76	36	32	37	17	38	11	39	78	40	56	41	86	42	9	43	38	44	44	45	99	46	99	47	14	48	41	49	34
	0	13	1	46	2	26	3	36	4	96	5	31	6	13	7	34	8	89	9	13	10	75	11	91	12	56	13	71	14	99	15	95	16	58	17	71	18	4	19	57	20	26	21	4	22	70	23	82	24	2	25	41	26	60	27	8	28	28	29	69	30	47	31	38	32	16	33	95	34	61	35	19	36	30	37	19	38	30	39	38	40	47	41	33	42	73	43	30	44	100	45	76	46	68	47	24	48	6	49	66
	0	14	1	79	2	34	3	88	4	49	5	78	6	68	7	100	8	94	9	80	10	70	11	96	12	34	13	57	14	48	15	32	16	75	17	60	18	81	19	6	20	8	21	89	22	64	23	49	24	80	25	63	26	56	27	66	28	74	29	20	30	77	31	33	32	15	33	90	34	51	35	49	36	75	37	16	38	13	39	76	40	36	41	17	42	28	43	46	44	42	45	26	46	67	47	95	48	38	49	49
	0	76	1	61	2	81	3	1	4	90	5	60	6	81	7	49	8	13	9	16	10	86	11	60	12	51	13	23	14	44	15	10	16	63	17	56	18	85	19	29	20	86	21	57	22	15	23	86	24	24	25	69	26	18	27	20	28	31	29	97	30	3	31	86	32	11	33	5	34	43	35	74	36	25	37	93	38	92	39	13	40	77	41	4	42	80	43	63	44	6	45	62	46	19	47	71	48	28	49	33
	0	77	1	39	2	83	3	57	4	87	5	19	6	4	7	20	8	16	9	50	10	88	11	27	12	5	13	87	14	52	15	10	16	44	17	2	18	10	19	99	20	64	21	43	22	77	23	10	24	39	25	86	26	17	27	54	28	44	29	23	30	71	31	51	32	5	33	57	34	45	35	17	36	45	37	12	38	28	39	54	40	100	41	68	42	85	43	52	44	63	45	82	46	38	47	2	48	93	49	63
	0	35	1	58	2	80	3	90	4	63	5	14	6	56	7	25	8	51	9	76	10	2	11	26	12	92	13	37	14	83	15	82	16	57	17	5	18	14	19	22	20	83	21	28	22	41	23	64	24	62	25	14	26	78	27	16	28	77	29	54	30	57	31	26	32	34	33	75	34	56	35	73	36	3	37	99	38	30	39	15	40	71	41	86	42	61	43	58	44	58	45	67	46	79	47	2	48	52	49	13
	0	49	1	74	2	71	3	98	4	16	5	70	6	56	7	33	8	35	9	47	10	45	11	96	12	59	13	51	14	83	15	83	16	40	17	70	18	86	19	49	20	69	21	31	22	38	23	16	24	72	25	8	26	6	27	68	28	22	29	96	30	4	31	64	32	42	33	55	34	17	35	26	36	12	37	52	38	99	39	5	40	100	41	45	42	91	43	6	44	81	45	85	46	10	47	41	48	13	49	26
	0	21	1	49	2	87	3	85	4	5	5	75	6	69	7	81	8	46	9	21	10	99	11	31	12	37	13	3	14	15	15	17	16	65	17	73	18	23	19	20	20	18	21	1	22	23	23	99	24	35	25	13	26	63	27	63	28	82	29	33	30	90	31	49	32	40	33	86	34	7	35	31	36	22	37	50	38	67	39	94	40	56	41	57	42	52	43	62	44	17	45	4	46	24	47	74	48	82	49	1
	0	51	1	20	2	35	3	72	4	37	5	8	6	64	7	1	8	3	9	12	10	14	11	72	12	18	13	13	14	92	15	50	16	61	17	60	18	33	19	1	20	66	21	80	22	85	23	59	24	83	25	35	26	58	27	69	28	56	29	7	30	52	31	76	32	6	33	39	34	67	35	42	36	57	37	86	38	38	39	3	40	56	41	45	42	68	43	96	44	76	45	54	46	47	47	29	48	87	49	2
	0	80	1	69	2	47	3	86	4	52	5	61	6	52	7	84	8	16	9	22	10	34	11	59	12	81	13	62	14	5	15	100	16	28	17	14	18	81	19	63	20	87	21	4	22	36	23	67	24	47	25	71	26	78	27	72	28	97	29	17	30	31	31	28	32	98	33	68	34	75	35	71	36	48	37	48	38	76	39	31	40	96	41	18	42	12	43	37	44	95	45	27	46	74	47	69	48	26	49	67
	0	90	1	79	2	10	3	41	4	13	5	71	6	4	7	87	8	68	9	32	10	53	11	6	12	48	13	45	14	17	15	90	16	97	17	11	18	32	19	59	20	29	21	89	22	45	23	37	24	75	25	15	26	41	27	42	28	45	29	49	30	64	31	55	32	48	33	93	34	78	35	1	36	16	37	37	38	35	39	63	40	25	41	64	42	45	43	91	44	100	45	1	46	64	47	5	48	43	49	94
	0	34	1	82	2	44	3	59	4	57	5	85	6	44	7	26	8	84	9	75	10	60	11	82	12	41	13	10	14	1	15	73	16	30	17	26	18	32	19	37	20	80	21	44	22	60	23	59	24	27	25	70	26	56	27	84	28	61	29	57	30	27	31	22	32	56	33	59	34	13	35	32	36	72	37	95	38	72	39	72	40	13	41	1	42	68	43	49	44	52	45	42	46	80	47	6	48	79	49	5
	0	5	1	30	2	26	3	100	4	18	5	75	6	70	7	38	8	94	9	19	10	24	11	68	12	44	13	12	14	67	15	80	16	82	17	87	18	74	19	26	20	43	21	17	22	33	23	91	24	24	25	71	26	85	27	34	28	96	29	90	30	4	31	83	32	38	33	67	34	6	35	31	36	73	37	33	38	66	39	98	40	100	41	71	42	65	43	35	44	73	45	96	46	10	47	91	48	59	49	92
	0	92	1	65	2	76	3	87	4	74	5	23	6	93	7	7	8	26	9	49	10	44	11	37	12	58	13	53	14	91	15	83	16	97	17	59	18	37	19	17	20	28	21	49	22	67	23	44	24	91	25	35	26	75	27	17	28	96	29	86	30	8	31	4	32	2	33	24	34	22	35	76	36	82	37	72	38	49	39	56	40	55	41	25	42	2	43	75	44	62	45	63	46	82	47	7	48	22	49	37
	0	51	1	78	2	89	3	94	4	96	5	81	6	7	7	18	8	95	9	35	10	6	11	12	12	50	13	72	14	24	15	43	16	64	17	40	18	26	19	17	20	69	21	55	22	47	23	75	24	31	25	44	26	7	27	8	28	85	29	54	30	48	31	41	32	91	33	28	34	4	35	37	36	96	37	64	38	9	39	12	40	60	41	22	42	93	43	67	44	65	45	29	46	23	47	87	48	19	49	98
	0	94	1	39	2	44	3	81	4	73	5	92	6	75	7	100	8	57	9	39	10	36	11	31	12	89	13	76	14	64	15	43	16	44	17	85	18	84	19	15	20	91	21	21	22	80	23	66	24	80	25	3	26	90	27	1	28	12	29	48	30	36	31	35	32	95	33	18	34	67	35	50	36	99	37	42	38	59	39	11	40	44	41	57	42	25	43	30	44	4	45	73	46	11	47	67	48	4	49	45
	0	84	1	93	2	42	3	27	4	46	5	68	6	59	7	19	8	20	9	1	10	45	11	47	12	97	13	100	14	59	15	39	16	43	17	16	18	87	19	71	20	93	21	60	22	71	23	13	24	1	25	36	26	96	27	88	28	6	29	4	30	99	31	26	32	29	33	98	34	46	35	88	36	36	37	42	38	93	39	69	40	10	41	33	42	24	43	28	44	18	45	4	46	35	47	85	48	82	49	73
	0	92	1	100	2	69	3	45	4	12	5	12	6	72	7	20	8	15	9	5	10	55	11	22	12	64	13	38	14	59	15	69	16	81	17	36	18	7	19	19	20	16	21	59	22	69	23	88	24	97	25	63	26	47	27	24	28	92	29	44	30	4	31	54	32	68	33	25	34	61	35	77	36	9	37	9	38	2	39	44	40	56	41	36	42	98	43	57	44	52	45	93	46	21	47	82	48	24	49	84
	0	100	1	40	2	31	3	43	4	66	5	47	6	56	7	50	8	63	9	1	10	21	11	3	12	37	13	32	14	60	15	21	16	27	17	80	18	77	19	11	20	14	21	59	22	57	23	15	24	6	25	5	26	39	27	6	28	72	29	55	30	43	31	19	32	40	33	64	34	13	35	30	36	28	37	81	38	37	39	16	40	80	41	39	42	32	43	51	44	13	45	17	46	13	47	38	48	7	49	96
	0	100	1	77	2	88	3	3	4	6	5	8	6	85	7	29	8	22	9	91	10	76	11	42	12	4	13	3	14	33	15	62	16	6	17	80	18	39	19	47	20	25	21	12	22	44	23	7	24	55	25	79	26	77	27	58	28	64	29	3	30	25	31	76	32	32	33	16	34	62	35	7	36	31	37	4	38	71	39	53	40	15	41	65	42	3	43	39	44	68	45	79	46	68	47	19	48	25	49	3
	0	41	1	95	2	47	3	15	4	35	5	37	6	42	7	81	8	78	9	47	10	45	11	21	12	87	13	88	14	99	15	91	16	32	17	86	18	8	19	20	20	35	21	67	22	55	23	46	24	33	25	79	26	90	27	62	28	19	29	35	30	54	31	62	32	34	33	61	34	77	35	32	36	65	37	27	38	65	39	50	40	74	41	9	42	87	43	71	44	81	45	15	46	95	47	15	48	53	49	49
	0	60	1	99	2	82	3	26	4	98	5	55	6	52	7	34	8	22	9	46	10	40	11	24	12	50	13	70	14	76	15	73	16	33	17	93	18	77	19	37	20	14	21	82	22	32	23	14	24	11	25	10	26	79	27	50	28	87	29	53	30	36	31	91	32	52	33	10	34	45	35	47	36	22	37	12	38	57	39	17	40	11	41	2	42	69	43	12	44	36	45	94	46	83	47	44	48	79	49	56
	0	50	1	92	2	1	3	74	4	24	5	67	6	39	7	72	8	36	9	5	10	9	11	20	12	50	13	96	14	96	15	50	16	95	17	11	18	22	19	41	20	49	21	79	22	97	23	75	24	28	25	43	26	11	27	50	28	27	29	80	30	26	31	7	32	94	33	82	34	60	35	25	36	34	37	13	38	84	39	66	40	88	41	3	42	67	43	86	44	23	45	39	46	49	47	41	48	34	49	66
	0	17	1	67	2	39	3	9	4	18	5	90	6	19	7	70	8	39	9	7	10	40	11	73	12	27	13	55	14	51	15	58	16	42	17	35	18	50	19	37	20	56	21	80	22	55	23	81	24	39	25	68	26	40	27	82	28	14	29	34	30	95	31	21	32	45	33	16	34	45	35	37	36	7	37	46	38	29	39	65	40	57	41	87	42	12	43	8	44	83	45	39	46	99	47	38	48	21	49	7
	0	69	1	63	2	59	3	75	4	42	5	92	6	72	7	40	8	43	9	78	10	38	11	4	12	46	13	50	14	63	15	14	16	94	17	30	18	92	19	20	20	29	21	11	22	73	23	59	24	88	25	54	26	39	27	24	28	44	29	3	30	89	31	43	32	96	33	53	34	96	35	93	36	32	37	1	38	81	39	22	40	34	41	68	42	14	43	53	44	88	45	92	46	50	47	93	48	19	49	96
	0	95	1	63	2	68	3	6	4	63	5	49	6	73	7	73	8	85	9	99	10	30	11	99	12	60	13	49	14	45	15	9	16	61	17	48	18	96	19	88	20	54	21	91	22	70	23	82	24	81	25	11	26	52	27	47	28	5	29	81	30	62	31	80	32	34	33	6	34	84	35	63	36	75	37	30	38	31	39	14	40	59	41	82	42	30	43	35	44	68	45	32	46	35	47	72	48	45	49	34
	0	83	1	48	2	49	3	70	4	69	5	38	6	22	7	34	8	6	9	84	10	45	11	13	12	73	13	69	14	25	15	56	16	92	17	6	18	26	19	30	20	80	21	16	22	40	23	17	24	52	25	84	26	67	27	99	28	96	29	20	30	34	31	20	32	29	33	88	34	95	35	38	36	4	37	46	38	66	39	3	40	47	41	32	42	12	43	22	44	8	45	85	46	75	47	93	48	95	49	76
	0	5	1	26	2	100	3	8	4	56	5	75	6	36	7	83	8	31	9	61	10	63	11	74	12	11	13	52	14	49	15	31	16	88	17	23	18	8	19	3	20	87	21	27	22	6	23	86	24	64	25	43	26	34	27	94	28	89	29	78	30	74	31	28	32	71	33	48	34	26	35	5	36	78	37	52	38	53	39	34	40	56	41	29	42	81	43	91	44	53	45	53	46	45	47	12	48	98	49	6
	0	70	1	95	2	6	3	42	4	49	5	4	6	81	7	13	8	23	9	96	10	67	11	47	12	97	13	30	14	51	15	78	16	51	17	13	18	24	19	73	20	11	21	2	22	56	23	15	24	2	25	68	26	31	27	20	28	98	29	83	30	64	31	19	32	38	33	98	34	86	35	9	36	72	37	8	38	64	39	71	40	55	41	34	42	3	43	11	44	12	45	64	46	46	47	48	48	28	49	29
	0	57	1	87	2	47	3	17	4	67	5	34	6	84	7	40	8	13	9	31	10	73	11	7	12	95	13	45	14	17	15	75	16	38	17	17	18	5	19	86	20	33	21	58	22	20	23	89	24	88	25	60	26	51	27	26	28	24	29	43	30	65	31	35	32	83	33	72	34	33	35	73	36	45	37	2	38	97	39	84	40	63	41	37	42	20	43	63	44	71	45	20	46	70	47	82	48	18	49	82
	0	10	1	88	2	28	3	15	4	15	5	79	6	7	7	58	8	29	9	27	10	25	11	98	12	30	13	6	14	57	15	30	16	72	17	28	18	65	19	37	20	14	21	13	22	38	23	67	24	69	25	43	26	41	27	30	28	19	29	60	30	26	31	44	32	83	33	28	34	12	35	86	36	42	37	63	38	42	39	49	40	43	41	91	42	59	43	1	44	48	45	2	46	76	47	91	48	2	49	2
	0	23	1	57	2	20	3	81	4	92	5	26	6	33	7	54	8	25	9	14	10	42	11	41	12	8	13	72	14	52	15	86	16	65	17	15	18	14	19	40	20	68	21	49	22	72	23	57	24	7	25	91	26	1	27	76	28	85	29	13	30	92	31	82	32	37	33	84	34	5	35	79	36	74	37	95	38	10	39	16	40	14	41	62	42	75	43	46	44	57	45	60	46	79	47	4	48	90	49	48
	0	52	1	45	2	57	3	56	4	82	5	78	6	18	7	59	8	30	9	68	10	73	11	77	12	44	13	18	14	44	15	40	16	67	17	39	18	28	19	34	20	79	21	65	22	69	23	14	24	15	25	85	26	8	27	31	28	57	29	89	30	8	31	35	32	82	33	56	34	76	35	39	36	16	37	20	38	15	39	47	40	33	41	7	42	74	43	93	44	95	45	24	46	99	47	48	48	15	49	32
	0	93	1	77	2	1	3	48	4	21	5	64	6	12	7	56	8	43	9	30	10	12	11	13	12	62	13	24	14	41	15	86	16	87	17	48	18	4	19	64	20	88	21	48	22	67	23	11	24	67	25	98	26	11	27	78	28	83	29	34	30	61	31	66	32	5	33	36	34	23	35	29	36	71	37	56	38	77	39	49	40	91	41	34	42	5	43	10	44	14	45	67	46	71	47	90	48	48	49	7
	0	57	1	4	2	98	3	9	4	46	5	89	6	78	7	54	8	94	9	21	10	91	11	25	12	28	13	91	14	93	15	99	16	72	17	85	18	90	19	87	20	77	21	39	22	24	23	43	24	28	25	80	26	48	27	16	28	23	29	61	30	11	31	18	32	70	33	50	34	78	35	24	36	40	37	36	38	78	39	50	40	78	41	60	42	42	43	49	44	47	45	94	46	83	47	30	48	58	49	6
	0	22	1	3	2	39	3	92	4	59	5	84	6	6	7	85	8	68	9	26	10	58	11	31	12	24	13	58	14	19	15	25	16	30	17	45	18	81	19	38	20	81	21	3	22	30	23	66	24	76	25	37	26	54	27	2	28	96	29	71	30	76	31	97	32	78	33	5	34	46	35	65	36	61	37	12	38	96	39	52	40	95	41	53	42	40	43	71	44	31	45	82	46	64	47	65	48	27	49	69
	0	55	1	71	2	49	3	55	4	47	5	72	6	50	7	20	8	96	9	80	10	48	11	39	12	1	13	77	14	41	15	43	16	39	17	1	18	37	19	7	20	90	21	74	22	76	23	53	24	46	25	92	26	70	27	21	28	49	29	22	30	10	31	49	32	8	33	97	34	88	35	73	36	64	37	77	38	44	39	30	40	26	41	33	42	49	43	29	44	92	45	80	46	64	47	19	48	18	49	34
	0	43	1	77	2	11	3	6	4	73	5	86	6	56	7	42	8	76	9	83	10	99	11	61	12	94	13	88	14	42	15	69	16	49	17	55	18	44	19	43	20	56	21	4	22	5	23	5	24	7	25	12	26	92	27	52	28	70	29	87	30	39	31	85	32	76	33	55	34	16	35	66	36	72	37	13	38	62	39	10	40	78	41	51	42	21	43	60	44	61	45	40	46	19	47	30	48	30	49	22
	0	86	1	96	2	8	3	77	4	3	5	80	6	24	7	35	8	25	9	55	10	53	11	53	12	17	13	66	14	81	15	1	16	93	17	39	18	78	19	95	20	62	21	23	22	100	23	87	24	8	25	14	26	66	27	12	28	57	29	11	30	73	31	23	32	20	33	28	34	39	35	88	36	96	37	77	38	97	39	21	40	100	41	65	42	77	43	74	44	25	45	79	46	49	47	3	48	65	49	71
	0	15	1	96	2	60	3	49	4	62	5	28	6	32	7	30	8	33	9	62	10	34	11	30	12	66	13	33	14	9	15	92	16	10	17	75	18	69	19	60	20	18	21	73	22	5	23	70	24	75	25	58	26	93	27	11	28	15	29	74	30	86	31	75	32	30	33	82	34	72	35	92	36	80	37	88	38	52	39	28	40	55	41	98	42	82	43	99	44	40	45	53	46	50	47	8	48	100	49	79
	0	15	1	28	2	76	3	66	4	15	5	73	6	53	7	65	8	10	9	43	10	58	11	54	12	45	13	26	14	87	15	19	16	17	17	97	18	65	19	56	20	6	21	44	22	98	23	83	24	94	25	13	26	75	27	12	28	72	29	58	30	12	31	44	32	33	33	20	34	54	35	55	36	85	37	93	38	85	39	8	40	21	41	41	42	6	43	9	44	61	45	65	46	74	47	76	48	26	49	48
	0	21	1	1	2	18	3	29	4	96	5	27	6	21	7	62	8	94	9	65	10	36	11	88	12	66	13	13	14	33	15	14	16	30	17	69	18	54	19	61	20	17	21	49	22	31	23	62	24	29	25	33	26	88	27	94	28	97	29	22	30	36	31	68	32	51	33	65	34	91	35	44	36	55	37	96	38	69	39	21	40	65	41	93	42	38	43	11	44	5	45	32	46	29	47	27	48	78	49	16
	0	44	1	22	2	63	3	3	4	100	5	53	6	43	7	46	8	12	9	81	10	82	11	29	12	90	13	18	14	51	15	69	16	14	17	69	18	51	19	5	20	5	21	55	22	3	23	5	24	4	25	100	26	89	27	48	28	46	29	17	30	68	31	79	32	59	33	36	34	10	35	37	36	49	37	47	38	10	39	93	40	51	41	59	42	77	43	69	44	43	45	99	46	12	47	9	48	58	49	94
	0	29	1	21	2	52	3	18	4	68	5	34	6	96	7	94	8	2	9	10	10	16	11	78	12	64	13	18	14	86	15	77	16	14	17	68	18	55	19	69	20	38	21	48	22	59	23	24	24	48	25	19	26	55	27	51	28	22	29	59	30	77	31	26	32	6	33	63	34	91	35	55	36	63	37	43	38	6	39	97	40	45	41	69	42	77	43	44	44	25	45	69	46	97	47	33	48	1	49	66
	0	52	1	32	2	78	3	10	4	18	5	35	6	85	7	53	8	93	9	54	10	64	11	68	12	8	13	84	14	68	15	2	16	60	17	98	18	38	19	17	20	59	21	75	22	43	23	76	24	77	25	90	26	7	27	46	28	42	29	5	30	68	31	53	32	34	33	38	34	29	35	4	36	47	37	16	38	95	39	50	40	34	41	24	42	14	43	63	44	68	45	2	46	72	47	58	48	58	49	68
	0	91	1	73	2	16	3	60	4	37	5	85	6	71	7	28	8	60	9	38	10	59	11	9	12	82	13	100	14	52	15	77	16	33	17	84	18	95	19	57	20	6	21	88	22	62	23	20	24	47	25	46	26	61	27	28	28	46	29	6	30	38	31	75	32	60	33	50	34	67	35	47	36	92	37	51	38	21	39	10	40	30	41	11	42	65	43	76	44	80	45	33	46	13	47	31	48	79	49	29
	0	45	1	8	2	66	3	49	4	68	5	38	6	31	7	98	8	71	9	25	10	86	11	70	12	13	13	21	14	31	15	17	16	37	17	96	18	92	19	30	20	99	21	25	22	58	23	8	24	62	25	49	26	70	27	26	28	85	29	68	30	1	31	44	32	14	33	87	34	46	35	15	36	53	37	12	38	28	39	74	40	66	41	67	42	61	43	27	44	54	45	92	46	37	47	66	48	82	49	28
	0	39	1	82	2	83	3	5	4	81	5	49	6	34	7	86	8	30	9	7	10	91	11	47	12	76	13	61	14	49	15	74	16	34	17	69	18	23	19	17	20	99	21	7	22	97	23	46	24	9	25	5	26	87	27	68	28	54	29	19	30	94	31	33	32	60	33	65	34	59	35	17	36	29	37	29	38	47	39	60	40	8	41	56	42	14	43	15	44	30	45	39	46	33	47	13	48	39	49	99
	0	94	1	67	2	98	3	5	4	97	5	65	6	37	7	84	8	100	9	15	10	4	11	22	12	94	13	61	14	98	15	40	16	21	17	70	18	31	19	21	20	53	21	57	22	23	23	2	24	93	25	8	26	33	27	64	28	79	29	12	30	92	31	90	32	88	33	14	34	74	35	55	36	82	37	42	38	26	39	96	40	35	41	89	42	53	43	50	44	38	45	28	46	19	47	72	48	71	49	11
	0	8	1	74	2	82	3	77	4	63	5	27	6	26	7	52	8	98	9	48	10	34	11	45	12	43	13	31	14	37	15	49	16	72	17	20	18	51	19	11	20	24	21	22	22	95	23	35	24	15	25	2	26	15	27	13	28	9	29	23	30	19	31	26	32	78	33	12	34	52	35	34	36	88	37	65	38	68	39	61	40	86	41	28	42	79	43	47	44	63	45	12	46	79	47	2	48	32	49	37
	0	86	1	17	2	50	3	97	4	38	5	87	6	47	7	5	8	46	9	61	10	72	11	61	12	82	13	39	14	53	15	40	16	59	17	57	18	28	19	2	20	33	21	40	22	3	23	70	24	25	25	20	26	42	27	26	28	61	29	45	30	91	31	22	32	51	33	21	34	94	35	7	36	82	37	68	38	52	39	12	40	84	41	78	42	35	43	52	44	86	45	16	46	43	47	34	48	84	49	89
	0	82	1	73	2	91	3	80	4	100	5	65	6	19	7	27	8	91	9	65	10	36	11	84	12	78	13	68	14	94	15	97	16	16	17	90	18	2	19	90	20	80	21	3	22	18	23	37	24	44	25	67	26	63	27	58	28	51	29	51	30	93	31	85	32	20	33	68	34	71	35	63	36	72	37	33	38	38	39	99	40	42	41	25	42	67	43	68	44	21	45	42	46	45	47	34	48	46	49	35
	0	30	1	55	2	23	3	86	4	66	5	73	6	66	7	74	8	56	9	9	10	75	11	22	12	30	13	17	14	83	15	26	16	60	17	61	18	61	19	16	20	93	21	28	22	47	23	2	24	23	25	84	26	41	27	90	28	17	29	35	30	85	31	82	32	57	33	53	34	20	35	92	36	81	37	87	38	88	39	48	40	11	41	50	42	10	43	56	44	26	45	68	46	82	47	38	48	3	49	32
	0	54	1	87	2	29	3	70	4	78	5	94	6	83	7	58	8	54	9	34	10	6	11	16	12	4	13	23	14	32	15	64	16	58	17	81	18	48	19	41	20	17	21	61	22	87	23	1	24	45	25	38	26	93	27	39	28	98	29	48	30	1	31	27	32	83	33	44	34	23	35	48	36	28	37	1	38	31	39	54	40	72	41	72	42	90	43	7	44	45	45	3	46	60	47	55	48	63	49	39
	0	85	1	65	2	80	3	90	4	48	5	22	6	65	7	28	8	26	9	41	10	81	11	49	12	16	13	82	14	26	15	11	16	82	17	44	18	8	19	23	20	62	21	77	22	4	23	78	24	31	25	55	26	18	27	16	28	6	29	85	30	13	31	80	32	44	33	51	34	26	35	10	36	64	37	10	38	50	39	66	40	3	41	1	42	55	43	89	44	64	45	26	46	4	47	38	48	51	49	10
	0	52	1	64	2	76	3	69	4	52	5	4	6	74	7	17	8	5	9	9	10	91	11	99	12	28	13	41	14	7	15	53	16	23	17	100	18	18	19	5	20	75	21	65	22	84	23	61	24	10	25	64	26	21	27	73	28	86	29	4	30	4	31	58	32	14	33	28	34	82	35	13	36	14	37	78	38	45	39	66	40	59	41	81	42	95	43	34	44	72	45	90	46	93	47	94	48	59	49	42
	0	96	1	82	2	12	3	18	4	13	5	75	6	10	7	24	8	22	9	30	10	86	11	12	12	49	13	65	14	67	15	20	16	97	17	30	18	83	19	4	20	54	21	90	22	3	23	82	24	55	25	14	26	57	27	19	28	48	29	56	30	43	31	15	32	94	33	57	34	27	35	91	36	16	37	13	38	86	39	69	40	57	41	90	42	61	43	93	44	27	45	73	46	5	47	48	48	45	49	80
	0	49	1	64	2	94	3	90	4	29	5	14	6	67	7	54	8	40	9	45	10	57	11	89	12	4	13	3	14	16	15	85	16	80	17	30	18	3	19	57	20	42	21	53	22	75	23	37	24	17	25	5	26	12	27	87	28	42	29	21	30	59	31	63	32	94	33	14	34	41	35	80	36	99	37	28	38	84	39	54	40	21	41	16	42	34	43	4	44	92	45	92	46	73	47	59	48	28	49	54
	0	65	1	4	2	52	3	78	4	84	5	43	6	1	7	31	8	9	9	76	10	14	11	50	12	79	13	16	14	99	15	90	16	53	17	91	18	49	19	31	20	17	21	9	22	48	23	3	24	27	25	79	26	76	27	67	28	84	29	13	30	24	31	62	32	77	33	66	34	58	35	1	36	48	37	70	38	9	39	81	40	58	41	74	42	74	43	47	44	53	45	17	46	38	47	1	48	70	49	64
	0	81	1	78	2	34	3	98	4	13	5	4	6	16	7	53	8	47	9	17	10	75	11	19	12	14	13	27	14	96	15	69	16	74	17	27	18	90	19	67	20	81	21	92	22	31	23	78	24	98	25	24	26	36	27	83	28	81	29	36	30	18	31	58	32	69	33	78	34	62	35	92	36	53	37	45	38	15	39	31	40	14	41	30	42	82	43	87	44	42	45	100	46	64	47	50	48	86	49	17
	0	90	1	75	2	2	3	29	4	33	5	51	6	82	7	99	8	93	9	69	10	93	11	58	12	2	13	44	14	58	15	88	16	85	17	49	18	52	19	77	20	70	21	82	22	9	23	97	24	48	25	69	26	45	27	8	28	3	29	65	30	47	31	80	32	87	33	22	34	2	35	80	36	1	37	17	38	42	39	86	40	95	41	71	42	36	43	7	44	12	45	7	46	62	47	22	48	45	49	19
	0	38	1	79	2	60	3	38	4	83	5	12	6	21	7	51	8	56	9	56	10	18	11	80	12	82	13	77	14	76	15	26	16	57	17	63	18	7	19	66	20	13	21	5	22	20	23	20	24	64	25	100	26	21	27	47	28	67	29	40	30	42	31	37	32	83	33	56	34	97	35	97	36	7	37	69	38	61	39	64	40	4	41	22	42	100	43	77	44	86	45	23	46	12	47	93	48	88	49	20
	0	52	1	53	2	53	3	76	4	57	5	91	6	29	7	32	8	84	9	78	10	28	11	57	12	34	13	31	14	7	15	39	16	26	17	19	18	72	19	63	20	34	21	75	22	14	23	64	24	20	25	51	26	25	27	81	28	5	29	20	30	62	31	21	32	74	33	95	34	37	35	20	36	99	37	95	38	78	39	71	40	39	41	26	42	70	43	39	44	37	45	15	46	74	47	86	48	23	49	29
	0	90	1	90	2	13	3	88	4	3	5	16	6	31	7	12	8	35	9	69	10	26	11	91	12	90	13	63	14	41	15	73	16	63	17	60	18	51	19	84	20	52	21	66	22	7	23	34	24	90	25	2	26	24	27	94	28	93	29	82	30	100	31	16	32	95	33	52	34	79	35	51	36	87	37	87	38	72	39	84	40	21	41	54	42	2	43	80	44	30	45	69	46	54	47	35	48	49	49	20
	0	21	1	46	2	88	3	38	4	91	5	58	6	53	7	16	8	26	9	61	10	20	11	38	12	100	13	33	14	38	15	46	16	23	17	48	18	75	19	63	20	62	21	4	22	61	23	55	24	18	25	50	26	83	27	87	28	49	29	90	30	33	31	28	32	28	33	10	34	20	35	88	36	78	37	66	38	96	39	1	40	32	41	100	42	53	43	91	44	98	45	98	46	91	47	76	48	41	49	1
	0	72	1	9	2	4	3	25	4	100	5	44	6	16	7	53	8	98	9	94	10	93	11	12	12	71	13	10	14	99	15	46	16	74	17	92	18	38	19	44	20	26	21	28	22	88	23	81	24	39	25	5	26	2	27	90	28	50	29	46	30	39	31	74	32	80	33	63	34	84	35	12	36	57	37	44	38	98	39	30	40	68	41	92	42	85	43	39	44	43	45	96	46	68	47	60	48	74	49	3
	0	21	1	89	2	21	3	22	4	1	5	65	6	68	7	73	8	56	9	56	10	26	11	59	12	29	13	69	14	93	15	41	16	70	17	46	18	17	19	28	20	22	21	11	22	31	23	11	24	59	25	73	26	48	27	16	28	75	29	98	30	39	31	50	32	64	33	13	34	27	35	57	36	31	37	2	38	76	39	10	40	33	41	4	42	54	43	23	44	32	45	25	46	3	47	38	48	14	49	19
	0	39	1	23	2	5	3	17	4	70	5	6	6	80	7	82	8	4	9	4	10	71	11	46	12	81	13	41	14	83	15	41	16	63	17	59	18	99	19	30	20	44	21	61	22	39	23	8	24	88	25	45	26	77	27	23	28	96	29	20	30	50	31	42	32	51	33	5	34	19	35	53	36	14	37	59	38	48	39	95	40	50	41	92	42	14	43	27	44	11	45	56	46	80	47	16	48	16	49	7
	0	84	1	78	2	99	3	96	4	16	5	6	6	2	7	37	8	99	9	81	10	53	11	36	12	94	13	34	14	51	15	4	16	99	17	20	18	39	19	79	20	93	21	6	22	47	23	17	24	67	25	5	26	31	27	55	28	38	29	89	30	46	31	30	32	21	33	62	34	13	35	13	36	36	37	99	38	92	39	8	40	42	41	59	42	52	43	7	44	47	45	34	46	8	47	100	48	32	49	1
	0	62	1	1	2	80	3	74	4	73	5	16	6	5	7	84	8	43	9	75	10	22	11	30	12	80	13	10	14	4	15	89	16	3	17	35	18	4	19	52	20	71	21	72	22	60	23	51	24	66	25	31	26	91	27	91	28	60	29	26	30	68	31	74	32	50	33	88	34	5	35	22	36	30	37	27	38	7	39	3	40	40	41	27	42	82	43	22	44	18	45	80	46	84	47	52	48	32	49	11
	0	60	1	95	2	76	3	44	4	10	5	95	6	60	7	86	8	91	9	69	10	17	11	64	12	11	13	3	14	12	15	27	16	99	17	37	18	38	19	91	20	63	21	43	22	14	23	100	24	50	25	59	26	30	27	23	28	71	29	37	30	7	31	20	32	73	33	21	34	63	35	39	36	62	37	66	38	100	39	22	40	96	41	46	42	58	43	49	44	24	45	40	46	4	47	34	48	24	49	68
	0	38	1	49	2	70	3	25	4	49	5	60	6	40	7	54	8	54	9	76	10	31	11	16	12	82	13	64	14	49	15	89	16	7	17	74	18	89	19	77	20	42	21	69	22	37	23	17	24	34	25	70	26	29	27	30	28	27	29	51	30	75	31	31	32	90	33	45	34	30	35	7	36	27	37	48	38	50	39	29	40	1	41	26	42	91	43	52	44	54	45	73	46	24	47	20	48	4	49	70
	0	76	1	82	2	41	3	32	4	26	5	86	6	64	7	63	8	4	9	3	10	26	11	45	12	81	13	4	14	77	15	24	16	57	17	87	18	24	19	84	20	60	21	25	22	52	23	13	24	32	25	96	26	69	27	4	28	67	29	99	30	72	31	46	32	14	33	73	34	44	35	92	36	62	37	74	38	38	39	19	40	86	41	81	42	94	43	11	44	3	45	31	46	100	47	31	48	70	49	1
	0	11	1	61	2	32	3	93	4	56	5	26	6	94	7	88	8	15	9	39	10	82	11	78	12	46	13	25	14	100	15	82	16	98	17	8	18	23	19	16	20	19	21	78	22	70	23	73	24	67	25	71	26	35	27	18	28	82	29	16	30	97	31	25	32	56	33	53	34	13	35	100	36	36	37	9	38	78	39	58	40	26	41	89	42	3	43	69	44	86	45	31	46	42	47	79	48	40	49	15
	0	72	1	61	2	35	3	35	4	7	5	78	6	26	7	72	8	3	9	36	10	64	11	28	12	73	13	75	14	20	15	7	16	31	17	27	18	81	19	54	20	38	21	23	22	82	23	88	24	99	25	51	26	67	27	89	28	53	29	73	30	5	31	25	32	53	33	72	34	90	35	33	36	8	37	84	38	1	39	89	40	68	41	20	42	9	43	17	44	41	45	4	46	60	47	47	48	98	49	69
	0	54	1	7	2	88	3	93	4	8	5	1	6	70	7	66	8	88	9	26	10	58	11	13	12	25	13	25	14	95	15	25	16	55	17	69	18	42	19	69	20	62	21	22	22	20	23	70	24	1	25	37	26	54	27	5	28	31	29	76	30	9	31	34	32	86	33	66	34	1	35	62	36	74	37	15	38	51	39	19	40	67	41	70	42	84	43	86	44	23	45	80	46	9	47	12	48	71	49	90
	0	32	1	97	2	28	3	100	4	86	5	48	6	43	7	42	8	69	9	10	10	79	11	71	12	39	13	46	14	80	15	77	16	6	17	17	18	97	19	48	20	8	21	82	22	43	23	53	24	70	25	20	26	22	27	32	28	87	29	36	30	52	31	96	32	64	33	26	34	64	35	76	36	24	37	82	38	59	39	87	40	54	41	92	42	48	43	87	44	49	45	41	46	9	47	43	48	90	49	33
	0	37	1	41	2	39	3	89	4	75	5	4	6	62	7	79	8	37	9	98	10	6	11	18	12	79	13	37	14	78	15	97	16	76	17	31	18	23	19	63	20	92	21	31	22	82	23	59	24	76	25	55	26	82	27	71	28	14	29	13	30	100	31	72	32	1	33	63	34	78	35	37	36	41	37	58	38	13	39	70	40	79	41	72	42	25	43	91	44	6	45	15	46	74	47	46	48	19	49	72
	0	8	1	47	2	6	3	32	4	37	5	61	6	99	7	81	8	64	9	1	10	9	11	91	12	37	13	89	14	39	15	10	16	89	17	89	18	41	19	49	20	85	21	34	22	55	23	26	24	86	25	1	26	56	27	85	28	8	29	94	30	92	31	33	32	36	33	52	34	88	35	50	36	8	37	87	38	45	39	52	40	2	41	10	42	78	43	31	44	62	45	25	46	49	47	3	48	70	49	71
	0	95	1	13	2	46	3	56	4	67	5	6	6	14	7	10	8	23	9	51	10	95	11	53	12	41	13	75	14	94	15	63	16	40	17	48	18	94	19	63	20	38	21	26	22	88	23	90	24	74	25	41	26	95	27	10	28	74	29	92	30	52	31	75	32	43	33	89	34	74	35	57	36	12	37	37	38	17	39	92	40	70	41	72	42	9	43	23	44	54	45	83	46	6	47	27	48	89	49	90
	0	100	1	57	2	99	3	42	4	95	5	51	6	22	7	78	8	12	9	65	10	100	11	52	12	98	13	55	14	45	15	16	16	52	17	99	18	84	19	20	20	84	21	39	22	32	23	55	24	78	25	94	26	67	27	73	28	26	29	55	30	80	31	40	32	40	33	74	34	44	35	14	36	81	37	12	38	15	39	50	40	47	41	99	42	61	43	84	44	5	45	29	46	82	47	35	48	74	49	80
	0	69	1	31	2	90	3	52	4	14	5	60	6	93	7	44	8	60	9	83	10	42	11	23	12	79	13	66	14	35	15	59	16	81	17	31	18	86	19	9	20	19	21	20	22	93	23	11	24	34	25	17	26	1	27	79	28	55	29	88	30	40	31	42	32	52	33	24	34	89	35	49	36	89	37	100	38	97	39	42	40	60	41	80	42	74	43	72	44	72	45	35	46	15	47	95	48	19	49	61
	0	30	1	92	2	68	3	99	4	98	5	86	6	44	7	5	8	48	9	54	10	86	11	19	12	59	13	61	14	10	15	30	16	21	17	62	18	4	19	38	20	97	21	43	22	37	23	58	24	75	25	3	26	66	27	18	28	16	29	5	30	57	31	47	32	21	33	25	34	68	35	52	36	72	37	2	38	58	39	30	40	40	41	63	42	15	43	75	44	45	45	55	46	17	47	55	48	7	49	36
	0	73	1	88	2	52	3	93	4	8	5	36	6	32	7	87	8	87	9	87	10	84	11	51	12	92	13	10	14	45	15	84	16	94	17	94	18	79	19	24	20	92	21	1	22	7	23	82	24	6	25	2	26	23	27	81	28	44	29	83	30	52	31	32	32	83	33	17	34	82	35	28	36	35	37	60	38	63	39	54	40	83	41	13	42	71	43	33	44	16	45	46	46	73	47	62	48	92	49	92
	0	43	1	6	2	4	3	50	4	7	5	49	6	39	7	49	8	24	9	33	10	53	11	73	12	43	13	22	14	89	15	42	16	66	17	71	18	24	19	4	20	20	21	100	22	21	23	72	24	37	25	92	26	17	27	28	28	60	29	65	30	79	31	66	32	46	33	92	34	99	35	41	36	33	37	68	38	18	39	68	40	89	41	47	42	6	43	62	44	51	45	95	46	19	47	34	48	37	49	36
	0	28	1	66	2	88	3	86	4	88	5	40	6	52	7	7	8	76	9	6	10	42	11	12	12	41	13	85	14	25	15	14	16	27	17	59	18	13	19	5	20	66	21	8	22	63	23	96	24	57	25	64	26	27	27	52	28	68	29	14	30	90	31	23	32	45	33	73	34	84	35	36	36	93	37	95	38	90	39	95	40	71	41	7	42	37	43	37	44	35	45	71	46	79	47	93	48	84	49	21
	0	3	1	92	2	26	3	25	4	2	5	91	6	56	7	68	8	8	9	10	10	4	11	53	12	74	13	26	14	18	15	77	16	58	17	37	18	64	19	16	20	36	21	15	22	76	23	33	24	49	25	87	26	88	27	98	28	60	29	41	30	10	31	65	32	97	33	24	34	61	35	73	36	69	37	86	38	49	39	39	40	12	41	98	42	64	43	77	44	97	45	22	46	35	47	57	48	93	49	42
	0	50	1	83	2	82	3	61	4	59	5	64	6	61	7	26	8	98	9	90	10	83	11	57	12	92	13	61	14	18	15	60	16	55	17	9	18	35	19	71	20	78	21	22	22	41	23	60	24	56	25	60	26	28	27	83	28	29	29	19	30	5	31	68	32	19	33	80	34	28	35	69	36	84	37	56	38	43	39	29	40	32	41	25	42	18	43	30	44	60	45	1	46	23	47	24	48	13	49	91
	0	77	1	75	2	79	3	34	4	78	5	54	6	58	7	31	8	89	9	65	10	80	11	95	12	42	13	94	14	62	15	90	16	79	17	14	18	9	19	41	20	43	21	86	22	28	23	30	24	91	25	37	26	91	27	6	28	3	29	2	30	58	31	78	32	83	33	67	34	83	35	73	36	90	37	53	38	17	39	69	40	62	41	17	42	12	43	45	44	86	45	66	46	87	47	99	48	53	49	9
	0	89	1	29	2	96	3	2	4	96	5	85	6	90	7	46	8	7	9	24	10	80	11	47	12	36	13	33	14	45	15	55	16	17	17	10	18	28	19	43	20	53	21	3	22	88	23	75	24	95	25	52	26	51	27	91	28	24	29	93	30	71	31	6	32	74	33	6	34	17	35	94	36	14	37	22	38	58	39	13	40	75	41	27	42	10	43	73	44	12	45	17	46	67	47	87	48	4	49	94
	0	24	1	24	2	55	3	15	4	63	5	65	6	43	7	30	8	84	9	42	10	25	11	62	12	65	13	97	14	8	15	33	16	6	17	96	18	30	19	22	20	96	21	81	22	8	23	16	24	82	25	61	26	70	27	96	28	58	29	48	30	62	31	52	32	92	33	10	34	81	35	40	36	44	37	100	38	16	39	16	40	65	41	56	42	58	43	95	44	73	45	12	46	33	47	49	48	45	49	52
	0	64	1	21	2	64	3	87	4	64	5	19	6	15	7	54	8	18	9	35	10	36	11	63	12	2	13	84	14	33	15	30	16	62	17	63	18	44	19	84	20	20	21	75	22	5	23	33	24	16	25	85	26	42	27	21	28	82	29	71	30	98	31	24	32	6	33	4	34	78	35	52	36	45	37	87	38	65	39	60	40	80	41	3	42	25	43	97	44	34	45	71	46	25	47	27	48	97	49	19
	0	33	1	11	2	6	3	100	4	52	5	38	6	9	7	25	8	25	9	33	10	88	11	89	12	12	13	87	14	17	15	9	16	15	17	89	18	1	19	1	20	19	21	50	22	2	23	67	24	58	25	52	26	61	27	67	28	34	29	56	30	55	31	98	32	40	33	62	34	71	35	9	36	83	37	1	38	69	39	10	40	85	41	95	42	77	43	73	44	17	45	28	46	25	47	25	48	5	49	99
	0	24	1	68	2	96	3	61	4	53	5	99	6	78	7	71	8	82	9	3	10	5	11	88	12	79	13	39	14	53	15	7	16	54	17	45	18	9	19	13	20	48	21	36	22	92	23	95	24	69	25	68	26	27	27	51	28	32	29	93	30	41	31	72	32	55	33	20	34	48	35	92	36	18	37	71	38	32	39	35	40	91	41	90	42	69	43	9	44	78	45	34	46	15	47	6	48	44	49	81
	0	74	1	32	2	17	3	1	4	23	5	57	6	83	7	95	8	38	9	72	10	9	11	4	12	71	13	89	14	78	15	17	16	61	17	7	18	6	19	57	20	78	21	65	22	78	23	10	24	37	25	16	26	34	27	26	28	29	29	10	30	72	31	14	32	55	33	78	34	70	35	4	36	65	37	48	38	29	39	52	40	28	41	22	42	97	43	2	44	100	45	16	46	21	47	45	48	52	49	34
	0	42	1	32	2	79	3	20	4	27	5	26	6	4	7	23	8	97	9	8	10	55	11	54	12	16	13	68	14	61	15	38	16	18	17	48	18	9	19	70	20	16	21	15	22	58	23	46	24	7	25	83	26	93	27	12	28	61	29	17	30	74	31	66	32	76	33	73	34	7	35	99	36	18	37	76	38	49	39	56	40	91	41	28	42	11	43	67	44	98	45	95	46	35	47	59	48	95	49	35
	0	58	1	68	2	46	3	34	4	73	5	2	6	22	7	94	8	71	9	24	10	18	11	72	12	9	13	58	14	76	15	59	16	44	17	39	18	27	19	75	20	32	21	57	22	5	23	82	24	72	25	64	26	86	27	73	28	51	29	55	30	55	31	68	32	19	33	23	34	18	35	38	36	1	37	64	38	93	39	33	40	14	41	87	42	57	43	76	44	75	45	31	46	29	47	70	48	76	49	17
	0	25	1	13	2	97	3	80	4	5	5	21	6	72	7	52	8	94	9	4	10	19	11	3	12	70	13	55	14	11	15	56	16	24	17	31	18	50	19	18	20	44	21	50	22	60	23	25	24	89	25	20	26	19	27	68	28	46	29	87	30	99	31	48	32	78	33	59	34	69	35	94	36	20	37	45	38	3	39	23	40	80	41	20	42	77	43	45	44	36	45	1	46	57	47	27	48	54	49	94
	0	13	1	66	2	66	3	46	4	4	5	53	6	71	7	25	8	26	9	19	10	54	11	94	12	17	13	88	14	46	15	57	16	58	17	82	18	56	19	5	20	13	21	61	22	49	23	78	24	1	25	86	26	65	27	17	28	91	29	37	30	91	31	85	32	67	33	22	34	24	35	75	36	98	37	73	38	4	39	36	40	9	41	96	42	4	43	74	44	41	45	30	46	88	47	27	48	57	49	42
	0	84	1	7	2	10	3	39	4	49	5	63	6	96	7	96	8	94	9	13	10	51	11	22	12	15	13	37	14	69	15	17	16	49	17	41	18	55	19	77	20	35	21	24	22	16	23	74	24	65	25	16	26	90	27	7	28	54	29	68	30	38	31	85	32	49	33	5	34	59	35	18	36	75	37	83	38	1	39	7	40	76	41	100	42	86	43	62	44	1	45	62	46	61	47	92	48	48	49	1
	0	41	1	46	2	56	3	89	4	28	5	96	6	28	7	6	8	91	9	91	10	92	11	52	12	61	13	36	14	64	15	7	16	81	17	48	18	66	19	76	20	89	21	17	22	87	23	93	24	52	25	71	26	18	27	47	28	66	29	6	30	92	31	63	32	85	33	50	34	6	35	55	36	59	37	64	38	2	39	34	40	79	41	93	42	44	43	32	44	66	45	34	46	14	47	70	48	58	49	69
	0	9	1	6	2	65	3	89	4	23	5	7	6	12	7	7	8	31	9	56	10	91	11	30	12	27	13	84	14	70	15	49	16	66	17	74	18	54	19	48	20	19	21	91	22	95	23	63	24	49	25	33	26	75	27	33	28	54	29	6	30	27	31	10	32	34	33	62	34	65	35	47	36	99	37	58	38	39	39	62	40	2	41	29	42	27	43	49	44	67	45	78	46	38	47	90	48	64	49	25
	0	93	1	81	2	29	3	69	4	92	5	91	6	41	7	60	8	96	9	100	10	7	11	76	12	85	13	88	14	16	15	62	16	61	17	81	18	51	19	65	20	10	21	72	22	86	23	83	24	44	25	63	26	98	27	6	28	89	29	10	30	76	31	12	32	88	33	58	34	4	35	63	36	25	37	4	38	46	39	92	40	15	41	17	42	69	43	93	44	85	45	10	46	77	47	48	48	56	49	46
	0	37	1	48	2	14	3	8	4	34	5	12	6	99	7	85	8	74	9	82	10	82	11	36	12	18	13	67	14	82	15	42	16	35	17	68	18	63	19	70	20	89	21	88	22	6	23	79	24	6	25	23	26	39	27	72	28	82	29	89	30	86	31	58	32	33	33	28	34	44	35	83	36	93	37	85	38	30	39	43	40	22	41	72	42	31	43	83	44	55	45	48	46	55	47	57	48	35	49	82
	0	78	1	95	2	90	3	79	4	22	5	97	6	54	7	80	8	17	9	58	10	45	11	83	12	19	13	1	14	35	15	29	16	4	17	48	18	5	19	50	20	57	21	79	22	36	23	92	24	10	25	55	26	98	27	39	28	15	29	92	30	35	31	4	32	51	33	24	34	63	35	76	36	2	37	93	38	18	39	34	40	46	41	43	42	21	43	53	44	58	45	20	46	62	47	74	48	4	49	91
	0	7	1	29	2	84	3	48	4	84	5	13	6	51	7	46	8	99	9	52	10	6	11	100	12	88	13	33	14	73	15	43	16	18	17	66	18	64	19	6	20	75	21	4	22	11	23	90	24	13	25	46	26	36	27	24	28	50	29	90	30	63	31	44	32	31	33	23	34	98	35	21	36	3	37	53	38	41	39	39	40	60	41	24	42	5	43	98	44	67	45	71	46	41	47	74	48	59	49	12
	0	12	1	87	2	72	3	61	4	54	5	50	6	70	7	41	8	22	9	89	10	59	11	6	12	6	13	72	14	6	15	8	16	67	17	80	18	98	19	85	20	29	21	5	22	26	23	19	24	19	25	67	26	66	27	23	28	59	29	80	30	88	31	52	32	31	33	2	34	25	35	28	36	77	37	64	38	83	39	38	40	15	41	52	42	67	43	49	44	68	45	84	46	53	47	37	48	44	49	25
	0	47	1	33	2	18	3	4	4	87	5	28	6	90	7	53	8	98	9	94	10	41	11	63	12	99	13	4	14	90	15	32	16	22	17	79	18	39	19	64	20	92	21	67	22	49	23	15	24	71	25	51	26	90	27	26	28	92	29	39	30	64	31	66	32	97	33	71	34	71	35	87	36	79	37	70	38	93	39	64	40	96	41	89	42	6	43	63	44	85	45	60	46	41	47	70	48	21	49	39
	0	54	1	67	2	79	3	84	4	88	5	46	6	92	7	44	8	22	9	83	10	36	11	20	12	45	13	31	14	67	15	26	16	8	17	91	18	84	19	86	20	35	21	74	22	14	23	17	24	84	25	60	26	31	27	90	28	17	29	24	30	50	31	86	32	99	33	83	34	74	35	71	36	33	37	73	38	68	39	63	40	21	41	79	42	95	43	62	44	86	45	58	46	45	47	76	48	8	49	46
	0	29	1	49	2	55	3	20	4	28	5	88	6	11	7	74	8	19	9	39	10	35	11	17	12	7	13	49	14	4	15	8	16	51	17	37	18	13	19	92	20	59	21	42	22	52	23	77	24	72	25	26	26	72	27	3	28	88	29	50	30	6	31	67	32	84	33	55	34	27	35	5	36	32	37	13	38	30	39	61	40	26	41	30	42	95	43	84	44	60	45	8	46	59	47	30	48	30	49	17
	0	93	1	61	2	45	3	20	4	88	5	81	6	68	7	47	8	68	9	34	10	26	11	30	12	96	13	61	14	68	15	27	16	56	17	92	18	41	19	6	20	94	21	19	22	24	23	62	24	80	25	77	26	48	27	96	28	12	29	23	30	75	31	73	32	71	33	3	34	27	35	34	36	11	37	31	38	77	39	37	40	23	41	33	42	58	43	49	44	30	45	22	46	43	47	17	48	80	49	13
	0	91	1	80	2	63	3	84	4	81	5	10	6	55	7	59	8	81	9	95	10	69	11	52	12	97	13	93	14	76	15	4	16	24	17	25	18	8	19	8	20	89	21	84	22	70	23	96	24	53	25	91	26	16	27	36	28	17	29	100	30	72	31	60	32	36	33	51	34	4	35	32	36	61	37	26	38	68	39	9	40	39	41	42	42	92	43	71	44	52	45	93	46	71	47	14	48	77	49	34
	0	77	1	32	2	90	3	55	4	23	5	34	6	51	7	92	8	22	9	74	10	43	11	80	12	34	13	91	14	54	15	37	16	92	17	75	18	20	19	40	20	50	21	19	22	70	23	22	24	3	25	22	26	39	27	14	28	50	29	50	30	49	31	5	32	20	33	61	34	62	35	92	36	78	37	71	38	61	39	39	40	73	41	99	42	19	43	87	44	4	45	29	46	40	47	58	48	10	49	68
	0	13	1	57	2	15	3	96	4	95	5	74	6	80	7	38	8	5	9	24	10	43	11	89	12	19	13	83	14	51	15	94	16	79	17	12	18	17	19	45	20	65	21	72	22	52	23	63	24	89	25	77	26	51	27	58	28	11	29	33	30	49	31	2	32	89	33	57	34	60	35	60	36	5	37	88	38	61	39	38	40	42	41	18	42	11	43	74	44	91	45	15	46	90	47	66	48	14	49	11
	0	3	1	11	2	12	3	81	4	98	5	6	6	42	7	34	8	78	9	29	10	4	11	86	12	9	13	10	14	91	15	1	16	63	17	46	18	61	19	6	20	39	21	33	22	87	23	18	24	47	25	12	26	86	27	48	28	63	29	54	30	34	31	61	32	81	33	33	34	24	35	8	36	11	37	56	38	14	39	66	40	20	41	55	42	77	43	39	44	96	45	61	46	60	47	22	48	88	49	3
	0	93	1	19	2	67	3	22	4	21	5	70	6	78	7	75	8	46	9	31	10	7	11	73	12	1	13	9	14	80	15	93	16	92	17	47	18	47	19	33	20	82	21	10	22	45	23	16	24	6	25	19	26	23	27	64	28	29	29	32	30	79	31	93	32	2	33	74	34	55	35	92	36	71	37	50	38	63	39	96	40	34	41	17	42	64	43	77	44	72	45	81	46	11	47	86	48	77	49	44
	0	20	1	44	2	74	3	29	4	55	5	52	6	90	7	52	8	14	9	69	10	30	11	20	12	65	13	94	14	62	15	65	16	71	17	21	18	11	19	58	20	95	21	76	22	34	23	58	24	87	25	58	26	99	27	79	28	68	29	21	30	12	31	95	32	1	33	85	34	58	35	12	36	82	37	70	38	48	39	67	40	98	41	63	42	87	43	49	44	55	45	96	46	13	47	40	48	40	49	75
	0	59	1	22	2	100	3	78	4	49	5	7	6	33	7	49	8	32	9	79	10	30	11	20	12	98	13	48	14	20	15	43	16	50	17	74	18	94	19	40	20	16	21	94	22	13	23	73	24	22	25	62	26	43	27	5	28	68	29	100	30	47	31	8	32	77	33	96	34	34	35	28	36	2	37	22	38	69	39	22	40	13	41	36	42	55	43	21	44	8	45	4	46	65	47	92	48	12	49	58
	0	89	1	96	2	55	3	64	4	5	5	64	6	50	7	75	8	6	9	38	10	10	11	93	12	32	13	66	14	75	15	61	16	89	17	19	18	37	19	59	20	71	21	86	22	81	23	82	24	87	25	74	26	85	27	14	28	81	29	95	30	50	31	34	32	100	33	37	34	44	35	11	36	28	37	40	38	82	39	84	40	3	41	30	42	91	43	24	44	94	45	81	46	6	47	24	48	89	49	4
	0	19	1	78	2	20	3	90	4	71	5	24	6	50	7	44	8	42	9	82	10	70	11	6	12	15	13	95	14	92	15	26	16	81	17	69	18	41	19	47	20	26	21	58	22	76	23	28	24	35	25	45	26	92	27	76	28	70	29	18	30	89	31	5	32	33	33	38	34	6	35	23	36	10	37	46	38	54	39	12	40	63	41	61	42	95	43	66	44	5	45	66	46	63	47	88	48	87	49	75
	0	16	1	67	2	84	3	46	4	49	5	92	6	36	7	62	8	38	9	62	10	11	11	5	12	79	13	4	14	82	15	2	16	28	17	13	18	25	19	9	20	89	21	70	22	100	23	58	24	72	25	7	26	61	27	93	28	43	29	14	30	2	31	66	32	28	33	21	34	52	35	72	36	30	37	98	38	57	39	32	40	7	41	40	42	19	43	70	44	81	45	49	46	93	47	34	48	92	49	25
	0	35	1	51	2	29	3	25	4	79	5	32	6	80	7	47	8	70	9	53	10	96	11	58	12	86	13	83	14	62	15	72	16	23	17	36	18	9	19	36	20	32	21	64	22	28	23	99	24	30	25	28	26	49	27	51	28	11	29	99	30	10	31	66	32	56	33	84	34	31	35	99	36	93	37	90	38	52	39	98	40	67	41	47	42	18	43	40	44	19	45	66	46	11	47	18	48	86	49	15
	0	60	1	9	2	67	3	18	4	90	5	18	6	23	7	18	8	72	9	86	10	1	11	63	12	5	13	80	14	97	15	100	16	35	17	28	18	7	19	96	20	81	21	55	22	29	23	3	24	38	25	42	26	4	27	57	28	74	29	99	30	23	31	63	32	39	33	33	34	35	35	6	36	38	37	65	38	25	39	8	40	70	41	95	42	51	43	95	44	6	45	51	46	65	47	66	48	64	49	60
	0	57	1	59	2	15	3	8	4	79	5	77	6	17	7	11	8	60	9	1	10	61	11	93	12	13	13	10	14	83	15	42	16	83	17	90	18	77	19	95	20	7	21	89	22	95	23	79	24	66	25	65	26	49	27	2	28	61	29	24	30	21	31	59	32	47	33	46	34	64	35	31	36	87	37	49	38	51	39	57	40	31	41	43	42	88	43	18	44	30	45	63	46	16	47	80	48	26	49	86
	0	68	1	56	2	84	3	82	4	35	5	9	6	73	7	45	8	79	9	93	10	82	11	96	12	96	13	3	14	54	15	71	16	93	17	91	18	66	19	28	20	67	21	56	22	77	23	31	24	77	25	30	26	43	27	5	28	41	29	6	30	48	31	60	32	30	33	81	34	20	35	33	36	8	37	15	38	19	39	7	40	50	41	27	42	19	43	77	44	59	45	84	46	22	47	2	48	24	49	41
	0	76	1	48	2	25	3	46	4	82	5	14	6	60	7	24	8	17	9	97	10	46	11	96	12	7	13	30	14	42	15	96	16	21	17	16	18	65	19	93	20	73	21	26	22	22	23	43	24	60	25	42	26	64	27	8	28	69	29	56	30	40	31	26	32	21	33	71	34	19	35	30	36	46	37	42	38	77	39	35	40	11	41	75	42	1	43	36	44	29	45	65	46	37	47	11	48	39	49	29
	0	92	1	4	2	20	3	78	4	62	5	20	6	87	7	39	8	47	9	93	10	81	11	6	12	79	13	77	14	52	15	83	16	74	17	76	18	95	19	66	20	76	21	36	22	80	23	51	24	58	25	28	26	11	27	87	28	10	29	31	30	72	31	98	32	5	33	71	34	71	35	41	36	48	37	76	38	77	39	95	40	27	41	75	42	15	43	72	44	38	45	16	46	64	47	100	48	49	49	15
	0	70	1	40	2	10	3	39	4	76	5	16	6	53	7	89	8	19	9	69	10	10	11	46	12	64	13	76	14	55	15	83	16	52	17	94	18	63	19	69	20	4	21	14	22	8	23	100	24	97	25	28	26	72	27	54	28	97	29	62	30	35	31	42	32	35	33	20	34	44	35	98	36	43	37	36	38	5	39	48	40	91	41	34	42	46	43	35	44	1	45	42	46	25	47	92	48	13	49	18
	0	98	1	93	2	37	3	74	4	72	5	32	6	27	7	99	8	93	9	91	10	38	11	36	12	57	13	15	14	74	15	63	16	47	17	1	18	22	19	54	20	15	21	49	22	35	23	58	24	85	25	69	26	19	27	1	28	30	29	15	30	22	31	96	32	54	33	86	34	39	35	32	36	89	37	45	38	70	39	61	40	71	41	15	42	18	43	17	44	73	45	60	46	92	47	25	48	98	49	79
	0	51	1	88	2	68	3	51	4	28	5	68	6	50	7	6	8	96	9	86	10	19	11	31	12	70	13	11	14	38	15	20	16	68	17	20	18	9	19	31	20	66	21	43	22	35	23	4	24	13	25	25	26	71	27	62	28	12	29	67	30	83	31	1	32	60	33	35	34	29	35	25	36	19	37	45	38	24	39	92	40	56	41	56	42	73	43	85	44	64	45	49	46	64	47	10	48	80	49	47
	0	65	1	93	2	22	3	24	4	70	5	25	6	46	7	7	8	75	9	73	10	79	11	50	12	97	13	75	14	78	15	67	16	49	17	58	18	27	19	17	20	47	21	65	22	68	23	96	24	7	25	85	26	36	27	97	28	56	29	8	30	24	31	100	32	73	33	50	34	19	35	36	36	20	37	33	38	83	39	36	40	41	41	9	42	59	43	38	44	41	45	48	46	25	47	34	48	61	49	50
	0	39	1	67	2	15	3	49	4	49	5	18	6	67	7	5	8	36	9	43	10	45	11	5	12	44	13	40	14	33	15	33	16	4	17	60	18	86	19	75	20	38	21	13	22	56	23	50	24	37	25	94	26	25	27	5	28	20	29	60	30	79	31	15	32	17	33	28	34	85	35	60	36	57	37	60	38	33	39	81	40	34	41	79	42	69	43	32	44	82	45	6	46	25	47	90	48	96	49	33
	0	28	1	84	2	67	3	64	4	43	5	38	6	18	7	85	8	66	9	72	10	75	11	48	12	2	13	82	14	88	15	86	16	69	17	1	18	99	19	88	20	19	21	12	22	21	23	95	24	75	25	58	26	73	27	14	28	15	29	81	30	87	31	39	32	64	33	83	34	74	35	44	36	55	37	83	38	29	39	78	40	90	41	12	42	99	43	77	44	11	45	93	46	54	47	78	48	39	49	64
	0	24	1	92	2	69	3	65	4	8	5	85	6	16	7	92	8	47	9	55	10	50	11	80	12	35	13	16	14	67	15	85	16	8	17	31	18	78	19	55	20	16	21	43	22	30	23	30	24	96	25	1	26	70	27	5	28	83	29	91	30	24	31	32	32	31	33	91	34	62	35	68	36	26	37	45	38	56	39	82	40	31	41	99	42	60	43	76	44	72	45	53	46	70	47	89	48	62	49	32
	0	33	1	90	2	45	3	49	4	27	5	67	6	64	7	54	8	26	9	88	10	17	11	65	12	10	13	75	14	58	15	31	16	8	17	14	18	29	19	69	20	63	21	15	22	47	23	90	24	59	25	71	26	97	27	91	28	65	29	88	30	76	31	80	32	73	33	88	34	4	35	69	36	30	37	5	38	97	39	42	40	7	41	28	42	67	43	93	44	41	45	53	46	95	47	81	48	52	49	59
	0	86	1	57	2	16	3	16	4	11	5	50	6	41	7	82	8	81	9	22	10	99	11	60	12	34	13	35	14	81	15	14	16	99	17	78	18	95	19	64	20	85	21	51	22	26	23	22	24	12	25	16	26	21	27	14	28	72	29	40	30	71	31	25	32	92	33	8	34	100	35	51	36	35	37	77	38	86	39	41	40	67	41	90	42	79	43	74	44	65	45	83	46	78	47	94	48	59	49	50
	0	87	1	4	2	13	3	43	4	78	5	84	6	6	7	30	8	8	9	98	10	67	11	33	12	73	13	97	14	58	15	24	16	8	17	23	18	27	19	46	20	56	21	90	22	64	23	89	24	69	25	87	26	45	27	36	28	12	29	22	30	31	31	62	32	77	33	23	34	60	35	56	36	41	37	39	38	69	39	80	40	22	41	30	42	3	43	10	44	2	45	23	46	19	47	6	48	41	49	76
	0	89	1	9	2	94	3	91	4	56	5	67	6	91	7	46	8	94	9	34	10	69	11	54	12	83	13	94	14	46	15	58	16	3	17	4	18	76	19	31	20	93	21	64	22	37	23	28	24	47	25	48	26	32	27	18	28	26	29	59	30	9	31	91	32	21	33	93	34	27	35	15	36	95	37	23	38	23	39	87	40	78	41	43	42	65	43	9	44	4	45	24	46	82	47	87	48	12	49	78
	0	26	1	12	2	42	3	31	4	87	5	95	6	13	7	53	8	71	9	57	10	54	11	90	12	28	13	91	14	14	15	2	16	66	17	49	18	2	19	5	20	5	21	33	22	7	23	54	24	48	25	72	26	3	27	35	28	81	29	25	30	53	31	46	32	18	33	53	34	47	35	83	36	64	37	27	38	60	39	54	40	60	41	84	42	97	43	5	44	22	45	34	46	58	47	19	48	3	49	95
	0	71	1	17	2	30	3	99	4	38	5	87	6	2	7	91	8	9	9	9	10	45	11	26	12	87	13	53	14	60	15	36	16	12	17	70	18	16	19	7	20	92	21	9	22	73	23	2	24	69	25	13	26	24	27	20	28	37	29	100	30	13	31	68	32	65	33	10	34	52	35	89	36	73	37	88	38	41	39	78	40	71	41	32	42	86	43	86	44	71	45	19	46	44	47	58	48	9	49	98
	0	51	1	7	2	57	3	1	4	15	5	81	6	4	7	26	8	75	9	89	10	30	11	79	12	56	13	96	14	18	15	90	16	82	17	92	18	58	19	28	20	13	21	11	22	60	23	90	24	23	25	36	26	57	27	43	28	46	29	32	30	83	31	22	32	34	33	88	34	51	35	41	36	27	37	55	38	58	39	54	40	21	41	16	42	12	43	68	44	72	45	24	46	32	47	12	48	88	49	91
	0	86	1	5	2	98	3	29	4	64	5	71	6	84	7	48	8	93	9	97	10	22	11	81	12	47	13	49	14	86	15	1	16	13	17	66	18	80	19	22	20	6	21	12	22	20	23	19	24	53	25	53	26	85	27	8	28	83	29	85	30	98	31	56	32	94	33	47	34	11	35	38	36	95	37	64	38	2	39	34	40	21	41	32	42	14	43	46	44	86	45	36	46	89	47	85	48	28	49	40
	0	79	1	42	2	43	3	15	4	34	5	54	6	18	7	99	8	1	9	19	10	13	11	68	12	95	13	46	14	65	15	3	16	96	17	5	18	83	19	59	20	20	21	43	22	78	23	76	24	44	25	79	26	53	27	96	28	81	29	70	30	28	31	51	32	62	33	43	34	86	35	80	36	35	37	14	38	67	39	45	40	12	41	44	42	40	43	72	44	21	45	8	46	28	47	52	48	34	49	64
	0	80	1	51	2	89	3	65	4	99	5	33	6	18	7	49	8	75	9	88	10	57	11	72	12	87	13	18	14	99	15	12	16	70	17	25	18	2	19	33	20	57	21	10	22	88	23	82	24	46	25	60	26	76	27	80	28	55	29	99	30	36	31	11	32	56	33	33	34	67	35	29	36	11	37	82	38	26	39	36	40	45	41	27	42	72	43	99	44	27	45	82	46	93	47	5	48	52	49	70
	0	22	1	85	2	38	3	85	4	85	5	46	6	88	7	45	8	19	9	88	10	65	11	76	12	47	13	6	14	3	15	100	16	19	17	100	18	39	19	80	20	38	21	37	22	30	23	77	24	37	25	46	26	14	27	14	28	80	29	38	30	8	31	37	32	90	33	81	34	58	35	43	36	42	37	64	38	91	39	92	40	65	41	48	42	23	43	41	44	44	45	76	46	34	47	49	48	20	49	86
	0	2	1	61	2	9	3	60	4	66	5	55	6	22	7	98	8	61	9	10	10	30	11	95	12	36	13	48	14	10	15	72	16	58	17	28	18	78	19	78	20	50	21	20	22	86	23	64	24	38	25	77	26	38	27	9	28	80	29	81	30	50	31	32	32	14	33	35	34	77	35	31	36	57	37	28	38	54	39	29	40	24	41	93	42	44	43	20	44	54	45	28	46	90	47	47	48	75	49	65
	0	98	1	43	2	34	3	97	4	15	5	29	6	65	7	97	8	71	9	58	10	94	11	94	12	1	13	23	14	85	15	88	16	62	17	86	18	82	19	17	20	18	21	2	22	5	23	12	24	56	25	25	26	98	27	3	28	50	29	36	30	42	31	53	32	88	33	29	34	77	35	43	36	40	37	26	38	3	39	38	40	20	41	40	42	48	43	92	44	68	45	81	46	20	47	83	48	65	49	77
	0	86	1	92	2	56	3	68	4	53	5	44	6	35	7	82	8	27	9	2	10	15	11	8	12	86	13	69	14	18	15	20	16	86	17	30	18	8	19	26	20	99	21	64	22	93	23	36	24	37	25	76	26	56	27	70	28	19	29	61	30	74	31	71	32	86	33	75	34	71	35	71	36	59	37	90	38	79	39	31	40	20	41	52	42	21	43	68	44	31	45	65	46	38	47	14	48	40	49	82
	0	24	1	91	2	42	3	66	4	32	5	91	6	74	7	54	8	79	9	91	10	79	11	36	12	56	13	47	14	71	15	42	16	20	17	38	18	64	19	80	20	22	21	73	22	75	23	86	24	7	25	63	26	94	27	71	28	86	29	23	30	85	31	73	32	50	33	69	34	69	35	61	36	11	37	15	38	92	39	30	40	57	41	85	42	91	43	2	44	63	45	99	46	96	47	18	48	19	49	90
	0	49	1	70	2	30	3	75	4	10	5	35	6	24	7	79	8	90	9	93	10	77	11	73	12	39	13	31	14	7	15	100	16	61	17	93	18	38	19	81	20	46	21	14	22	18	23	32	24	40	25	29	26	30	27	35	28	92	29	79	30	43	31	34	32	45	33	41	34	1	35	67	36	66	37	34	38	30	39	40	40	28	41	13	42	13	43	4	44	91	45	32	46	71	47	11	48	45	49	34
	0	52	1	26	2	9	3	15	4	100	5	50	6	8	7	61	8	72	9	78	10	55	11	56	12	23	13	69	14	25	15	2	16	66	17	44	18	2	19	18	20	89	21	8	22	12	23	92	24	76	25	71	26	98	27	8	28	81	29	19	30	92	31	79	32	26	33	52	34	78	35	44	36	45	37	98	38	73	39	22	40	89	41	63	42	54	43	28	44	50	45	81	46	9	47	90	48	90	49	64
	0	97	1	24	2	74	3	88	4	42	5	63	6	34	7	41	8	90	9	38	10	28	11	30	12	20	13	52	14	66	15	24	16	66	17	14	18	6	19	72	20	6	21	11	22	65	23	42	24	29	25	28	26	71	27	44	28	62	29	65	30	71	31	49	32	53	33	91	34	67	35	19	36	12	37	41	38	35	39	98	40	66	41	56	42	65	43	40	44	91	45	4	46	9	47	72	48	10	49	41
	0	43	1	9	2	76	3	3	4	64	5	78	6	88	7	39	8	92	9	24	10	94	11	16	12	37	13	87	14	89	15	58	16	55	17	82	18	13	19	13	20	10	21	36	22	94	23	47	24	1	25	32	26	13	27	12	28	29	29	90	30	64	31	38	32	23	33	83	34	45	35	50	36	35	37	50	38	11	39	97	40	75	41	74	42	61	43	59	44	51	45	27	46	47	47	69	48	35	49	98
	0	30	1	45	2	75	3	67	4	15	5	46	6	2	7	79	8	40	9	78	10	27	11	35	12	6	13	26	14	21	15	8	16	72	17	81	18	9	19	50	20	48	21	87	22	42	23	37	24	63	25	34	26	9	27	85	28	87	29	66	30	12	31	25	32	45	33	79	34	27	35	16	36	39	37	40	38	95	39	44	40	69	41	32	42	42	43	28	44	31	45	21	46	20	47	39	48	9	49	1
	0	100	1	84	2	19	3	48	4	71	5	45	6	46	7	10	8	39	9	39	10	91	11	93	12	98	13	60	14	33	15	34	16	46	17	20	18	45	19	69	20	61	21	77	22	45	23	32	24	43	25	57	26	55	27	46	28	12	29	66	30	7	31	92	32	3	33	74	34	15	35	71	36	100	37	18	38	2	39	82	40	2	41	33	42	61	43	99	44	12	45	41	46	66	47	5	48	95	49	32
	0	86	1	24	2	42	3	20	4	57	5	60	6	32	7	70	8	17	9	22	10	95	11	22	12	8	13	13	14	99	15	54	16	95	17	96	18	23	19	66	20	68	21	71	22	91	23	72	24	20	25	29	26	82	27	43	28	12	29	63	30	19	31	20	32	80	33	46	34	35	35	2	36	38	37	25	38	45	39	82	40	73	41	73	42	76	43	77	44	54	45	98	46	50	47	73	48	92	49	16
	0	91	1	88	2	26	3	25	4	35	5	29	6	8	7	35	8	43	9	81	10	31	11	56	12	48	13	64	14	21	15	29	16	97	17	40	18	70	19	64	20	50	21	71	22	1	23	25	24	70	25	40	26	77	27	59	28	1	29	93	30	7	31	77	32	16	33	72	34	3	35	18	36	92	37	38	38	90	39	68	40	39	41	10	42	82	43	10	44	94	45	58	46	68	47	19	48	41	49	42
	0	76	1	39	2	47	3	78	4	98	5	4	6	97	7	60	8	9	9	84	10	80	11	92	12	11	13	73	14	64	15	95	16	72	17	50	18	54	19	99	20	48	21	79	22	21	23	21	24	17	25	25	26	49	27	12	28	55	29	12	30	41	31	6	32	27	33	40	34	71	35	11	36	83	37	39	38	89	39	25	40	75	41	38	42	97	43	60	44	47	45	53	46	62	47	24	48	51	49	51
	0	47	1	74	2	85	3	24	4	48	5	48	6	84	7	80	8	92	9	48	10	83	11	57	12	24	13	17	14	40	15	82	16	88	17	38	18	94	19	60	20	83	21	60	22	95	23	61	24	46	25	2	26	27	27	16	28	94	29	13	30	2	31	73	32	28	33	90	34	26	35	58	36	87	37	62	38	27	39	29	40	82	41	3	42	25	43	53	44	79	45	48	46	74	47	7	48	97	49	95
	0	90	1	99	2	25	3	32	4	86	5	72	6	3	7	37	8	33	9	13	10	100	11	7	12	36	13	98	14	89	15	40	16	13	17	38	18	11	19	72	20	85	21	4	22	61	23	30	24	24	25	54	26	51	27	65	28	36	29	86	30	31	31	79	32	51	33	89	34	69	35	46	36	60	37	65	38	27	39	98	40	18	41	45	42	79	43	38	44	5	45	33	46	52	47	78	48	13	49	24
	0	4	1	29	2	91	3	11	4	57	5	92	6	93	7	60	8	44	9	20	10	78	11	13	12	54	13	54	14	76	15	64	16	75	17	45	18	22	19	10	20	61	21	34	22	6	23	68	24	90	25	30	26	9	27	10	28	75	29	24	30	8	31	76	32	56	33	19	34	75	35	35	36	76	37	68	38	15	39	28	40	16	41	55	42	96	43	10	44	64	45	45	46	84	47	62	48	13	49	13
	0	74	1	56	2	29	3	3	4	91	5	86	6	45	7	94	8	93	9	92	10	46	11	61	12	4	13	56	14	65	15	72	16	61	17	37	18	10	19	53	20	43	21	63	22	89	23	1	24	34	25	26	26	93	27	43	28	15	29	19	30	59	31	71	32	15	33	26	34	39	35	83	36	35	37	56	38	19	39	29	40	47	41	64	42	88	43	37	44	27	45	28	46	36	47	53	48	70	49	53
	0	33	1	53	2	3	3	24	4	38	5	77	6	77	7	36	8	2	9	3	10	31	11	75	12	98	13	80	14	36	15	21	16	80	17	62	18	75	19	87	20	42	21	27	22	5	23	40	24	55	25	63	26	21	27	57	28	83	29	68	30	17	31	99	32	2	33	90	34	88	35	18	36	97	37	93	38	60	39	41	40	89	41	43	42	11	43	72	44	24	45	40	46	26	47	18	48	27	49	44
	0	13	1	39	2	1	3	64	4	48	5	61	6	35	7	15	8	53	9	10	10	27	11	62	12	12	13	64	14	56	15	100	16	64	17	9	18	58	19	47	20	60	21	71	22	83	23	46	24	57	25	52	26	35	27	91	28	68	29	70	30	34	31	46	32	25	33	24	34	43	35	10	36	2	37	92	38	49	39	34	40	9	41	56	42	98	43	18	44	61	45	15	46	18	47	30	48	64	49	7
	0	72	1	26	2	2	3	80	4	45	5	58	6	90	7	58	8	41	9	10	10	40	11	9	12	42	13	100	14	55	15	5	16	72	17	20	18	38	19	27	20	49	21	21	22	95	23	63	24	33	25	58	26	65	27	95	28	92	29	47	30	95	31	78	32	46	33	7	34	52	35	49	36	70	37	91	38	52	39	37	40	57	41	16	42	17	43	40	44	71	45	51	46	21	47	97	48	48	49	41
	0	72	1	85	2	22	3	47	4	38	5	4	6	77	7	46	8	21	9	26	10	68	11	26	12	32	13	36	14	46	15	55	16	27	17	87	18	86	19	20	20	4	21	36	22	7	23	64	24	66	25	47	26	26	27	59	28	6	29	66	30	93	31	7	32	67	33	14	34	86	35	42	36	86	37	51	38	82	39	81	40	21	41	3	42	15	43	60	44	20	45	48	46	95	47	23	48	85	49	27
	0	53	1	83	2	29	3	4	4	23	5	49	6	54	7	90	8	95	9	98	10	68	11	30	12	82	13	42	14	29	15	85	16	94	17	2	18	5	19	80	20	8	21	4	22	52	23	100	24	88	25	54	26	77	27	35	28	74	29	57	30	30	31	32	32	63	33	84	34	30	35	91	36	43	37	7	38	40	39	6	40	46	41	55	42	32	43	59	44	52	45	60	46	11	47	98	48	29	49	87
	0	83	1	66	2	25	3	93	4	96	5	66	6	22	7	28	8	89	9	65	10	23	11	87	12	13	13	88	14	43	15	88	16	28	17	49	18	16	19	10	20	78	21	8	22	34	23	33	24	96	25	74	26	94	27	61	28	11	29	79	30	10	31	23	32	29	33	88	34	8	35	67	36	32	37	28	38	38	39	16	40	12	41	61	42	38	43	36	44	30	45	11	46	52	47	29	48	69	49	31
	0	96	1	72	2	19	3	84	4	94	5	47	6	26	7	47	8	61	9	38	10	71	11	81	12	86	13	95	14	71	15	23	16	41	17	82	18	31	19	89	20	37	21	66	22	75	23	96	24	73	25	14	26	21	27	40	28	81	29	100	30	14	31	93	32	46	33	44	34	10	35	3	36	44	37	27	38	61	39	4	40	59	41	71	42	79	43	83	44	40	45	58	46	56	47	54	48	16	49	36
	0	63	1	28	2	4	3	40	4	73	5	95	6	42	7	22	8	71	9	44	10	55	11	62	12	49	13	92	14	36	15	16	16	90	17	5	18	86	19	17	20	6	21	18	22	56	23	28	24	70	25	90	26	88	27	27	28	56	29	62	30	33	31	62	32	92	33	2	34	7	35	15	36	76	37	35	38	14	39	47	40	13	41	15	42	30	43	37	44	76	45	84	46	46	47	19	48	97	49	11
	0	3	1	76	2	41	3	18	4	76	5	69	6	22	7	34	8	78	9	83	10	58	11	32	12	98	13	37	14	76	15	43	16	96	17	79	18	21	19	44	20	18	21	67	22	23	23	75	24	97	25	13	26	21	27	31	28	61	29	21	30	62	31	17	32	63	33	75	34	14	35	83	36	1	37	39	38	60	39	75	40	93	41	70	42	72	43	50	44	27	45	72	46	69	47	59	48	5	49	38
	0	16	1	1	2	39	3	50	4	22	5	71	6	78	7	41	8	28	9	94	10	75	11	30	12	12	13	94	14	16	15	1	16	42	17	43	18	70	19	77	20	53	21	97	22	45	23	96	24	29	25	1	26	43	27	20	28	22	29	38	30	50	31	9	32	41	33	38	34	21	35	52	36	78	37	76	38	30	39	36	40	62	41	34	42	91	43	93	44	69	45	93	46	93	47	54	48	17	49	81
	0	81	1	7	2	16	3	13	4	83	5	34	6	78	7	75	8	77	9	73	10	79	11	41	12	30	13	25	14	45	15	37	16	66	17	17	18	3	19	91	20	39	21	80	22	9	23	18	24	18	25	96	26	51	27	38	28	11	29	48	30	95	31	29	32	90	33	43	34	9	35	61	36	86	37	21	38	90	39	63	40	67	41	61	42	80	43	6	44	26	45	32	46	46	47	33	48	33	49	79
	0	56	1	42	2	29	3	14	4	74	5	10	6	74	7	65	8	72	9	31	10	68	11	12	12	7	13	73	14	9	15	90	16	38	17	7	18	66	19	58	20	55	21	55	22	59	23	54	24	62	25	50	26	3	27	92	28	35	29	12	30	38	31	62	32	40	33	82	34	52	35	47	36	84	37	79	38	83	39	63	40	38	41	52	42	43	43	88	44	53	45	49	46	11	47	40	48	54	49	40
	0	69	1	8	2	86	3	46	4	9	5	61	6	55	7	65	8	9	9	77	10	72	11	11	12	58	13	78	14	2	15	92	16	96	17	50	18	84	19	94	20	79	21	93	22	54	23	55	24	3	25	33	26	3	27	46	28	22	29	75	30	52	31	81	32	74	33	2	34	14	35	30	36	78	37	29	38	84	39	18	40	74	41	77	42	86	43	20	44	24	45	27	46	37	47	78	48	79	49	60
	0	42	1	24	2	4	3	99	4	19	5	73	6	92	7	17	8	98	9	4	10	32	11	66	12	74	13	73	14	91	15	31	16	89	17	3	18	36	19	45	20	73	21	56	22	11	23	94	24	79	25	78	26	28	27	2	28	84	29	72	30	56	31	75	32	44	33	43	34	5	35	60	36	26	37	14	38	41	39	25	40	48	41	14	42	82	43	71	44	7	45	88	46	64	47	52	48	85	49	64
	0	60	1	35	2	37	3	99	4	15	5	46	6	21	7	79	8	17	9	79	10	27	11	35	12	11	13	61	14	98	15	24	16	39	17	98	18	66	19	62	20	61	21	56	22	33	23	20	24	77	25	42	26	83	27	23	28	70	29	88	30	94	31	13	32	37	33	64	34	89	35	46	36	66	37	63	38	54	39	65	40	98	41	30	42	96	43	52	44	61	45	45	46	31	47	43	48	72	49	73
	0	22	1	80	2	48	3	23	4	7	5	14	6	76	7	14	8	80	9	4	10	19	11	22	12	29	13	49	14	58	15	36	16	36	17	72	18	24	19	89	20	89	21	33	22	35	23	9	24	66	25	37	26	59	27	20	28	91	29	77	30	74	31	81	32	76	33	4	34	79	35	51	36	90	37	45	38	97	39	16	40	19	41	80	42	52	43	3	44	22	45	77	46	27	47	94	48	81	49	28
	0	34	1	83	2	8	3	28	4	50	5	66	6	57	7	28	8	87	9	40	10	46	11	3	12	26	13	62	14	3	15	51	16	16	17	83	18	74	19	8	20	16	21	63	22	69	23	30	24	45	25	46	26	27	27	1	28	50	29	20	30	22	31	41	32	24	33	19	34	64	35	50	36	22	37	34	38	35	39	91	40	63	41	28	42	85	43	3	44	16	45	92	46	72	47	11	48	1	49	73
	0	22	1	54	2	66	3	61	4	44	5	58	6	6	7	27	8	17	9	25	10	46	11	35	12	53	13	18	14	3	15	84	16	78	17	49	18	89	19	38	20	12	21	19	22	35	23	66	24	16	25	58	26	39	27	86	28	51	29	52	30	62	31	90	32	66	33	84	34	39	35	4	36	2	37	94	38	76	39	88	40	88	41	59	42	38	43	100	44	61	45	38	46	63	47	78	48	44	49	25
	0	45	1	93	2	42	3	30	4	87	5	3	6	69	7	50	8	100	9	100	10	1	11	19	12	7	13	18	14	10	15	48	16	83	17	75	18	46	19	96	20	28	21	33	22	52	23	10	24	60	25	14	26	32	27	58	28	80	29	16	30	25	31	33	32	45	33	1	34	29	35	71	36	31	37	52	38	94	39	65	40	8	41	26	42	78	43	31	44	27	45	53	46	27	47	53	48	7	49	47
	0	27	1	46	2	68	3	33	4	44	5	89	6	51	7	15	8	44	9	15	10	14	11	29	12	53	13	76	14	98	15	55	16	18	17	12	18	18	19	89	20	59	21	90	22	84	23	99	24	35	25	87	26	99	27	7	28	59	29	52	30	73	31	80	32	39	33	56	34	37	35	20	36	20	37	8	38	59	39	80	40	73	41	17	42	4	43	58	44	34	45	11	46	75	47	34	48	2	49	54
	0	27	1	54	2	55	3	11	4	53	5	89	6	18	7	60	8	79	9	5	10	22	11	53	12	6	13	26	14	21	15	63	16	5	17	93	18	55	19	82	20	39	21	27	22	87	23	53	24	74	25	62	26	41	27	46	28	100	29	9	30	19	31	20	32	71	33	53	34	93	35	19	36	52	37	9	38	71	39	2	40	8	41	86	42	99	43	15	44	86	45	24	46	59	47	30	48	77	49	12
	0	44	1	25	2	57	3	10	4	53	5	85	6	32	7	12	8	18	9	40	10	59	11	40	12	51	13	63	14	97	15	53	16	3	17	4	18	22	19	8	20	31	21	39	22	8	23	4	24	45	25	48	26	50	27	2	28	83	29	47	30	92	31	5	32	3	33	53	34	83	35	25	36	31	37	56	38	68	39	93	40	80	41	5	42	93	43	73	44	27	45	61	46	84	47	88	48	36	49	58
	0	13	1	75	2	31	3	75	4	87	5	26	6	85	7	13	8	95	9	78	10	69	11	30	12	20	13	59	14	68	15	86	16	95	17	4	18	77	19	81	20	52	21	5	22	12	23	2	24	3	25	47	26	20	27	18	28	43	29	54	30	63	31	77	32	85	33	38	34	100	35	90	36	32	37	34	38	14	39	23	40	74	41	60	42	39	43	23	44	63	45	30	46	96	47	43	48	82	49	21
	0	41	1	54	2	42	3	61	4	69	5	45	6	46	7	88	8	49	9	67	10	20	11	12	12	77	13	56	14	2	15	65	16	63	17	42	18	16	19	23	20	97	21	44	22	100	23	42	24	58	25	95	26	59	27	34	28	64	29	46	30	39	31	88	32	72	33	45	34	74	35	88	36	77	37	1	38	37	39	11	40	77	41	66	42	92	43	86	44	88	45	92	46	39	47	62	48	37	49	63
	0	92	1	3	2	70	3	92	4	42	5	9	6	39	7	44	8	75	9	55	10	68	11	18	12	67	13	55	14	9	15	1	16	70	17	30	18	32	19	86	20	51	21	20	22	15	23	98	24	69	25	67	26	30	27	84	28	77	29	75	30	38	31	63	32	99	33	97	34	39	35	35	36	27	37	36	38	38	39	90	40	14	41	37	42	26	43	82	44	77	45	13	46	92	47	45	48	33	49	40
	0	100	1	69	2	19	3	9	4	17	5	75	6	94	7	7	8	54	9	31	10	5	11	87	12	75	13	29	14	55	15	45	16	81	17	92	18	39	19	86	20	58	21	85	22	10	23	91	24	76	25	67	26	89	27	89	28	51	29	77	30	49	31	90	32	18	33	71	34	28	35	60	36	83	37	34	38	44	39	22	40	35	41	37	42	21	43	23	44	54	45	24	46	65	47	96	48	42	49	35
	0	23	1	10	2	47	3	4	4	30	5	92	6	76	7	98	8	26	9	53	10	15	11	73	12	89	13	63	14	93	15	63	16	27	17	45	18	58	19	41	20	26	21	95	22	64	23	5	24	30	25	45	26	75	27	88	28	13	29	18	30	40	31	85	32	79	33	49	34	97	35	49	36	76	37	76	38	3	39	6	40	25	41	12	42	7	43	87	44	3	45	57	46	1	47	69	48	20	49	25
	0	34	1	85	2	83	3	70	4	56	5	39	6	44	7	55	8	33	9	37	10	68	11	90	12	61	13	18	14	65	15	35	16	47	17	50	18	78	19	47	20	58	21	22	22	26	23	11	24	45	25	47	26	28	27	84	28	91	29	64	30	69	31	48	32	45	33	84	34	88	35	57	36	44	37	47	38	85	39	93	40	20	41	63	42	82	43	6	44	64	45	59	46	97	47	85	48	81	49	61
	0	4	1	71	2	59	3	77	4	79	5	36	6	43	7	60	8	80	9	69	10	79	11	74	12	94	13	55	14	74	15	82	16	50	17	28	18	82	19	36	20	80	21	39	22	22	23	36	24	88	25	74	26	76	27	86	28	51	29	8	30	27	31	67	32	52	33	78	34	44	35	6	36	41	37	11	38	10	39	8	40	60	41	54	42	55	43	77	44	74	45	73	46	47	47	50	48	7	49	22
	0	46	1	17	2	66	3	12	4	21	5	2	6	4	7	17	8	96	9	26	10	57	11	3	12	60	13	74	14	52	15	62	16	75	17	44	18	78	19	100	20	51	21	51	22	52	23	92	24	76	25	3	26	45	27	18	28	36	29	84	30	33	31	40	32	29	33	100	34	87	35	70	36	94	37	84	38	29	39	71	40	91	41	62	42	6	43	54	44	100	45	19	46	71	47	82	48	30	49	28
	0	62	1	4	2	64	3	24	4	21	5	52	6	72	7	34	8	99	9	97	10	58	11	8	12	33	13	47	14	46	15	98	16	95	17	10	18	13	19	79	20	45	21	86	22	2	23	24	24	45	25	37	26	10	27	63	28	3	29	61	30	10	31	98	32	74	33	66	34	46	35	39	36	17	37	16	38	41	39	2	40	89	41	5	42	75	43	73	44	46	45	72	46	34	47	27	48	50	49	68
	0	45	1	65	2	19	3	25	4	37	5	96	6	79	7	18	8	2	9	96	10	80	11	85	12	35	13	92	14	4	15	67	16	85	17	86	18	72	19	80	20	53	21	91	22	25	23	25	24	96	25	55	26	44	27	11	28	48	29	1	30	19	31	18	32	54	33	92	34	99	35	69	36	77	37	14	38	72	39	49	40	31	41	31	42	64	43	5	44	46	45	54	46	46	47	24	48	69	49	29
	0	99	1	54	2	47	3	37	4	72	5	31	6	73	7	57	8	29	9	19	10	63	11	39	12	77	13	76	14	97	15	90	16	14	17	9	18	69	19	65	20	45	21	74	22	98	23	11	24	50	25	36	26	6	27	26	28	7	29	99	30	77	31	11	32	97	33	64	34	34	35	29	36	56	37	86	38	6	39	9	40	39	41	19	42	77	43	60	44	8	45	94	46	30	47	64	48	80	49	51
Reldue
-1	12092	-1	1
-1	13643	-1	1
-1	13384	-1	1
-1	11710	-1	1
-1	12472	-1	1
-1	11062	-1	1
-1	13072	-1	1
-1	12710	-1	1
-1	13899	-1	1
-1	12649	-1	1
-1	13990	-1	1
-1	13690	-1	1
-1	13653	-1	1
-1	12562	-1	1
-1	12382	-1	1
-1	12459	-1	1
-1	13900	-1	1
-1	11103	-1	1
-1	12850	-1	1
-1	12192	-1	1
-1	12148	-1	1
-1	13116	-1	1
-1	12316	-1	1
-1	14022	-1	1
-1	11125	-1	1
-1	13594	-1	1
-1	11028	-1	1
-1	13003	-1	1
-1	14070	-1	1
-1	13984	-1	1
-1	13861	-1	1
-1	11508	-1	1
-1	13062	-1	1
-1	13046	-1	1
-1	11093	-1	1
-1	11568	-1	1
-1	13277	-1	1
-1	11055	-1	1
-1	13336	-1	1
-1	11203	-1	1
-1	11346	-1	1
-1	13562	-1	1
-1	12082	-1	1
-1	11778	-1	1
-1	13068	-1	1
-1	12307	-1	1
-1	11189	-1	1
-1	12771	-1	1
-1	13367	-1	1
-1	12671	-1	1
-1	11729	-1	1
-1	11975	-1	1
-1	12762	-1	1
-1	11510	-1	1
-1	12362	-1	1
-1	11064	-1	1
-1	13639	-1	1
-1	12007	-1	1
-1	12806	-1	1
-1	11577	-1	1
-1	12524	-1	1
-1	12350	-1	1
-1	11934	-1	1
-1	12256	-1	1
-1	11680	-1	1
-1	12501	-1	1
-1	11620	-1	1
-1	13174	-1	1
-1	11322	-1	1
-1	11946	-1	1
-1	13146	-1	1
-1	14065	-1	1
-1	13590	-1	1
-1	12899	-1	1
-1	12595	-1	1
-1	13844	-1	1
-1	13715	-1	1
-1	12807	-1	1
-1	11862	-1	1
-1	12865	-1	1
-1	11086	-1	1
-1	11625	-1	1
-1	12451	-1	1
-1	13924	-1	1
-1	14080	-1	1
-1	13019	-1	1
-1	13421	-1	1
-1	12552	-1	1
-1	13297	-1	1
-1	11971	-1	1
-1	13608	-1	1
-1	11857	-1	1
-1	11634	-1	1
-1	12321	-1	1
-1	12784	-1	1
-1	13213	-1	1
-1	12061	-1	1
-1	11788	-1	1
-1	13468	-1	1
-1	13355	-1	1
-1	12320	-1	1
-1	12100	-1	1
-1	13340	-1	1
-1	14105	-1	1
-1	12546	-1	1
-1	12217	-1	1
-1	13504	-1	1
-1	14079	-1	1
-1	11267	-1	1
-1	12437	-1	1
-1	12162	-1	1
-1	12137	-1	1
-1	13062	-1	1
-1	14047	-1	1
-1	13640	-1	1
-1	12340	-1	1
-1	12325	-1	1
-1	12499	-1	1
-1	11353	-1	1
-1	11518	-1	1
-1	12534	-1	1
-1	11142	-1	1
-1	13885	-1	1
-1	11000	-1	1
-1	12492	-1	1
-1	11119	-1	1
-1	11545	-1	1
-1	13211	-1	1
-1	11111	-1	1
-1	12304	-1	1
-1	13814	-1	1
-1	11732	-1	1
-1	13993	-1	1
-1	13851	-1	1
-1	12647	-1	1
-1	12424	-1	1
-1	13322	-1	1
-1	13120	-1	1
-1	13029	-1	1
-1	11039	-1	1
-1	13805	-1	1
-1	11975	-1	1
-1	12448	-1	1
-1	13563	-1	1
-1	11809	-1	1
-1	11941	-1	1
-1	12597	-1	1
-1	13735	-1	1
-1	11424	-1	1
-1	11918	-1	1
-1	12466	-1	1
-1	12421	-1	1
-1	11283	-1	1
-1	13505	-1	1
-1	11195	-1	1
-1	13668	-1	1
-1	12905	-1	1
-1	11507	-1	1
-1	12232	-1	1
-1	11524	-1	1
-1	11081	-1	1
-1	13927	-1	1
-1	11652	-1	1
-1	13863	-1	1
-1	12344	-1	1
-1	14091	-1	1
-1	13966	-1	1
-1	12133	-1	1
-1	12246	-1	1
-1	10987	-1	1
-1	12775	-1	1
-1	13922	-1	1
-1	13568	-1	1
-1	11465	-1	1
-1	12541	-1	1
-1	11144	-1	1
-1	11467	-1	1
-1	11486	-1	1
-1	11577	-1	1
-1	11726	-1	1
-1	13583	-1	1
-1	14078	-1	1
-1	11539	-1	1
-1	12315	-1	1
-1	13254	-1	1
-1	13678	-1	1
-1	12759	-1	1
-1	13193	-1	1
-1	13672	-1	1
-1	12376	-1	1
-1	12041	-1	1
-1	11006	-1	1
-1	13289	-1	1
-1	11873	-1	1
-1	14066	-1	1
-1	12407	-1	1
-1	11078	-1	1
-1	13683	-1	1
-1	11807	-1	1
-1	12076	-1	1
-1	12564	-1	1
-1	13800	-1	1
-1	11451	-1	1
-1	11181	-1	1
-1	12067	-1	1
-1	13351	-1	1
-1	11721	-1	1
-1	11878	-1	1
-1	12104	-1	1
-1	11065	-1	1
-1	11508	-1	1
-1	12138	-1	1
-1	13017	-1	1
-1	13196	-1	1
-1	13801	-1	1
-1	13403	-1	1
-1	13379	-1	1
-1	12603	-1	1
-1	13486	-1	1
-1	13551	-1	1
-1	12303	-1	1
-1	11881	-1	1
-1	13907	-1	1
-1	11811	-1	1
-1	11846	-1	1
-1	12397	-1	1
-1	11122	-1	1
-1	12233	-1	1
-1	12181	-1	1
-1	11188	-1	1
-1	11127	-1	1
-1	13108	-1	1
-1	11879	-1	1
-1	13893	-1	1
-1	11153	-1	1
-1	11329	-1	1
-1	13802	-1	1
-1	13066	-1	1
-1	11869	-1	1
-1	13787	-1	1
-1	12858	-1	1
-1	13815	-1	1
-1	11998	-1	1
-1	11039	-1	1
-1	11640	-1	1
-1	13741	-1	1
-1	12953	-1	1
-1	13623	-1	1
-1	13504	-1	1
-1	11275	-1	1
LBCmax: 15689
