50  50
	0	89	1	21	2	30	3	54	4	3	5	94	6	22	7	64	8	86	9	17	10	97	11	15	12	24	13	46	14	85	15	75	16	34	17	41	18	24	19	45	20	29	21	7	22	91	23	70	24	26	25	33	26	39	27	6	28	8	29	42	30	93	31	48	32	18	33	60	34	56	35	57	36	42	37	82	38	38	39	55	40	11	41	62	42	9	43	58	44	26	45	81	46	24	47	72	48	78	49	58
	0	83	1	84	2	37	3	15	4	35	5	3	6	13	7	4	8	11	9	45	10	22	11	54	12	65	13	70	14	13	15	14	16	62	17	5	18	25	19	77	20	16	21	18	22	96	23	28	24	5	25	20	26	40	27	48	28	79	29	24	30	47	31	49	32	60	33	72	34	99	35	52	36	99	37	15	38	91	39	19	40	25	41	13	42	91	43	84	44	18	45	82	46	5	47	71	48	83	49	12
	0	7	1	89	2	2	3	17	4	56	5	20	6	99	7	16	8	23	9	69	10	46	11	41	12	75	13	21	14	87	15	11	16	13	17	37	18	64	19	46	20	53	21	78	22	68	23	87	24	88	25	33	26	56	27	45	28	82	29	11	30	1	31	17	32	75	33	94	34	62	35	20	36	12	37	83	38	2	39	36	40	15	41	79	42	89	43	82	44	53	45	74	46	42	47	28	48	6	49	51
	0	30	1	40	2	100	3	19	4	23	5	22	6	71	7	20	8	54	9	71	10	90	11	1	12	40	13	88	14	50	15	33	16	81	17	94	18	93	19	100	20	21	21	47	22	37	23	28	24	43	25	61	26	33	27	94	28	49	29	79	30	42	31	43	32	19	33	41	34	40	35	21	36	70	37	47	38	76	39	75	40	56	41	22	42	33	43	98	44	73	45	17	46	85	47	8	48	66	49	11
	0	36	1	95	2	55	3	92	4	97	5	80	6	13	7	42	8	21	9	57	10	77	11	45	12	14	13	22	14	73	15	94	16	89	17	1	18	83	19	70	20	27	21	46	22	79	23	14	24	73	25	48	26	14	27	25	28	66	29	88	30	45	31	40	32	86	33	28	34	3	35	91	36	80	37	11	38	76	39	40	40	84	41	30	42	39	43	34	44	49	45	64	46	54	47	47	48	69	49	16
	0	29	1	74	2	27	3	90	4	8	5	13	6	30	7	85	8	28	9	58	10	12	11	4	12	63	13	57	14	96	15	1	16	55	17	42	18	59	19	15	20	76	21	22	22	44	23	66	24	96	25	81	26	10	27	7	28	43	29	48	30	14	31	60	32	75	33	18	34	63	35	82	36	99	37	37	38	79	39	34	40	19	41	87	42	75	43	53	44	89	45	33	46	27	47	54	48	99	49	17
	0	86	1	96	2	30	3	8	4	82	5	8	6	51	7	47	8	87	9	55	10	44	11	48	12	63	13	69	14	79	15	40	16	6	17	10	18	79	19	56	20	57	21	7	22	41	23	14	24	39	25	95	26	11	27	47	28	45	29	65	30	18	31	67	32	99	33	74	34	25	35	67	36	39	37	90	38	55	39	19	40	8	41	75	42	79	43	99	44	61	45	16	46	96	47	52	48	9	49	76
	0	44	1	89	2	57	3	6	4	92	5	63	6	22	7	54	8	36	9	76	10	29	11	54	12	88	13	17	14	17	15	84	16	18	17	22	18	10	19	33	20	3	21	11	22	31	23	97	24	91	25	54	26	66	27	13	28	78	29	44	30	8	31	94	32	61	33	11	34	29	35	23	36	14	37	87	38	73	39	17	40	92	41	99	42	61	43	76	44	84	45	71	46	41	47	72	48	35	49	45
	0	50	1	47	2	36	3	66	4	47	5	17	6	44	7	68	8	39	9	13	10	70	11	82	12	19	13	97	14	69	15	46	16	81	17	38	18	95	19	66	20	76	21	38	22	29	23	97	24	33	25	28	26	73	27	7	28	57	29	2	30	75	31	63	32	72	33	33	34	40	35	49	36	81	37	95	38	22	39	98	40	51	41	5	42	13	43	9	44	46	45	26	46	73	47	68	48	81	49	20
	0	70	1	5	2	47	3	32	4	15	5	52	6	45	7	46	8	19	9	83	10	32	11	49	12	5	13	50	14	46	15	78	16	46	17	55	18	91	19	54	20	30	21	2	22	80	23	20	24	43	25	45	26	73	27	41	28	53	29	6	30	51	31	26	32	17	33	36	34	33	35	79	36	40	37	48	38	4	39	4	40	82	41	30	42	16	43	4	44	63	45	36	46	99	47	62	48	31	49	4
	0	65	1	80	2	90	3	40	4	14	5	26	6	93	7	84	8	65	9	14	10	57	11	39	12	75	13	6	14	61	15	18	16	17	17	25	18	13	19	72	20	26	21	14	22	15	23	58	24	44	25	70	26	57	27	1	28	19	29	49	30	17	31	43	32	28	33	26	34	49	35	74	36	45	37	32	38	88	39	100	40	73	41	31	42	2	43	96	44	92	45	94	46	70	47	37	48	13	49	78
	0	64	1	9	2	33	3	30	4	68	5	52	6	32	7	66	8	67	9	74	10	48	11	98	12	70	13	47	14	33	15	7	16	71	17	65	18	76	19	84	20	51	21	42	22	30	23	92	24	79	25	60	26	99	27	17	28	61	29	4	30	66	31	10	32	44	33	48	34	56	35	42	36	87	37	76	38	77	39	23	40	41	41	40	42	88	43	52	44	4	45	15	46	71	47	2	48	41	49	79
	0	17	1	68	2	1	3	35	4	50	5	11	6	47	7	64	8	53	9	89	10	93	11	57	12	59	13	58	14	22	15	81	16	34	17	83	18	11	19	67	20	63	21	90	22	99	23	33	24	98	25	45	26	76	27	73	28	62	29	56	30	66	31	81	32	84	33	10	34	49	35	81	36	33	37	18	38	34	39	94	40	65	41	13	42	71	43	63	44	2	45	22	46	90	47	98	48	13	49	20
	0	76	1	41	2	53	3	25	4	31	5	37	6	96	7	2	8	89	9	76	10	60	11	75	12	71	13	39	14	4	15	73	16	4	17	59	18	58	19	54	20	40	21	86	22	8	23	83	24	47	25	11	26	42	27	68	28	60	29	93	30	48	31	63	32	13	33	90	34	95	35	3	36	96	37	92	38	57	39	33	40	92	41	3	42	52	43	32	44	3	45	23	46	10	47	61	48	70	49	25
	0	90	1	75	2	37	3	29	4	10	5	79	6	17	7	21	8	57	9	23	10	61	11	61	12	100	13	60	14	48	15	83	16	19	17	14	18	25	19	86	20	12	21	41	22	79	23	61	24	57	25	63	26	28	27	3	28	42	29	16	30	46	31	9	32	76	33	53	34	64	35	62	36	57	37	74	38	21	39	37	40	57	41	82	42	47	43	98	44	39	45	97	46	3	47	64	48	39	49	59
	0	18	1	60	2	53	3	15	4	89	5	82	6	29	7	67	8	33	9	50	10	49	11	20	12	25	13	21	14	44	15	73	16	32	17	77	18	95	19	26	20	48	21	31	22	87	23	100	24	90	25	3	26	44	27	100	28	95	29	56	30	50	31	55	32	47	33	5	34	28	35	35	36	5	37	26	38	52	39	8	40	26	41	40	42	87	43	92	44	97	45	46	46	8	47	32	48	22	49	17
	0	25	1	84	2	28	3	100	4	23	5	100	6	81	7	75	8	99	9	34	10	35	11	57	12	30	13	34	14	52	15	66	16	44	17	70	18	59	19	79	20	45	21	15	22	34	23	47	24	22	25	92	26	48	27	44	28	61	29	44	30	86	31	76	32	7	33	87	34	39	35	69	36	76	37	65	38	33	39	14	40	97	41	3	42	31	43	41	44	42	45	39	46	46	47	37	48	64	49	76
	0	25	1	54	2	58	3	79	4	5	5	48	6	26	7	19	8	56	9	54	10	83	11	35	12	45	13	100	14	60	15	62	16	5	17	88	18	86	19	45	20	80	21	25	22	41	23	51	24	86	25	60	26	29	27	30	28	9	29	67	30	10	31	1	32	23	33	90	34	75	35	56	36	7	37	22	38	78	39	11	40	98	41	92	42	33	43	47	44	92	45	87	46	60	47	24	48	92	49	36
	0	30	1	53	2	75	3	10	4	39	5	59	6	98	7	41	8	19	9	80	10	95	11	52	12	61	13	80	14	18	15	54	16	13	17	68	18	29	19	49	20	66	21	43	22	44	23	46	24	55	25	34	26	88	27	86	28	39	29	79	30	15	31	16	32	15	33	67	34	92	35	77	36	7	37	48	38	61	39	89	40	21	41	75	42	25	43	44	44	56	45	38	46	23	47	36	48	21	49	97
	0	79	1	10	2	85	3	32	4	61	5	87	6	76	7	66	8	67	9	99	10	89	11	22	12	32	13	59	14	82	15	27	16	24	17	32	18	70	19	79	20	62	21	86	22	29	23	17	24	93	25	43	26	89	27	89	28	93	29	57	30	82	31	93	32	87	33	89	34	41	35	33	36	9	37	58	38	5	39	25	40	30	41	76	42	59	43	34	44	46	45	22	46	5	47	40	48	86	49	84
	0	60	1	51	2	87	3	89	4	17	5	21	6	62	7	3	8	14	9	34	10	30	11	61	12	9	13	67	14	3	15	71	16	42	17	39	18	45	19	79	20	33	21	9	22	53	23	23	24	56	25	89	26	7	27	89	28	90	29	73	30	12	31	45	32	19	33	2	34	14	35	31	36	44	37	15	38	65	39	28	40	41	41	67	42	81	43	22	44	52	45	97	46	95	47	41	48	10	49	83
	0	22	1	48	2	35	3	29	4	77	5	94	6	46	7	48	8	11	9	71	10	76	11	62	12	58	13	25	14	93	15	10	16	18	17	25	18	51	19	44	20	5	21	75	22	39	23	68	24	37	25	36	26	90	27	22	28	53	29	88	30	70	31	38	32	87	33	40	34	69	35	9	36	18	37	97	38	50	39	62	40	95	41	3	42	35	43	4	44	98	45	39	46	38	47	92	48	69	49	56
	0	63	1	65	2	58	3	52	4	35	5	8	6	37	7	31	8	37	9	48	10	90	11	100	12	57	13	13	14	81	15	5	16	75	17	91	18	59	19	91	20	49	21	70	22	47	23	50	24	73	25	59	26	28	27	1	28	18	29	2	30	32	31	89	32	85	33	49	34	66	35	18	36	12	37	45	38	63	39	56	40	40	41	43	42	34	43	70	44	14	45	60	46	44	47	70	48	77	49	26
	0	55	1	84	2	81	3	1	4	96	5	2	6	25	7	54	8	65	9	30	10	5	11	36	12	69	13	64	14	8	15	81	16	46	17	83	18	14	19	27	20	44	21	92	22	76	23	39	24	37	25	90	26	91	27	67	28	8	29	38	30	80	31	83	32	30	33	40	34	42	35	72	36	17	37	75	38	65	39	79	40	44	41	42	42	78	43	26	44	34	45	99	46	4	47	60	48	82	49	10
	0	39	1	91	2	53	3	42	4	59	5	34	6	71	7	53	8	47	9	63	10	3	11	90	12	73	13	42	14	80	15	71	16	87	17	90	18	33	19	13	20	93	21	87	22	21	23	58	24	23	25	47	26	79	27	86	28	28	29	2	30	28	31	14	32	46	33	65	34	8	35	37	36	33	37	88	38	27	39	56	40	46	41	15	42	51	43	84	44	28	45	100	46	71	47	42	48	26	49	51
	0	10	1	84	2	47	3	96	4	74	5	100	6	36	7	10	8	51	9	97	10	18	11	32	12	12	13	60	14	50	15	63	16	74	17	37	18	75	19	26	20	16	21	95	22	64	23	29	24	72	25	51	26	99	27	67	28	37	29	70	30	29	31	40	32	59	33	86	34	95	35	88	36	99	37	90	38	19	39	65	40	91	41	76	42	95	43	93	44	29	45	65	46	25	47	89	48	61	49	25
	0	95	1	37	2	72	3	70	4	81	5	50	6	81	7	2	8	24	9	65	10	86	11	22	12	24	13	30	14	37	15	42	16	39	17	9	18	14	19	53	20	84	21	2	22	36	23	49	24	63	25	41	26	44	27	98	28	2	29	37	30	23	31	13	32	37	33	74	34	47	35	81	36	87	37	64	38	87	39	24	40	22	41	32	42	93	43	19	44	95	45	85	46	48	47	100	48	14	49	70
	0	57	1	16	2	47	3	51	4	19	5	14	6	8	7	45	8	96	9	78	10	69	11	90	12	59	13	38	14	77	15	54	16	13	17	30	18	79	19	93	20	95	21	80	22	96	23	22	24	6	25	30	26	86	27	57	28	37	29	36	30	87	31	44	32	86	33	5	34	35	35	80	36	69	37	49	38	99	39	89	40	89	41	79	42	75	43	19	44	16	45	65	46	23	47	59	48	65	49	20
	0	63	1	1	2	6	3	9	4	33	5	98	6	41	7	79	8	98	9	86	10	100	11	54	12	57	13	69	14	79	15	50	16	82	17	95	18	6	19	5	20	89	21	71	22	3	23	24	24	22	25	85	26	84	27	84	28	17	29	33	30	14	31	56	32	50	33	88	34	16	35	28	36	100	37	43	38	85	39	41	40	87	41	4	42	73	43	82	44	59	45	47	46	34	47	82	48	30	49	43
	0	52	1	12	2	12	3	4	4	83	5	86	6	74	7	37	8	99	9	13	10	34	11	86	12	96	13	46	14	62	15	96	16	16	17	28	18	49	19	48	20	97	21	40	22	72	23	28	24	41	25	76	26	57	27	46	28	72	29	34	30	29	31	9	32	18	33	77	34	86	35	12	36	49	37	94	38	51	39	14	40	42	41	96	42	79	43	91	44	64	45	97	46	27	47	5	48	91	49	81
	0	14	1	23	2	4	3	54	4	27	5	68	6	32	7	18	8	51	9	95	10	30	11	39	12	35	13	17	14	14	15	82	16	12	17	37	18	88	19	25	20	31	21	44	22	40	23	2	24	94	25	85	26	94	27	18	28	82	29	32	30	24	31	31	32	12	33	90	34	5	35	12	36	82	37	21	38	21	39	17	40	71	41	88	42	69	43	33	44	15	45	31	46	44	47	86	48	73	49	33
	0	58	1	8	2	50	3	44	4	65	5	30	6	51	7	71	8	78	9	22	10	70	11	37	12	92	13	1	14	43	15	84	16	67	17	94	18	28	19	73	20	27	21	8	22	82	23	85	24	69	25	54	26	40	27	54	28	8	29	24	30	34	31	67	32	88	33	26	34	1	35	20	36	34	37	3	38	56	39	13	40	33	41	21	42	43	43	15	44	67	45	90	46	89	47	57	48	31	49	33
	0	13	1	100	2	15	3	53	4	81	5	8	6	29	7	38	8	92	9	26	10	1	11	10	12	46	13	22	14	78	15	10	16	37	17	67	18	10	19	71	20	47	21	41	22	95	23	30	24	62	25	4	26	16	27	73	28	15	29	72	30	5	31	12	32	42	33	66	34	95	35	40	36	98	37	42	38	71	39	28	40	59	41	28	42	13	43	32	44	40	45	95	46	97	47	46	48	66	49	69
	0	100	1	10	2	96	3	48	4	18	5	64	6	92	7	78	8	3	9	3	10	70	11	8	12	69	13	66	14	79	15	24	16	24	17	86	18	95	19	40	20	35	21	65	22	38	23	80	24	30	25	56	26	30	27	96	28	84	29	68	30	55	31	98	32	57	33	25	34	6	35	93	36	79	37	42	38	11	39	51	40	86	41	9	42	85	43	57	44	72	45	82	46	43	47	19	48	1	49	30
	0	67	1	16	2	82	3	91	4	33	5	40	6	33	7	23	8	14	9	49	10	49	11	65	12	30	13	18	14	81	15	44	16	14	17	97	18	74	19	82	20	1	21	76	22	18	23	95	24	74	25	27	26	35	27	98	28	15	29	80	30	73	31	42	32	44	33	48	34	95	35	53	36	56	37	7	38	97	39	52	40	72	41	93	42	74	43	76	44	73	45	80	46	15	47	25	48	90	49	46
	0	19	1	5	2	53	3	47	4	48	5	44	6	33	7	37	8	49	9	4	10	30	11	29	12	31	13	16	14	86	15	80	16	74	17	96	18	27	19	17	20	95	21	38	22	67	23	80	24	7	25	91	26	25	27	23	28	47	29	51	30	37	31	90	32	53	33	33	34	65	35	93	36	21	37	13	38	41	39	22	40	73	41	42	42	83	43	77	44	12	45	73	46	87	47	18	48	41	49	68
	0	73	1	46	2	92	3	52	4	45	5	78	6	71	7	52	8	84	9	77	10	13	11	30	12	89	13	43	14	31	15	90	16	45	17	86	18	75	19	38	20	61	21	30	22	40	23	3	24	27	25	21	26	98	27	62	28	73	29	33	30	40	31	19	32	31	33	9	34	53	35	44	36	34	37	67	38	56	39	54	40	6	41	61	42	91	43	99	44	15	45	83	46	32	47	2	48	7	49	35
	0	46	1	31	2	38	3	26	4	50	5	34	6	72	7	50	8	16	9	56	10	5	11	60	12	33	13	1	14	43	15	59	16	33	17	38	18	47	19	41	20	25	21	41	22	6	23	82	24	8	25	21	26	16	27	51	28	53	29	95	30	72	31	88	32	64	33	79	34	100	35	85	36	75	37	30	38	85	39	40	40	40	41	56	42	74	43	99	44	3	45	66	46	60	47	90	48	85	49	34
	0	77	1	11	2	8	3	10	4	55	5	37	6	34	7	85	8	25	9	54	10	13	11	98	12	72	13	34	14	54	15	46	16	58	17	98	18	58	19	38	20	93	21	59	22	86	23	91	24	6	25	13	26	53	27	68	28	42	29	35	30	58	31	12	32	1	33	98	34	8	35	10	36	82	37	11	38	83	39	7	40	10	41	63	42	50	43	41	44	43	45	98	46	37	47	76	48	4	49	71
	0	10	1	58	2	78	3	60	4	19	5	14	6	58	7	29	8	7	9	63	10	54	11	63	12	96	13	25	14	79	15	39	16	99	17	41	18	76	19	79	20	18	21	29	22	68	23	12	24	23	25	55	26	31	27	47	28	29	29	84	30	16	31	22	32	14	33	40	34	82	35	89	36	48	37	5	38	22	39	37	40	9	41	8	42	73	43	86	44	36	45	5	46	54	47	86	48	21	49	54
	0	81	1	5	2	44	3	21	4	34	5	98	6	10	7	74	8	91	9	85	10	41	11	65	12	52	13	85	14	24	15	88	16	4	17	79	18	25	19	73	20	21	21	95	22	23	23	63	24	79	25	53	26	12	27	59	28	52	29	4	30	89	31	52	32	1	33	42	34	13	35	76	36	70	37	84	38	13	39	33	40	83	41	56	42	80	43	91	44	54	45	6	46	62	47	54	48	2	49	51
	0	50	1	51	2	11	3	20	4	34	5	88	6	64	7	52	8	55	9	71	10	81	11	73	12	87	13	91	14	96	15	31	16	21	17	19	18	77	19	97	20	50	21	68	22	75	23	42	24	48	25	8	26	48	27	48	28	23	29	44	30	90	31	18	32	68	33	98	34	81	35	96	36	47	37	45	38	25	39	10	40	89	41	2	42	31	43	84	44	66	45	75	46	85	47	3	48	12	49	96
	0	83	1	27	2	61	3	16	4	46	5	67	6	43	7	41	8	40	9	84	10	69	11	16	12	40	13	79	14	70	15	3	16	54	17	72	18	87	19	97	20	68	21	95	22	33	23	90	24	78	25	46	26	53	27	64	28	45	29	79	30	73	31	84	32	52	33	29	34	7	35	18	36	80	37	91	38	56	39	90	40	21	41	5	42	35	43	78	44	84	45	25	46	88	47	78	48	84	49	58
	0	100	1	11	2	6	3	11	4	3	5	48	6	77	7	79	8	41	9	67	10	9	11	68	12	36	13	85	14	81	15	22	16	68	17	13	18	69	19	13	20	77	21	32	22	64	23	14	24	26	25	89	26	8	27	33	28	6	29	64	30	60	31	31	32	51	33	53	34	62	35	3	36	10	37	66	38	69	39	21	40	95	41	43	42	71	43	67	44	80	45	26	46	98	47	87	48	46	49	46
	0	14	1	74	2	87	3	21	4	25	5	28	6	17	7	62	8	60	9	73	10	47	11	26	12	100	13	29	14	26	15	90	16	63	17	55	18	59	19	12	20	75	21	19	22	50	23	7	24	80	25	64	26	27	27	62	28	66	29	73	30	61	31	59	32	23	33	51	34	66	35	88	36	44	37	79	38	53	39	60	40	43	41	99	42	84	43	60	44	60	45	57	46	33	47	94	48	48	49	90
	0	52	1	29	2	2	3	37	4	10	5	21	6	43	7	35	8	48	9	75	10	79	11	89	12	56	13	99	14	11	15	62	16	88	17	39	18	40	19	12	20	48	21	98	22	19	23	59	24	33	25	83	26	24	27	83	28	97	29	35	30	62	31	69	32	85	33	38	34	36	35	54	36	53	37	2	38	27	39	45	40	56	41	73	42	65	43	10	44	93	45	13	46	3	47	63	48	21	49	58
	0	20	1	88	2	90	3	42	4	7	5	87	6	55	7	42	8	12	9	39	10	67	11	86	12	56	13	93	14	51	15	34	16	49	17	60	18	23	19	17	20	54	21	49	22	10	23	90	24	83	25	77	26	53	27	49	28	30	29	49	30	30	31	3	32	71	33	79	34	34	35	11	36	85	37	7	38	58	39	10	40	75	41	20	42	9	43	23	44	91	45	3	46	35	47	92	48	95	49	62
	0	38	1	84	2	7	3	91	4	16	5	87	6	27	7	91	8	39	9	58	10	31	11	55	12	76	13	13	14	61	15	74	16	6	17	72	18	87	19	31	20	94	21	87	22	98	23	86	24	11	25	21	26	36	27	77	28	21	29	61	30	9	31	79	32	83	33	74	34	23	35	2	36	22	37	53	38	24	39	19	40	74	41	92	42	54	43	54	44	12	45	100	46	45	47	75	48	4	49	49
	0	7	1	63	2	61	3	99	4	98	5	62	6	81	7	58	8	67	9	33	10	86	11	66	12	11	13	45	14	15	15	9	16	99	17	4	18	25	19	2	20	31	21	93	22	2	23	5	24	54	25	60	26	90	27	54	28	57	29	97	30	93	31	13	32	95	33	92	34	1	35	97	36	25	37	37	38	48	39	13	40	67	41	28	42	4	43	12	44	4	45	9	46	62	47	61	48	91	49	9
	0	66	1	73	2	40	3	9	4	85	5	51	6	93	7	23	8	56	9	40	10	17	11	71	12	13	13	89	14	60	15	100	16	4	17	62	18	63	19	61	20	60	21	68	22	29	23	60	24	43	25	78	26	72	27	31	28	21	29	57	30	11	31	15	32	29	33	35	34	76	35	24	36	9	37	88	38	43	39	34	40	49	41	2	42	26	43	39	44	69	45	52	46	68	47	55	48	2	49	98
Reldue
-1	2174	-1	1
-1	2909	-1	1
-1	3885	-1	1
-1	1534	-1	1
-1	2896	-1	1
-1	3188	-1	1
-1	3318	-1	1
-1	1989	-1	1
-1	3815	-1	1
-1	3976	-1	1
-1	3152	-1	1
-1	3501	-1	1
-1	2254	-1	1
-1	1756	-1	1
-1	2780	-1	1
-1	3777	-1	1
-1	4150	-1	1
-1	3243	-1	1
-1	3597	-1	1
-1	3503	-1	1
-1	3757	-1	1
-1	2086	-1	1
-1	1640	-1	1
-1	3138	-1	1
-1	3357	-1	1
-1	3194	-1	1
-1	2591	-1	1
-1	2261	-1	1
-1	2652	-1	1
-1	1866	-1	1
-1	3567	-1	1
-1	2525	-1	1
-1	3271	-1	1
-1	3986	-1	1
-1	1858	-1	1
-1	1576	-1	1
-1	2636	-1	1
-1	1663	-1	1
-1	2365	-1	1
-1	3423	-1	1
-1	3938	-1	1
-1	3488	-1	1
-1	1916	-1	1
-1	2434	-1	1
-1	3513	-1	1
-1	3619	-1	1
-1	4190	-1	1
-1	2386	-1	1
-1	3948	-1	1
-1	1807	-1	1
LBCmax: 4792
