250  30
	0	64	1	10	2	34	3	33	4	39	5	1	6	16	7	48	8	38	9	4	10	8	11	75	12	39	13	99	14	95	15	64	16	16	17	82	18	82	19	43	20	71	21	89	22	13	23	29	24	1	25	93	26	44	27	30	28	85	29	39
	0	16	1	94	2	57	3	22	4	29	5	54	6	66	7	24	8	40	9	52	10	66	11	69	12	5	13	69	14	79	15	57	16	64	17	75	18	13	19	84	20	32	21	80	22	48	23	72	24	34	25	57	26	4	27	50	28	9	29	62
	0	64	1	68	2	73	3	67	4	15	5	34	6	99	7	93	8	24	9	6	10	75	11	1	12	72	13	84	14	35	15	82	16	2	17	66	18	75	19	47	20	63	21	89	22	9	23	14	24	51	25	53	26	5	27	51	28	80	29	94
	0	40	1	97	2	37	3	70	4	27	5	97	6	95	7	66	8	28	9	10	10	4	11	35	12	49	13	80	14	64	15	25	16	81	17	68	18	68	19	67	20	25	21	2	22	62	23	23	24	31	25	84	26	47	27	15	28	30	29	58
	0	52	1	85	2	30	3	40	4	17	5	56	6	24	7	42	8	87	9	2	10	20	11	69	12	2	13	39	14	89	15	49	16	34	17	87	18	96	19	34	20	96	21	91	22	56	23	88	24	41	25	76	26	40	27	25	28	15	29	80
	0	6	1	1	2	28	3	98	4	42	5	47	6	78	7	27	8	52	9	91	10	11	11	90	12	100	13	31	14	26	15	83	16	14	17	45	18	55	19	77	20	4	21	39	22	63	23	59	24	57	25	80	26	64	27	4	28	95	29	78
	0	38	1	8	2	24	3	82	4	99	5	23	6	11	7	28	8	50	9	71	10	48	11	56	12	23	13	40	14	15	15	63	16	88	17	74	18	39	19	83	20	84	21	16	22	1	23	90	24	3	25	79	26	59	27	81	28	27	29	24
	0	77	1	84	2	10	3	100	4	74	5	77	6	37	7	63	8	41	9	43	10	21	11	69	12	91	13	78	14	10	15	29	16	31	17	32	18	10	19	55	20	75	21	52	22	61	23	40	24	50	25	49	26	8	27	49	28	40	29	19
	0	60	1	20	2	87	3	85	4	31	5	96	6	38	7	41	8	99	9	36	10	8	11	3	12	38	13	87	14	8	15	23	16	93	17	97	18	32	19	5	20	21	21	12	22	27	23	20	24	8	25	99	26	86	27	28	28	27	29	57
	0	26	1	48	2	23	3	38	4	47	5	26	6	8	7	72	8	95	9	2	10	23	11	74	12	57	13	71	14	3	15	83	16	70	17	84	18	26	19	46	20	26	21	53	22	59	23	66	24	97	25	30	26	30	27	54	28	16	29	92
	0	70	1	79	2	83	3	50	4	12	5	89	6	98	7	52	8	58	9	47	10	18	11	69	12	32	13	21	14	2	15	63	16	79	17	1	18	92	19	82	20	93	21	46	22	40	23	47	24	68	25	79	26	82	27	3	28	16	29	86
	0	14	1	56	2	100	3	81	4	26	5	33	6	53	7	48	8	2	9	11	10	4	11	77	12	78	13	25	14	29	15	38	16	30	17	44	18	86	19	77	20	37	21	62	22	15	23	27	24	21	25	60	26	100	27	52	28	73	29	34
	0	37	1	84	2	26	3	88	4	43	5	16	6	16	7	31	8	8	9	54	10	41	11	50	12	78	13	57	14	37	15	29	16	1	17	97	18	96	19	33	20	100	21	35	22	12	23	97	24	42	25	86	26	35	27	67	28	17	29	26
	0	57	1	98	2	45	3	56	4	69	5	5	6	78	7	28	8	55	9	6	10	70	11	10	12	19	13	21	14	20	15	22	16	57	17	18	18	20	19	88	20	28	21	100	22	57	23	87	24	70	25	87	26	60	27	84	28	72	29	43
	0	87	1	78	2	18	3	44	4	77	5	20	6	30	7	79	8	45	9	49	10	95	11	45	12	64	13	83	14	57	15	76	16	77	17	44	18	93	19	6	20	37	21	12	22	22	23	65	24	49	25	37	26	7	27	57	28	85	29	43
	0	38	1	68	2	85	3	28	4	31	5	99	6	53	7	10	8	64	9	31	10	40	11	2	12	31	13	62	14	49	15	4	16	99	17	68	18	3	19	38	20	94	21	81	22	88	23	84	24	45	25	1	26	27	27	74	28	67	29	60
	0	69	1	52	2	63	3	19	4	95	5	32	6	72	7	64	8	75	9	75	10	100	11	35	12	19	13	97	14	3	15	99	16	17	17	68	18	9	19	51	20	62	21	54	22	6	23	10	24	92	25	35	26	34	27	32	28	100	29	79
	0	38	1	76	2	93	3	64	4	94	5	78	6	10	7	86	8	7	9	21	10	28	11	76	12	35	13	15	14	94	15	33	16	98	17	23	18	91	19	35	20	70	21	84	22	24	23	83	24	72	25	36	26	51	27	9	28	97	29	33
	0	34	1	21	2	54	3	9	4	73	5	95	6	2	7	27	8	29	9	26	10	2	11	24	12	79	13	90	14	37	15	49	16	34	17	99	18	46	19	27	20	30	21	28	22	87	23	24	24	67	25	56	26	26	27	78	28	47	29	64
	0	12	1	34	2	53	3	59	4	94	5	92	6	58	7	25	8	74	9	50	10	60	11	25	12	14	13	7	14	78	15	7	16	43	17	64	18	68	19	74	20	25	21	33	22	23	23	34	24	83	25	30	26	79	27	39	28	100	29	31
	0	49	1	72	2	27	3	11	4	40	5	40	6	83	7	85	8	30	9	98	10	22	11	32	12	16	13	98	14	98	15	78	16	60	17	30	18	62	19	39	20	83	21	23	22	55	23	86	24	93	25	5	26	5	27	64	28	52	29	43
	0	22	1	70	2	6	3	18	4	61	5	96	6	34	7	100	8	88	9	71	10	2	11	24	12	74	13	62	14	23	15	97	16	4	17	23	18	41	19	79	20	73	21	7	22	21	23	3	24	5	25	62	26	95	27	56	28	16	29	89
	0	89	1	13	2	14	3	41	4	50	5	5	6	2	7	71	8	32	9	65	10	27	11	64	12	22	13	74	14	81	15	27	16	9	17	13	18	77	19	6	20	18	21	85	22	25	23	50	24	84	25	60	26	87	27	59	28	19	29	67
	0	2	1	69	2	100	3	36	4	94	5	72	6	97	7	45	8	11	9	69	10	90	11	49	12	58	13	1	14	70	15	85	16	13	17	17	18	14	19	77	20	57	21	64	22	75	23	94	24	38	25	2	26	31	27	26	28	59	29	5
	0	84	1	81	2	69	3	71	4	2	5	36	6	74	7	64	8	45	9	67	10	16	11	75	12	22	13	56	14	87	15	47	16	58	17	58	18	62	19	25	20	85	21	59	22	80	23	12	24	75	25	68	26	1	27	50	28	80	29	25
	0	24	1	53	2	46	3	7	4	43	5	62	6	20	7	79	8	62	9	96	10	75	11	14	12	17	13	26	14	97	15	79	16	65	17	95	18	31	19	57	20	39	21	44	22	75	23	66	24	76	25	44	26	67	27	81	28	73	29	30
	0	6	1	69	2	31	3	83	4	90	5	16	6	71	7	10	8	88	9	66	10	63	11	22	12	51	13	43	14	84	15	11	16	46	17	99	18	89	19	62	20	68	21	12	22	74	23	68	24	46	25	47	26	72	27	27	28	80	29	21
	0	87	1	33	2	40	3	61	4	72	5	2	6	38	7	43	8	18	9	87	10	46	11	41	12	75	13	76	14	20	15	23	16	59	17	69	18	55	19	87	20	99	21	93	22	79	23	15	24	21	25	95	26	69	27	89	28	89	29	6
	0	27	1	90	2	41	3	97	4	75	5	88	6	88	7	41	8	41	9	89	10	72	11	66	12	44	13	85	14	92	15	65	16	10	17	40	18	51	19	91	20	68	21	2	22	82	23	59	24	10	25	24	26	50	27	21	28	21	29	17
	0	44	1	4	2	4	3	7	4	7	5	16	6	57	7	33	8	63	9	62	10	84	11	18	12	40	13	19	14	37	15	17	16	4	17	74	18	35	19	91	20	42	21	21	22	87	23	95	24	71	25	59	26	36	27	58	28	54	29	48
	0	87	1	97	2	49	3	18	4	90	5	100	6	26	7	34	8	94	9	62	10	26	11	49	12	85	13	58	14	50	15	22	16	91	17	98	18	95	19	65	20	88	21	91	22	83	23	54	24	73	25	3	26	42	27	16	28	67	29	4
	0	47	1	75	2	62	3	32	4	12	5	23	6	46	7	16	8	10	9	45	10	49	11	33	12	52	13	17	14	97	15	100	16	49	17	52	18	77	19	26	20	46	21	76	22	49	23	66	24	96	25	34	26	44	27	52	28	20	29	81
	0	45	1	10	2	60	3	6	4	45	5	66	6	35	7	71	8	17	9	13	10	40	11	97	12	45	13	93	14	63	15	3	16	1	17	1	18	6	19	88	20	76	21	39	22	32	23	21	24	77	25	56	26	72	27	60	28	75	29	60
	0	70	1	33	2	45	3	89	4	48	5	45	6	47	7	80	8	17	9	90	10	30	11	64	12	69	13	88	14	60	15	77	16	23	17	74	18	15	19	81	20	9	21	10	22	74	23	13	24	24	25	92	26	17	27	17	28	75	29	81
	0	99	1	30	2	8	3	75	4	76	5	19	6	85	7	97	8	82	9	96	10	51	11	83	12	94	13	56	14	20	15	67	16	32	17	11	18	43	19	22	20	89	21	25	22	67	23	98	24	69	25	64	26	87	27	56	28	94	29	18
	0	37	1	97	2	9	3	58	4	91	5	37	6	78	7	41	8	63	9	71	10	78	11	74	12	26	13	33	14	2	15	89	16	84	17	37	18	57	19	7	20	80	21	66	22	4	23	80	24	10	25	38	26	63	27	47	28	84	29	58
	0	18	1	42	2	61	3	62	4	53	5	27	6	23	7	77	8	25	9	61	10	98	11	75	12	64	13	14	14	25	15	96	16	30	17	80	18	26	19	51	20	88	21	69	22	36	23	52	24	75	25	59	26	86	27	12	28	68	29	56
	0	71	1	19	2	80	3	85	4	20	5	79	6	38	7	8	8	54	9	79	10	23	11	47	12	24	13	20	14	82	15	53	16	28	17	7	18	36	19	58	20	79	21	13	22	34	23	88	24	56	25	51	26	50	27	39	28	66	29	8
	0	3	1	23	2	100	3	36	4	56	5	60	6	57	7	3	8	29	9	64	10	79	11	54	12	11	13	34	14	95	15	18	16	81	17	69	18	10	19	76	20	62	21	64	22	46	23	79	24	66	25	47	26	35	27	63	28	9	29	60
	0	39	1	14	2	94	3	21	4	18	5	83	6	3	7	92	8	88	9	42	10	49	11	45	12	36	13	37	14	61	15	18	16	88	17	82	18	14	19	79	20	40	21	91	22	30	23	58	24	1	25	58	26	10	27	13	28	8	29	12
	0	67	1	26	2	16	3	18	4	76	5	60	6	68	7	10	8	61	9	19	10	95	11	54	12	78	13	90	14	12	15	93	16	79	17	62	18	98	19	27	20	47	21	38	22	85	23	16	24	49	25	10	26	89	27	8	28	49	29	47
	0	59	1	50	2	69	3	7	4	28	5	13	6	93	7	90	8	87	9	45	10	53	11	95	12	33	13	49	14	54	15	29	16	36	17	11	18	1	19	90	20	40	21	71	22	50	23	40	24	3	25	91	26	7	27	6	28	25	29	41
	0	27	1	97	2	17	3	55	4	95	5	34	6	25	7	89	8	93	9	2	10	10	11	92	12	86	13	88	14	28	15	88	16	74	17	78	18	85	19	8	20	98	21	94	22	51	23	32	24	3	25	21	26	53	27	33	28	77	29	45
	0	93	1	19	2	42	3	100	4	53	5	33	6	55	7	5	8	79	9	43	10	36	11	22	12	64	13	31	14	48	15	79	16	74	17	86	18	90	19	44	20	80	21	28	22	74	23	26	24	87	25	30	26	93	27	51	28	83	29	35
	0	14	1	40	2	49	3	57	4	54	5	82	6	89	7	15	8	96	9	81	10	82	11	68	12	87	13	18	14	73	15	18	16	11	17	64	18	37	19	7	20	16	21	24	22	87	23	39	24	64	25	5	26	25	27	86	28	14	29	43
	0	42	1	69	2	57	3	20	4	19	5	19	6	76	7	59	8	86	9	58	10	94	11	86	12	45	13	63	14	20	15	97	16	58	17	87	18	29	19	53	20	53	21	68	22	19	23	1	24	18	25	39	26	38	27	12	28	62	29	23
	0	70	1	49	2	70	3	79	4	26	5	26	6	97	7	22	8	83	9	34	10	55	11	48	12	59	13	10	14	1	15	26	16	17	17	4	18	31	19	48	20	40	21	69	22	27	23	35	24	29	25	51	26	30	27	49	28	97	29	94
	0	16	1	66	2	70	3	57	4	6	5	91	6	24	7	14	8	52	9	37	10	7	11	2	12	51	13	95	14	36	15	5	16	3	17	59	18	66	19	24	20	3	21	88	22	63	23	49	24	36	25	30	26	28	27	35	28	26	29	21
	0	75	1	60	2	24	3	41	4	34	5	96	6	81	7	2	8	38	9	54	10	19	11	82	12	34	13	44	14	74	15	38	16	99	17	89	18	22	19	61	20	66	21	79	22	79	23	69	24	1	25	47	26	28	27	22	28	62	29	7
	0	52	1	28	2	41	3	84	4	44	5	75	6	87	7	36	8	24	9	91	10	38	11	29	12	4	13	31	14	14	15	33	16	68	17	39	18	57	19	42	20	54	21	38	22	22	23	33	24	59	25	31	26	41	27	27	28	18	29	35
	0	30	1	7	2	3	3	75	4	93	5	5	6	55	7	99	8	63	9	83	10	57	11	9	12	76	13	37	14	86	15	5	16	50	17	29	18	25	19	91	20	52	21	10	22	10	23	94	24	45	25	87	26	39	27	91	28	51	29	70
	0	94	1	43	2	90	3	64	4	16	5	89	6	65	7	25	8	55	9	42	10	5	11	82	12	98	13	86	14	86	15	91	16	12	17	81	18	5	19	82	20	81	21	10	22	59	23	2	24	25	25	36	26	57	27	82	28	11	29	40
	0	81	1	70	2	14	3	72	4	60	5	100	6	75	7	28	8	24	9	11	10	64	11	38	12	60	13	21	14	62	15	29	16	86	17	17	18	99	19	84	20	98	21	30	22	16	23	41	24	84	25	91	26	52	27	72	28	86	29	98
	0	61	1	49	2	67	3	34	4	6	5	98	6	13	7	21	8	9	9	72	10	66	11	92	12	20	13	20	14	87	15	21	16	58	17	19	18	77	19	54	20	36	21	94	22	9	23	1	24	58	25	54	26	67	27	15	28	68	29	12
	0	68	1	53	2	69	3	64	4	24	5	86	6	68	7	51	8	81	9	25	10	92	11	31	12	24	13	63	14	84	15	24	16	52	17	48	18	89	19	16	20	41	21	57	22	81	23	39	24	73	25	13	26	79	27	46	28	82	29	76
	0	65	1	67	2	48	3	5	4	14	5	6	6	53	7	60	8	69	9	11	10	54	11	99	12	44	13	40	14	62	15	82	16	34	17	86	18	26	19	4	20	56	21	56	22	46	23	94	24	63	25	1	26	83	27	71	28	94	29	41
	0	33	1	38	2	59	3	50	4	78	5	52	6	67	7	75	8	37	9	8	10	48	11	11	12	80	13	17	14	30	15	61	16	77	17	72	18	72	19	46	20	91	21	29	22	54	23	51	24	40	25	47	26	81	27	12	28	92	29	70
	0	68	1	88	2	60	3	31	4	87	5	75	6	16	7	29	8	97	9	46	10	40	11	94	12	13	13	33	14	64	15	46	16	60	17	82	18	99	19	21	20	18	21	44	22	36	23	5	24	72	25	90	26	55	27	14	28	4	29	57
	0	8	1	94	2	8	3	65	4	33	5	50	6	2	7	59	8	32	9	12	10	65	11	72	12	11	13	96	14	44	15	14	16	69	17	37	18	89	19	19	20	90	21	77	22	13	23	21	24	56	25	51	26	96	27	38	28	5	29	3
	0	72	1	73	2	98	3	16	4	67	5	75	6	57	7	51	8	82	9	18	10	99	11	14	12	31	13	81	14	80	15	7	16	92	17	39	18	17	19	34	20	18	21	12	22	46	23	57	24	17	25	21	26	56	27	26	28	7	29	37
	0	89	1	40	2	95	3	45	4	88	5	99	6	44	7	48	8	68	9	57	10	22	11	73	12	1	13	89	14	48	15	78	16	63	17	33	18	76	19	47	20	85	21	69	22	94	23	31	24	95	25	38	26	13	27	89	28	49	29	27
	0	82	1	6	2	85	3	63	4	53	5	14	6	60	7	94	8	82	9	39	10	36	11	53	12	40	13	44	14	29	15	29	16	64	17	46	18	54	19	95	20	87	21	28	22	12	23	62	24	8	25	70	26	99	27	64	28	3	29	71
	0	53	1	92	2	92	3	40	4	57	5	25	6	98	7	70	8	55	9	41	10	71	11	33	12	63	13	89	14	72	15	53	16	82	17	66	18	25	19	42	20	35	21	27	22	85	23	23	24	91	25	23	26	95	27	50	28	50	29	42
	0	7	1	15	2	97	3	96	4	3	5	11	6	52	7	93	8	49	9	56	10	72	11	69	12	44	13	39	14	86	15	79	16	76	17	23	18	66	19	69	20	69	21	2	22	66	23	79	24	3	25	25	26	74	27	52	28	40	29	19
	0	76	1	42	2	70	3	72	4	16	5	54	6	79	7	66	8	97	9	47	10	98	11	64	12	65	13	98	14	83	15	93	16	71	17	2	18	28	19	81	20	97	21	49	22	31	23	37	24	93	25	12	26	40	27	79	28	72	29	35
	0	69	1	51	2	36	3	1	4	53	5	91	6	54	7	20	8	76	9	31	10	4	11	82	12	7	13	41	14	50	15	33	16	10	17	57	18	20	19	98	20	28	21	53	22	95	23	53	24	41	25	35	26	44	27	4	28	69	29	80
	0	53	1	50	2	54	3	47	4	23	5	15	6	39	7	26	8	61	9	88	10	47	11	7	12	67	13	7	14	7	15	82	16	98	17	73	18	98	19	21	20	66	21	75	22	92	23	68	24	91	25	70	26	25	27	61	28	30	29	46
	0	32	1	77	2	42	3	64	4	14	5	36	6	61	7	50	8	32	9	31	10	96	11	89	12	40	13	71	14	64	15	46	16	1	17	37	18	40	19	3	20	62	21	1	22	77	23	3	24	61	25	56	26	23	27	26	28	4	29	56
	0	44	1	43	2	41	3	69	4	22	5	31	6	12	7	70	8	10	9	32	10	56	11	62	12	27	13	94	14	98	15	79	16	54	17	34	18	61	19	6	20	61	21	97	22	62	23	38	24	51	25	15	26	91	27	48	28	37	29	86
	0	93	1	38	2	62	3	13	4	78	5	6	6	36	7	96	8	56	9	31	10	58	11	53	12	54	13	77	14	27	15	14	16	61	17	62	18	80	19	23	20	31	21	40	22	8	23	18	24	5	25	3	26	21	27	11	28	64	29	77
	0	85	1	56	2	4	3	1	4	43	5	91	6	98	7	90	8	82	9	91	10	2	11	26	12	31	13	67	14	91	15	33	16	80	17	99	18	63	19	26	20	68	21	78	22	22	23	42	24	83	25	21	26	43	27	90	28	51	29	52
	0	77	1	79	2	30	3	80	4	43	5	16	6	30	7	22	8	23	9	77	10	18	11	40	12	47	13	89	14	84	15	95	16	52	17	93	18	74	19	35	20	32	21	57	22	26	23	78	24	19	25	67	26	48	27	47	28	72	29	21
	0	40	1	65	2	52	3	90	4	40	5	40	6	13	7	31	8	47	9	68	10	46	11	70	12	58	13	53	14	36	15	79	16	6	17	19	18	41	19	17	20	9	21	52	22	93	23	14	24	45	25	18	26	75	27	21	28	21	29	26
	0	35	1	46	2	17	3	41	4	27	5	47	6	92	7	57	8	11	9	68	10	1	11	5	12	32	13	27	14	74	15	32	16	60	17	85	18	20	19	87	20	83	21	70	22	90	23	14	24	67	25	36	26	98	27	2	28	15	29	62
	0	79	1	79	2	19	3	38	4	47	5	33	6	64	7	90	8	71	9	95	10	30	11	30	12	84	13	21	14	15	15	57	16	97	17	65	18	53	19	18	20	81	21	12	22	25	23	16	24	31	25	29	26	68	27	35	28	44	29	55
	0	32	1	99	2	56	3	15	4	57	5	1	6	26	7	62	8	42	9	60	10	69	11	51	12	57	13	93	14	68	15	21	16	99	17	20	18	16	19	31	20	96	21	20	22	75	23	68	24	31	25	24	26	53	27	40	28	7	29	3
	0	21	1	10	2	92	3	94	4	43	5	32	6	27	7	62	8	82	9	8	10	64	11	99	12	87	13	66	14	76	15	11	16	9	17	22	18	59	19	27	20	76	21	99	22	15	23	57	24	24	25	95	26	89	27	60	28	85	29	32
	0	90	1	7	2	51	3	17	4	29	5	58	6	92	7	17	8	53	9	76	10	78	11	20	12	50	13	53	14	33	15	18	16	64	17	14	18	46	19	54	20	40	21	42	22	81	23	24	24	81	25	22	26	81	27	98	28	5	29	95
	0	64	1	26	2	19	3	89	4	41	5	39	6	49	7	56	8	10	9	47	10	3	11	25	12	7	13	8	14	42	15	65	16	23	17	23	18	97	19	9	20	1	21	65	22	58	23	80	24	93	25	52	26	10	27	35	28	32	29	43
	0	4	1	100	2	36	3	85	4	89	5	71	6	78	7	56	8	28	9	3	10	62	11	86	12	92	13	17	14	99	15	47	16	2	17	85	18	80	19	39	20	43	21	80	22	78	23	13	24	99	25	7	26	32	27	19	28	64	29	42
	0	95	1	64	2	36	3	49	4	52	5	10	6	93	7	48	8	32	9	57	10	11	11	66	12	72	13	89	14	79	15	86	16	12	17	76	18	13	19	59	20	37	21	61	22	67	23	85	24	64	25	72	26	18	27	40	28	73	29	47
	0	51	1	16	2	22	3	55	4	66	5	15	6	74	7	40	8	17	9	94	10	58	11	49	12	14	13	65	14	20	15	100	16	69	17	93	18	41	19	98	20	76	21	40	22	32	23	22	24	29	25	63	26	30	27	30	28	43	29	50
	0	54	1	52	2	22	3	56	4	99	5	77	6	83	7	76	8	70	9	55	10	45	11	59	12	92	13	52	14	24	15	70	16	47	17	51	18	12	19	26	20	10	21	80	22	14	23	78	24	13	25	98	26	83	27	25	28	28	29	89
	0	69	1	58	2	66	3	33	4	75	5	89	6	42	7	54	8	95	9	8	10	15	11	72	12	54	13	69	14	54	15	99	16	98	17	2	18	48	19	63	20	2	21	99	22	80	23	52	24	72	25	28	26	34	27	99	28	80	29	62
	0	93	1	64	2	64	3	36	4	61	5	82	6	54	7	66	8	1	9	74	10	30	11	92	12	94	13	49	14	16	15	27	16	44	17	38	18	64	19	35	20	78	21	48	22	82	23	53	24	40	25	11	26	12	27	43	28	59	29	79
	0	66	1	39	2	46	3	87	4	65	5	8	6	46	7	80	8	46	9	67	10	59	11	90	12	36	13	7	14	99	15	82	16	1	17	13	18	49	19	32	20	18	21	93	22	51	23	5	24	36	25	56	26	16	27	16	28	18	29	82
	0	59	1	27	2	82	3	100	4	86	5	100	6	80	7	50	8	89	9	96	10	86	11	98	12	33	13	18	14	84	15	37	16	29	17	6	18	73	19	82	20	36	21	57	22	29	23	54	24	35	25	22	26	96	27	1	28	65	29	90
	0	94	1	2	2	11	3	73	4	64	5	64	6	97	7	61	8	86	9	90	10	13	11	88	12	51	13	91	14	70	15	37	16	61	17	65	18	91	19	95	20	89	21	67	22	55	23	2	24	34	25	46	26	60	27	78	28	39	29	9
	0	76	1	19	2	66	3	63	4	2	5	87	6	44	7	26	8	48	9	44	10	33	11	6	12	100	13	3	14	67	15	4	16	52	17	93	18	78	19	77	20	100	21	63	22	5	23	78	24	40	25	72	26	42	27	48	28	10	29	40
	0	86	1	26	2	73	3	57	4	77	5	26	6	26	7	76	8	49	9	60	10	87	11	34	12	38	13	30	14	90	15	78	16	3	17	23	18	93	19	94	20	65	21	60	22	80	23	63	24	70	25	100	26	7	27	85	28	32	29	91
	0	31	1	63	2	5	3	28	4	11	5	18	6	92	7	54	8	86	9	87	10	1	11	13	12	47	13	31	14	91	15	42	16	81	17	38	18	74	19	59	20	41	21	13	22	71	23	3	24	61	25	85	26	29	27	95	28	55	29	73
	0	53	1	58	2	22	3	92	4	8	5	12	6	79	7	81	8	98	9	12	10	89	11	6	12	18	13	13	14	44	15	50	16	50	17	76	18	29	19	98	20	40	21	52	22	74	23	86	24	68	25	95	26	83	27	60	28	23	29	2
	0	65	1	84	2	24	3	84	4	44	5	61	6	54	7	8	8	97	9	91	10	99	11	65	12	55	13	58	14	13	15	60	16	75	17	20	18	46	19	18	20	45	21	61	22	7	23	67	24	6	25	13	26	46	27	29	28	90	29	58
	0	87	1	37	2	3	3	76	4	35	5	54	6	13	7	95	8	45	9	67	10	20	11	56	12	22	13	82	14	9	15	8	16	93	17	33	18	22	19	82	20	78	21	4	22	2	23	20	24	24	25	94	26	83	27	60	28	16	29	98
	0	38	1	88	2	51	3	91	4	16	5	25	6	46	7	7	8	5	9	3	10	29	11	70	12	35	13	46	14	13	15	30	16	83	17	58	18	64	19	89	20	48	21	93	22	16	23	23	24	28	25	58	26	90	27	52	28	81	29	56
	0	10	1	97	2	89	3	97	4	42	5	34	6	33	7	19	8	87	9	30	10	53	11	89	12	2	13	23	14	61	15	98	16	39	17	82	18	18	19	51	20	22	21	58	22	1	23	24	24	1	25	15	26	10	27	43	28	44	29	86
	0	14	1	92	2	80	3	23	4	13	5	72	6	82	7	10	8	68	9	61	10	59	11	66	12	46	13	43	14	100	15	59	16	51	17	11	18	86	19	9	20	64	21	68	22	64	23	49	24	8	25	59	26	43	27	70	28	92	29	37
	0	74	1	67	2	23	3	27	4	98	5	72	6	86	7	40	8	88	9	41	10	17	11	68	12	33	13	4	14	33	15	43	16	10	17	37	18	90	19	51	20	62	21	84	22	77	23	29	24	77	25	48	26	84	27	98	28	24	29	32
	0	77	1	88	2	12	3	92	4	87	5	81	6	55	7	46	8	95	9	64	10	71	11	25	12	59	13	70	14	49	15	91	16	21	17	58	18	61	19	44	20	96	21	44	22	95	23	84	24	22	25	95	26	47	27	14	28	22	29	53
	0	95	1	95	2	24	3	35	4	35	5	87	6	14	7	39	8	66	9	45	10	33	11	49	12	39	13	37	14	54	15	12	16	21	17	20	18	74	19	46	20	28	21	93	22	20	23	82	24	33	25	86	26	69	27	63	28	54	29	87
	0	1	1	50	2	78	3	5	4	53	5	4	6	66	7	3	8	47	9	50	10	62	11	71	12	1	13	37	14	95	15	28	16	47	17	53	18	28	19	39	20	12	21	53	22	30	23	22	24	46	25	23	26	42	27	67	28	1	29	72
	0	74	1	82	2	82	3	31	4	64	5	61	6	37	7	11	8	73	9	15	10	61	11	28	12	98	13	30	14	9	15	12	16	37	17	26	18	66	19	66	20	25	21	47	22	17	23	15	24	35	25	98	26	91	27	85	28	13	29	8
	0	4	1	97	2	77	3	88	4	7	5	51	6	17	7	10	8	12	9	62	10	69	11	30	12	64	13	49	14	47	15	27	16	72	17	95	18	58	19	36	20	20	21	38	22	32	23	92	24	24	25	57	26	53	27	13	28	3	29	54
	0	54	1	91	2	73	3	54	4	29	5	75	6	3	7	78	8	68	9	55	10	67	11	51	12	12	13	78	14	96	15	55	16	3	17	69	18	15	19	44	20	46	21	39	22	2	23	69	24	44	25	77	26	31	27	92	28	39	29	85
	0	65	1	77	2	94	3	98	4	14	5	99	6	91	7	87	8	79	9	96	10	21	11	47	12	53	13	61	14	8	15	15	16	32	17	52	18	80	19	66	20	70	21	61	22	87	23	93	24	87	25	76	26	22	27	55	28	89	29	23
	0	96	1	61	2	92	3	68	4	82	5	15	6	36	7	25	8	21	9	43	10	28	11	3	12	49	13	90	14	77	15	65	16	4	17	25	18	78	19	8	20	13	21	28	22	79	23	82	24	60	25	30	26	33	27	88	28	1	29	31
	0	9	1	42	2	71	3	12	4	32	5	1	6	89	7	27	8	59	9	65	10	70	11	43	12	24	13	8	14	95	15	40	16	2	17	23	18	96	19	19	20	72	21	58	22	56	23	66	24	88	25	87	26	38	27	63	28	83	29	47
	0	84	1	60	2	61	3	30	4	56	5	36	6	65	7	19	8	4	9	23	10	9	11	91	12	86	13	59	14	24	15	38	16	74	17	3	18	52	19	86	20	24	21	34	22	88	23	99	24	86	25	95	26	54	27	90	28	92	29	79
	0	59	1	10	2	46	3	50	4	70	5	57	6	88	7	60	8	4	9	26	10	38	11	92	12	22	13	13	14	11	15	43	16	69	17	31	18	70	19	39	20	8	21	95	22	72	23	33	24	29	25	91	26	97	27	30	28	41	29	48
	0	88	1	40	2	69	3	50	4	30	5	62	6	22	7	82	8	50	9	35	10	97	11	89	12	21	13	26	14	40	15	83	16	83	17	21	18	82	19	42	20	37	21	57	22	6	23	77	24	71	25	7	26	33	27	62	28	6	29	88
	0	18	1	55	2	85	3	89	4	2	5	52	6	51	7	5	8	57	9	54	10	71	11	39	12	21	13	43	14	5	15	16	16	13	17	89	18	35	19	98	20	69	21	37	22	100	23	20	24	44	25	50	26	97	27	71	28	71	29	1
	0	48	1	87	2	67	3	45	4	40	5	42	6	31	7	14	8	95	9	43	10	77	11	8	12	24	13	78	14	89	15	83	16	60	17	57	18	100	19	60	20	96	21	52	22	19	23	99	24	54	25	39	26	76	27	21	28	72	29	69
	0	46	1	61	2	80	3	47	4	74	5	91	6	4	7	91	8	10	9	52	10	17	11	89	12	38	13	73	14	27	15	81	16	46	17	71	18	79	19	44	20	66	21	62	22	90	23	43	24	3	25	22	26	65	27	81	28	12	29	86
	0	61	1	71	2	95	3	61	4	79	5	89	6	33	7	4	8	23	9	8	10	79	11	92	12	41	13	9	14	57	15	62	16	45	17	8	18	69	19	31	20	73	21	75	22	85	23	2	24	35	25	2	26	76	27	17	28	68	29	62
	0	22	1	29	2	76	3	73	4	85	5	82	6	42	7	37	8	48	9	36	10	39	11	40	12	57	13	76	14	65	15	20	16	7	17	81	18	87	19	44	20	68	21	53	22	75	23	48	24	38	25	26	26	47	27	39	28	75	29	7
	0	70	1	49	2	34	3	25	4	74	5	97	6	19	7	70	8	87	9	14	10	29	11	76	12	90	13	8	14	48	15	59	16	55	17	91	18	19	19	22	20	8	21	98	22	86	23	89	24	37	25	65	26	16	27	17	28	36	29	42
	0	21	1	30	2	47	3	62	4	33	5	36	6	59	7	94	8	31	9	36	10	50	11	48	12	94	13	53	14	8	15	14	16	39	17	13	18	47	19	42	20	81	21	69	22	9	23	9	24	99	25	56	26	32	27	26	28	16	29	100
	0	6	1	73	2	15	3	38	4	46	5	72	6	62	7	14	8	76	9	39	10	88	11	53	12	91	13	66	14	69	15	35	16	20	17	33	18	99	19	19	20	47	21	45	22	41	23	93	24	33	25	41	26	17	27	36	28	54	29	36
	0	41	1	37	2	57	3	72	4	44	5	96	6	83	7	2	8	21	9	1	10	20	11	34	12	92	13	60	14	87	15	97	16	89	17	30	18	51	19	19	20	80	21	78	22	34	23	24	24	4	25	54	26	72	27	85	28	80	29	74
	0	15	1	99	2	6	3	29	4	86	5	55	6	77	7	85	8	46	9	26	10	69	11	27	12	29	13	9	14	74	15	59	16	38	17	72	18	94	19	83	20	17	21	100	22	17	23	99	24	54	25	53	26	32	27	2	28	62	29	59
	0	63	1	78	2	50	3	22	4	30	5	18	6	83	7	14	8	64	9	99	10	93	11	70	12	22	13	11	14	87	15	20	16	100	17	16	18	61	19	24	20	35	21	81	22	33	23	84	24	28	25	10	26	25	27	59	28	44	29	77
	0	85	1	5	2	72	3	23	4	13	5	14	6	43	7	83	8	36	9	20	10	39	11	46	12	52	13	11	14	54	15	61	16	21	17	48	18	69	19	62	20	97	21	86	22	69	23	46	24	8	25	52	26	13	27	51	28	36	29	20
	0	20	1	5	2	66	3	96	4	49	5	46	6	78	7	83	8	80	9	43	10	25	11	18	12	21	13	47	14	20	15	78	16	98	17	74	18	8	19	3	20	12	21	90	22	5	23	94	24	61	25	43	26	46	27	63	28	56	29	75
	0	45	1	66	2	95	3	3	4	78	5	27	6	66	7	48	8	39	9	42	10	86	11	56	12	27	13	30	14	7	15	40	16	68	17	51	18	43	19	38	20	65	21	19	22	94	23	60	24	65	25	85	26	85	27	74	28	46	29	54
	0	23	1	52	2	81	3	78	4	63	5	79	6	37	7	22	8	28	9	95	10	13	11	3	12	12	13	18	14	16	15	56	16	82	17	74	18	32	19	63	20	36	21	27	22	58	23	60	24	12	25	95	26	78	27	97	28	20	29	80
	0	5	1	37	2	62	3	63	4	42	5	89	6	74	7	26	8	8	9	32	10	74	11	16	12	35	13	81	14	19	15	67	16	58	17	71	18	9	19	14	20	23	21	97	22	84	23	6	24	98	25	12	26	95	27	79	28	63	29	72
	0	55	1	43	2	12	3	100	4	6	5	4	6	99	7	83	8	40	9	28	10	96	11	34	12	75	13	6	14	59	15	91	16	73	17	76	18	16	19	27	20	38	21	38	22	21	23	88	24	50	25	28	26	39	27	91	28	6	29	65
	0	61	1	50	2	88	3	81	4	52	5	10	6	68	7	87	8	90	9	96	10	26	11	60	12	56	13	30	14	35	15	20	16	63	17	51	18	50	19	60	20	49	21	53	22	100	23	39	24	74	25	23	26	53	27	37	28	83	29	39
	0	40	1	67	2	35	3	76	4	21	5	53	6	7	7	7	8	48	9	36	10	26	11	16	12	57	13	82	14	86	15	50	16	91	17	83	18	42	19	81	20	34	21	73	22	11	23	55	24	7	25	23	26	4	27	40	28	74	29	64
	0	76	1	24	2	26	3	64	4	64	5	93	6	68	7	57	8	52	9	11	10	24	11	88	12	88	13	81	14	17	15	47	16	30	17	51	18	13	19	78	20	14	21	1	22	15	23	6	24	49	25	13	26	58	27	10	28	100	29	30
	0	49	1	30	2	9	3	41	4	24	5	99	6	52	7	49	8	48	9	30	10	60	11	16	12	59	13	98	14	25	15	83	16	46	17	94	18	77	19	16	20	3	21	57	22	14	23	33	24	91	25	91	26	9	27	86	28	31	29	36
	0	24	1	32	2	72	3	44	4	19	5	10	6	30	7	78	8	20	9	92	10	88	11	48	12	97	13	95	14	100	15	31	16	59	17	63	18	42	19	53	20	60	21	55	22	96	23	32	24	1	25	2	26	70	27	99	28	29	29	10
	0	88	1	50	2	6	3	41	4	96	5	6	6	87	7	80	8	68	9	73	10	11	11	70	12	25	13	26	14	25	15	95	16	76	17	68	18	80	19	15	20	62	21	43	22	61	23	3	24	60	25	83	26	51	27	31	28	66	29	38
	0	45	1	96	2	75	3	13	4	49	5	1	6	30	7	3	8	42	9	26	10	100	11	18	12	87	13	36	14	1	15	17	16	2	17	41	18	97	19	4	20	52	21	85	22	19	23	70	24	4	25	24	26	98	27	51	28	64	29	49
	0	1	1	57	2	86	3	32	4	20	5	3	6	22	7	8	8	44	9	13	10	56	11	47	12	17	13	14	14	31	15	42	16	68	17	14	18	80	19	35	20	58	21	49	22	4	23	69	24	86	25	32	26	59	27	6	28	41	29	42
	0	56	1	85	2	5	3	45	4	79	5	82	6	32	7	10	8	70	9	10	10	61	11	2	12	47	13	72	14	43	15	22	16	47	17	42	18	84	19	51	20	8	21	55	22	36	23	24	24	40	25	16	26	91	27	14	28	42	29	66
	0	57	1	27	2	67	3	67	4	16	5	26	6	43	7	88	8	6	9	41	10	3	11	5	12	67	13	24	14	78	15	54	16	39	17	70	18	58	19	92	20	17	21	97	22	29	23	55	24	91	25	67	26	32	27	25	28	23	29	91
	0	15	1	45	2	44	3	40	4	56	5	27	6	79	7	68	8	96	9	67	10	18	11	13	12	5	13	45	14	2	15	25	16	59	17	75	18	93	19	50	20	9	21	50	22	40	23	64	24	81	25	65	26	65	27	30	28	23	29	49
	0	26	1	27	2	82	3	12	4	36	5	79	6	100	7	100	8	49	9	75	10	47	11	14	12	27	13	59	14	29	15	32	16	65	17	37	18	42	19	42	20	30	21	16	22	63	23	74	24	37	25	1	26	100	27	95	28	85	29	76
	0	26	1	90	2	4	3	74	4	97	5	64	6	98	7	6	8	1	9	19	10	86	11	91	12	5	13	100	14	75	15	28	16	98	17	19	18	14	19	82	20	27	21	88	22	5	23	89	24	6	25	25	26	97	27	95	28	13	29	27
	0	58	1	85	2	25	3	4	4	18	5	74	6	55	7	22	8	26	9	48	10	78	11	21	12	59	13	99	14	71	15	72	16	87	17	80	18	5	19	13	20	63	21	73	22	59	23	73	24	9	25	51	26	42	27	66	28	18	29	74
	0	45	1	23	2	76	3	51	4	72	5	95	6	86	7	58	8	99	9	35	10	52	11	96	12	70	13	44	14	46	15	20	16	41	17	55	18	70	19	90	20	15	21	70	22	84	23	9	24	28	25	85	26	63	27	51	28	96	29	59
	0	7	1	5	2	18	3	20	4	13	5	81	6	93	7	23	8	84	9	47	10	17	11	78	12	38	13	4	14	38	15	27	16	30	17	16	18	10	19	48	20	15	21	48	22	61	23	99	24	9	25	80	26	69	27	38	28	22	29	100
	0	14	1	70	2	76	3	94	4	45	5	32	6	25	7	96	8	82	9	97	10	48	11	49	12	41	13	53	14	82	15	90	16	63	17	11	18	5	19	86	20	64	21	29	22	95	23	57	24	48	25	60	26	25	27	66	28	62	29	70
	0	74	1	73	2	63	3	66	4	47	5	85	6	38	7	49	8	51	9	32	10	2	11	76	12	69	13	62	14	50	15	87	16	12	17	38	18	47	19	39	20	71	21	71	22	87	23	51	24	65	25	35	26	52	27	65	28	79	29	32
	0	33	1	49	2	39	3	10	4	27	5	15	6	50	7	61	8	2	9	37	10	16	11	38	12	90	13	75	14	97	15	74	16	66	17	37	18	91	19	94	20	9	21	54	22	35	23	48	24	58	25	45	26	65	27	13	28	16	29	77
	0	74	1	37	2	53	3	67	4	70	5	16	6	13	7	87	8	21	9	46	10	39	11	42	12	22	13	78	14	51	15	57	16	39	17	61	18	60	19	83	20	12	21	69	22	92	23	4	24	15	25	34	26	50	27	18	28	16	29	37
	0	57	1	10	2	71	3	25	4	39	5	45	6	53	7	57	8	49	9	53	10	6	11	1	12	44	13	82	14	60	15	29	16	59	17	37	18	63	19	88	20	45	21	33	22	3	23	38	24	58	25	34	26	33	27	86	28	33	29	53
	0	23	1	66	2	61	3	32	4	92	5	32	6	53	7	29	8	8	9	66	10	81	11	88	12	56	13	27	14	11	15	55	16	99	17	83	18	62	19	83	20	90	21	10	22	79	23	22	24	25	25	39	26	89	27	94	28	22	29	99
	0	71	1	11	2	73	3	75	4	83	5	60	6	11	7	82	8	1	9	92	10	86	11	39	12	77	13	64	14	34	15	64	16	26	17	34	18	93	19	46	20	76	21	13	22	2	23	69	24	69	25	11	26	70	27	77	28	88	29	34
	0	20	1	8	2	24	3	26	4	36	5	50	6	50	7	64	8	66	9	88	10	36	11	33	12	71	13	36	14	25	15	58	16	5	17	91	18	71	19	68	20	78	21	37	22	86	23	98	24	38	25	99	26	64	27	88	28	65	29	18
	0	77	1	6	2	75	3	86	4	47	5	13	6	64	7	94	8	58	9	64	10	48	11	51	12	55	13	77	14	81	15	81	16	32	17	49	18	48	19	26	20	25	21	84	22	74	23	91	24	50	25	60	26	95	27	22	28	60	29	67
	0	68	1	92	2	100	3	63	4	42	5	45	6	90	7	62	8	94	9	23	10	75	11	34	12	9	13	63	14	2	15	79	16	66	17	62	18	27	19	15	20	46	21	26	22	60	23	84	24	84	25	55	26	95	27	72	28	27	29	47
	0	96	1	88	2	71	3	96	4	20	5	61	6	84	7	38	8	99	9	37	10	45	11	66	12	38	13	97	14	57	15	4	16	65	17	16	18	9	19	32	20	59	21	37	22	90	23	87	24	44	25	49	26	91	27	92	28	19	29	59
	0	48	1	74	2	60	3	20	4	99	5	88	6	21	7	56	8	71	9	55	10	16	11	83	12	16	13	68	14	55	15	30	16	58	17	43	18	78	19	94	20	25	21	6	22	96	23	98	24	80	25	45	26	42	27	34	28	63	29	77
	0	88	1	98	2	26	3	93	4	82	5	56	6	7	7	93	8	7	9	6	10	82	11	26	12	76	13	19	14	93	15	87	16	3	17	60	18	36	19	39	20	19	21	45	22	64	23	65	24	28	25	81	26	23	27	74	28	13	29	72
	0	52	1	1	2	43	3	16	4	91	5	80	6	39	7	16	8	87	9	96	10	3	11	72	12	2	13	20	14	12	15	40	16	42	17	95	18	31	19	65	20	74	21	38	22	13	23	29	24	7	25	54	26	65	27	72	28	36	29	88
	0	11	1	72	2	90	3	67	4	90	5	94	6	27	7	4	8	53	9	48	10	61	11	50	12	54	13	14	14	27	15	44	16	49	17	19	18	14	19	78	20	58	21	76	22	11	23	78	24	30	25	31	26	67	27	81	28	36	29	59
	0	39	1	38	2	85	3	20	4	94	5	95	6	9	7	62	8	80	9	19	10	91	11	25	12	85	13	71	14	23	15	95	16	59	17	46	18	12	19	4	20	40	21	36	22	72	23	75	24	45	25	84	26	83	27	62	28	92	29	18
	0	92	1	29	2	66	3	16	4	80	5	78	6	62	7	16	8	48	9	4	10	49	11	71	12	66	13	48	14	47	15	37	16	98	17	80	18	5	19	11	20	16	21	22	22	36	23	84	24	32	25	96	26	31	27	69	28	34	29	61
	0	61	1	2	2	2	3	74	4	53	5	53	6	38	7	85	8	76	9	76	10	28	11	54	12	96	13	94	14	35	15	42	16	68	17	93	18	84	19	35	20	85	21	65	22	76	23	75	24	100	25	51	26	69	27	24	28	83	29	39
	0	88	1	92	2	88	3	34	4	59	5	84	6	48	7	18	8	92	9	56	10	1	11	37	12	37	13	97	14	36	15	11	16	2	17	62	18	3	19	45	20	5	21	27	22	24	23	72	24	99	25	41	26	14	27	78	28	82	29	95
	0	71	1	85	2	95	3	49	4	18	5	79	6	73	7	53	8	4	9	20	10	75	11	83	12	85	13	72	14	36	15	71	16	44	17	35	18	15	19	88	20	37	21	67	22	10	23	26	24	54	25	34	26	88	27	75	28	41	29	22
	0	40	1	98	2	24	3	89	4	53	5	48	6	28	7	65	8	76	9	77	10	84	11	7	12	12	13	36	14	57	15	71	16	55	17	66	18	54	19	66	20	67	21	25	22	92	23	93	24	65	25	2	26	17	27	95	28	44	29	10
	0	27	1	54	2	86	3	73	4	29	5	22	6	1	7	35	8	31	9	85	10	20	11	51	12	58	13	66	14	25	15	58	16	30	17	35	18	95	19	22	20	57	21	94	22	99	23	7	24	19	25	25	26	55	27	27	28	62	29	36
	0	59	1	53	2	2	3	58	4	28	5	11	6	31	7	44	8	28	9	80	10	70	11	96	12	75	13	74	14	3	15	22	16	31	17	72	18	1	19	82	20	27	21	30	22	99	23	100	24	95	25	94	26	4	27	24	28	90	29	75
	0	44	1	77	2	24	3	90	4	79	5	33	6	49	7	55	8	31	9	4	10	65	11	82	12	21	13	19	14	36	15	45	16	5	17	40	18	42	19	76	20	48	21	42	22	91	23	36	24	88	25	52	26	83	27	71	28	65	29	20
	0	96	1	22	2	29	3	77	4	23	5	82	6	52	7	92	8	100	9	99	10	90	11	40	12	89	13	65	14	94	15	40	16	15	17	65	18	57	19	25	20	65	21	44	22	32	23	61	24	99	25	33	26	87	27	6	28	40	29	51
	0	52	1	5	2	21	3	45	4	89	5	35	6	37	7	68	8	99	9	63	10	3	11	90	12	26	13	78	14	24	15	80	16	32	17	6	18	44	19	38	20	60	21	19	22	3	23	29	24	99	25	96	26	34	27	70	28	19	29	11
	0	85	1	73	2	50	3	35	4	34	5	21	6	3	7	89	8	40	9	62	10	81	11	84	12	49	13	25	14	14	15	35	16	37	17	5	18	9	19	32	20	78	21	66	22	23	23	4	24	55	25	57	26	73	27	21	28	48	29	44
	0	63	1	1	2	84	3	4	4	74	5	30	6	22	7	32	8	60	9	15	10	4	11	54	12	42	13	13	14	1	15	53	16	88	17	17	18	41	19	43	20	34	21	95	22	89	23	57	24	63	25	3	26	13	27	34	28	67	29	23
	0	62	1	5	2	56	3	100	4	48	5	35	6	75	7	74	8	96	9	58	10	55	11	29	12	94	13	14	14	7	15	17	16	91	17	76	18	40	19	16	20	95	21	25	22	48	23	35	24	73	25	18	26	4	27	74	28	66	29	40
	0	72	1	3	2	70	3	55	4	94	5	24	6	34	7	85	8	35	9	15	10	83	11	83	12	91	13	85	14	72	15	84	16	87	17	80	18	23	19	45	20	18	21	18	22	4	23	8	24	23	25	59	26	42	27	57	28	79	29	18
	0	99	1	33	2	64	3	76	4	35	5	47	6	29	7	74	8	43	9	1	10	68	11	67	12	34	13	92	14	80	15	79	16	95	17	87	18	72	19	98	20	70	21	64	22	29	23	93	24	16	25	77	26	66	27	36	28	32	29	85
	0	28	1	72	2	90	3	48	4	1	5	71	6	91	7	86	8	74	9	43	10	22	11	53	12	22	13	5	14	17	15	71	16	41	17	41	18	14	19	19	20	37	21	84	22	76	23	90	24	39	25	4	26	25	27	41	28	17	29	99
	0	97	1	15	2	98	3	14	4	15	5	95	6	25	7	32	8	40	9	28	10	95	11	11	12	64	13	42	14	78	15	70	16	24	17	8	18	1	19	45	20	77	21	55	22	41	23	62	24	53	25	28	26	70	27	100	28	73	29	38
	0	47	1	45	2	14	3	59	4	47	5	61	6	43	7	60	8	59	9	16	10	58	11	81	12	20	13	49	14	5	15	91	16	49	17	67	18	65	19	92	20	95	21	2	22	27	23	45	24	23	25	72	26	88	27	38	28	1	29	22
	0	44	1	31	2	62	3	37	4	77	5	34	6	37	7	68	8	40	9	9	10	10	11	94	12	88	13	3	14	34	15	15	16	28	17	53	18	82	19	63	20	70	21	14	22	64	23	61	24	1	25	16	26	6	27	68	28	33	29	29
	0	73	1	97	2	68	3	9	4	98	5	100	6	2	7	56	8	39	9	29	10	65	11	82	12	68	13	51	14	45	15	7	16	77	17	57	18	62	19	5	20	56	21	93	22	90	23	68	24	60	25	12	26	33	27	72	28	97	29	15
	0	14	1	64	2	79	3	45	4	21	5	90	6	27	7	24	8	25	9	42	10	33	11	79	12	76	13	94	14	6	15	88	16	15	17	54	18	51	19	14	20	81	21	54	22	81	23	52	24	96	25	46	26	40	27	82	28	51	29	93
	0	85	1	97	2	26	3	55	4	75	5	70	6	25	7	17	8	52	9	62	10	4	11	14	12	7	13	91	14	23	15	41	16	77	17	17	18	52	19	59	20	13	21	11	22	2	23	29	24	4	25	2	26	81	27	45	28	71	29	40
	0	80	1	36	2	41	3	9	4	35	5	68	6	72	7	70	8	45	9	59	10	8	11	32	12	14	13	93	14	54	15	75	16	53	17	92	18	21	19	67	20	82	21	87	22	78	23	63	24	91	25	90	26	2	27	67	28	56	29	62
	0	26	1	91	2	37	3	35	4	19	5	60	6	76	7	18	8	39	9	29	10	95	11	13	12	65	13	17	14	53	15	1	16	78	17	83	18	7	19	94	20	58	21	79	22	1	23	55	24	20	25	75	26	56	27	21	28	84	29	36
	0	54	1	96	2	87	3	81	4	38	5	99	6	57	7	75	8	56	9	75	10	5	11	21	12	30	13	1	14	24	15	63	16	38	17	63	18	89	19	4	20	23	21	70	22	93	23	8	24	76	25	33	26	70	27	40	28	52	29	32
	0	94	1	63	2	27	3	46	4	43	5	95	6	93	7	15	8	74	9	90	10	50	11	56	12	53	13	8	14	53	15	74	16	19	17	78	18	7	19	6	20	5	21	69	22	34	23	20	24	10	25	25	26	42	27	40	28	17	29	41
	0	79	1	62	2	8	3	64	4	47	5	16	6	92	7	55	8	6	9	46	10	75	11	58	12	6	13	35	14	26	15	44	16	12	17	6	18	19	19	38	20	18	21	57	22	53	23	44	24	66	25	20	26	80	27	13	28	7	29	48
	0	8	1	50	2	84	3	75	4	35	5	21	6	9	7	9	8	38	9	25	10	79	11	31	12	43	13	44	14	40	15	32	16	26	17	68	18	100	19	100	20	24	21	81	22	50	23	46	24	66	25	37	26	43	27	23	28	55	29	71
	0	48	1	80	2	48	3	26	4	55	5	61	6	15	7	79	8	26	9	29	10	94	11	6	12	6	13	88	14	49	15	29	16	41	17	22	18	11	19	12	20	54	21	86	22	65	23	9	24	100	25	2	26	86	27	94	28	84	29	59
	0	69	1	11	2	13	3	13	4	98	5	20	6	30	7	39	8	24	9	46	10	30	11	84	12	81	13	39	14	80	15	7	16	42	17	7	18	65	19	31	20	98	21	94	22	60	23	19	24	9	25	88	26	89	27	60	28	62	29	100
	0	2	1	33	2	41	3	57	4	19	5	71	6	80	7	71	8	89	9	51	10	69	11	97	12	78	13	80	14	27	15	3	16	85	17	60	18	58	19	86	20	40	21	37	22	60	23	23	24	45	25	81	26	55	27	48	28	54	29	52
	0	53	1	80	2	6	3	29	4	71	5	52	6	54	7	34	8	71	9	5	10	59	11	69	12	90	13	68	14	43	15	30	16	69	17	18	18	4	19	91	20	13	21	88	22	65	23	68	24	29	25	96	26	84	27	82	28	34	29	84
	0	57	1	14	2	23	3	97	4	1	5	5	6	42	7	48	8	77	9	31	10	7	11	41	12	13	13	89	14	58	15	62	16	19	17	42	18	51	19	41	20	15	21	24	22	7	23	48	24	9	25	4	26	96	27	99	28	97	29	56
	0	10	1	55	2	77	3	84	4	45	5	54	6	86	7	97	8	20	9	14	10	16	11	43	12	82	13	84	14	66	15	36	16	81	17	44	18	22	19	31	20	24	21	69	22	88	23	57	24	22	25	18	26	9	27	78	28	8	29	8
	0	48	1	65	2	80	3	83	4	13	5	99	6	100	7	91	8	55	9	17	10	54	11	32	12	71	13	4	14	47	15	29	16	83	17	58	18	96	19	43	20	88	21	11	22	48	23	39	24	93	25	65	26	24	27	62	28	77	29	74
	0	69	1	88	2	48	3	98	4	74	5	54	6	87	7	1	8	76	9	90	10	1	11	55	12	77	13	99	14	11	15	96	16	11	17	60	18	70	19	34	20	75	21	52	22	72	23	98	24	92	25	25	26	91	27	2	28	62	29	58
	0	90	1	26	2	44	3	92	4	51	5	70	6	54	7	20	8	40	9	30	10	71	11	70	12	7	13	76	14	2	15	25	16	76	17	57	18	43	19	50	20	81	21	66	22	22	23	31	24	49	25	10	26	29	27	41	28	41	29	95
	0	65	1	99	2	99	3	21	4	54	5	62	6	60	7	23	8	17	9	94	10	32	11	31	12	88	13	90	14	55	15	21	16	27	17	35	18	75	19	74	20	66	21	62	22	15	23	84	24	73	25	99	26	17	27	64	28	44	29	42
	0	97	1	50	2	48	3	90	4	25	5	97	6	77	7	31	8	19	9	24	10	89	11	57	12	46	13	48	14	39	15	47	16	21	17	9	18	33	19	67	20	90	21	86	22	64	23	47	24	14	25	45	26	98	27	44	28	92	29	84
	0	27	1	18	2	7	3	49	4	7	5	54	6	56	7	45	8	50	9	20	10	22	11	68	12	34	13	50	14	82	15	28	16	44	17	78	18	77	19	36	20	82	21	74	22	70	23	83	24	77	25	44	26	69	27	31	28	100	29	15
	0	11	1	89	2	77	3	2	4	16	5	50	6	23	7	24	8	55	9	5	10	68	11	37	12	3	13	77	14	43	15	80	16	63	17	19	18	31	19	60	20	90	21	73	22	20	23	22	24	36	25	8	26	3	27	84	28	13	29	53
	0	14	1	26	2	31	3	5	4	100	5	63	6	63	7	87	8	56	9	49	10	53	11	71	12	82	13	83	14	45	15	99	16	44	17	19	18	32	19	69	20	35	21	7	22	20	23	68	24	76	25	93	26	80	27	54	28	98	29	85
	0	26	1	46	2	8	3	55	4	30	5	57	6	12	7	12	8	83	9	74	10	53	11	92	12	50	13	87	14	3	15	44	16	77	17	7	18	97	19	2	20	51	21	32	22	100	23	73	24	27	25	46	26	61	27	80	28	64	29	67
	0	78	1	54	2	34	3	73	4	83	5	45	6	5	7	71	8	34	9	96	10	6	11	97	12	40	13	30	14	18	15	49	16	99	17	98	18	69	19	3	20	93	21	28	22	3	23	58	24	77	25	51	26	63	27	8	28	69	29	94
	0	19	1	43	2	12	3	89	4	7	5	23	6	73	7	100	8	75	9	76	10	96	11	4	12	57	13	21	14	30	15	53	16	1	17	5	18	96	19	12	20	41	21	14	22	59	23	59	24	92	25	3	26	24	27	73	28	76	29	33
	0	78	1	56	2	47	3	32	4	32	5	73	6	60	7	12	8	44	9	92	10	79	11	3	12	35	13	62	14	57	15	88	16	14	17	67	18	9	19	54	20	76	21	40	22	56	23	95	24	51	25	24	26	41	27	22	28	9	29	11
	0	8	1	74	2	48	3	5	4	21	5	32	6	24	7	84	8	54	9	83	10	96	11	55	12	75	13	83	14	99	15	35	16	23	17	15	18	71	19	90	20	25	21	47	22	82	23	26	24	22	25	26	26	61	27	13	28	94	29	73
	0	5	1	74	2	100	3	63	4	21	5	90	6	84	7	96	8	34	9	83	10	96	11	4	12	60	13	87	14	42	15	48	16	40	17	29	18	65	19	96	20	57	21	57	22	3	23	86	24	12	25	4	26	93	27	14	28	12	29	81
	0	15	1	15	2	96	3	12	4	85	5	8	6	23	7	77	8	48	9	26	10	64	11	24	12	37	13	70	14	2	15	51	16	80	17	34	18	19	19	87	20	91	21	3	22	17	23	13	24	66	25	25	26	24	27	97	28	69	29	93
	0	60	1	49	2	90	3	8	4	71	5	14	6	92	7	92	8	62	9	46	10	98	11	78	12	77	13	48	14	74	15	5	16	20	17	72	18	8	19	78	20	5	21	93	22	1	23	83	24	73	25	20	26	7	27	69	28	32	29	15
	0	94	1	24	2	95	3	100	4	23	5	15	6	29	7	7	8	47	9	77	10	29	11	89	12	87	13	58	14	89	15	88	16	50	17	56	18	44	19	42	20	68	21	16	22	76	23	67	24	95	25	60	26	35	27	54	28	90	29	76
	0	9	1	59	2	58	3	93	4	39	5	81	6	39	7	98	8	75	9	56	10	68	11	99	12	98	13	14	14	39	15	23	16	79	17	62	18	51	19	99	20	38	21	15	22	18	23	89	24	16	25	72	26	63	27	34	28	92	29	4
	0	50	1	54	2	85	3	18	4	96	5	13	6	47	7	3	8	84	9	23	10	23	11	69	12	71	13	73	14	26	15	42	16	48	17	82	18	79	19	80	20	12	21	36	22	97	23	9	24	39	25	37	26	18	27	7	28	95	29	83
	0	17	1	72	2	91	3	64	4	49	5	72	6	89	7	26	8	6	9	44	10	24	11	58	12	94	13	89	14	68	15	88	16	53	17	9	18	80	19	97	20	83	21	40	22	9	23	94	24	51	25	8	26	34	27	3	28	81	29	11
	0	73	1	60	2	66	3	78	4	87	5	16	6	46	7	88	8	62	9	96	10	36	11	41	12	44	13	70	14	17	15	100	16	62	17	12	18	1	19	63	20	69	21	80	22	40	23	28	24	66	25	29	26	62	27	58	28	23	29	31
	0	15	1	63	2	76	3	96	4	79	5	51	6	85	7	74	8	80	9	22	10	87	11	19	12	92	13	99	14	52	15	29	16	30	17	25	18	57	19	89	20	74	21	70	22	20	23	96	24	58	25	23	26	53	27	21	28	24	29	70
	0	47	1	68	2	34	3	80	4	77	5	97	6	77	7	38	8	99	9	54	10	14	11	21	12	80	13	12	14	58	15	87	16	74	17	7	18	78	19	26	20	49	21	38	22	63	23	6	24	9	25	59	26	3	27	87	28	83	29	80
	0	65	1	19	2	69	3	59	4	64	5	18	6	47	7	46	8	64	9	99	10	15	11	21	12	66	13	19	14	2	15	23	16	54	17	35	18	57	19	77	20	13	21	3	22	28	23	57	24	36	25	63	26	82	27	37	28	97	29	77
	0	16	1	40	2	45	3	44	4	70	5	54	6	34	7	72	8	49	9	5	10	27	11	6	12	90	13	93	14	14	15	40	16	62	17	25	18	32	19	40	20	69	21	13	22	95	23	97	24	83	25	18	26	48	27	46	28	55	29	49
	0	23	1	36	2	56	3	61	4	57	5	47	6	55	7	3	8	86	9	78	10	43	11	9	12	37	13	49	14	49	15	40	16	93	17	97	18	11	19	16	20	76	21	62	22	97	23	92	24	93	25	86	26	96	27	71	28	35	29	76
	0	15	1	65	2	19	3	95	4	54	5	32	6	28	7	96	8	44	9	59	10	65	11	9	12	84	13	71	14	47	15	28	16	90	17	83	18	95	19	92	20	46	21	23	22	4	23	24	24	49	25	90	26	83	27	89	28	44	29	42
	0	16	1	87	2	19	3	7	4	81	5	77	6	4	7	66	8	15	9	23	10	83	11	74	12	27	13	76	14	24	15	81	16	91	17	60	18	79	19	95	20	72	21	16	22	12	23	98	24	65	25	16	26	54	27	89	28	49	29	63
	0	2	1	36	2	94	3	26	4	94	5	48	6	66	7	92	8	48	9	5	10	11	11	21	12	33	13	4	14	35	15	32	16	7	17	5	18	89	19	75	20	54	21	100	22	32	23	50	24	96	25	20	26	42	27	90	28	61	29	68
	0	82	1	3	2	36	3	30	4	53	5	55	6	37	7	13	8	84	9	40	10	71	11	16	12	40	13	52	14	79	15	5	16	60	17	68	18	74	19	86	20	42	21	16	22	23	23	73	24	42	25	63	26	32	27	96	28	52	29	61
	0	38	1	9	2	83	3	45	4	11	5	81	6	62	7	51	8	16	9	79	10	6	11	10	12	5	13	92	14	58	15	37	16	25	17	36	18	79	19	14	20	62	21	43	22	34	23	42	24	62	25	42	26	25	27	12	28	99	29	57
	0	42	1	10	2	75	3	97	4	58	5	64	6	86	7	21	8	70	9	3	10	69	11	74	12	61	13	79	14	26	15	55	16	57	17	64	18	96	19	56	20	80	21	37	22	3	23	73	24	33	25	25	26	22	27	86	28	63	29	46
	0	21	1	61	2	95	3	81	4	82	5	18	6	23	7	72	8	15	9	61	10	11	11	16	12	5	13	78	14	34	15	15	16	57	17	51	18	58	19	85	20	36	21	27	22	56	23	47	24	24	25	47	26	86	27	51	28	20	29	35
	0	97	1	1	2	67	3	95	4	24	5	83	6	87	7	58	8	1	9	22	10	48	11	85	12	1	13	8	14	3	15	21	16	68	17	73	18	63	19	54	20	17	21	15	22	10	23	12	24	9	25	89	26	46	27	14	28	28	29	20
	0	45	1	72	2	23	3	1	4	53	5	70	6	76	7	89	8	42	9	6	10	22	11	7	12	30	13	55	14	40	15	11	16	11	17	88	18	66	19	98	20	59	21	64	22	23	23	33	24	4	25	74	26	48	27	51	28	88	29	1
	0	74	1	47	2	57	3	29	4	98	5	63	6	39	7	25	8	32	9	35	10	17	11	53	12	25	13	55	14	1	15	12	16	8	17	72	18	49	19	11	20	87	21	25	22	2	23	8	24	97	25	85	26	23	27	80	28	92	29	56
	0	62	1	9	2	22	3	60	4	84	5	93	6	35	7	88	8	30	9	25	10	3	11	22	12	3	13	89	14	57	15	37	16	97	17	69	18	70	19	52	20	7	21	77	22	48	23	76	24	95	25	40	26	93	27	76	28	94	29	98
	0	66	1	70	2	78	3	17	4	52	5	2	6	28	7	99	8	4	9	71	10	77	11	61	12	36	13	14	14	11	15	9	16	72	17	62	18	48	19	19	20	75	21	23	22	44	23	24	24	23	25	63	26	86	27	38	28	98	29	79
	0	63	1	97	2	3	3	95	4	37	5	80	6	29	7	29	8	57	9	36	10	34	11	92	12	77	13	51	14	9	15	40	16	72	17	7	18	31	19	77	20	81	21	31	22	52	23	76	24	91	25	40	26	46	27	89	28	70	29	10
	0	31	1	30	2	96	3	47	4	43	5	75	6	39	7	30	8	99	9	12	10	13	11	45	12	13	13	23	14	70	15	41	16	32	17	94	18	39	19	80	20	6	21	68	22	17	23	50	24	13	25	13	26	49	27	66	28	7	29	43
	0	84	1	88	2	46	3	29	4	80	5	20	6	36	7	89	8	79	9	76	10	92	11	35	12	6	13	15	14	84	15	23	16	43	17	1	18	49	19	31	20	83	21	26	22	72	23	63	24	73	25	97	26	56	27	50	28	88	29	94
	0	54	1	5	2	15	3	32	4	26	5	39	6	23	7	91	8	38	9	59	10	45	11	2	12	20	13	97	14	17	15	90	16	50	17	42	18	29	19	29	20	38	21	74	22	98	23	44	24	17	25	26	26	61	27	71	28	58	29	19
	0	50	1	69	2	94	3	43	4	91	5	29	6	92	7	88	8	52	9	35	10	14	11	43	12	23	13	70	14	77	15	11	16	98	17	66	18	70	19	16	20	5	21	50	22	8	23	6	24	94	25	36	26	32	27	60	28	89	29	46
	0	82	1	63	2	46	3	84	4	90	5	14	6	88	7	90	8	92	9	69	10	15	11	29	12	35	13	42	14	93	15	18	16	43	17	4	18	70	19	87	20	64	21	74	22	93	23	15	24	100	25	78	26	7	27	4	28	20	29	10
	0	60	1	73	2	70	3	43	4	58	5	88	6	65	7	66	8	25	9	55	10	11	11	38	12	81	13	51	14	82	15	91	16	30	17	60	18	77	19	16	20	26	21	51	22	6	23	32	24	62	25	1	26	91	27	3	28	88	29	53
	0	89	1	56	2	71	3	82	4	51	5	30	6	38	7	79	8	98	9	33	10	69	11	91	12	66	13	15	14	37	15	81	16	43	17	68	18	4	19	89	20	23	21	3	22	27	23	8	24	30	25	93	26	24	27	12	28	88	29	57
	0	12	1	88	2	56	3	21	4	17	5	75	6	35	7	12	8	10	9	6	10	27	11	41	12	31	13	88	14	6	15	85	16	93	17	1	18	13	19	88	20	83	21	71	22	8	23	34	24	7	25	59	26	27	27	54	28	39	29	79
	0	32	1	81	2	72	3	17	4	45	5	64	6	84	7	35	8	13	9	90	10	64	11	71	12	46	13	3	14	66	15	67	16	13	17	95	18	77	19	94	20	95	21	7	22	27	23	51	24	39	25	91	26	68	27	55	28	47	29	97
	0	11	1	59	2	96	3	82	4	84	5	49	6	89	7	84	8	59	9	19	10	62	11	79	12	66	13	28	14	9	15	23	16	77	17	73	18	2	19	57	20	40	21	45	22	2	23	17	24	92	25	50	26	11	27	72	28	84	29	1
	0	97	1	94	2	88	3	36	4	87	5	29	6	81	7	94	8	28	9	21	10	19	11	60	12	40	13	9	14	48	15	80	16	27	17	91	18	10	19	77	20	21	21	50	22	51	23	41	24	51	25	53	26	32	27	64	28	96	29	89
	0	99	1	52	2	41	3	7	4	66	5	20	6	45	7	55	8	19	9	64	10	10	11	51	12	41	13	70	14	88	15	21	16	14	17	84	18	68	19	89	20	58	21	79	22	50	23	12	24	100	25	68	26	71	27	85	28	93	29	70
	0	53	1	66	2	25	3	15	4	2	5	86	6	83	7	49	8	40	9	58	10	72	11	74	12	91	13	92	14	92	15	36	16	29	17	75	18	37	19	49	20	60	21	87	22	57	23	3	24	3	25	48	26	97	27	17	28	94	29	25
	0	18	1	16	2	22	3	42	4	48	5	49	6	60	7	71	8	26	9	85	10	78	11	99	12	36	13	38	14	34	15	98	16	40	17	22	18	72	19	41	20	64	21	33	22	85	23	44	24	92	25	2	26	26	27	28	28	73	29	78
	0	66	1	23	2	44	3	30	4	26	5	72	6	21	7	64	8	53	9	90	10	25	11	19	12	97	13	4	14	28	15	73	16	12	17	64	18	44	19	68	20	5	21	4	22	7	23	47	24	87	25	8	26	89	27	53	28	98	29	84
	0	80	1	45	2	34	3	69	4	6	5	15	6	72	7	22	8	71	9	21	10	79	11	62	12	56	13	67	14	66	15	62	16	83	17	98	18	2	19	24	20	61	21	91	22	1	23	65	24	52	25	54	26	64	27	17	28	24	29	61
	0	32	1	12	2	88	3	11	4	58	5	90	6	31	7	53	8	47	9	74	10	91	11	34	12	89	13	92	14	39	15	72	16	90	17	29	18	57	19	32	20	92	21	50	22	41	23	86	24	15	25	36	26	54	27	67	28	76	29	96
	0	13	1	59	2	71	3	74	4	89	5	72	6	4	7	53	8	43	9	99	10	24	11	24	12	48	13	68	14	97	15	77	16	42	17	4	18	4	19	20	20	29	21	97	22	77	23	55	24	32	25	21	26	84	27	45	28	40	29	53
Reldue
-1	4621	-1	1
-1	6623	-1	1
-1	3290	-1	1
-1	1687	-1	1
-1	9329	-1	1
-1	9410	-1	1
-1	9487	-1	1
-1	3469	-1	1
-1	5231	-1	1
-1	6977	-1	1
-1	6729	-1	1
-1	8881	-1	1
-1	6298	-1	1
-1	8375	-1	1
-1	7971	-1	1
-1	4659	-1	1
-1	7470	-1	1
-1	1485	-1	1
-1	7810	-1	1
-1	6535	-1	1
-1	8028	-1	1
-1	3005	-1	1
-1	9368	-1	1
-1	2703	-1	1
-1	6518	-1	1
-1	9024	-1	1
-1	7696	-1	1
-1	5068	-1	1
-1	4018	-1	1
-1	4370	-1	1
-1	1757	-1	1
-1	3832	-1	1
-1	3291	-1	1
-1	2800	-1	1
-1	6531	-1	1
-1	8191	-1	1
-1	2101	-1	1
-1	6614	-1	1
-1	4645	-1	1
-1	7223	-1	1
-1	6764	-1	1
-1	7550	-1	1
-1	1615	-1	1
-1	3791	-1	1
-1	8564	-1	1
-1	7396	-1	1
-1	8583	-1	1
-1	2579	-1	1
-1	4739	-1	1
-1	4717	-1	1
-1	9654	-1	1
-1	6711	-1	1
-1	2394	-1	1
-1	7470	-1	1
-1	7301	-1	1
-1	2464	-1	1
-1	5744	-1	1
-1	5037	-1	1
-1	1818	-1	1
-1	7916	-1	1
-1	6332	-1	1
-1	6527	-1	1
-1	2577	-1	1
-1	6728	-1	1
-1	6595	-1	1
-1	6142	-1	1
-1	8366	-1	1
-1	9781	-1	1
-1	6557	-1	1
-1	3845	-1	1
-1	7497	-1	1
-1	1680	-1	1
-1	5412	-1	1
-1	6310	-1	1
-1	7704	-1	1
-1	2003	-1	1
-1	3416	-1	1
-1	3752	-1	1
-1	5313	-1	1
-1	2596	-1	1
-1	8762	-1	1
-1	5924	-1	1
-1	2121	-1	1
-1	6511	-1	1
-1	4924	-1	1
-1	8796	-1	1
-1	9410	-1	1
-1	2623	-1	1
-1	7231	-1	1
-1	5175	-1	1
-1	6343	-1	1
-1	3109	-1	1
-1	5818	-1	1
-1	9158	-1	1
-1	1833	-1	1
-1	7795	-1	1
-1	5034	-1	1
-1	6595	-1	1
-1	8799	-1	1
-1	9685	-1	1
-1	3519	-1	1
-1	2562	-1	1
-1	7163	-1	1
-1	4122	-1	1
-1	9494	-1	1
-1	5271	-1	1
-1	8316	-1	1
-1	8915	-1	1
-1	8215	-1	1
-1	1883	-1	1
-1	2161	-1	1
-1	2237	-1	1
-1	6095	-1	1
-1	9560	-1	1
-1	6409	-1	1
-1	3880	-1	1
-1	4262	-1	1
-1	4769	-1	1
-1	3546	-1	1
-1	5551	-1	1
-1	4655	-1	1
-1	6704	-1	1
-1	6530	-1	1
-1	5741	-1	1
-1	8403	-1	1
-1	2325	-1	1
-1	8671	-1	1
-1	4623	-1	1
-1	2613	-1	1
-1	1724	-1	1
-1	3153	-1	1
-1	4841	-1	1
-1	2293	-1	1
-1	9712	-1	1
-1	3062	-1	1
-1	6291	-1	1
-1	2324	-1	1
-1	9788	-1	1
-1	3490	-1	1
-1	2246	-1	1
-1	4620	-1	1
-1	7426	-1	1
-1	9140	-1	1
-1	3439	-1	1
-1	5358	-1	1
-1	2027	-1	1
-1	4803	-1	1
-1	7591	-1	1
-1	8977	-1	1
-1	7213	-1	1
-1	4974	-1	1
-1	5197	-1	1
-1	9478	-1	1
-1	1674	-1	1
-1	4355	-1	1
-1	3223	-1	1
-1	1431	-1	1
-1	2968	-1	1
-1	4022	-1	1
-1	7775	-1	1
-1	8288	-1	1
-1	5279	-1	1
-1	7745	-1	1
-1	3021	-1	1
-1	6434	-1	1
-1	3487	-1	1
-1	4909	-1	1
-1	8620	-1	1
-1	2114	-1	1
-1	2886	-1	1
-1	9976	-1	1
-1	9056	-1	1
-1	7051	-1	1
-1	1554	-1	1
-1	8053	-1	1
-1	3994	-1	1
-1	3001	-1	1
-1	3022	-1	1
-1	9141	-1	1
-1	3019	-1	1
-1	4774	-1	1
-1	7761	-1	1
-1	5021	-1	1
-1	4200	-1	1
-1	8155	-1	1
-1	2596	-1	1
-1	9950	-1	1
-1	6636	-1	1
-1	5002	-1	1
-1	3556	-1	1
-1	9067	-1	1
-1	6552	-1	1
-1	1727	-1	1
-1	4394	-1	1
-1	8536	-1	1
-1	5711	-1	1
-1	5189	-1	1
-1	1796	-1	1
-1	7039	-1	1
-1	3119	-1	1
-1	2075	-1	1
-1	5165	-1	1
-1	9892	-1	1
-1	3052	-1	1
-1	2782	-1	1
-1	9427	-1	1
-1	3832	-1	1
-1	6109	-1	1
-1	8983	-1	1
-1	5633	-1	1
-1	9463	-1	1
-1	3482	-1	1
-1	5837	-1	1
-1	3530	-1	1
-1	5312	-1	1
-1	5334	-1	1
-1	4926	-1	1
-1	8207	-1	1
-1	7372	-1	1
-1	7941	-1	1
-1	3518	-1	1
-1	6319	-1	1
-1	8213	-1	1
-1	3228	-1	1
-1	1780	-1	1
-1	2387	-1	1
-1	3927	-1	1
-1	8114	-1	1
-1	7728	-1	1
-1	2358	-1	1
-1	5530	-1	1
-1	7604	-1	1
-1	4640	-1	1
-1	6337	-1	1
-1	2072	-1	1
-1	7281	-1	1
-1	3291	-1	1
-1	6066	-1	1
-1	7429	-1	1
-1	7842	-1	1
-1	3975	-1	1
-1	2011	-1	1
-1	8247	-1	1
-1	7460	-1	1
-1	3488	-1	1
-1	5674	-1	1
-1	9211	-1	1
-1	2949	-1	1
-1	4701	-1	1
-1	3470	-1	1
LBCmax: 14261
