50  50
	0	11	1	65	2	94	3	59	4	62	5	8	6	8	7	9	8	76	9	100	10	67	11	29	12	46	13	41	14	58	15	18	16	58	17	58	18	17	19	14	20	98	21	37	22	18	23	84	24	1	25	25	26	28	27	76	28	98	29	37	30	77	31	26	32	59	33	27	34	76	35	50	36	40	37	19	38	99	39	69	40	93	41	96	42	81	43	32	44	86	45	92	46	23	47	46	48	43	49	49
	0	97	1	30	2	10	3	8	4	92	5	45	6	89	7	74	8	40	9	67	10	20	11	67	12	19	13	16	14	85	15	22	16	29	17	43	18	64	19	43	20	71	21	41	22	81	23	97	24	81	25	50	26	9	27	3	28	4	29	47	30	22	31	66	32	16	33	49	34	15	35	44	36	8	37	85	38	32	39	65	40	8	41	94	42	75	43	22	44	1	45	64	46	75	47	13	48	63	49	23
	0	51	1	4	2	41	3	40	4	99	5	38	6	23	7	98	8	76	9	13	10	82	11	56	12	65	13	100	14	10	15	1	16	53	17	84	18	47	19	52	20	49	21	31	22	93	23	91	24	21	25	30	26	44	27	13	28	34	29	67	30	95	31	17	32	14	33	6	34	7	35	93	36	77	37	4	38	20	39	78	40	92	41	86	42	70	43	75	44	62	45	44	46	26	47	55	48	59	49	45
	0	75	1	5	2	29	3	58	4	11	5	82	6	60	7	44	8	4	9	71	10	88	11	51	12	50	13	87	14	61	15	26	16	49	17	43	18	15	19	31	20	44	21	85	22	7	23	14	24	13	25	68	26	25	27	89	28	19	29	20	30	64	31	17	32	38	33	20	34	32	35	85	36	38	37	77	38	42	39	44	40	66	41	10	42	83	43	35	44	61	45	38	46	97	47	20	48	32	49	48
	0	82	1	8	2	23	3	99	4	19	5	15	6	90	7	64	8	86	9	32	10	50	11	45	12	95	13	69	14	67	15	85	16	89	17	100	18	7	19	80	20	59	21	36	22	50	23	65	24	87	25	88	26	71	27	11	28	19	29	20	30	1	31	77	32	19	33	74	34	44	35	91	36	68	37	34	38	11	39	56	40	95	41	68	42	90	43	15	44	73	45	47	46	75	47	2	48	100	49	44
	0	6	1	80	2	52	3	53	4	9	5	36	6	86	7	84	8	26	9	88	10	23	11	35	12	87	13	15	14	38	15	22	16	51	17	21	18	41	19	42	20	20	21	1	22	26	23	96	24	16	25	57	26	15	27	72	28	58	29	89	30	37	31	9	32	87	33	56	34	4	35	55	36	28	37	88	38	87	39	97	40	85	41	89	42	96	43	48	44	1	45	61	46	18	47	93	48	46	49	38
	0	70	1	38	2	94	3	20	4	70	5	14	6	14	7	36	8	33	9	43	10	94	11	76	12	39	13	39	14	53	15	76	16	45	17	28	18	25	19	48	20	18	21	1	22	10	23	74	24	26	25	22	26	40	27	28	28	12	29	83	30	90	31	80	32	33	33	44	34	42	35	97	36	40	37	26	38	76	39	55	40	34	41	33	42	44	43	7	44	20	45	29	46	70	47	100	48	51	49	84
	0	51	1	9	2	27	3	73	4	75	5	41	6	90	7	95	8	80	9	42	10	41	11	38	12	1	13	74	14	52	15	14	16	8	17	83	18	70	19	32	20	4	21	57	22	21	23	95	24	54	25	42	26	61	27	26	28	59	29	72	30	41	31	63	32	90	33	25	34	82	35	92	36	60	37	28	38	66	39	81	40	82	41	44	42	97	43	54	44	54	45	36	46	95	47	23	48	65	49	89
	0	13	1	37	2	8	3	26	4	93	5	56	6	50	7	54	8	14	9	28	10	100	11	29	12	82	13	31	14	58	15	19	16	72	17	39	18	52	19	12	20	23	21	72	22	89	23	90	24	43	25	83	26	83	27	72	28	77	29	76	30	22	31	94	32	42	33	48	34	3	35	81	36	43	37	22	38	42	39	29	40	1	41	85	42	30	43	95	44	84	45	81	46	5	47	74	48	4	49	94
	0	47	1	7	2	28	3	35	4	29	5	49	6	11	7	23	8	79	9	75	10	54	11	4	12	20	13	39	14	52	15	72	16	14	17	84	18	59	19	72	20	23	21	69	22	16	23	99	24	45	25	84	26	3	27	30	28	13	29	38	30	10	31	41	32	48	33	70	34	41	35	15	36	11	37	2	38	4	39	28	40	91	41	29	42	31	43	63	44	32	45	28	46	56	47	16	48	74	49	33
	0	25	1	64	2	68	3	89	4	21	5	24	6	97	7	98	8	42	9	24	10	96	11	23	12	37	13	64	14	67	15	93	16	21	17	32	18	25	19	49	20	95	21	1	22	27	23	6	24	58	25	39	26	64	27	32	28	89	29	94	30	22	31	67	32	21	33	34	34	35	35	18	36	50	37	63	38	98	39	31	40	46	41	36	42	3	43	7	44	56	45	51	46	23	47	10	48	18	49	84
	0	47	1	99	2	28	3	98	4	50	5	67	6	29	7	40	8	57	9	84	10	7	11	15	12	8	13	63	14	22	15	91	16	67	17	99	18	7	19	72	20	16	21	62	22	9	23	64	24	15	25	30	26	57	27	88	28	42	29	93	30	80	31	46	32	34	33	78	34	18	35	25	36	85	37	64	38	84	39	4	40	81	41	82	42	84	43	94	44	85	45	38	46	97	47	22	48	86	49	90
	0	66	1	61	2	77	3	62	4	68	5	33	6	44	7	96	8	50	9	66	10	60	11	52	12	50	13	67	14	28	15	26	16	47	17	43	18	10	19	35	20	8	21	95	22	42	23	86	24	16	25	46	26	19	27	47	28	11	29	92	30	100	31	61	32	70	33	88	34	67	35	90	36	5	37	96	38	36	39	73	40	66	41	75	42	19	43	38	44	65	45	74	46	50	47	96	48	71	49	60
	0	65	1	9	2	31	3	2	4	77	5	24	6	19	7	88	8	81	9	85	10	26	11	41	12	98	13	99	14	36	15	63	16	26	17	93	18	49	19	30	20	72	21	96	22	55	23	8	24	68	25	40	26	59	27	72	28	7	29	55	30	15	31	38	32	45	33	4	34	30	35	42	36	57	37	83	38	29	39	38	40	49	41	86	42	97	43	87	44	52	45	3	46	47	47	50	48	56	49	10
	0	74	1	40	2	63	3	59	4	90	5	59	6	68	7	86	8	60	9	41	10	88	11	85	12	73	13	90	14	4	15	27	16	26	17	58	18	85	19	19	20	3	21	17	22	11	23	22	24	75	25	21	26	18	27	86	28	59	29	63	30	13	31	66	32	97	33	58	34	52	35	25	36	62	37	23	38	82	39	43	40	93	41	37	42	64	43	81	44	12	45	82	46	54	47	73	48	84	49	20
	0	97	1	49	2	16	3	45	4	62	5	6	6	7	7	15	8	34	9	76	10	98	11	67	12	13	13	77	14	84	15	41	16	19	17	18	18	83	19	99	20	86	21	18	22	76	23	94	24	91	25	54	26	66	27	30	28	64	29	28	30	17	31	24	32	61	33	55	34	68	35	45	36	5	37	87	38	35	39	16	40	21	41	15	42	60	43	79	44	31	45	46	46	44	47	75	48	73	49	27
	0	84	1	84	2	60	3	57	4	23	5	22	6	4	7	26	8	42	9	2	10	62	11	64	12	82	13	93	14	81	15	84	16	73	17	43	18	49	19	56	20	96	21	46	22	81	23	59	24	11	25	68	26	96	27	68	28	30	29	70	30	57	31	5	32	20	33	79	34	94	35	42	36	46	37	7	38	24	39	36	40	17	41	17	42	32	43	46	44	81	45	77	46	89	47	44	48	72	49	64
	0	13	1	42	2	22	3	5	4	3	5	76	6	87	7	55	8	98	9	25	10	44	11	64	12	47	13	69	14	62	15	86	16	86	17	99	18	48	19	13	20	55	21	36	22	37	23	46	24	18	25	24	26	62	27	51	28	54	29	10	30	21	31	37	32	24	33	14	34	41	35	70	36	54	37	52	38	95	39	10	40	84	41	89	42	31	43	21	44	53	45	1	46	3	47	9	48	39	49	90
	0	30	1	78	2	81	3	90	4	19	5	12	6	21	7	41	8	18	9	17	10	76	11	21	12	99	13	90	14	14	15	77	16	76	17	94	18	88	19	84	20	13	21	59	22	58	23	20	24	81	25	32	26	14	27	45	28	58	29	53	30	68	31	16	32	89	33	20	34	71	35	81	36	51	37	90	38	98	39	26	40	87	41	6	42	87	43	79	44	5	45	54	46	27	47	79	48	46	49	5
	0	38	1	84	2	88	3	75	4	83	5	68	6	31	7	15	8	7	9	10	10	60	11	23	12	93	13	17	14	14	15	31	16	76	17	100	18	89	19	4	20	66	21	99	22	53	23	72	24	53	25	49	26	57	27	61	28	11	29	4	30	64	31	11	32	23	33	79	34	38	35	85	36	79	37	71	38	61	39	14	40	37	41	71	42	63	43	29	44	42	45	75	46	92	47	81	48	32	49	57
	0	63	1	33	2	100	3	68	4	45	5	98	6	73	7	63	8	95	9	46	10	24	11	77	12	39	13	93	14	43	15	7	16	51	17	67	18	24	19	58	20	99	21	98	22	46	23	64	24	42	25	81	26	51	27	7	28	6	29	14	30	53	31	74	32	70	33	5	34	31	35	30	36	37	37	93	38	79	39	14	40	79	41	45	42	31	43	61	44	76	45	12	46	82	47	24	48	85	49	52
	0	54	1	45	2	15	3	65	4	5	5	91	6	91	7	89	8	65	9	72	10	32	11	54	12	41	13	87	14	79	15	100	16	49	17	72	18	48	19	91	20	34	21	61	22	88	23	94	24	5	25	59	26	74	27	2	28	5	29	98	30	70	31	20	32	63	33	38	34	28	35	38	36	21	37	18	38	26	39	66	40	35	41	67	42	42	43	100	44	78	45	45	46	29	47	52	48	2	49	69
	0	44	1	56	2	35	3	27	4	23	5	31	6	27	7	12	8	28	9	75	10	63	11	11	12	3	13	3	14	2	15	33	16	100	17	69	18	31	19	73	20	81	21	27	22	21	23	27	24	3	25	27	26	29	27	14	28	29	29	42	30	95	31	86	32	34	33	74	34	13	35	99	36	4	37	98	38	86	39	1	40	29	41	22	42	85	43	59	44	55	45	88	46	80	47	13	48	38	49	33
	0	7	1	51	2	13	3	88	4	91	5	27	6	80	7	88	8	43	9	72	10	59	11	7	12	91	13	76	14	75	15	62	16	30	17	26	18	72	19	36	20	77	21	45	22	62	23	7	24	88	25	53	26	66	27	8	28	65	29	52	30	97	31	33	32	54	33	10	34	98	35	66	36	20	37	82	38	30	39	10	40	49	41	12	42	68	43	33	44	12	45	82	46	67	47	61	48	80	49	24
	0	88	1	87	2	5	3	3	4	8	5	72	6	68	7	17	8	44	9	52	10	82	11	11	12	74	13	1	14	7	15	70	16	32	17	81	18	91	19	46	20	7	21	100	22	63	23	39	24	77	25	58	26	35	27	35	28	55	29	39	30	94	31	72	32	34	33	99	34	82	35	72	36	43	37	35	38	5	39	91	40	71	41	59	42	12	43	42	44	13	45	91	46	37	47	19	48	31	49	53
	0	95	1	9	2	59	3	39	4	81	5	75	6	76	7	73	8	99	9	57	10	33	11	91	12	31	13	12	14	11	15	15	16	29	17	91	18	39	19	93	20	63	21	25	22	98	23	20	24	98	25	86	26	3	27	88	28	45	29	5	30	33	31	5	32	31	33	4	34	30	35	86	36	82	37	53	38	25	39	18	40	97	41	58	42	35	43	38	44	86	45	51	46	42	47	86	48	72	49	33
	0	62	1	15	2	88	3	88	4	44	5	76	6	37	7	71	8	79	9	100	10	69	11	44	12	94	13	60	14	6	15	1	16	61	17	75	18	28	19	24	20	57	21	86	22	81	23	35	24	45	25	28	26	85	27	61	28	70	29	60	30	47	31	15	32	75	33	52	34	8	35	60	36	2	37	21	38	85	39	16	40	21	41	64	42	74	43	11	44	93	45	43	46	33	47	10	48	86	49	18
	0	65	1	49	2	72	3	23	4	63	5	78	6	90	7	35	8	88	9	76	10	55	11	88	12	97	13	90	14	35	15	27	16	34	17	36	18	33	19	1	20	57	21	29	22	53	23	42	24	63	25	51	26	28	27	82	28	35	29	78	30	35	31	4	32	20	33	6	34	42	35	24	36	8	37	63	38	42	39	60	40	87	41	95	42	83	43	23	44	74	45	52	46	95	47	42	48	62	49	25
	0	68	1	13	2	24	3	6	4	45	5	24	6	69	7	69	8	15	9	6	10	42	11	94	12	34	13	96	14	4	15	85	16	9	17	37	18	44	19	57	20	20	21	31	22	7	23	82	24	56	25	20	26	37	27	32	28	3	29	74	30	67	31	49	32	11	33	5	34	16	35	33	36	15	37	26	38	59	39	35	40	95	41	43	42	93	43	84	44	2	45	36	46	11	47	92	48	86	49	60
	0	54	1	14	2	87	3	2	4	7	5	64	6	98	7	34	8	52	9	2	10	2	11	79	12	10	13	46	14	33	15	76	16	20	17	84	18	21	19	90	20	31	21	84	22	25	23	26	24	31	25	14	26	58	27	41	28	17	29	44	30	55	31	46	32	80	33	78	34	50	35	53	36	76	37	32	38	52	39	23	40	93	41	71	42	31	43	87	44	34	45	66	46	77	47	79	48	81	49	24
	0	72	1	84	2	19	3	13	4	85	5	88	6	12	7	89	8	10	9	7	10	81	11	77	12	69	13	95	14	19	15	84	16	66	17	93	18	39	19	41	20	84	21	45	22	44	23	90	24	25	25	6	26	64	27	75	28	57	29	17	30	4	31	4	32	17	33	5	34	87	35	86	36	75	37	64	38	96	39	52	40	68	41	3	42	44	43	35	44	51	45	63	46	30	47	53	48	32	49	53
	0	52	1	12	2	77	3	62	4	94	5	47	6	12	7	20	8	8	9	52	10	56	11	44	12	47	13	68	14	55	15	74	16	32	17	28	18	14	19	90	20	52	21	87	22	31	23	78	24	33	25	82	26	95	27	54	28	27	29	97	30	93	31	96	32	4	33	27	34	37	35	35	36	41	37	68	38	17	39	90	40	58	41	90	42	27	43	66	44	31	45	46	46	27	47	40	48	86	49	30
	0	42	1	4	2	57	3	15	4	98	5	56	6	53	7	92	8	65	9	25	10	83	11	16	12	39	13	7	14	16	15	33	16	88	17	28	18	91	19	21	20	60	21	53	22	87	23	97	24	95	25	42	26	32	27	57	28	22	29	78	30	13	31	47	32	19	33	46	34	96	35	97	36	62	37	36	38	96	39	54	40	95	41	86	42	27	43	1	44	5	45	1	46	45	47	43	48	78	49	6
	0	58	1	11	2	56	3	23	4	53	5	94	6	54	7	80	8	84	9	11	10	71	11	90	12	7	13	98	14	27	15	56	16	62	17	34	18	9	19	96	20	35	21	73	22	89	23	96	24	50	25	28	26	72	27	17	28	78	29	33	30	70	31	36	32	63	33	83	34	17	35	90	36	94	37	16	38	68	39	43	40	78	41	7	42	53	43	4	44	98	45	64	46	66	47	76	48	55	49	64
	0	24	1	90	2	25	3	64	4	23	5	66	6	95	7	66	8	66	9	22	10	34	11	41	12	52	13	87	14	36	15	20	16	47	17	22	18	34	19	13	20	74	21	41	22	66	23	31	24	92	25	76	26	49	27	94	28	58	29	52	30	82	31	67	32	86	33	48	34	7	35	60	36	42	37	61	38	68	39	73	40	58	41	8	42	68	43	73	44	30	45	27	46	13	47	45	48	48	49	61
	0	78	1	48	2	75	3	39	4	55	5	59	6	56	7	86	8	53	9	97	10	44	11	29	12	60	13	58	14	66	15	77	16	100	17	7	18	61	19	95	20	29	21	93	22	63	23	97	24	65	25	94	26	30	27	30	28	39	29	20	30	17	31	29	32	13	33	100	34	48	35	53	36	10	37	57	38	59	39	42	40	38	41	48	42	87	43	53	44	13	45	95	46	36	47	60	48	10	49	64
	0	65	1	34	2	99	3	61	4	45	5	33	6	44	7	39	8	1	9	67	10	67	11	46	12	45	13	21	14	10	15	59	16	39	17	50	18	55	19	80	20	61	21	80	22	65	23	88	24	67	25	75	26	72	27	73	28	60	29	58	30	24	31	5	32	12	33	97	34	55	35	2	36	9	37	90	38	57	39	2	40	8	41	13	42	57	43	62	44	19	45	11	46	23	47	31	48	63	49	49
	0	70	1	70	2	67	3	60	4	26	5	17	6	89	7	43	8	76	9	26	10	97	11	6	12	11	13	17	14	26	15	52	16	31	17	28	18	9	19	68	20	89	21	43	22	41	23	45	24	78	25	48	26	23	27	48	28	89	29	37	30	8	31	19	32	96	33	61	34	26	35	70	36	48	37	5	38	75	39	11	40	74	41	28	42	2	43	18	44	26	45	3	46	6	47	22	48	21	49	41
	0	42	1	91	2	56	3	87	4	6	5	41	6	6	7	22	8	33	9	60	10	27	11	10	12	30	13	84	14	28	15	73	16	34	17	23	18	89	19	81	20	68	21	32	22	19	23	91	24	26	25	83	26	3	27	78	28	18	29	78	30	75	31	33	32	51	33	14	34	10	35	22	36	33	37	78	38	25	39	41	40	23	41	48	42	38	43	98	44	56	45	15	46	22	47	18	48	31	49	62
	0	41	1	41	2	32	3	60	4	75	5	67	6	15	7	68	8	61	9	73	10	99	11	44	12	2	13	84	14	24	15	14	16	32	17	100	18	70	19	39	20	26	21	100	22	61	23	93	24	9	25	63	26	85	27	39	28	90	29	94	30	4	31	53	32	28	33	44	34	50	35	53	36	12	37	47	38	9	39	15	40	1	41	31	42	57	43	98	44	69	45	62	46	95	47	98	48	39	49	38
	0	86	1	6	2	9	3	36	4	11	5	51	6	5	7	82	8	83	9	32	10	2	11	92	12	84	13	91	14	7	15	14	16	27	17	68	18	9	19	61	20	46	21	44	22	7	23	10	24	71	25	65	26	98	27	27	28	43	29	97	30	78	31	15	32	70	33	63	34	82	35	23	36	33	37	53	38	79	39	43	40	89	41	22	42	85	43	88	44	48	45	95	46	68	47	38	48	87	49	65
	0	52	1	77	2	56	3	50	4	47	5	83	6	87	7	25	8	74	9	25	10	93	11	71	12	33	13	76	14	33	15	94	16	59	17	73	18	79	19	10	20	63	21	52	22	12	23	88	24	27	25	50	26	16	27	13	28	35	29	67	30	74	31	6	32	35	33	3	34	66	35	7	36	70	37	36	38	26	39	8	40	34	41	93	42	13	43	4	44	16	45	30	46	3	47	89	48	64	49	40
	0	100	1	7	2	74	3	27	4	29	5	62	6	71	7	34	8	57	9	18	10	62	11	17	12	55	13	54	14	59	15	87	16	100	17	62	18	9	19	69	20	75	21	97	22	77	23	56	24	19	25	10	26	75	27	49	28	31	29	34	30	27	31	15	32	42	33	6	34	10	35	100	36	91	37	27	38	18	39	84	40	83	41	11	42	38	43	67	44	14	45	73	46	36	47	13	48	75	49	43
	0	78	1	96	2	95	3	24	4	58	5	29	6	71	7	25	8	89	9	70	10	88	11	20	12	87	13	28	14	43	15	46	16	53	17	17	18	16	19	16	20	27	21	34	22	53	23	18	24	85	25	62	26	57	27	28	28	82	29	9	30	3	31	49	32	77	33	46	34	13	35	76	36	90	37	16	38	74	39	16	40	72	41	94	42	64	43	40	44	91	45	49	46	40	47	42	48	68	49	39
	0	94	1	17	2	16	3	9	4	68	5	93	6	56	7	9	8	10	9	88	10	22	11	36	12	92	13	62	14	86	15	62	16	32	17	88	18	45	19	9	20	79	21	73	22	68	23	85	24	71	25	86	26	92	27	87	28	64	29	87	30	2	31	40	32	86	33	66	34	60	35	19	36	78	37	16	38	38	39	79	40	19	41	22	42	90	43	99	44	47	45	35	46	69	47	99	48	20	49	49
	0	51	1	90	2	82	3	15	4	56	5	71	6	40	7	53	8	52	9	90	10	41	11	50	12	86	13	9	14	20	15	52	16	90	17	66	18	76	19	92	20	51	21	8	22	51	23	100	24	27	25	41	26	66	27	1	28	72	29	29	30	17	31	99	32	95	33	30	34	25	35	87	36	48	37	47	38	23	39	38	40	43	41	43	42	91	43	74	44	32	45	49	46	100	47	17	48	99	49	41
	0	1	1	55	2	47	3	97	4	94	5	94	6	81	7	41	8	44	9	67	10	25	11	36	12	36	13	29	14	21	15	88	16	95	17	60	18	86	19	68	20	92	21	39	22	40	23	74	24	34	25	82	26	36	27	76	28	94	29	52	30	34	31	23	32	39	33	65	34	12	35	9	36	53	37	79	38	9	39	22	40	69	41	20	42	41	43	19	44	56	45	83	46	32	47	13	48	23	49	32
	0	47	1	56	2	39	3	55	4	30	5	47	6	79	7	72	8	78	9	21	10	44	11	100	12	2	13	80	14	18	15	8	16	63	17	73	18	57	19	30	20	75	21	41	22	28	23	19	24	14	25	90	26	30	27	54	28	88	29	45	30	88	31	26	32	42	33	96	34	78	35	87	36	6	37	66	38	35	39	19	40	17	41	29	42	62	43	58	44	66	45	70	46	14	47	96	48	52	49	79
	0	54	1	23	2	52	3	98	4	98	5	5	6	22	7	77	8	79	9	89	10	7	11	8	12	11	13	95	14	12	15	37	16	41	17	39	18	70	19	74	20	5	21	75	22	100	23	58	24	30	25	72	26	48	27	40	28	46	29	68	30	63	31	86	32	12	33	38	34	19	35	31	36	58	37	90	38	26	39	20	40	95	41	85	42	63	43	20	44	60	45	16	46	33	47	92	48	81	49	15
	0	29	1	53	2	87	3	66	4	52	5	82	6	100	7	41	8	28	9	24	10	82	11	91	12	11	13	11	14	19	15	54	16	65	17	15	18	76	19	67	20	69	21	75	22	40	23	92	24	92	25	86	26	49	27	92	28	12	29	38	30	73	31	20	32	1	33	25	34	74	35	98	36	83	37	88	38	94	39	14	40	44	41	48	42	30	43	57	44	47	45	41	46	84	47	53	48	85	49	67
Reldue
-1	2009	-1	1
-1	1527	-1	1
-1	3779	-1	1
-1	1749	-1	1
-1	2854	-1	1
-1	1748	-1	1
-1	3939	-1	1
-1	4423	-1	1
-1	2570	-1	1
-1	3081	-1	1
-1	4139	-1	1
-1	1950	-1	1
-1	1750	-1	1
-1	3277	-1	1
-1	1763	-1	1
-1	2905	-1	1
-1	3056	-1	1
-1	2983	-1	1
-1	4051	-1	1
-1	3698	-1	1
-1	1631	-1	1
-1	4230	-1	1
-1	4122	-1	1
-1	2225	-1	1
-1	2915	-1	1
-1	3939	-1	1
-1	2998	-1	1
-1	2159	-1	1
-1	2560	-1	1
-1	1982	-1	1
-1	3897	-1	1
-1	2686	-1	1
-1	2877	-1	1
-1	2681	-1	1
-1	3300	-1	1
-1	1699	-1	1
-1	2032	-1	1
-1	4169	-1	1
-1	4066	-1	1
-1	2803	-1	1
-1	2290	-1	1
-1	3267	-1	1
-1	2697	-1	1
-1	2446	-1	1
-1	1645	-1	1
-1	2908	-1	1
-1	4097	-1	1
-1	2200	-1	1
-1	1819	-1	1
-1	3954	-1	1
LBCmax: 4924
