50  10
	0	64	1	18	2	36	3	94	4	7	5	22	6	26	7	14	8	53	9	84
	0	39	1	16	2	26	3	16	4	18	5	33	6	25	7	71	8	2	9	89
	0	28	1	91	2	51	3	16	4	17	5	57	6	98	7	73	8	7	9	46
	0	12	1	20	2	76	3	6	4	86	5	45	6	35	7	14	8	3	9	46
	0	81	1	74	2	35	3	7	4	27	5	68	6	77	7	30	8	96	9	68
	0	27	1	8	2	31	3	80	4	56	5	44	6	52	7	63	8	40	9	67
	0	56	1	49	2	33	3	90	4	61	5	75	6	18	7	4	8	20	9	71
	0	54	1	18	2	64	3	91	4	15	5	79	6	47	7	73	8	82	9	37
	0	8	1	56	2	28	3	33	4	73	5	5	6	36	7	36	8	51	9	14
	0	1	1	40	2	6	3	83	4	26	5	14	6	7	7	4	8	21	9	62
	0	97	1	87	2	49	3	16	4	12	5	18	6	87	7	10	8	58	9	26
	0	88	1	68	2	29	3	10	4	70	5	17	6	3	7	44	8	71	9	27
	0	79	1	63	2	37	3	8	4	20	5	98	6	30	7	35	8	11	9	13
	0	81	1	82	2	78	3	75	4	27	5	75	6	91	7	28	8	4	9	3
	0	64	1	84	2	72	3	41	4	33	5	43	6	9	7	88	8	51	9	90
	0	11	1	4	2	57	3	53	4	50	5	11	6	93	7	8	8	8	9	94
	0	78	1	61	2	79	3	8	4	62	5	58	6	99	7	83	8	27	9	84
	0	65	1	87	2	3	3	70	4	29	5	76	6	5	7	9	8	100	9	51
	0	31	1	48	2	75	3	6	4	62	5	16	6	85	7	18	8	54	9	93
	0	40	1	38	2	18	3	47	4	91	5	57	6	28	7	75	8	44	9	79
	0	2	1	37	2	12	3	19	4	42	5	68	6	78	7	93	8	34	9	100
	0	92	1	88	2	40	3	40	4	54	5	22	6	33	7	72	8	33	9	25
	0	64	1	95	2	29	3	12	4	52	5	5	6	89	7	25	8	40	9	78
	0	13	1	54	2	57	3	27	4	36	5	83	6	86	7	29	8	53	9	15
	0	21	1	48	2	28	3	58	4	57	5	100	6	9	7	93	8	63	9	32
	0	31	1	51	2	16	3	22	4	97	5	65	6	8	7	13	8	39	9	84
	0	43	1	35	2	27	3	49	4	90	5	84	6	70	7	87	8	69	9	67
	0	14	1	65	2	71	3	23	4	49	5	96	6	44	7	76	8	71	9	13
	0	4	1	93	2	62	3	45	4	38	5	44	6	85	7	47	8	22	9	86
	0	4	1	81	2	67	3	25	4	78	5	58	6	58	7	26	8	95	9	68
	0	60	1	60	2	37	3	69	4	99	5	35	6	88	7	12	8	47	9	33
	0	41	1	26	2	67	3	45	4	53	5	82	6	88	7	96	8	58	9	7
	0	35	1	76	2	41	3	42	4	22	5	45	6	26	7	27	8	74	9	60
	0	35	1	89	2	59	3	49	4	20	5	53	6	27	7	31	8	77	9	96
	0	94	1	46	2	91	3	29	4	20	5	65	6	76	7	62	8	60	9	78
	0	97	1	100	2	100	3	78	4	3	5	67	6	3	7	2	8	5	9	52
	0	10	1	84	2	62	3	38	4	100	5	42	6	82	7	46	8	85	9	100
	0	40	1	11	2	94	3	6	4	64	5	68	6	87	7	17	8	50	9	12
	0	77	1	52	2	6	3	80	4	76	5	24	6	38	7	36	8	87	9	19
	0	15	1	83	2	96	3	82	4	89	5	31	6	49	7	8	8	60	9	79
	0	10	1	68	2	99	3	99	4	42	5	18	6	71	7	43	8	54	9	59
	0	37	1	88	2	99	3	46	4	9	5	2	6	29	7	84	8	90	9	1
	0	34	1	35	2	30	3	18	4	20	5	30	6	79	7	12	8	7	9	81
	0	15	1	82	2	50	3	1	4	68	5	78	6	14	7	2	8	95	9	4
	0	61	1	32	2	47	3	69	4	16	5	51	6	50	7	23	8	34	9	69
	0	96	1	95	2	86	3	98	4	92	5	10	6	26	7	92	8	38	9	48
	0	4	1	60	2	24	3	89	4	56	5	4	6	61	7	42	8	69	9	90
	0	89	1	55	2	8	3	72	4	33	5	62	6	51	7	23	8	94	9	3
	0	72	1	28	2	92	3	25	4	70	5	76	6	15	7	62	8	17	9	19
	0	17	1	36	2	7	3	8	4	88	5	36	6	90	7	20	8	83	9	62
Reldue
-1	1352	-1	1
-1	828	-1	1
-1	2112	-1	1
-1	1355	-1	1
-1	1387	-1	1
-1	5	-1	1
-1	2625	-1	1
-1	55	-1	1
-1	1693	-1	1
-1	2231	-1	1
-1	634	-1	1
-1	51	-1	1
-1	968	-1	1
-1	1382	-1	1
-1	157	-1	1
-1	2061	-1	1
-1	2565	-1	1
-1	1287	-1	1
-1	2236	-1	1
-1	755	-1	1
-1	1530	-1	1
-1	1496	-1	1
-1	352	-1	1
-1	2681	-1	1
-1	336	-1	1
-1	1369	-1	1
-1	692	-1	1
-1	1562	-1	1
-1	595	-1	1
-1	884	-1	1
-1	982	-1	1
-1	2343	-1	1
-1	2172	-1	1
-1	2296	-1	1
-1	1400	-1	1
-1	2534	-1	1
-1	102	-1	1
-1	787	-1	1
-1	2124	-1	1
-1	1365	-1	1
-1	979	-1	1
-1	203	-1	1
-1	1230	-1	1
-1	2293	-1	1
-1	560	-1	1
-1	1713	-1	1
-1	1748	-1	1
-1	131	-1	1
-1	1272	-1	1
-1	88	-1	1
LBCmax: 3089
