250  50
	0	40	1	61	2	15	3	6	4	76	5	78	6	100	7	20	8	94	9	77	10	61	11	67	12	76	13	20	14	25	15	13	16	4	17	88	18	60	19	57	20	99	21	6	22	77	23	36	24	40	25	12	26	5	27	28	28	83	29	48	30	79	31	16	32	39	33	81	34	92	35	56	36	53	37	91	38	88	39	84	40	97	41	91	42	13	43	55	44	79	45	67	46	35	47	83	48	30	49	39
	0	100	1	43	2	7	3	82	4	4	5	40	6	34	7	83	8	80	9	66	10	77	11	90	12	33	13	93	14	8	15	99	16	78	17	78	18	19	19	82	20	55	21	73	22	76	23	45	24	39	25	73	26	37	27	80	28	60	29	41	30	73	31	36	32	91	33	83	34	59	35	37	36	98	37	85	38	26	39	16	40	31	41	19	42	89	43	42	44	11	45	74	46	8	47	51	48	48	49	84
	0	22	1	32	2	87	3	59	4	79	5	10	6	72	7	26	8	51	9	15	10	63	11	44	12	2	13	68	14	64	15	59	16	52	17	87	18	40	19	100	20	47	21	7	22	22	23	35	24	47	25	71	26	42	27	46	28	68	29	26	30	35	31	76	32	56	33	47	34	6	35	78	36	72	37	54	38	54	39	55	40	23	41	3	42	92	43	63	44	59	45	74	46	4	47	42	48	26	49	78
	0	39	1	77	2	49	3	51	4	23	5	1	6	71	7	23	8	41	9	11	10	90	11	65	12	30	13	44	14	59	15	60	16	62	17	30	18	42	19	51	20	33	21	42	22	44	23	53	24	75	25	83	26	54	27	47	28	56	29	93	30	70	31	81	32	39	33	73	34	5	35	48	36	10	37	42	38	78	39	20	40	3	41	88	42	43	43	61	44	81	45	67	46	16	47	31	48	42	49	79
	0	97	1	74	2	65	3	7	4	6	5	50	6	26	7	1	8	67	9	29	10	23	11	59	12	13	13	94	14	18	15	9	16	6	17	95	18	69	19	24	20	81	21	60	22	6	23	5	24	70	25	56	26	94	27	14	28	57	29	45	30	63	31	52	32	64	33	99	34	16	35	10	36	93	37	55	38	38	39	32	40	52	41	15	42	64	43	79	44	36	45	40	46	85	47	71	48	65	49	95
	0	94	1	51	2	87	3	18	4	13	5	9	6	83	7	46	8	33	9	43	10	56	11	15	12	76	13	42	14	90	15	3	16	56	17	49	18	85	19	7	20	90	21	2	22	28	23	50	24	97	25	80	26	58	27	72	28	81	29	6	30	16	31	50	32	86	33	64	34	99	35	45	36	66	37	59	38	62	39	79	40	20	41	99	42	35	43	80	44	65	45	6	46	44	47	64	48	67	49	61
	0	57	1	19	2	43	3	52	4	89	5	33	6	99	7	78	8	50	9	66	10	83	11	30	12	12	13	65	14	54	15	48	16	15	17	69	18	95	19	26	20	60	21	52	22	35	23	18	24	59	25	8	26	47	27	62	28	16	29	62	30	36	31	24	32	80	33	84	34	40	35	36	36	96	37	12	38	2	39	79	40	24	41	27	42	98	43	18	44	26	45	45	46	14	47	22	48	27	49	95
	0	7	1	98	2	100	3	16	4	15	5	26	6	38	7	88	8	71	9	95	10	12	11	79	12	59	13	53	14	20	15	69	16	7	17	25	18	82	19	88	20	98	21	75	22	39	23	86	24	67	25	12	26	53	27	98	28	91	29	48	30	26	31	3	32	97	33	76	34	74	35	71	36	55	37	36	38	30	39	42	40	19	41	55	42	63	43	98	44	39	45	3	46	39	47	18	48	54	49	100
	0	51	1	14	2	36	3	52	4	98	5	98	6	64	7	18	8	6	9	32	10	17	11	23	12	95	13	52	14	39	15	75	16	46	17	72	18	8	19	50	20	35	21	13	22	7	23	52	24	18	25	4	26	88	27	67	28	93	29	52	30	72	31	59	32	74	33	94	34	23	35	80	36	51	37	50	38	94	39	5	40	21	41	59	42	33	43	88	44	13	45	74	46	92	47	25	48	49	49	22
	0	86	1	61	2	1	3	75	4	81	5	64	6	47	7	83	8	24	9	79	10	34	11	69	12	36	13	13	14	98	15	83	16	24	17	22	18	93	19	49	20	97	21	5	22	52	23	90	24	87	25	19	26	55	27	82	28	98	29	69	30	86	31	79	32	56	33	50	34	19	35	25	36	22	37	31	38	39	39	22	40	74	41	11	42	10	43	43	44	4	45	88	46	33	47	87	48	61	49	28
	0	64	1	35	2	46	3	18	4	74	5	39	6	33	7	32	8	91	9	62	10	79	11	63	12	32	13	50	14	46	15	86	16	28	17	89	18	44	19	58	20	6	21	13	22	74	23	73	24	63	25	24	26	16	27	23	28	67	29	67	30	16	31	38	32	48	33	69	34	44	35	4	36	84	37	22	38	37	39	84	40	86	41	79	42	43	43	80	44	32	45	93	46	40	47	29	48	10	49	19
	0	94	1	13	2	78	3	45	4	65	5	16	6	31	7	39	8	95	9	71	10	51	11	31	12	25	13	79	14	76	15	43	16	30	17	90	18	96	19	54	20	69	21	68	22	1	23	72	24	79	25	4	26	99	27	21	28	80	29	27	30	94	31	93	32	50	33	29	34	5	35	10	36	98	37	29	38	48	39	92	40	47	41	100	42	13	43	41	44	85	45	70	46	24	47	72	48	74	49	64
	0	47	1	55	2	9	3	19	4	91	5	59	6	61	7	36	8	19	9	96	10	65	11	16	12	52	13	16	14	23	15	3	16	60	17	4	18	32	19	39	20	41	21	64	22	62	23	91	24	46	25	12	26	51	27	18	28	13	29	100	30	80	31	81	32	94	33	44	34	43	35	9	36	9	37	32	38	42	39	88	40	47	41	31	42	54	43	24	44	4	45	20	46	60	47	96	48	34	49	22
	0	31	1	15	2	35	3	11	4	10	5	40	6	16	7	6	8	33	9	18	10	9	11	96	12	82	13	58	14	13	15	43	16	67	17	51	18	100	19	64	20	61	21	89	22	9	23	93	24	62	25	65	26	14	27	61	28	36	29	32	30	38	31	61	32	70	33	63	34	48	35	66	36	46	37	56	38	59	39	42	40	1	41	55	42	25	43	57	44	51	45	78	46	2	47	74	48	83	49	94
	0	6	1	99	2	39	3	81	4	100	5	98	6	62	7	45	8	91	9	26	10	63	11	100	12	6	13	19	14	31	15	27	16	96	17	40	18	8	19	64	20	81	21	87	22	82	23	3	24	17	25	6	26	88	27	86	28	77	29	63	30	1	31	29	32	64	33	61	34	80	35	18	36	88	37	15	38	87	39	56	40	89	41	24	42	84	43	54	44	89	45	98	46	3	47	93	48	89	49	19
	0	15	1	1	2	59	3	60	4	62	5	26	6	88	7	92	8	27	9	93	10	77	11	36	12	41	13	85	14	7	15	50	16	70	17	70	18	8	19	64	20	23	21	80	22	10	23	95	24	74	25	10	26	61	27	99	28	82	29	84	30	30	31	66	32	70	33	19	34	39	35	32	36	83	37	74	38	85	39	91	40	35	41	73	42	60	43	20	44	27	45	30	46	63	47	43	48	77	49	23
	0	67	1	19	2	20	3	90	4	98	5	1	6	42	7	51	8	15	9	26	10	75	11	63	12	22	13	20	14	59	15	83	16	38	17	27	18	47	19	89	20	2	21	5	22	14	23	63	24	4	25	44	26	95	27	71	28	54	29	91	30	56	31	72	32	43	33	1	34	80	35	47	36	43	37	34	38	30	39	20	40	64	41	84	42	93	43	30	44	59	45	99	46	51	47	75	48	43	49	18
	0	10	1	2	2	76	3	64	4	96	5	66	6	7	7	40	8	85	9	54	10	100	11	26	12	39	13	32	14	83	15	85	16	67	17	99	18	83	19	11	20	12	21	27	22	42	23	79	24	58	25	28	26	32	27	94	28	96	29	87	30	13	31	31	32	91	33	31	34	92	35	23	36	46	37	49	38	89	39	39	40	47	41	64	42	13	43	52	44	46	45	27	46	5	47	99	48	1	49	85
	0	98	1	76	2	96	3	45	4	3	5	20	6	98	7	36	8	28	9	75	10	29	11	28	12	75	13	44	14	63	15	85	16	78	17	65	18	63	19	41	20	89	21	77	22	40	23	26	24	3	25	53	26	75	27	97	28	97	29	21	30	60	31	34	32	14	33	99	34	20	35	13	36	22	37	16	38	50	39	72	40	29	41	88	42	67	43	20	44	27	45	85	46	58	47	61	48	9	49	98
	0	79	1	37	2	66	3	87	4	26	5	4	6	75	7	87	8	12	9	98	10	17	11	79	12	79	13	62	14	5	15	79	16	59	17	31	18	93	19	78	20	56	21	94	22	11	23	55	24	10	25	99	26	38	27	34	28	66	29	46	30	4	31	57	32	57	33	96	34	1	35	8	36	81	37	99	38	27	39	90	40	22	41	96	42	95	43	56	44	53	45	75	46	86	47	37	48	17	49	64
	0	32	1	21	2	70	3	100	4	47	5	76	6	40	7	15	8	47	9	25	10	35	11	14	12	27	13	5	14	95	15	40	16	93	17	78	18	85	19	53	20	55	21	75	22	53	23	75	24	28	25	85	26	33	27	69	28	20	29	25	30	33	31	43	32	74	33	57	34	51	35	25	36	5	37	25	38	22	39	34	40	63	41	40	42	69	43	32	44	90	45	30	46	23	47	55	48	64	49	38
	0	25	1	46	2	48	3	31	4	39	5	31	6	88	7	48	8	28	9	27	10	16	11	19	12	79	13	61	14	74	15	3	16	66	17	45	18	47	19	56	20	4	21	33	22	66	23	14	24	32	25	51	26	48	27	47	28	3	29	93	30	54	31	28	32	99	33	99	34	94	35	22	36	92	37	74	38	12	39	83	40	6	41	22	42	26	43	22	44	58	45	76	46	10	47	77	48	90	49	74
	0	32	1	96	2	19	3	5	4	5	5	35	6	46	7	16	8	1	9	98	10	31	11	69	12	24	13	93	14	11	15	69	16	72	17	91	18	12	19	29	20	12	21	78	22	91	23	17	24	50	25	65	26	7	27	9	28	76	29	97	30	8	31	64	32	13	33	52	34	79	35	55	36	2	37	41	38	88	39	57	40	96	41	50	42	34	43	60	44	56	45	78	46	73	47	56	48	58	49	56
	0	77	1	35	2	67	3	70	4	66	5	62	6	30	7	4	8	96	9	47	10	89	11	85	12	10	13	8	14	38	15	4	16	81	17	6	18	45	19	20	20	97	21	95	22	24	23	98	24	75	25	9	26	51	27	28	28	5	29	94	30	25	31	13	32	51	33	43	34	29	35	50	36	71	37	99	38	55	39	21	40	27	41	39	42	88	43	63	44	94	45	38	46	54	47	11	48	4	49	92
	0	96	1	16	2	65	3	41	4	22	5	65	6	46	7	25	8	32	9	92	10	34	11	61	12	39	13	33	14	80	15	20	16	18	17	62	18	6	19	57	20	61	21	26	22	35	23	99	24	28	25	53	26	67	27	24	28	97	29	9	30	11	31	60	32	86	33	20	34	45	35	93	36	71	37	97	38	75	39	77	40	41	41	19	42	96	43	72	44	62	45	64	46	92	47	49	48	25	49	98
	0	26	1	53	2	27	3	56	4	90	5	5	6	87	7	83	8	44	9	75	10	5	11	8	12	47	13	75	14	16	15	77	16	48	17	39	18	100	19	69	20	21	21	1	22	41	23	61	24	34	25	79	26	52	27	32	28	99	29	22	30	12	31	4	32	45	33	96	34	78	35	73	36	91	37	100	38	64	39	79	40	47	41	40	42	6	43	97	44	40	45	12	46	59	47	84	48	42	49	56
	0	81	1	81	2	76	3	96	4	15	5	70	6	100	7	77	8	61	9	36	10	96	11	49	12	11	13	76	14	34	15	82	16	84	17	67	18	73	19	89	20	76	21	68	22	6	23	7	24	26	25	41	26	100	27	63	28	55	29	87	30	51	31	10	32	32	33	63	34	66	35	25	36	66	37	1	38	51	39	97	40	38	41	57	42	58	43	54	44	24	45	64	46	25	47	97	48	62	49	53
	0	1	1	42	2	62	3	83	4	58	5	2	6	86	7	80	8	21	9	33	10	18	11	87	12	61	13	57	14	17	15	66	16	48	17	15	18	18	19	9	20	56	21	10	22	26	23	47	24	47	25	72	26	24	27	67	28	4	29	15	30	71	31	73	32	75	33	95	34	81	35	53	36	50	37	90	38	1	39	32	40	79	41	41	42	31	43	34	44	11	45	41	46	43	47	73	48	14	49	58
	0	14	1	53	2	88	3	28	4	63	5	38	6	5	7	56	8	53	9	36	10	16	11	100	12	18	13	97	14	28	15	45	16	12	17	12	18	34	19	77	20	84	21	92	22	33	23	20	24	45	25	30	26	1	27	94	28	65	29	91	30	86	31	8	32	20	33	90	34	31	35	99	36	84	37	38	38	57	39	69	40	24	41	75	42	64	43	5	44	56	45	19	46	25	47	54	48	54	49	95
	0	72	1	6	2	41	3	31	4	25	5	16	6	85	7	29	8	88	9	40	10	82	11	52	12	22	13	86	14	19	15	81	16	73	17	11	18	18	19	30	20	11	21	92	22	21	23	39	24	10	25	72	26	80	27	63	28	62	29	49	30	28	31	38	32	34	33	61	34	74	35	95	36	81	37	92	38	44	39	37	40	88	41	89	42	39	43	18	44	10	45	75	46	17	47	89	48	13	49	92
	0	89	1	76	2	60	3	18	4	98	5	33	6	72	7	32	8	33	9	76	10	72	11	21	12	72	13	80	14	95	15	63	16	80	17	10	18	6	19	23	20	85	21	10	22	72	23	43	24	26	25	76	26	72	27	22	28	39	29	77	30	58	31	8	32	18	33	13	34	76	35	54	36	78	37	16	38	26	39	5	40	2	41	34	42	16	43	24	44	49	45	59	46	41	47	73	48	52	49	75
	0	93	1	97	2	44	3	58	4	70	5	90	6	77	7	38	8	63	9	39	10	31	11	10	12	19	13	65	14	20	15	54	16	17	17	21	18	57	19	96	20	7	21	99	22	21	23	39	24	92	25	77	26	37	27	16	28	65	29	92	30	77	31	68	32	14	33	19	34	24	35	39	36	72	37	10	38	74	39	46	40	72	41	1	42	58	43	56	44	20	45	8	46	6	47	90	48	22	49	54
	0	98	1	36	2	7	3	14	4	68	5	19	6	29	7	63	8	39	9	95	10	66	11	58	12	39	13	42	14	25	15	5	16	1	17	67	18	23	19	69	20	42	21	64	22	17	23	49	24	6	25	82	26	89	27	20	28	80	29	88	30	14	31	4	32	37	33	46	34	75	35	36	36	65	37	28	38	87	39	27	40	76	41	39	42	52	43	50	44	17	45	28	46	64	47	87	48	19	49	5
	0	27	1	25	2	52	3	88	4	53	5	86	6	82	7	58	8	63	9	25	10	45	11	92	12	98	13	34	14	80	15	92	16	21	17	41	18	82	19	49	20	63	21	82	22	89	23	94	24	40	25	85	26	85	27	33	28	54	29	12	30	95	31	66	32	46	33	24	34	21	35	36	36	66	37	80	38	13	39	56	40	87	41	83	42	98	43	21	44	61	45	21	46	100	47	89	48	8	49	95
	0	34	1	88	2	83	3	2	4	40	5	7	6	54	7	19	8	10	9	39	10	99	11	38	12	13	13	18	14	98	15	100	16	10	17	54	18	74	19	64	20	46	21	49	22	13	23	95	24	29	25	73	26	75	27	57	28	46	29	4	30	61	31	53	32	78	33	82	34	8	35	25	36	12	37	27	38	24	39	49	40	59	41	7	42	87	43	39	44	30	45	79	46	63	47	78	48	26	49	16
	0	30	1	32	2	48	3	12	4	3	5	2	6	26	7	20	8	94	9	49	10	32	11	55	12	61	13	57	14	21	15	90	16	31	17	56	18	7	19	4	20	91	21	7	22	91	23	74	24	86	25	3	26	73	27	17	28	73	29	69	30	23	31	21	32	17	33	45	34	7	35	20	36	24	37	83	38	72	39	13	40	53	41	15	42	46	43	14	44	46	45	40	46	11	47	1	48	77	49	61
	0	48	1	91	2	2	3	68	4	61	5	52	6	50	7	32	8	37	9	55	10	23	11	77	12	97	13	95	14	53	15	27	16	31	17	52	18	53	19	56	20	44	21	77	22	72	23	89	24	44	25	2	26	14	27	23	28	45	29	29	30	6	31	70	32	78	33	40	34	11	35	44	36	19	37	31	38	15	39	42	40	91	41	64	42	63	43	93	44	92	45	90	46	89	47	66	48	48	49	86
	0	74	1	77	2	15	3	15	4	53	5	20	6	53	7	92	8	19	9	18	10	63	11	14	12	10	13	80	14	61	15	8	16	81	17	87	18	11	19	78	20	100	21	63	22	71	23	70	24	2	25	95	26	95	27	85	28	6	29	15	30	8	31	4	32	77	33	43	34	54	35	8	36	82	37	69	38	72	39	10	40	74	41	24	42	51	43	24	44	11	45	50	46	80	47	50	48	84	49	88
	0	79	1	34	2	5	3	38	4	86	5	47	6	6	7	55	8	42	9	87	10	22	11	90	12	79	13	88	14	64	15	89	16	25	17	11	18	25	19	13	20	67	21	31	22	49	23	30	24	41	25	54	26	68	27	3	28	40	29	24	30	97	31	77	32	58	33	20	34	14	35	26	36	12	37	23	38	99	39	30	40	9	41	27	42	83	43	70	44	50	45	21	46	41	47	90	48	86	49	57
	0	33	1	42	2	77	3	85	4	71	5	14	6	8	7	22	8	71	9	26	10	65	11	91	12	6	13	21	14	80	15	31	16	95	17	100	18	99	19	77	20	63	21	67	22	22	23	64	24	73	25	2	26	31	27	91	28	23	29	59	30	92	31	55	32	40	33	59	34	11	35	50	36	27	37	42	38	76	39	77	40	42	41	71	42	100	43	12	44	7	45	30	46	72	47	40	48	98	49	44
	0	64	1	40	2	38	3	3	4	51	5	83	6	5	7	92	8	51	9	82	10	33	11	48	12	92	13	90	14	62	15	84	16	46	17	59	18	61	19	70	20	10	21	92	22	36	23	53	24	10	25	50	26	1	27	50	28	57	29	95	30	54	31	60	32	98	33	93	34	22	35	63	36	10	37	97	38	25	39	14	40	62	41	85	42	3	43	48	44	32	45	25	46	97	47	48	48	33	49	93
	0	74	1	44	2	24	3	68	4	44	5	52	6	80	7	69	8	96	9	67	10	53	11	23	12	80	13	62	14	58	15	70	16	69	17	62	18	59	19	44	20	15	21	4	22	34	23	89	24	70	25	91	26	51	27	99	28	28	29	98	30	90	31	87	32	25	33	97	34	75	35	30	36	84	37	12	38	16	39	34	40	12	41	7	42	71	43	25	44	73	45	78	46	75	47	56	48	94	49	3
	0	4	1	88	2	86	3	63	4	57	5	86	6	81	7	46	8	86	9	27	10	19	11	94	12	8	13	28	14	32	15	53	16	67	17	33	18	13	19	39	20	44	21	15	22	74	23	33	24	20	25	80	26	15	27	51	28	49	29	88	30	67	31	80	32	96	33	22	34	84	35	56	36	43	37	70	38	91	39	22	40	67	41	1	42	18	43	11	44	45	45	51	46	69	47	24	48	49	49	56
	0	15	1	7	2	11	3	79	4	13	5	48	6	5	7	43	8	68	9	37	10	49	11	54	12	17	13	73	14	30	15	64	16	87	17	11	18	23	19	36	20	62	21	66	22	20	23	90	24	54	25	37	26	34	27	48	28	69	29	11	30	13	31	5	32	12	33	51	34	83	35	98	36	72	37	95	38	23	39	47	40	81	41	7	42	16	43	94	44	30	45	54	46	49	47	58	48	7	49	21
	0	48	1	79	2	62	3	65	4	67	5	39	6	41	7	75	8	73	9	58	10	22	11	4	12	99	13	14	14	56	15	70	16	46	17	43	18	99	19	56	20	69	21	99	22	82	23	45	24	61	25	100	26	52	27	83	28	39	29	75	30	86	31	44	32	92	33	98	34	71	35	45	36	25	37	69	38	75	39	42	40	34	41	73	42	78	43	83	44	91	45	42	46	31	47	29	48	9	49	89
	0	51	1	50	2	32	3	85	4	83	5	51	6	65	7	14	8	84	9	8	10	32	11	14	12	3	13	99	14	47	15	93	16	73	17	71	18	6	19	79	20	34	21	68	22	59	23	37	24	42	25	16	26	19	27	76	28	57	29	56	30	99	31	11	32	92	33	37	34	98	35	66	36	81	37	37	38	79	39	30	40	86	41	67	42	6	43	99	44	65	45	73	46	24	47	64	48	62	49	47
	0	17	1	43	2	79	3	98	4	59	5	46	6	78	7	61	8	59	9	28	10	83	11	43	12	64	13	86	14	95	15	16	16	45	17	80	18	51	19	29	20	25	21	96	22	77	23	87	24	82	25	80	26	17	27	15	28	58	29	15	30	38	31	16	32	61	33	14	34	55	35	91	36	15	37	46	38	9	39	64	40	30	41	36	42	94	43	45	44	71	45	92	46	39	47	24	48	51	49	42
	0	56	1	70	2	95	3	8	4	33	5	86	6	30	7	36	8	32	9	36	10	2	11	50	12	12	13	61	14	36	15	18	16	90	17	20	18	80	19	35	20	13	21	62	22	99	23	68	24	6	25	83	26	10	27	10	28	12	29	38	30	85	31	42	32	38	33	13	34	52	35	16	36	85	37	66	38	62	39	70	40	19	41	16	42	29	43	74	44	99	45	1	46	36	47	60	48	92	49	73
	0	77	1	65	2	28	3	78	4	75	5	15	6	69	7	42	8	89	9	20	10	10	11	73	12	14	13	50	14	24	15	27	16	28	17	20	18	27	19	24	20	38	21	13	22	19	23	94	24	33	25	95	26	24	27	98	28	49	29	22	30	55	31	49	32	98	33	35	34	49	35	26	36	16	37	97	38	65	39	70	40	37	41	7	42	36	43	85	44	98	45	8	46	24	47	97	48	25	49	73
	0	7	1	42	2	60	3	22	4	4	5	77	6	28	7	22	8	20	9	51	10	60	11	60	12	54	13	64	14	6	15	100	16	30	17	10	18	23	19	58	20	8	21	79	22	4	23	55	24	1	25	67	26	95	27	39	28	28	29	19	30	18	31	79	32	33	33	92	34	79	35	82	36	83	37	34	38	50	39	66	40	26	41	98	42	47	43	10	44	48	45	48	46	36	47	64	48	82	49	20
	0	43	1	72	2	46	3	45	4	60	5	50	6	26	7	52	8	57	9	38	10	12	11	4	12	50	13	94	14	68	15	36	16	88	17	2	18	92	19	98	20	53	21	38	22	91	23	17	24	85	25	81	26	77	27	44	28	89	29	84	30	72	31	39	32	68	33	35	34	61	35	9	36	94	37	81	38	36	39	11	40	30	41	81	42	33	43	77	44	35	45	23	46	35	47	25	48	29	49	19
	0	6	1	67	2	12	3	52	4	70	5	24	6	45	7	62	8	66	9	8	10	42	11	66	12	28	13	36	14	35	15	75	16	65	17	76	18	18	19	36	20	66	21	57	22	58	23	18	24	32	25	78	26	57	27	27	28	16	29	98	30	85	31	97	32	28	33	2	34	23	35	24	36	27	37	74	38	91	39	15	40	22	41	13	42	37	43	71	44	33	45	69	46	29	47	42	48	5	49	14
	0	61	1	7	2	59	3	39	4	79	5	76	6	32	7	61	8	70	9	14	10	48	11	83	12	88	13	25	14	96	15	29	16	2	17	70	18	34	19	63	20	85	21	82	22	33	23	43	24	90	25	9	26	31	27	88	28	76	29	14	30	60	31	56	32	75	33	86	34	64	35	47	36	25	37	59	38	39	39	92	40	99	41	47	42	27	43	98	44	13	45	21	46	81	47	39	48	85	49	9
	0	69	1	24	2	81	3	79	4	73	5	99	6	86	7	43	8	21	9	30	10	50	11	98	12	41	13	99	14	31	15	67	16	42	17	7	18	25	19	47	20	41	21	54	22	41	23	39	24	7	25	51	26	82	27	28	28	85	29	83	30	28	31	60	32	20	33	30	34	32	35	100	36	96	37	93	38	79	39	87	40	60	41	20	42	70	43	23	44	93	45	4	46	21	47	47	48	56	49	89
	0	3	1	97	2	11	3	41	4	59	5	54	6	100	7	36	8	60	9	15	10	46	11	82	12	8	13	45	14	82	15	92	16	83	17	15	18	41	19	54	20	96	21	7	22	64	23	75	24	100	25	48	26	95	27	94	28	56	29	22	30	81	31	98	32	78	33	42	34	2	35	64	36	90	37	10	38	75	39	38	40	60	41	78	42	31	43	16	44	22	45	87	46	57	47	61	48	77	49	71
	0	29	1	23	2	33	3	19	4	7	5	97	6	50	7	58	8	55	9	61	10	70	11	90	12	99	13	79	14	66	15	92	16	52	17	46	18	39	19	74	20	59	21	33	22	39	23	40	24	43	25	31	26	88	27	11	28	55	29	28	30	51	31	90	32	62	33	56	34	56	35	93	36	20	37	82	38	74	39	64	40	18	41	56	42	13	43	54	44	99	45	17	46	74	47	34	48	81	49	25
	0	84	1	66	2	38	3	81	4	98	5	52	6	16	7	38	8	44	9	43	10	96	11	21	12	36	13	74	14	28	15	22	16	1	17	48	18	91	19	11	20	72	21	3	22	58	23	96	24	61	25	14	26	78	27	35	28	10	29	31	30	92	31	53	32	72	33	56	34	54	35	36	36	87	37	88	38	17	39	10	40	47	41	10	42	5	43	9	44	62	45	97	46	96	47	6	48	75	49	57
	0	68	1	56	2	89	3	40	4	85	5	63	6	5	7	73	8	41	9	97	10	72	11	22	12	71	13	96	14	18	15	68	16	9	17	39	18	97	19	51	20	46	21	86	22	76	23	41	24	16	25	98	26	51	27	13	28	18	29	6	30	55	31	43	32	56	33	77	34	17	35	65	36	41	37	2	38	59	39	38	40	100	41	3	42	57	43	24	44	85	45	33	46	10	47	75	48	60	49	20
	0	67	1	71	2	37	3	68	4	29	5	69	6	71	7	35	8	21	9	52	10	29	11	33	12	90	13	81	14	15	15	25	16	92	17	96	18	99	19	21	20	57	21	14	22	78	23	95	24	57	25	29	26	87	27	59	28	7	29	4	30	24	31	97	32	81	33	2	34	56	35	22	36	26	37	24	38	19	39	4	40	86	41	19	42	46	43	13	44	96	45	98	46	68	47	37	48	93	49	77
	0	68	1	96	2	53	3	10	4	2	5	51	6	56	7	7	8	11	9	82	10	35	11	31	12	76	13	80	14	68	15	28	16	100	17	79	18	6	19	42	20	17	21	31	22	56	23	97	24	71	25	87	26	62	27	71	28	92	29	43	30	49	31	78	32	86	33	62	34	22	35	36	36	8	37	92	38	37	39	4	40	73	41	24	42	94	43	86	44	47	45	66	46	1	47	57	48	1	49	33
	0	28	1	56	2	32	3	79	4	33	5	46	6	86	7	9	8	46	9	31	10	23	11	58	12	31	13	96	14	26	15	21	16	58	17	3	18	40	19	75	20	77	21	41	22	72	23	21	24	51	25	48	26	26	27	40	28	1	29	24	30	23	31	42	32	72	33	6	34	36	35	49	36	19	37	100	38	57	39	47	40	77	41	58	42	54	43	89	44	56	45	55	46	95	47	40	48	76	49	23
	0	51	1	97	2	48	3	19	4	93	5	24	6	47	7	51	8	62	9	79	10	33	11	91	12	64	13	30	14	39	15	29	16	9	17	84	18	9	19	73	20	34	21	84	22	55	23	86	24	37	25	30	26	87	27	6	28	31	29	46	30	12	31	12	32	99	33	93	34	19	35	12	36	100	37	97	38	89	39	78	40	61	41	47	42	6	43	47	44	52	45	82	46	49	47	65	48	41	49	64
	0	91	1	53	2	48	3	15	4	47	5	98	6	82	7	67	8	31	9	24	10	4	11	35	12	21	13	84	14	53	15	40	16	50	17	73	18	41	19	18	20	58	21	63	22	84	23	98	24	76	25	6	26	52	27	50	28	42	29	57	30	27	31	9	32	52	33	5	34	14	35	52	36	95	37	31	38	55	39	71	40	42	41	14	42	20	43	63	44	81	45	59	46	88	47	50	48	2	49	31
	0	47	1	79	2	3	3	94	4	54	5	74	6	44	7	11	8	58	9	47	10	81	11	47	12	72	13	77	14	74	15	72	16	29	17	18	18	8	19	72	20	81	21	5	22	19	23	4	24	14	25	53	26	85	27	54	28	87	29	78	30	28	31	90	32	32	33	88	34	44	35	8	36	48	37	8	38	55	39	30	40	98	41	54	42	47	43	81	44	88	45	66	46	31	47	72	48	74	49	53
	0	67	1	61	2	44	3	20	4	5	5	52	6	56	7	90	8	53	9	91	10	41	11	16	12	75	13	33	14	93	15	65	16	73	17	97	18	5	19	19	20	3	21	56	22	34	23	12	24	41	25	5	26	95	27	13	28	96	29	100	30	12	31	8	32	21	33	87	34	83	35	58	36	88	37	41	38	50	39	24	40	19	41	92	42	49	43	95	44	90	45	17	46	9	47	44	48	49	49	100
	0	17	1	17	2	22	3	12	4	60	5	29	6	85	7	67	8	21	9	94	10	35	11	29	12	87	13	51	14	93	15	93	16	98	17	46	18	5	19	79	20	29	21	70	22	43	23	81	24	17	25	85	26	10	27	79	28	42	29	74	30	4	31	11	32	38	33	3	34	96	35	45	36	1	37	76	38	22	39	17	40	1	41	23	42	11	43	5	44	30	45	63	46	72	47	73	48	44	49	4
	0	33	1	4	2	63	3	5	4	100	5	83	6	60	7	95	8	71	9	29	10	38	11	18	12	40	13	74	14	78	15	63	16	51	17	30	18	18	19	87	20	15	21	5	22	77	23	56	24	81	25	54	26	51	27	37	28	22	29	72	30	35	31	38	32	99	33	77	34	52	35	70	36	90	37	24	38	99	39	75	40	4	41	55	42	24	43	53	44	27	45	86	46	4	47	74	48	61	49	68
	0	3	1	62	2	47	3	85	4	3	5	84	6	97	7	77	8	45	9	84	10	73	11	87	12	43	13	46	14	73	15	89	16	30	17	74	18	30	19	34	20	66	21	12	22	32	23	23	24	11	25	70	26	8	27	94	28	42	29	4	30	43	31	85	32	82	33	64	34	20	35	11	36	36	37	39	38	9	39	52	40	89	41	25	42	28	43	66	44	98	45	14	46	70	47	54	48	64	49	85
	0	58	1	43	2	97	3	33	4	78	5	73	6	92	7	74	8	96	9	98	10	76	11	6	12	61	13	37	14	11	15	21	16	60	17	38	18	42	19	94	20	59	21	34	22	42	23	99	24	60	25	10	26	87	27	15	28	51	29	16	30	52	31	37	32	35	33	82	34	39	35	3	36	57	37	22	38	44	39	83	40	73	41	47	42	47	43	25	44	23	45	4	46	82	47	23	48	9	49	25
	0	98	1	58	2	85	3	54	4	48	5	55	6	10	7	69	8	55	9	14	10	23	11	43	12	28	13	30	14	38	15	84	16	44	17	26	18	81	19	67	20	26	21	32	22	91	23	45	24	55	25	95	26	83	27	93	28	19	29	25	30	32	31	30	32	84	33	81	34	23	35	18	36	32	37	60	38	93	39	48	40	6	41	63	42	37	43	30	44	55	45	26	46	68	47	84	48	75	49	48
	0	55	1	76	2	79	3	66	4	75	5	46	6	55	7	37	8	40	9	38	10	77	11	48	12	13	13	13	14	92	15	51	16	1	17	13	18	3	19	92	20	92	21	100	22	1	23	5	24	90	25	1	26	32	27	50	28	43	29	19	30	99	31	51	32	83	33	99	34	30	35	47	36	17	37	54	38	64	39	64	40	40	41	99	42	46	43	75	44	58	45	37	46	18	47	95	48	44	49	97
	0	50	1	45	2	60	3	32	4	57	5	70	6	24	7	2	8	90	9	94	10	5	11	26	12	95	13	56	14	62	15	58	16	84	17	51	18	83	19	27	20	53	21	76	22	72	23	63	24	48	25	53	26	92	27	65	28	70	29	80	30	72	31	9	32	49	33	26	34	22	35	1	36	52	37	78	38	28	39	11	40	91	41	13	42	13	43	45	44	47	45	25	46	84	47	54	48	33	49	67
	0	5	1	74	2	53	3	61	4	71	5	44	6	38	7	94	8	60	9	63	10	60	11	11	12	100	13	62	14	57	15	55	16	71	17	18	18	20	19	39	20	33	21	27	22	32	23	24	24	48	25	16	26	47	27	58	28	36	29	65	30	49	31	98	32	89	33	54	34	52	35	99	36	17	37	82	38	4	39	74	40	29	41	97	42	11	43	33	44	39	45	47	46	12	47	70	48	73	49	43
	0	53	1	50	2	18	3	80	4	43	5	10	6	12	7	83	8	95	9	94	10	3	11	44	12	89	13	62	14	9	15	79	16	97	17	58	18	37	19	42	20	65	21	32	22	83	23	36	24	50	25	30	26	94	27	31	28	37	29	19	30	63	31	88	32	1	33	98	34	6	35	25	36	84	37	19	38	24	39	90	40	100	41	11	42	63	43	21	44	92	45	90	46	10	47	13	48	91	49	94
	0	2	1	19	2	76	3	72	4	30	5	49	6	16	7	25	8	68	9	57	10	38	11	65	12	46	13	17	14	71	15	61	16	66	17	43	18	51	19	60	20	29	21	81	22	78	23	27	24	90	25	4	26	78	27	27	28	8	29	71	30	95	31	53	32	27	33	33	34	21	35	62	36	97	37	9	38	53	39	79	40	56	41	45	42	2	43	87	44	97	45	47	46	30	47	3	48	13	49	41
	0	71	1	10	2	86	3	5	4	53	5	97	6	53	7	75	8	53	9	35	10	89	11	18	12	29	13	70	14	75	15	28	16	21	17	34	18	31	19	88	20	13	21	93	22	50	23	92	24	100	25	77	26	63	27	44	28	100	29	79	30	5	31	55	32	4	33	7	34	78	35	10	36	56	37	18	38	15	39	94	40	4	41	85	42	9	43	73	44	72	45	68	46	54	47	79	48	27	49	84
	0	99	1	60	2	58	3	7	4	37	5	72	6	86	7	38	8	59	9	27	10	64	11	31	12	48	13	45	14	44	15	53	16	9	17	47	18	26	19	23	20	39	21	99	22	100	23	66	24	94	25	5	26	56	27	61	28	14	29	84	30	23	31	72	32	88	33	2	34	56	35	100	36	100	37	33	38	97	39	93	40	72	41	67	42	59	43	94	44	91	45	100	46	16	47	16	48	100	49	68
	0	10	1	86	2	77	3	2	4	96	5	81	6	41	7	35	8	76	9	51	10	54	11	70	12	26	13	22	14	8	15	92	16	82	17	90	18	17	19	3	20	51	21	74	22	60	23	85	24	82	25	87	26	30	27	33	28	79	29	28	30	96	31	25	32	65	33	21	34	81	35	93	36	25	37	44	38	17	39	37	40	83	41	29	42	18	43	89	44	88	45	22	46	86	47	9	48	21	49	34
	0	61	1	84	2	51	3	30	4	49	5	54	6	89	7	22	8	5	9	86	10	25	11	83	12	58	13	74	14	52	15	77	16	97	17	38	18	7	19	85	20	59	21	33	22	84	23	75	24	92	25	20	26	90	27	25	28	70	29	33	30	64	31	29	32	100	33	56	34	82	35	22	36	37	37	100	38	92	39	99	40	3	41	25	42	77	43	40	44	73	45	73	46	42	47	47	48	65	49	79
	0	44	1	50	2	76	3	1	4	46	5	58	6	11	7	69	8	48	9	46	10	31	11	48	12	11	13	10	14	97	15	75	16	11	17	26	18	92	19	99	20	60	21	6	22	55	23	45	24	94	25	24	26	42	27	78	28	13	29	60	30	22	31	37	32	19	33	95	34	44	35	67	36	94	37	36	38	55	39	68	40	12	41	66	42	57	43	37	44	70	45	50	46	12	47	74	48	89	49	33
	0	51	1	79	2	23	3	21	4	36	5	66	6	65	7	21	8	92	9	50	10	53	11	84	12	100	13	6	14	99	15	94	16	12	17	10	18	9	19	58	20	46	21	76	22	61	23	30	24	57	25	85	26	54	27	64	28	100	29	61	30	49	31	48	32	23	33	21	34	65	35	11	36	70	37	35	38	13	39	82	40	67	41	49	42	54	43	29	44	25	45	60	46	33	47	31	48	99	49	60
	0	30	1	58	2	55	3	78	4	12	5	46	6	62	7	80	8	89	9	3	10	9	11	22	12	7	13	87	14	88	15	54	16	32	17	32	18	23	19	26	20	94	21	24	22	31	23	40	24	20	25	39	26	20	27	48	28	56	29	8	30	93	31	1	32	57	33	64	34	96	35	86	36	10	37	87	38	23	39	11	40	3	41	60	42	85	43	20	44	63	45	83	46	93	47	63	48	23	49	29
	0	9	1	39	2	95	3	25	4	70	5	86	6	59	7	3	8	3	9	94	10	81	11	39	12	55	13	64	14	43	15	89	16	30	17	39	18	36	19	89	20	8	21	67	22	37	23	64	24	68	25	93	26	98	27	83	28	59	29	81	30	98	31	35	32	84	33	1	34	39	35	31	36	91	37	53	38	89	39	44	40	86	41	1	42	7	43	52	44	13	45	36	46	3	47	36	48	63	49	1
	0	1	1	52	2	10	3	40	4	35	5	86	6	94	7	57	8	76	9	48	10	75	11	94	12	75	13	75	14	52	15	65	16	79	17	47	18	18	19	10	20	35	21	27	22	78	23	49	24	15	25	90	26	67	27	53	28	7	29	99	30	44	31	64	32	53	33	43	34	40	35	25	36	53	37	34	38	93	39	5	40	46	41	51	42	100	43	40	44	29	45	61	46	61	47	10	48	2	49	46
	0	98	1	24	2	31	3	55	4	82	5	91	6	70	7	9	8	88	9	3	10	84	11	60	12	71	13	47	14	68	15	88	16	29	17	14	18	53	19	56	20	92	21	3	22	37	23	82	24	67	25	8	26	92	27	92	28	6	29	44	30	27	31	64	32	99	33	67	34	17	35	70	36	97	37	60	38	16	39	79	40	15	41	27	42	20	43	89	44	84	45	94	46	58	47	82	48	28	49	7
	0	4	1	39	2	12	3	98	4	62	5	42	6	74	7	38	8	54	9	61	10	25	11	100	12	8	13	1	14	6	15	11	16	43	17	54	18	17	19	65	20	85	21	87	22	61	23	15	24	61	25	45	26	70	27	76	28	66	29	81	30	10	31	99	32	84	33	8	34	70	35	12	36	17	37	49	38	93	39	23	40	65	41	46	42	2	43	36	44	29	45	21	46	27	47	29	48	64	49	28
	0	32	1	90	2	87	3	29	4	5	5	11	6	9	7	79	8	62	9	91	10	70	11	6	12	68	13	91	14	79	15	28	16	79	17	41	18	82	19	33	20	65	21	6	22	30	23	15	24	69	25	39	26	9	27	51	28	90	29	98	30	46	31	49	32	26	33	96	34	19	35	20	36	99	37	8	38	23	39	27	40	37	41	63	42	79	43	42	44	13	45	84	46	81	47	4	48	45	49	62
	0	16	1	40	2	2	3	83	4	13	5	27	6	98	7	22	8	98	9	84	10	42	11	94	12	60	13	18	14	80	15	23	16	58	17	85	18	65	19	54	20	22	21	17	22	17	23	45	24	36	25	39	26	80	27	80	28	93	29	78	30	71	31	26	32	65	33	27	34	86	35	100	36	37	37	28	38	12	39	24	40	81	41	75	42	52	43	95	44	87	45	72	46	69	47	83	48	64	49	66
	0	95	1	46	2	81	3	65	4	71	5	12	6	14	7	9	8	21	9	85	10	22	11	33	12	56	13	60	14	56	15	69	16	68	17	57	18	80	19	53	20	75	21	11	22	73	23	46	24	9	25	83	26	14	27	86	28	64	29	70	30	82	31	18	32	51	33	33	34	33	35	76	36	12	37	69	38	23	39	30	40	11	41	3	42	86	43	90	44	93	45	69	46	98	47	51	48	72	49	2
	0	81	1	27	2	98	3	74	4	25	5	80	6	20	7	37	8	37	9	78	10	31	11	50	12	37	13	9	14	66	15	15	16	71	17	45	18	98	19	47	20	4	21	42	22	42	23	43	24	9	25	8	26	71	27	34	28	84	29	75	30	90	31	38	32	34	33	64	34	39	35	34	36	18	37	26	38	16	39	42	40	59	41	2	42	31	43	67	44	39	45	23	46	43	47	45	48	43	49	54
	0	33	1	3	2	28	3	52	4	30	5	12	6	24	7	88	8	73	9	13	10	90	11	57	12	85	13	17	14	92	15	66	16	97	17	35	18	67	19	96	20	45	21	82	22	92	23	51	24	21	25	44	26	80	27	57	28	55	29	28	30	57	31	76	32	67	33	21	34	4	35	29	36	9	37	23	38	71	39	68	40	80	41	39	42	75	43	25	44	90	45	44	46	67	47	26	48	21	49	50
	0	20	1	66	2	78	3	44	4	55	5	59	6	53	7	76	8	34	9	23	10	45	11	18	12	76	13	73	14	95	15	11	16	71	17	6	18	34	19	86	20	97	21	25	22	65	23	24	24	78	25	22	26	10	27	76	28	27	29	25	30	3	31	77	32	58	33	78	34	4	35	15	36	74	37	97	38	74	39	39	40	59	41	45	42	29	43	22	44	24	45	94	46	55	47	9	48	99	49	81
	0	80	1	16	2	58	3	75	4	98	5	55	6	25	7	7	8	19	9	21	10	99	11	32	12	79	13	42	14	94	15	35	16	34	17	85	18	85	19	76	20	27	21	82	22	95	23	62	24	89	25	99	26	81	27	80	28	34	29	81	30	95	31	16	32	43	33	27	34	19	35	75	36	46	37	95	38	22	39	49	40	60	41	37	42	66	43	7	44	34	45	96	46	74	47	6	48	99	49	45
	0	29	1	48	2	50	3	33	4	65	5	29	6	81	7	60	8	85	9	59	10	62	11	15	12	95	13	35	14	38	15	37	16	50	17	18	18	67	19	86	20	58	21	36	22	49	23	35	24	72	25	98	26	94	27	17	28	78	29	24	30	50	31	87	32	58	33	100	34	76	35	95	36	76	37	13	38	29	39	65	40	33	41	48	42	14	43	27	44	70	45	29	46	2	47	63	48	32	49	39
	0	20	1	44	2	6	3	65	4	70	5	79	6	16	7	41	8	34	9	10	10	17	11	86	12	57	13	6	14	29	15	61	16	33	17	50	18	16	19	95	20	28	21	29	22	78	23	55	24	12	25	63	26	24	27	52	28	91	29	26	30	49	31	10	32	53	33	62	34	22	35	51	36	79	37	82	38	55	39	64	40	72	41	8	42	35	43	52	44	13	45	97	46	8	47	98	48	45	49	52
	0	57	1	71	2	44	3	15	4	31	5	76	6	22	7	90	8	93	9	21	10	82	11	48	12	99	13	43	14	15	15	11	16	42	17	22	18	2	19	9	20	6	21	81	22	73	23	67	24	11	25	48	26	29	27	58	28	69	29	17	30	32	31	37	32	53	33	50	34	13	35	41	36	63	37	94	38	56	39	5	40	45	41	19	42	72	43	51	44	83	45	89	46	47	47	37	48	89	49	19
	0	34	1	79	2	41	3	97	4	45	5	72	6	55	7	62	8	38	9	87	10	94	11	65	12	9	13	14	14	42	15	56	16	40	17	75	18	100	19	84	20	71	21	31	22	81	23	91	24	79	25	59	26	12	27	37	28	86	29	64	30	66	31	97	32	41	33	59	34	92	35	5	36	44	37	35	38	9	39	48	40	93	41	85	42	72	43	25	44	84	45	69	46	43	47	27	48	2	49	35
	0	28	1	9	2	70	3	18	4	38	5	48	6	40	7	100	8	4	9	18	10	64	11	91	12	58	13	27	14	61	15	70	16	48	17	88	18	70	19	93	20	50	21	22	22	66	23	53	24	100	25	21	26	63	27	66	28	60	29	16	30	47	31	93	32	90	33	21	34	100	35	41	36	81	37	63	38	14	39	100	40	85	41	98	42	10	43	95	44	36	45	93	46	100	47	84	48	56	49	18
	0	68	1	10	2	87	3	66	4	50	5	95	6	83	7	16	8	46	9	44	10	78	11	86	12	90	13	72	14	86	15	62	16	53	17	4	18	12	19	75	20	78	21	89	22	89	23	85	24	46	25	29	26	52	27	92	28	35	29	24	30	20	31	55	32	28	33	78	34	60	35	24	36	59	37	17	38	34	39	10	40	30	41	19	42	66	43	20	44	20	45	45	46	74	47	60	48	70	49	34
	0	62	1	85	2	31	3	98	4	58	5	26	6	90	7	22	8	40	9	37	10	14	11	65	12	3	13	48	14	86	15	13	16	45	17	7	18	27	19	25	20	75	21	46	22	5	23	84	24	74	25	10	26	93	27	39	28	72	29	36	30	32	31	88	32	99	33	61	34	93	35	59	36	42	37	5	38	58	39	80	40	18	41	53	42	54	43	35	44	25	45	37	46	25	47	59	48	48	49	87
	0	8	1	26	2	32	3	2	4	57	5	9	6	38	7	65	8	38	9	31	10	53	11	98	12	69	13	48	14	19	15	33	16	3	17	7	18	97	19	46	20	56	21	86	22	87	23	81	24	44	25	10	26	64	27	49	28	70	29	88	30	10	31	2	32	77	33	32	34	42	35	98	36	69	37	39	38	73	39	7	40	53	41	50	42	49	43	43	44	55	45	22	46	56	47	95	48	19	49	76
	0	90	1	14	2	91	3	99	4	30	5	74	6	42	7	20	8	55	9	1	10	93	11	95	12	2	13	53	14	27	15	52	16	51	17	91	18	17	19	97	20	81	21	73	22	7	23	76	24	51	25	57	26	11	27	47	28	72	29	5	30	23	31	4	32	92	33	10	34	61	35	54	36	13	37	2	38	77	39	48	40	94	41	99	42	12	43	5	44	32	45	6	46	75	47	1	48	8	49	78
	0	73	1	81	2	42	3	11	4	39	5	41	6	5	7	16	8	100	9	83	10	65	11	86	12	14	13	30	14	85	15	76	16	61	17	65	18	85	19	46	20	48	21	25	22	31	23	39	24	90	25	68	26	37	27	90	28	55	29	92	30	75	31	96	32	6	33	68	34	24	35	88	36	57	37	29	38	17	39	85	40	33	41	20	42	65	43	25	44	13	45	93	46	58	47	92	48	82	49	19
	0	78	1	3	2	25	3	36	4	75	5	4	6	33	7	61	8	88	9	99	10	24	11	41	12	18	13	19	14	78	15	9	16	73	17	81	18	42	19	75	20	50	21	17	22	65	23	72	24	34	25	72	26	61	27	36	28	6	29	79	30	10	31	83	32	6	33	83	34	46	35	17	36	93	37	67	38	95	39	87	40	90	41	91	42	57	43	66	44	13	45	62	46	47	47	34	48	20	49	82
	0	42	1	66	2	26	3	55	4	97	5	82	6	68	7	42	8	19	9	2	10	35	11	94	12	24	13	98	14	68	15	10	16	22	17	55	18	11	19	90	20	75	21	75	22	79	23	88	24	50	25	87	26	44	27	78	28	67	29	47	30	81	31	99	32	80	33	39	34	23	35	30	36	76	37	16	38	95	39	14	40	68	41	35	42	55	43	36	44	2	45	83	46	42	47	24	48	33	49	90
	0	12	1	26	2	16	3	82	4	25	5	74	6	21	7	23	8	100	9	58	10	86	11	30	12	51	13	51	14	44	15	86	16	77	17	64	18	93	19	70	20	77	21	31	22	10	23	83	24	88	25	42	26	15	27	32	28	93	29	77	30	31	31	11	32	35	33	13	34	8	35	92	36	31	37	1	38	6	39	98	40	81	41	36	42	50	43	42	44	9	45	74	46	95	47	46	48	84	49	66
	0	84	1	66	2	6	3	99	4	68	5	93	6	60	7	86	8	30	9	18	10	65	11	35	12	35	13	62	14	79	15	82	16	84	17	13	18	31	19	82	20	63	21	34	22	94	23	80	24	97	25	18	26	19	27	16	28	65	29	14	30	96	31	35	32	31	33	50	34	10	35	90	36	83	37	15	38	7	39	85	40	9	41	89	42	88	43	80	44	37	45	36	46	1	47	51	48	26	49	83
	0	95	1	95	2	68	3	57	4	52	5	100	6	62	7	68	8	24	9	40	10	56	11	34	12	22	13	59	14	63	15	98	16	49	17	39	18	19	19	100	20	73	21	92	22	8	23	70	24	74	25	6	26	99	27	78	28	14	29	28	30	56	31	62	32	22	33	82	34	21	35	95	36	78	37	45	38	75	39	82	40	53	41	23	42	38	43	1	44	31	45	15	46	52	47	11	48	14	49	44
	0	59	1	1	2	8	3	100	4	82	5	61	6	15	7	22	8	53	9	86	10	90	11	8	12	47	13	42	14	46	15	50	16	39	17	75	18	3	19	2	20	62	21	24	22	17	23	56	24	54	25	64	26	48	27	69	28	15	29	15	30	30	31	70	32	5	33	71	34	72	35	42	36	79	37	42	38	90	39	50	40	100	41	6	42	60	43	78	44	14	45	37	46	35	47	68	48	60	49	29
	0	63	1	99	2	44	3	34	4	9	5	43	6	16	7	21	8	56	9	77	10	16	11	65	12	57	13	42	14	82	15	68	16	30	17	88	18	40	19	65	20	58	21	29	22	13	23	41	24	9	25	13	26	17	27	91	28	87	29	71	30	44	31	86	32	4	33	100	34	36	35	32	36	5	37	4	38	7	39	23	40	99	41	82	42	63	43	41	44	83	45	54	46	33	47	48	48	59	49	48
	0	7	1	63	2	63	3	9	4	36	5	40	6	84	7	75	8	64	9	71	10	35	11	57	12	70	13	81	14	81	15	11	16	51	17	11	18	64	19	72	20	80	21	74	22	73	23	18	24	12	25	52	26	34	27	58	28	24	29	70	30	39	31	73	32	11	33	43	34	29	35	55	36	80	37	8	38	88	39	19	40	4	41	73	42	43	43	89	44	36	45	49	46	54	47	75	48	93	49	41
	0	29	1	94	2	57	3	25	4	37	5	8	6	60	7	30	8	65	9	77	10	37	11	95	12	62	13	50	14	83	15	89	16	64	17	46	18	30	19	99	20	81	21	85	22	37	23	20	24	10	25	92	26	64	27	25	28	92	29	75	30	67	31	71	32	24	33	31	34	34	35	84	36	4	37	62	38	52	39	36	40	66	41	92	42	79	43	85	44	25	45	8	46	48	47	62	48	61	49	75
	0	40	1	18	2	82	3	5	4	3	5	60	6	66	7	59	8	92	9	48	10	72	11	34	12	68	13	25	14	57	15	58	16	73	17	7	18	49	19	81	20	79	21	57	22	58	23	51	24	75	25	4	26	35	27	11	28	24	29	100	30	93	31	51	32	32	33	25	34	68	35	98	36	90	37	69	38	74	39	42	40	82	41	56	42	79	43	11	44	89	45	2	46	18	47	65	48	9	49	3
	0	100	1	54	2	75	3	7	4	97	5	66	6	70	7	16	8	3	9	66	10	29	11	15	12	17	13	94	14	3	15	28	16	73	17	75	18	31	19	47	20	31	21	61	22	14	23	92	24	6	25	9	26	19	27	81	28	80	29	56	30	46	31	31	32	47	33	61	34	22	35	24	36	69	37	13	38	30	39	89	40	53	41	18	42	71	43	98	44	72	45	39	46	16	47	88	48	89	49	33
	0	4	1	24	2	65	3	98	4	89	5	97	6	52	7	64	8	41	9	14	10	99	11	47	12	59	13	4	14	35	15	69	16	44	17	77	18	96	19	31	20	40	21	90	22	13	23	50	24	57	25	17	26	81	27	37	28	6	29	17	30	65	31	58	32	33	33	54	34	39	35	1	36	28	37	16	38	26	39	56	40	33	41	33	42	14	43	70	44	94	45	85	46	68	47	35	48	13	49	58
	0	31	1	24	2	9	3	91	4	21	5	85	6	89	7	16	8	48	9	50	10	79	11	81	12	11	13	28	14	87	15	18	16	47	17	80	18	73	19	94	20	44	21	3	22	69	23	44	24	47	25	71	26	65	27	88	28	9	29	4	30	45	31	86	32	60	33	60	34	62	35	62	36	21	37	85	38	62	39	13	40	63	41	57	42	11	43	94	44	91	45	8	46	79	47	25	48	16	49	9
	0	86	1	79	2	29	3	59	4	18	5	29	6	2	7	10	8	59	9	80	10	75	11	11	12	3	13	9	14	1	15	71	16	46	17	76	18	65	19	50	20	69	21	5	22	96	23	49	24	47	25	23	26	29	27	52	28	69	29	10	30	8	31	29	32	50	33	20	34	14	35	21	36	45	37	51	38	67	39	59	40	31	41	80	42	45	43	81	44	92	45	98	46	7	47	53	48	30	49	8
	0	16	1	21	2	97	3	67	4	100	5	32	6	3	7	88	8	6	9	3	10	62	11	32	12	15	13	41	14	66	15	66	16	37	17	24	18	10	19	44	20	10	21	8	22	9	23	55	24	54	25	25	26	66	27	54	28	62	29	65	30	100	31	35	32	39	33	76	34	28	35	48	36	12	37	25	38	67	39	58	40	60	41	95	42	8	43	81	44	62	45	13	46	58	47	70	48	46	49	40
	0	67	1	22	2	86	3	58	4	88	5	29	6	94	7	47	8	23	9	2	10	82	11	33	12	65	13	33	14	13	15	34	16	39	17	74	18	51	19	63	20	94	21	55	22	90	23	48	24	1	25	70	26	9	27	77	28	68	29	85	30	96	31	82	32	67	33	74	34	30	35	24	36	36	37	72	38	17	39	38	40	5	41	95	42	20	43	44	44	53	45	82	46	20	47	52	48	5	49	47
	0	20	1	93	2	13	3	54	4	49	5	74	6	84	7	40	8	48	9	26	10	61	11	66	12	49	13	2	14	57	15	67	16	61	17	37	18	90	19	10	20	30	21	76	22	100	23	12	24	56	25	50	26	13	27	63	28	53	29	25	30	94	31	49	32	3	33	78	34	20	35	78	36	49	37	71	38	41	39	58	40	2	41	22	42	21	43	71	44	77	45	91	46	76	47	44	48	79	49	40
	0	58	1	18	2	1	3	33	4	43	5	58	6	8	7	68	8	13	9	58	10	10	11	90	12	68	13	33	14	68	15	93	16	84	17	5	18	62	19	29	20	4	21	19	22	29	23	86	24	50	25	56	26	57	27	78	28	61	29	23	30	69	31	93	32	18	33	23	34	53	35	65	36	11	37	66	38	23	39	79	40	44	41	52	42	1	43	20	44	88	45	34	46	65	47	29	48	42	49	62
	0	14	1	26	2	50	3	42	4	18	5	6	6	75	7	83	8	76	9	32	10	44	11	1	12	97	13	66	14	18	15	5	16	68	17	21	18	31	19	95	20	83	21	25	22	14	23	30	24	38	25	28	26	7	27	61	28	28	29	89	30	4	31	29	32	93	33	28	34	1	35	75	36	93	37	34	38	39	39	12	40	28	41	62	42	52	43	50	44	15	45	47	46	76	47	94	48	87	49	36
	0	70	1	29	2	3	3	17	4	53	5	78	6	46	7	69	8	75	9	98	10	73	11	93	12	47	13	38	14	41	15	91	16	23	17	92	18	10	19	86	20	7	21	5	22	16	23	13	24	7	25	19	26	53	27	35	28	82	29	72	30	6	31	37	32	44	33	82	34	28	35	26	36	13	37	87	38	56	39	31	40	37	41	9	42	99	43	72	44	21	45	71	46	61	47	61	48	30	49	93
	0	55	1	40	2	66	3	29	4	48	5	73	6	27	7	34	8	28	9	44	10	94	11	72	12	81	13	37	14	13	15	90	16	40	17	89	18	63	19	45	20	5	21	47	22	34	23	32	24	88	25	73	26	45	27	62	28	11	29	71	30	78	31	4	32	52	33	41	34	20	35	48	36	42	37	66	38	25	39	97	40	37	41	4	42	43	43	79	44	26	45	41	46	82	47	20	48	50	49	8
	0	94	1	44	2	41	3	86	4	1	5	82	6	4	7	56	8	9	9	99	10	8	11	45	12	72	13	79	14	53	15	96	16	96	17	30	18	23	19	56	20	9	21	86	22	62	23	57	24	28	25	31	26	11	27	41	28	3	29	63	30	5	31	45	32	17	33	79	34	17	35	56	36	68	37	52	38	95	39	95	40	73	41	17	42	28	43	95	44	60	45	97	46	46	47	76	48	41	49	44
	0	25	1	47	2	82	3	58	4	66	5	59	6	20	7	16	8	65	9	19	10	72	11	37	12	82	13	31	14	65	15	44	16	96	17	6	18	63	19	11	20	90	21	80	22	67	23	6	24	4	25	21	26	35	27	65	28	50	29	19	30	19	31	61	32	89	33	80	34	44	35	42	36	97	37	80	38	57	39	73	40	75	41	45	42	29	43	86	44	92	45	59	46	87	47	35	48	47	49	22
	0	6	1	2	2	4	3	13	4	92	5	6	6	25	7	15	8	37	9	17	10	18	11	23	12	20	13	53	14	63	15	38	16	89	17	49	18	83	19	6	20	53	21	93	22	86	23	80	24	63	25	83	26	80	27	84	28	58	29	50	30	49	31	30	32	14	33	49	34	31	35	10	36	19	37	11	38	41	39	56	40	50	41	11	42	35	43	53	44	50	45	95	46	5	47	40	48	5	49	63
	0	36	1	36	2	87	3	21	4	99	5	72	6	4	7	24	8	21	9	28	10	69	11	89	12	86	13	95	14	1	15	48	16	50	17	3	18	89	19	63	20	57	21	12	22	4	23	34	24	20	25	37	26	35	27	60	28	77	29	46	30	78	31	45	32	53	33	81	34	11	35	50	36	74	37	59	38	30	39	35	40	27	41	77	42	33	43	54	44	53	45	20	46	72	47	76	48	24	49	35
	0	13	1	58	2	37	3	40	4	74	5	98	6	22	7	66	8	26	9	27	10	53	11	55	12	89	13	34	14	10	15	69	16	47	17	26	18	31	19	69	20	64	21	66	22	38	23	79	24	82	25	46	26	49	27	50	28	31	29	83	30	95	31	67	32	74	33	43	34	4	35	88	36	80	37	43	38	26	39	97	40	89	41	74	42	12	43	4	44	11	45	44	46	68	47	41	48	86	49	47
	0	43	1	17	2	74	3	94	4	30	5	47	6	71	7	70	8	84	9	65	10	76	11	97	12	92	13	70	14	24	15	16	16	37	17	91	18	87	19	35	20	49	21	50	22	13	23	81	24	43	25	70	26	17	27	66	28	72	29	51	30	92	31	62	32	46	33	8	34	73	35	25	36	11	37	59	38	73	39	33	40	75	41	88	42	100	43	22	44	24	45	33	46	84	47	27	48	73	49	73
	0	8	1	65	2	39	3	9	4	7	5	29	6	41	7	68	8	73	9	69	10	46	11	69	12	96	13	72	14	29	15	38	16	19	17	88	18	22	19	56	20	82	21	41	22	46	23	78	24	92	25	41	26	84	27	55	28	49	29	78	30	7	31	48	32	98	33	53	34	79	35	23	36	100	37	2	38	10	39	53	40	38	41	96	42	1	43	78	44	2	45	30	46	44	47	88	48	18	49	40
	0	36	1	44	2	12	3	3	4	30	5	35	6	36	7	10	8	47	9	53	10	80	11	21	12	93	13	20	14	58	15	44	16	84	17	4	18	41	19	84	20	60	21	20	22	71	23	68	24	28	25	75	26	84	27	39	28	95	29	32	30	18	31	66	32	59	33	91	34	98	35	30	36	67	37	98	38	11	39	63	40	72	41	55	42	12	43	62	44	42	45	80	46	36	47	11	48	2	49	29
	0	1	1	62	2	11	3	100	4	23	5	83	6	1	7	71	8	83	9	54	10	49	11	31	12	13	13	76	14	32	15	31	16	95	17	34	18	5	19	43	20	93	21	11	22	99	23	4	24	49	25	57	26	22	27	9	28	24	29	51	30	13	31	37	32	69	33	24	34	89	35	67	36	42	37	15	38	80	39	91	40	15	41	83	42	27	43	35	44	43	45	7	46	25	47	62	48	78	49	29
	0	99	1	87	2	50	3	43	4	54	5	59	6	63	7	13	8	59	9	76	10	59	11	91	12	31	13	34	14	56	15	59	16	30	17	30	18	70	19	15	20	3	21	75	22	64	23	85	24	10	25	84	26	94	27	22	28	45	29	45	30	42	31	30	32	13	33	85	34	49	35	20	36	42	37	89	38	100	39	90	40	39	41	42	42	25	43	81	44	2	45	89	46	93	47	58	48	76	49	41
	0	45	1	8	2	94	3	76	4	84	5	69	6	37	7	7	8	97	9	11	10	27	11	7	12	4	13	53	14	19	15	33	16	49	17	84	18	53	19	81	20	75	21	99	22	2	23	54	24	49	25	1	26	4	27	33	28	29	29	14	30	78	31	87	32	100	33	1	34	59	35	63	36	100	37	96	38	3	39	21	40	26	41	90	42	43	43	36	44	99	45	18	46	96	47	64	48	7	49	52
	0	60	1	35	2	72	3	3	4	50	5	50	6	4	7	55	8	50	9	64	10	38	11	20	12	92	13	98	14	65	15	71	16	87	17	15	18	8	19	82	20	63	21	32	22	4	23	4	24	96	25	87	26	84	27	43	28	31	29	50	30	74	31	18	32	18	33	63	34	47	35	14	36	40	37	55	38	11	39	74	40	85	41	42	42	10	43	73	44	86	45	41	46	61	47	77	48	49	49	29
	0	72	1	89	2	27	3	38	4	96	5	21	6	23	7	77	8	37	9	51	10	18	11	4	12	96	13	51	14	64	15	93	16	25	17	100	18	87	19	85	20	32	21	17	22	86	23	93	24	57	25	70	26	34	27	22	28	10	29	52	30	100	31	14	32	28	33	35	34	66	35	22	36	14	37	39	38	91	39	89	40	53	41	64	42	61	43	76	44	16	45	97	46	20	47	68	48	2	49	76
	0	65	1	44	2	77	3	68	4	63	5	5	6	12	7	9	8	16	9	86	10	26	11	5	12	78	13	95	14	83	15	88	16	6	17	58	18	16	19	79	20	3	21	68	22	50	23	8	24	70	25	56	26	70	27	82	28	89	29	42	30	44	31	13	32	4	33	26	34	1	35	38	36	59	37	32	38	27	39	91	40	22	41	18	42	17	43	23	44	1	45	8	46	13	47	67	48	33	49	10
	0	3	1	91	2	93	3	24	4	67	5	7	6	63	7	74	8	91	9	3	10	59	11	86	12	89	13	30	14	95	15	13	16	5	17	64	18	51	19	90	20	76	21	18	22	49	23	42	24	90	25	70	26	74	27	7	28	65	29	43	30	90	31	29	32	24	33	52	34	29	35	32	36	61	37	91	38	66	39	97	40	6	41	38	42	97	43	84	44	43	45	99	46	83	47	78	48	32	49	12
	0	47	1	60	2	50	3	93	4	3	5	19	6	44	7	84	8	81	9	56	10	55	11	38	12	77	13	56	14	71	15	63	16	11	17	30	18	10	19	87	20	14	21	33	22	40	23	39	24	56	25	32	26	82	27	43	28	74	29	79	30	74	31	72	32	88	33	88	34	65	35	22	36	95	37	52	38	77	39	83	40	92	41	36	42	72	43	28	44	53	45	23	46	83	47	54	48	71	49	19
	0	14	1	28	2	48	3	27	4	9	5	36	6	71	7	45	8	56	9	37	10	30	11	68	12	68	13	61	14	49	15	84	16	53	17	11	18	48	19	82	20	77	21	58	22	57	23	40	24	72	25	37	26	34	27	47	28	44	29	80	30	75	31	67	32	90	33	45	34	17	35	65	36	28	37	35	38	60	39	46	40	80	41	9	42	71	43	83	44	93	45	23	46	37	47	20	48	68	49	68
	0	89	1	87	2	33	3	79	4	11	5	77	6	83	7	44	8	94	9	38	10	81	11	24	12	22	13	3	14	80	15	73	16	79	17	71	18	6	19	19	20	24	21	78	22	44	23	36	24	75	25	52	26	77	27	29	28	92	29	33	30	86	31	3	32	54	33	88	34	25	35	93	36	70	37	69	38	5	39	76	40	66	41	92	42	71	43	94	44	44	45	22	46	41	47	46	48	99	49	8
	0	47	1	46	2	45	3	93	4	6	5	48	6	78	7	91	8	92	9	76	10	87	11	26	12	2	13	27	14	88	15	41	16	31	17	21	18	35	19	52	20	5	21	16	22	39	23	96	24	31	25	26	26	4	27	83	28	54	29	3	30	51	31	80	32	51	33	53	34	89	35	60	36	95	37	25	38	73	39	7	40	55	41	87	42	27	43	63	44	29	45	54	46	43	47	44	48	22	49	62
	0	87	1	77	2	23	3	93	4	61	5	26	6	28	7	82	8	100	9	8	10	19	11	81	12	14	13	27	14	13	15	51	16	7	17	61	18	10	19	2	20	13	21	95	22	29	23	13	24	51	25	75	26	3	27	97	28	77	29	33	30	67	31	93	32	93	33	8	34	68	35	93	36	37	37	45	38	71	39	50	40	61	41	83	42	58	43	21	44	78	45	30	46	23	47	30	48	28	49	94
	0	20	1	61	2	7	3	38	4	20	5	30	6	30	7	55	8	81	9	73	10	60	11	83	12	29	13	65	14	100	15	22	16	18	17	49	18	31	19	8	20	15	21	45	22	50	23	60	24	9	25	66	26	38	27	8	28	66	29	55	30	69	31	67	32	64	33	40	34	21	35	10	36	84	37	41	38	68	39	60	40	38	41	99	42	65	43	8	44	65	45	6	46	40	47	14	48	25	49	50
	0	62	1	58	2	62	3	9	4	62	5	53	6	36	7	57	8	100	9	21	10	24	11	68	12	27	13	6	14	53	15	25	16	81	17	73	18	17	19	77	20	2	21	13	22	70	23	95	24	77	25	62	26	29	27	23	28	26	29	88	30	8	31	33	32	11	33	25	34	58	35	9	36	26	37	40	38	19	39	40	40	75	41	66	42	73	43	87	44	81	45	49	46	68	47	56	48	69	49	78
	0	64	1	94	2	2	3	99	4	94	5	80	6	85	7	36	8	71	9	97	10	54	11	67	12	57	13	88	14	14	15	32	16	94	17	41	18	3	19	65	20	60	21	61	22	83	23	80	24	84	25	8	26	95	27	49	28	58	29	24	30	26	31	66	32	13	33	75	34	70	35	68	36	48	37	78	38	90	39	61	40	33	41	86	42	5	43	83	44	34	45	56	46	66	47	87	48	7	49	26
	0	86	1	35	2	81	3	69	4	51	5	38	6	24	7	2	8	14	9	73	10	45	11	69	12	50	13	66	14	100	15	29	16	41	17	35	18	88	19	12	20	97	21	9	22	57	23	26	24	41	25	87	26	69	27	31	28	18	29	89	30	78	31	12	32	3	33	21	34	24	35	14	36	16	37	56	38	55	39	18	40	67	41	1	42	20	43	87	44	98	45	96	46	4	47	93	48	84	49	76
	0	92	1	7	2	21	3	89	4	76	5	27	6	6	7	41	8	65	9	56	10	80	11	27	12	37	13	73	14	13	15	57	16	53	17	45	18	20	19	88	20	35	21	80	22	67	23	28	24	44	25	22	26	83	27	64	28	50	29	29	30	99	31	35	32	57	33	91	34	84	35	49	36	21	37	78	38	28	39	22	40	91	41	29	42	22	43	78	44	54	45	10	46	7	47	43	48	51	49	16
	0	15	1	27	2	16	3	90	4	6	5	63	6	50	7	72	8	78	9	67	10	8	11	27	12	21	13	17	14	3	15	92	16	16	17	77	18	16	19	44	20	19	21	20	22	92	23	96	24	67	25	7	26	48	27	51	28	12	29	41	30	20	31	82	32	60	33	4	34	47	35	25	36	62	37	29	38	39	39	85	40	11	41	90	42	95	43	2	44	15	45	92	46	67	47	40	48	55	49	99
	0	84	1	66	2	71	3	41	4	79	5	57	6	1	7	70	8	82	9	49	10	86	11	80	12	84	13	98	14	20	15	91	16	71	17	40	18	95	19	63	20	84	21	60	22	71	23	7	24	70	25	97	26	81	27	95	28	8	29	66	30	47	31	82	32	40	33	61	34	61	35	3	36	34	37	62	38	64	39	11	40	66	41	85	42	18	43	50	44	88	45	21	46	72	47	98	48	27	49	67
	0	48	1	16	2	29	3	49	4	2	5	84	6	41	7	80	8	51	9	25	10	6	11	4	12	45	13	30	14	94	15	24	16	49	17	41	18	11	19	15	20	55	21	64	22	52	23	68	24	33	25	8	26	96	27	11	28	97	29	75	30	48	31	12	32	46	33	52	34	85	35	56	36	9	37	71	38	58	39	48	40	90	41	43	42	60	43	89	44	10	45	86	46	55	47	25	48	75	49	100
	0	33	1	68	2	32	3	50	4	41	5	29	6	87	7	71	8	92	9	28	10	85	11	10	12	64	13	60	14	97	15	53	16	36	17	35	18	50	19	12	20	20	21	21	22	96	23	75	24	90	25	56	26	11	27	34	28	24	29	13	30	65	31	43	32	93	33	28	34	9	35	81	36	76	37	30	38	69	39	24	40	81	41	34	42	34	43	30	44	100	45	72	46	93	47	9	48	37	49	93
	0	46	1	37	2	67	3	50	4	100	5	14	6	35	7	45	8	26	9	96	10	97	11	11	12	26	13	43	14	56	15	50	16	59	17	58	18	48	19	58	20	1	21	14	22	88	23	92	24	51	25	2	26	76	27	84	28	7	29	30	30	11	31	86	32	73	33	66	34	88	35	8	36	65	37	12	38	57	39	93	40	38	41	33	42	69	43	19	44	49	45	92	46	55	47	45	48	12	49	70
	0	91	1	26	2	38	3	54	4	59	5	69	6	48	7	31	8	6	9	11	10	97	11	36	12	52	13	25	14	65	15	9	16	15	17	99	18	87	19	89	20	35	21	43	22	41	23	44	24	26	25	16	26	6	27	92	28	96	29	72	30	56	31	96	32	87	33	74	34	68	35	17	36	61	37	31	38	48	39	63	40	2	41	44	42	2	43	62	44	26	45	70	46	14	47	63	48	27	49	49
	0	95	1	28	2	71	3	36	4	35	5	69	6	53	7	54	8	55	9	60	10	52	11	42	12	38	13	3	14	62	15	68	16	11	17	45	18	78	19	45	20	79	21	80	22	69	23	48	24	45	25	59	26	67	27	35	28	70	29	15	30	47	31	14	32	52	33	74	34	87	35	18	36	28	37	87	38	27	39	64	40	33	41	29	42	70	43	19	44	61	45	48	46	85	47	2	48	20	49	41
	0	17	1	83	2	78	3	5	4	9	5	69	6	30	7	89	8	81	9	82	10	41	11	43	12	44	13	75	14	51	15	40	16	23	17	33	18	36	19	13	20	22	21	53	22	62	23	44	24	64	25	19	26	87	27	77	28	74	29	96	30	82	31	74	32	6	33	15	34	91	35	100	36	18	37	25	38	45	39	31	40	43	41	28	42	92	43	10	44	31	45	41	46	20	47	100	48	42	49	29
	0	82	1	6	2	8	3	3	4	47	5	63	6	20	7	6	8	35	9	25	10	91	11	96	12	14	13	73	14	92	15	15	16	70	17	67	18	87	19	13	20	62	21	75	22	99	23	39	24	47	25	73	26	69	27	46	28	20	29	92	30	26	31	54	32	99	33	60	34	49	35	76	36	75	37	62	38	96	39	99	40	83	41	16	42	42	43	74	44	70	45	37	46	41	47	57	48	75	49	45
	0	5	1	7	2	34	3	29	4	65	5	35	6	88	7	73	8	62	9	51	10	44	11	20	12	78	13	60	14	25	15	9	16	5	17	7	18	16	19	28	20	16	21	69	22	66	23	62	24	80	25	30	26	34	27	25	28	42	29	17	30	75	31	12	32	54	33	57	34	98	35	11	36	28	37	86	38	52	39	44	40	60	41	43	42	17	43	51	44	20	45	97	46	9	47	28	48	31	49	10
	0	23	1	63	2	77	3	35	4	76	5	66	6	3	7	91	8	22	9	60	10	2	11	74	12	45	13	88	14	10	15	88	16	72	17	55	18	46	19	14	20	37	21	6	22	59	23	38	24	98	25	16	26	96	27	20	28	4	29	28	30	77	31	74	32	31	33	82	34	47	35	70	36	65	37	18	38	53	39	7	40	85	41	32	42	50	43	5	44	71	45	29	46	49	47	4	48	60	49	10
	0	44	1	91	2	97	3	72	4	99	5	75	6	79	7	11	8	69	9	84	10	73	11	61	12	90	13	65	14	60	15	16	16	64	17	99	18	41	19	100	20	19	21	60	22	6	23	92	24	35	25	93	26	43	27	31	28	36	29	85	30	45	31	37	32	21	33	44	34	46	35	40	36	66	37	22	38	85	39	94	40	24	41	45	42	89	43	19	44	10	45	27	46	9	47	9	48	33	49	98
	0	70	1	80	2	35	3	54	4	1	5	57	6	25	7	19	8	62	9	29	10	38	11	86	12	96	13	13	14	44	15	48	16	52	17	99	18	91	19	73	20	71	21	89	22	63	23	61	24	28	25	31	26	73	27	78	28	64	29	19	30	35	31	93	32	77	33	16	34	79	35	21	36	17	37	7	38	11	39	68	40	33	41	99	42	12	43	39	44	62	45	27	46	51	47	32	48	45	49	28
	0	51	1	49	2	30	3	83	4	12	5	92	6	76	7	65	8	12	9	15	10	92	11	17	12	16	13	63	14	43	15	56	16	77	17	20	18	38	19	86	20	100	21	25	22	74	23	53	24	12	25	55	26	79	27	85	28	51	29	75	30	10	31	92	32	68	33	97	34	82	35	28	36	16	37	99	38	30	39	30	40	53	41	9	42	41	43	91	44	96	45	40	46	8	47	36	48	96	49	37
	0	76	1	3	2	25	3	77	4	6	5	44	6	90	7	18	8	60	9	3	10	23	11	9	12	90	13	48	14	9	15	90	16	83	17	39	18	39	19	46	20	89	21	72	22	18	23	10	24	46	25	40	26	63	27	5	28	70	29	82	30	53	31	84	32	79	33	31	34	33	35	13	36	60	37	62	38	88	39	92	40	6	41	14	42	16	43	17	44	88	45	40	46	87	47	28	48	23	49	96
	0	67	1	97	2	64	3	78	4	26	5	44	6	20	7	78	8	76	9	92	10	84	11	9	12	7	13	99	14	27	15	6	16	97	17	23	18	75	19	40	20	49	21	14	22	99	23	65	24	49	25	32	26	63	27	4	28	59	29	38	30	23	31	42	32	5	33	17	34	72	35	72	36	88	37	12	38	62	39	35	40	66	41	85	42	64	43	19	44	63	45	46	46	32	47	29	48	7	49	99
	0	98	1	46	2	6	3	1	4	2	5	17	6	11	7	41	8	31	9	62	10	29	11	74	12	35	13	85	14	80	15	75	16	39	17	20	18	14	19	94	20	54	21	53	22	32	23	22	24	80	25	5	26	74	27	18	28	40	29	64	30	75	31	34	32	83	33	88	34	92	35	44	36	64	37	43	38	63	39	81	40	68	41	26	42	45	43	15	44	48	45	98	46	38	47	39	48	97	49	23
	0	7	1	44	2	59	3	87	4	44	5	91	6	61	7	50	8	35	9	33	10	29	11	41	12	31	13	23	14	91	15	16	16	32	17	12	18	14	19	32	20	35	21	41	22	6	23	97	24	1	25	68	26	81	27	15	28	45	29	81	30	88	31	25	32	66	33	94	34	23	35	10	36	42	37	31	38	94	39	24	40	86	41	36	42	9	43	51	44	27	45	63	46	93	47	15	48	49	49	50
	0	66	1	87	2	28	3	63	4	36	5	67	6	36	7	66	8	87	9	36	10	89	11	72	12	61	13	6	14	84	15	53	16	77	17	5	18	38	19	35	20	24	21	87	22	16	23	97	24	26	25	53	26	36	27	51	28	66	29	12	30	58	31	80	32	15	33	24	34	13	35	37	36	6	37	13	38	34	39	68	40	50	41	27	42	77	43	86	44	71	45	87	46	52	47	6	48	31	49	71
	0	12	1	44	2	53	3	87	4	56	5	14	6	55	7	67	8	50	9	88	10	96	11	71	12	71	13	99	14	40	15	75	16	30	17	8	18	24	19	5	20	26	21	60	22	88	23	13	24	36	25	98	26	85	27	28	28	55	29	14	30	83	31	21	32	16	33	54	34	40	35	63	36	84	37	13	38	7	39	78	40	82	41	74	42	76	43	96	44	98	45	83	46	2	47	84	48	92	49	71
	0	51	1	1	2	86	3	56	4	54	5	89	6	15	7	86	8	72	9	27	10	71	11	15	12	8	13	81	14	72	15	10	16	4	17	43	18	21	19	44	20	23	21	35	22	64	23	12	24	7	25	31	26	39	27	83	28	46	29	10	30	80	31	73	32	11	33	46	34	34	35	94	36	29	37	9	38	80	39	28	40	15	41	21	42	77	43	24	44	68	45	94	46	71	47	11	48	20	49	41
	0	37	1	84	2	78	3	52	4	51	5	6	6	98	7	57	8	94	9	27	10	99	11	26	12	47	13	13	14	83	15	76	16	36	17	40	18	32	19	95	20	22	21	5	22	99	23	88	24	44	25	32	26	7	27	13	28	76	29	5	30	23	31	63	32	45	33	37	34	81	35	5	36	16	37	63	38	66	39	96	40	55	41	20	42	71	43	18	44	14	45	40	46	4	47	16	48	4	49	87
	0	11	1	29	2	49	3	97	4	22	5	42	6	38	7	7	8	51	9	7	10	20	11	93	12	2	13	3	14	2	15	35	16	73	17	36	18	52	19	89	20	36	21	8	22	11	23	42	24	54	25	89	26	75	27	56	28	70	29	81	30	93	31	53	32	49	33	61	34	89	35	87	36	87	37	40	38	19	39	93	40	8	41	61	42	5	43	28	44	8	45	45	46	14	47	34	48	26	49	51
	0	74	1	94	2	39	3	92	4	47	5	51	6	24	7	53	8	93	9	13	10	34	11	71	12	5	13	84	14	60	15	4	16	93	17	62	18	4	19	74	20	45	21	12	22	71	23	70	24	5	25	13	26	48	27	61	28	29	29	18	30	48	31	18	32	17	33	88	34	16	35	87	36	42	37	81	38	40	39	39	40	2	41	18	42	6	43	81	44	87	45	53	46	92	47	32	48	29	49	7
	0	93	1	77	2	67	3	60	4	15	5	47	6	64	7	4	8	86	9	12	10	42	11	98	12	76	13	71	14	36	15	83	16	15	17	70	18	70	19	43	20	41	21	90	22	5	23	25	24	56	25	90	26	32	27	57	28	27	29	88	30	90	31	9	32	82	33	22	34	34	35	11	36	96	37	16	38	94	39	8	40	44	41	49	42	92	43	11	44	85	45	8	46	6	47	93	48	91	49	58
	0	1	1	24	2	54	3	64	4	75	5	43	6	9	7	68	8	76	9	21	10	76	11	75	12	83	13	59	14	3	15	19	16	87	17	16	18	56	19	16	20	82	21	83	22	4	23	11	24	66	25	19	26	78	27	91	28	22	29	34	30	9	31	5	32	100	33	89	34	83	35	33	36	59	37	32	38	51	39	75	40	2	41	99	42	87	43	63	44	41	45	47	46	1	47	18	48	64	49	3
	0	18	1	2	2	80	3	40	4	4	5	27	6	93	7	13	8	92	9	44	10	100	11	21	12	40	13	7	14	29	15	77	16	19	17	81	18	69	19	1	20	22	21	58	22	40	23	67	24	39	25	83	26	14	27	66	28	25	29	10	30	99	31	75	32	87	33	40	34	14	35	41	36	38	37	15	38	50	39	10	40	99	41	59	42	76	43	73	44	62	45	98	46	43	47	5	48	35	49	8
	0	92	1	14	2	24	3	55	4	61	5	31	6	43	7	33	8	74	9	10	10	33	11	21	12	20	13	12	14	53	15	13	16	80	17	98	18	62	19	82	20	57	21	52	22	2	23	88	24	8	25	11	26	64	27	50	28	93	29	68	30	84	31	28	32	82	33	84	34	14	35	93	36	86	37	22	38	44	39	73	40	12	41	74	42	92	43	19	44	51	45	71	46	87	47	15	48	42	49	76
	0	87	1	22	2	81	3	10	4	36	5	49	6	71	7	55	8	39	9	74	10	26	11	35	12	6	13	69	14	65	15	78	16	7	17	85	18	77	19	99	20	19	21	29	22	40	23	57	24	75	25	11	26	12	27	85	28	43	29	57	30	36	31	92	32	83	33	22	34	33	35	79	36	71	37	24	38	63	39	28	40	91	41	23	42	84	43	52	44	22	45	71	46	37	47	12	48	77	49	38
	0	45	1	45	2	79	3	89	4	91	5	56	6	64	7	42	8	16	9	65	10	59	11	62	12	69	13	14	14	76	15	54	16	71	17	83	18	8	19	60	20	2	21	57	22	30	23	85	24	3	25	44	26	34	27	91	28	65	29	55	30	56	31	44	32	45	33	72	34	68	35	6	36	17	37	73	38	49	39	96	40	74	41	96	42	55	43	68	44	16	45	61	46	52	47	82	48	97	49	71
	0	82	1	67	2	24	3	65	4	74	5	90	6	16	7	9	8	30	9	99	10	85	11	27	12	31	13	86	14	75	15	18	16	60	17	98	18	91	19	8	20	25	21	97	22	91	23	43	24	33	25	26	26	25	27	5	28	54	29	58	30	59	31	19	32	60	33	17	34	88	35	82	36	50	37	6	38	52	39	25	40	78	41	78	42	3	43	1	44	50	45	35	46	83	47	46	48	64	49	45
	0	6	1	66	2	99	3	8	4	66	5	44	6	80	7	4	8	13	9	68	10	82	11	23	12	50	13	29	14	43	15	51	16	73	17	36	18	91	19	40	20	32	21	43	22	31	23	26	24	97	25	99	26	18	27	52	28	57	29	48	30	23	31	93	32	75	33	52	34	83	35	29	36	97	37	16	38	64	39	80	40	66	41	24	42	96	43	8	44	8	45	30	46	62	47	69	48	76	49	58
	0	39	1	37	2	76	3	95	4	24	5	56	6	15	7	97	8	96	9	86	10	35	11	41	12	10	13	52	14	33	15	72	16	98	17	2	18	73	19	51	20	35	21	48	22	43	23	99	24	10	25	30	26	17	27	79	28	85	29	38	30	18	31	81	32	44	33	84	34	97	35	85	36	73	37	93	38	74	39	22	40	6	41	77	42	98	43	69	44	33	45	93	46	34	47	35	48	73	49	7
	0	82	1	19	2	29	3	17	4	72	5	70	6	100	7	100	8	5	9	57	10	8	11	89	12	37	13	39	14	63	15	5	16	4	17	96	18	81	19	78	20	62	21	50	22	25	23	53	24	71	25	2	26	32	27	55	28	52	29	49	30	43	31	63	32	4	33	66	34	62	35	9	36	50	37	66	38	98	39	13	40	48	41	73	42	65	43	16	44	93	45	67	46	61	47	63	48	2	49	87
	0	30	1	65	2	38	3	13	4	89	5	29	6	28	7	38	8	79	9	40	10	81	11	28	12	53	13	26	14	18	15	14	16	34	17	61	18	47	19	68	20	93	21	57	22	63	23	63	24	19	25	78	26	65	27	2	28	11	29	60	30	90	31	95	32	86	33	21	34	31	35	90	36	92	37	12	38	84	39	100	40	80	41	12	42	38	43	83	44	54	45	95	46	95	47	63	48	28	49	21
	0	100	1	8	2	32	3	7	4	17	5	88	6	67	7	96	8	55	9	83	10	94	11	38	12	63	13	31	14	99	15	30	16	39	17	16	18	86	19	98	20	4	21	39	22	73	23	1	24	56	25	28	26	7	27	6	28	2	29	87	30	8	31	56	32	21	33	69	34	22	35	28	36	20	37	37	38	39	39	58	40	82	41	50	42	99	43	77	44	12	45	85	46	100	47	88	48	32	49	75
	0	78	1	70	2	94	3	30	4	30	5	1	6	93	7	81	8	78	9	32	10	4	11	39	12	23	13	43	14	87	15	87	16	26	17	72	18	27	19	24	20	98	21	14	22	88	23	45	24	22	25	98	26	21	27	21	28	3	29	5	30	50	31	1	32	38	33	1	34	9	35	77	36	55	37	70	38	24	39	58	40	44	41	90	42	57	43	48	44	5	45	74	46	50	47	47	48	63	49	83
	0	39	1	92	2	39	3	79	4	33	5	12	6	67	7	58	8	72	9	82	10	6	11	5	12	2	13	84	14	89	15	53	16	45	17	11	18	84	19	30	20	45	21	78	22	87	23	31	24	16	25	19	26	66	27	56	28	28	29	90	30	15	31	93	32	1	33	9	34	90	35	32	36	100	37	95	38	46	39	56	40	42	41	86	42	90	43	28	44	70	45	61	46	15	47	78	48	48	49	88
	0	87	1	65	2	73	3	63	4	98	5	48	6	29	7	33	8	4	9	10	10	13	11	3	12	16	13	22	14	7	15	69	16	12	17	16	18	89	19	40	20	79	21	28	22	1	23	28	24	17	25	25	26	3	27	24	28	56	29	16	30	5	31	90	32	68	33	27	34	45	35	34	36	76	37	72	38	41	39	49	40	97	41	71	42	65	43	29	44	61	45	80	46	91	47	94	48	99	49	37
	0	24	1	96	2	94	3	50	4	16	5	80	6	33	7	64	8	23	9	14	10	10	11	97	12	53	13	27	14	60	15	29	16	18	17	16	18	28	19	74	20	91	21	3	22	9	23	86	24	16	25	60	26	4	27	66	28	37	29	31	30	79	31	67	32	46	33	13	34	27	35	38	36	50	37	91	38	67	39	25	40	20	41	26	42	34	43	39	44	69	45	35	46	32	47	48	48	70	49	33
	0	67	1	63	2	14	3	5	4	83	5	20	6	66	7	42	8	53	9	68	10	71	11	55	12	10	13	41	14	18	15	41	16	20	17	44	18	60	19	85	20	30	21	4	22	57	23	4	24	41	25	49	26	80	27	78	28	85	29	28	30	98	31	13	32	17	33	88	34	40	35	44	36	49	37	48	38	88	39	70	40	77	41	63	42	67	43	66	44	84	45	57	46	23	47	33	48	24	49	63
	0	99	1	63	2	17	3	8	4	65	5	47	6	4	7	23	8	56	9	44	10	53	11	75	12	22	13	84	14	7	15	37	16	94	17	83	18	17	19	62	20	23	21	91	22	2	23	17	24	42	25	93	26	28	27	79	28	65	29	43	30	100	31	26	32	15	33	3	34	4	35	61	36	46	37	1	38	52	39	49	40	12	41	49	42	2	43	57	44	79	45	76	46	75	47	35	48	98	49	66
	0	79	1	67	2	84	3	6	4	10	5	86	6	60	7	90	8	98	9	34	10	67	11	28	12	13	13	4	14	51	15	60	16	52	17	100	18	73	19	67	20	72	21	100	22	9	23	35	24	32	25	11	26	28	27	21	28	67	29	49	30	67	31	8	32	14	33	81	34	54	35	64	36	44	37	13	38	29	39	36	40	86	41	13	42	73	43	45	44	37	45	8	46	46	47	65	48	3	49	76
	0	89	1	96	2	10	3	39	4	54	5	71	6	75	7	33	8	48	9	52	10	36	11	83	12	12	13	6	14	79	15	38	16	85	17	69	18	2	19	31	20	4	21	40	22	15	23	73	24	48	25	52	26	56	27	87	28	34	29	25	30	83	31	54	32	7	33	92	34	69	35	21	36	99	37	54	38	95	39	88	40	39	41	4	42	43	43	82	44	41	45	28	46	16	47	85	48	100	49	74
	0	42	1	64	2	83	3	35	4	42	5	31	6	76	7	11	8	59	9	29	10	44	11	25	12	100	13	13	14	10	15	10	16	9	17	86	18	39	19	4	20	91	21	100	22	21	23	13	24	58	25	28	26	54	27	24	28	51	29	83	30	95	31	84	32	79	33	23	34	11	35	81	36	55	37	73	38	62	39	83	40	45	41	63	42	1	43	25	44	45	45	47	46	52	47	55	48	50	49	66
	0	18	1	71	2	93	3	60	4	33	5	17	6	57	7	43	8	51	9	16	10	90	11	7	12	31	13	56	14	84	15	8	16	78	17	65	18	77	19	44	20	31	21	32	22	19	23	53	24	26	25	63	26	93	27	62	28	57	29	85	30	68	31	81	32	22	33	30	34	64	35	23	36	36	37	55	38	25	39	89	40	23	41	6	42	25	43	47	44	44	45	100	46	88	47	8	48	19	49	1
	0	63	1	57	2	29	3	23	4	95	5	6	6	32	7	52	8	99	9	81	10	19	11	10	12	96	13	40	14	86	15	82	16	2	17	9	18	11	19	69	20	54	21	64	22	57	23	70	24	29	25	7	26	38	27	75	28	80	29	2	30	15	31	29	32	100	33	88	34	22	35	23	36	94	37	67	38	32	39	83	40	4	41	38	42	4	43	91	44	28	45	40	46	86	47	55	48	34	49	98
	0	59	1	1	2	46	3	9	4	38	5	63	6	56	7	3	8	88	9	93	10	5	11	59	12	91	13	16	14	8	15	76	16	95	17	1	18	46	19	19	20	30	21	23	22	30	23	84	24	46	25	40	26	13	27	70	28	47	29	6	30	23	31	39	32	100	33	95	34	8	35	2	36	44	37	14	38	47	39	67	40	38	41	17	42	68	43	33	44	19	45	54	46	42	47	25	48	56	49	26
	0	87	1	84	2	28	3	16	4	82	5	81	6	50	7	21	8	60	9	4	10	37	11	14	12	63	13	41	14	78	15	97	16	55	17	59	18	49	19	31	20	23	21	44	22	5	23	62	24	29	25	73	26	15	27	63	28	86	29	3	30	31	31	69	32	63	33	26	34	22	35	81	36	48	37	7	38	92	39	50	40	32	41	10	42	70	43	89	44	82	45	81	46	53	47	54	48	13	49	38
	0	22	1	96	2	88	3	96	4	75	5	94	6	10	7	11	8	41	9	90	10	61	11	42	12	67	13	4	14	26	15	44	16	5	17	15	18	99	19	55	20	18	21	94	22	55	23	40	24	6	25	64	26	41	27	96	28	8	29	14	30	11	31	33	32	27	33	70	34	30	35	94	36	3	37	32	38	85	39	73	40	3	41	7	42	17	43	38	44	32	45	6	46	36	47	78	48	63	49	91
	0	89	1	29	2	45	3	71	4	9	5	39	6	49	7	1	8	31	9	90	10	45	11	29	12	91	13	79	14	24	15	90	16	18	17	27	18	15	19	45	20	92	21	71	22	55	23	13	24	39	25	50	26	13	27	50	28	62	29	8	30	79	31	60	32	54	33	50	34	58	35	53	36	33	37	39	38	50	39	87	40	80	41	30	42	88	43	50	44	98	45	50	46	69	47	68	48	5	49	97
	0	9	1	54	2	23	3	6	4	94	5	36	6	44	7	3	8	19	9	15	10	80	11	51	12	30	13	47	14	14	15	51	16	15	17	60	18	23	19	62	20	3	21	37	22	45	23	47	24	79	25	31	26	89	27	59	28	11	29	93	30	28	31	20	32	51	33	31	34	28	35	72	36	63	37	27	38	83	39	86	40	78	41	79	42	74	43	65	44	91	45	56	46	70	47	80	48	42	49	67
	0	36	1	18	2	50	3	92	4	19	5	36	6	82	7	27	8	25	9	56	10	97	11	33	12	4	13	25	14	79	15	1	16	16	17	46	18	50	19	65	20	39	21	50	22	37	23	23	24	36	25	46	26	28	27	65	28	7	29	100	30	39	31	98	32	82	33	7	34	76	35	18	36	26	37	57	38	82	39	94	40	78	41	32	42	68	43	30	44	35	45	57	46	1	47	40	48	54	49	99
	0	89	1	56	2	27	3	11	4	68	5	31	6	65	7	29	8	6	9	32	10	94	11	87	12	71	13	29	14	32	15	17	16	13	17	10	18	22	19	33	20	81	21	90	22	25	23	18	24	59	25	3	26	6	27	73	28	94	29	75	30	65	31	89	32	59	33	32	34	95	35	51	36	58	37	84	38	68	39	88	40	85	41	88	42	80	43	30	44	77	45	90	46	15	47	27	48	38	49	88
	0	99	1	50	2	5	3	76	4	54	5	82	6	3	7	48	8	82	9	47	10	7	11	85	12	32	13	64	14	84	15	53	16	26	17	13	18	17	19	71	20	61	21	37	22	17	23	43	24	99	25	33	26	67	27	59	28	16	29	3	30	71	31	100	32	78	33	62	34	98	35	13	36	58	37	32	38	27	39	37	40	14	41	63	42	58	43	100	44	93	45	59	46	34	47	2	48	33	49	6
	0	76	1	76	2	67	3	28	4	53	5	83	6	68	7	16	8	17	9	69	10	79	11	1	12	81	13	19	14	16	15	83	16	25	17	63	18	39	19	15	20	52	21	20	22	34	23	23	24	36	25	2	26	48	27	100	28	23	29	93	30	64	31	2	32	84	33	90	34	16	35	53	36	38	37	69	38	84	39	10	40	79	41	100	42	5	43	67	44	80	45	45	46	100	47	92	48	72	49	91
	0	7	1	17	2	97	3	23	4	58	5	41	6	1	7	25	8	51	9	2	10	12	11	64	12	98	13	39	14	12	15	2	16	48	17	42	18	12	19	41	20	31	21	62	22	70	23	89	24	54	25	34	26	26	27	4	28	52	29	34	30	45	31	63	32	79	33	64	34	75	35	46	36	84	37	45	38	82	39	54	40	16	41	68	42	6	43	79	44	47	45	16	46	51	47	4	48	8	49	65
	0	11	1	14	2	71	3	31	4	81	5	21	6	43	7	26	8	22	9	51	10	26	11	16	12	69	13	46	14	81	15	18	16	93	17	70	18	92	19	77	20	78	21	26	22	13	23	92	24	56	25	30	26	58	27	99	28	12	29	90	30	51	31	30	32	65	33	80	34	54	35	94	36	71	37	33	38	46	39	55	40	17	41	65	42	9	43	10	44	90	45	10	46	46	47	84	48	56	49	49
	0	47	1	95	2	61	3	29	4	72	5	54	6	59	7	36	8	9	9	16	10	27	11	53	12	38	13	86	14	1	15	8	16	9	17	37	18	71	19	15	20	97	21	21	22	3	23	52	24	21	25	51	26	77	27	26	28	14	29	4	30	61	31	14	32	95	33	68	34	69	35	3	36	78	37	25	38	55	39	42	40	10	41	60	42	47	43	92	44	41	45	18	46	40	47	42	48	49	49	65
	0	82	1	7	2	86	3	16	4	21	5	46	6	13	7	40	8	14	9	65	10	35	11	59	12	4	13	76	14	66	15	82	16	15	17	39	18	77	19	66	20	31	21	17	22	6	23	88	24	44	25	3	26	35	27	54	28	99	29	5	30	70	31	92	32	74	33	1	34	62	35	18	36	55	37	6	38	72	39	41	40	10	41	2	42	65	43	69	44	73	45	17	46	72	47	34	48	80	49	80
	0	71	1	25	2	20	3	61	4	73	5	21	6	11	7	87	8	8	9	57	10	91	11	94	12	50	13	52	14	89	15	41	16	30	17	96	18	34	19	18	20	15	21	81	22	92	23	11	24	69	25	95	26	54	27	1	28	8	29	39	30	14	31	21	32	20	33	40	34	99	35	98	36	20	37	45	38	61	39	45	40	51	41	32	42	22	43	85	44	51	45	87	46	38	47	22	48	54	49	8
	0	34	1	95	2	94	3	53	4	8	5	71	6	19	7	33	8	27	9	65	10	52	11	22	12	39	13	7	14	42	15	39	16	90	17	78	18	91	19	7	20	26	21	78	22	67	23	22	24	96	25	28	26	18	27	57	28	3	29	92	30	57	31	1	32	74	33	76	34	91	35	13	36	27	37	58	38	94	39	23	40	67	41	23	42	64	43	25	44	48	45	37	46	12	47	37	48	62	49	79
	0	60	1	22	2	61	3	93	4	64	5	9	6	10	7	52	8	77	9	35	10	37	11	48	12	19	13	9	14	22	15	27	16	24	17	80	18	36	19	54	20	83	21	41	22	45	23	67	24	88	25	3	26	3	27	60	28	64	29	39	30	28	31	6	32	35	33	67	34	38	35	93	36	59	37	14	38	59	39	61	40	39	41	7	42	61	43	40	44	75	45	57	46	86	47	41	48	42	49	40
	0	45	1	39	2	81	3	2	4	27	5	65	6	51	7	24	8	36	9	76	10	90	11	40	12	46	13	89	14	57	15	82	16	52	17	88	18	77	19	98	20	30	21	37	22	95	23	76	24	70	25	71	26	23	27	60	28	25	29	35	30	27	31	41	32	83	33	98	34	91	35	61	36	73	37	60	38	61	39	72	40	50	41	38	42	38	43	24	44	21	45	85	46	100	47	74	48	16	49	85
	0	49	1	59	2	7	3	36	4	22	5	56	6	24	7	93	8	14	9	20	10	39	11	56	12	94	13	94	14	99	15	15	16	26	17	12	18	42	19	74	20	10	21	44	22	19	23	50	24	15	25	61	26	2	27	77	28	69	29	11	30	67	31	96	32	16	33	36	34	71	35	93	36	78	37	76	38	59	39	11	40	60	41	29	42	75	43	76	44	91	45	77	46	63	47	76	48	3	49	88
	0	85	1	5	2	74	3	51	4	86	5	66	6	87	7	15	8	82	9	77	10	4	11	28	12	57	13	33	14	26	15	7	16	95	17	18	18	4	19	79	20	78	21	82	22	29	23	68	24	25	25	94	26	98	27	30	28	65	29	69	30	51	31	61	32	49	33	26	34	9	35	19	36	66	37	95	38	76	39	35	40	3	41	21	42	78	43	21	44	64	45	8	46	35	47	88	48	50	49	100
	0	24	1	24	2	55	3	12	4	48	5	6	6	28	7	33	8	30	9	57	10	15	11	84	12	3	13	42	14	77	15	87	16	56	17	86	18	42	19	95	20	63	21	60	22	49	23	73	24	94	25	53	26	81	27	38	28	7	29	35	30	1	31	2	32	45	33	80	34	34	35	61	36	2	37	4	38	66	39	48	40	31	41	27	42	45	43	11	44	2	45	81	46	7	47	17	48	38	49	6
	0	69	1	75	2	84	3	20	4	51	5	22	6	91	7	48	8	26	9	38	10	12	11	41	12	8	13	63	14	56	15	34	16	30	17	41	18	32	19	9	20	67	21	14	22	81	23	74	24	4	25	43	26	99	27	67	28	71	29	18	30	62	31	47	32	71	33	98	34	38	35	32	36	85	37	86	38	38	39	98	40	34	41	29	42	30	43	42	44	28	45	2	46	30	47	85	48	29	49	13
	0	38	1	58	2	4	3	39	4	93	5	93	6	65	7	74	8	51	9	28	10	100	11	72	12	15	13	90	14	45	15	76	16	76	17	3	18	71	19	7	20	40	21	54	22	62	23	28	24	49	25	9	26	12	27	12	28	22	29	47	30	84	31	92	32	78	33	78	34	97	35	52	36	10	37	45	38	19	39	1	40	25	41	32	42	15	43	33	44	71	45	31	46	55	47	76	48	12	49	29
	0	77	1	55	2	33	3	37	4	86	5	59	6	62	7	55	8	5	9	63	10	70	11	47	12	23	13	44	14	67	15	84	16	9	17	12	18	10	19	56	20	79	21	19	22	94	23	85	24	37	25	37	26	82	27	79	28	37	29	12	30	15	31	94	32	13	33	26	34	84	35	26	36	4	37	43	38	73	39	30	40	50	41	1	42	94	43	27	44	41	45	85	46	80	47	80	48	50	49	4
	0	4	1	14	2	75	3	29	4	40	5	33	6	81	7	94	8	86	9	58	10	97	11	53	12	11	13	72	14	38	15	44	16	96	17	69	18	33	19	6	20	92	21	24	22	85	23	50	24	99	25	43	26	3	27	85	28	47	29	59	30	75	31	38	32	34	33	72	34	62	35	30	36	52	37	59	38	55	39	88	40	4	41	6	42	12	43	19	44	86	45	27	46	53	47	57	48	4	49	75
	0	11	1	73	2	38	3	66	4	41	5	9	6	72	7	64	8	48	9	63	10	57	11	5	12	83	13	52	14	77	15	47	16	11	17	24	18	28	19	87	20	65	21	85	22	39	23	75	24	28	25	81	26	83	27	10	28	6	29	42	30	74	31	19	32	95	33	73	34	36	35	24	36	46	37	55	38	80	39	75	40	81	41	91	42	56	43	89	44	20	45	11	46	40	47	22	48	16	49	15
	0	72	1	81	2	12	3	22	4	75	5	30	6	63	7	60	8	2	9	63	10	91	11	1	12	8	13	38	14	65	15	35	16	20	17	6	18	24	19	42	20	77	21	73	22	80	23	94	24	51	25	71	26	77	27	6	28	67	29	40	30	91	31	7	32	98	33	41	34	91	35	18	36	81	37	52	38	3	39	32	40	3	41	15	42	45	43	64	44	37	45	35	46	19	47	89	48	33	49	58
	0	92	1	97	2	96	3	71	4	92	5	45	6	2	7	1	8	89	9	53	10	31	11	10	12	69	13	9	14	26	15	8	16	93	17	63	18	9	19	35	20	7	21	23	22	1	23	86	24	51	25	85	26	27	27	76	28	75	29	68	30	23	31	64	32	65	33	28	34	57	35	94	36	35	37	72	38	31	39	18	40	38	41	97	42	38	43	8	44	4	45	27	46	84	47	62	48	5	49	28
	0	94	1	86	2	2	3	9	4	71	5	84	6	40	7	47	8	78	9	92	10	74	11	5	12	49	13	49	14	52	15	17	16	59	17	82	18	97	19	52	20	15	21	50	22	51	23	7	24	30	25	68	26	72	27	71	28	9	29	22	30	8	31	59	32	50	33	28	34	87	35	19	36	44	37	7	38	86	39	59	40	20	41	76	42	74	43	37	44	74	45	77	46	56	47	23	48	86	49	90
	0	37	1	16	2	90	3	14	4	99	5	82	6	79	7	95	8	66	9	54	10	44	11	46	12	79	13	77	14	80	15	98	16	30	17	34	18	10	19	41	20	7	21	56	22	18	23	88	24	56	25	1	26	73	27	49	28	78	29	82	30	4	31	86	32	84	33	44	34	51	35	15	36	100	37	45	38	91	39	51	40	2	41	86	42	43	43	31	44	91	45	82	46	64	47	44	48	70	49	86
	0	18	1	61	2	68	3	100	4	68	5	50	6	20	7	35	8	27	9	8	10	12	11	6	12	62	13	53	14	35	15	69	16	47	17	48	18	16	19	46	20	4	21	68	22	15	23	84	24	63	25	13	26	11	27	50	28	69	29	33	30	17	31	59	32	72	33	32	34	81	35	80	36	2	37	49	38	87	39	79	40	22	41	34	42	50	43	84	44	92	45	86	46	62	47	76	48	90	49	99
	0	55	1	62	2	88	3	39	4	60	5	64	6	74	7	66	8	2	9	33	10	42	11	41	12	49	13	87	14	35	15	8	16	100	17	10	18	80	19	35	20	97	21	76	22	57	23	47	24	75	25	81	26	7	27	96	28	3	29	100	30	45	31	38	32	70	33	95	34	50	35	22	36	15	37	41	38	50	39	6	40	23	41	59	42	16	43	62	44	17	45	58	46	29	47	31	48	26	49	33
	0	99	1	22	2	11	3	68	4	35	5	5	6	70	7	40	8	7	9	8	10	69	11	30	12	38	13	30	14	60	15	77	16	24	17	37	18	75	19	37	20	74	21	84	22	26	23	33	24	2	25	3	26	41	27	9	28	32	29	32	30	6	31	15	32	86	33	91	34	11	35	100	36	69	37	5	38	10	39	78	40	70	41	60	42	39	43	3	44	51	45	25	46	68	47	63	48	81	49	72
	0	56	1	71	2	37	3	94	4	61	5	38	6	99	7	83	8	11	9	31	10	82	11	34	12	31	13	53	14	4	15	83	16	99	17	19	18	78	19	86	20	67	21	92	22	60	23	5	24	65	25	12	26	26	27	64	28	84	29	36	30	23	31	77	32	97	33	65	34	39	35	67	36	73	37	32	38	85	39	37	40	89	41	64	42	72	43	45	44	37	45	67	46	46	47	6	48	97	49	73
	0	89	1	22	2	7	3	53	4	23	5	9	6	68	7	97	8	60	9	75	10	41	11	6	12	86	13	64	14	53	15	45	16	85	17	73	18	99	19	49	20	22	21	14	22	4	23	3	24	55	25	65	26	7	27	6	28	38	29	30	30	47	31	12	32	39	33	29	34	94	35	8	36	88	37	53	38	38	39	53	40	10	41	78	42	20	43	9	44	38	45	12	46	3	47	34	48	90	49	22
	0	76	1	2	2	57	3	78	4	60	5	90	6	40	7	81	8	67	9	43	10	40	11	91	12	12	13	86	14	71	15	60	16	84	17	83	18	65	19	33	20	37	21	24	22	89	23	80	24	46	25	8	26	79	27	63	28	45	29	60	30	77	31	62	32	33	33	78	34	16	35	4	36	26	37	23	38	97	39	70	40	92	41	79	42	44	43	87	44	75	45	49	46	36	47	9	48	30	49	79
	0	49	1	56	2	97	3	9	4	70	5	77	6	90	7	92	8	44	9	24	10	96	11	51	12	75	13	81	14	96	15	42	16	10	17	83	18	46	19	49	20	50	21	99	22	98	23	42	24	76	25	82	26	40	27	55	28	92	29	7	30	81	31	75	32	18	33	47	34	20	35	54	36	82	37	55	38	65	39	77	40	98	41	64	42	95	43	38	44	22	45	5	46	85	47	35	48	33	49	22
	0	32	1	68	2	84	3	23	4	49	5	87	6	93	7	4	8	29	9	59	10	6	11	27	12	79	13	23	14	30	15	41	16	79	17	61	18	13	19	89	20	35	21	4	22	42	23	17	24	2	25	52	26	63	27	1	28	17	29	75	30	62	31	37	32	66	33	29	34	39	35	86	36	54	37	93	38	87	39	43	40	88	41	19	42	54	43	77	44	63	45	57	46	30	47	90	48	17	49	81
	0	7	1	42	2	4	3	44	4	7	5	83	6	95	7	26	8	53	9	72	10	3	11	57	12	54	13	64	14	1	15	36	16	14	17	21	18	67	19	69	20	80	21	54	22	80	23	94	24	17	25	8	26	68	27	82	28	42	29	59	30	46	31	16	32	69	33	68	34	25	35	92	36	58	37	23	38	73	39	95	40	53	41	63	42	50	43	50	44	53	45	48	46	61	47	42	48	67	49	51
	0	86	1	47	2	30	3	58	4	90	5	44	6	86	7	8	8	23	9	84	10	74	11	27	12	51	13	22	14	58	15	8	16	95	17	69	18	93	19	65	20	56	21	95	22	31	23	57	24	59	25	4	26	83	27	52	28	39	29	53	30	12	31	87	32	57	33	88	34	24	35	37	36	23	37	32	38	58	39	5	40	51	41	23	42	18	43	88	44	84	45	5	46	93	47	93	48	55	49	24
	0	44	1	97	2	86	3	65	4	64	5	75	6	28	7	40	8	51	9	50	10	99	11	25	12	23	13	30	14	69	15	79	16	86	17	40	18	4	19	21	20	40	21	64	22	75	23	36	24	48	25	48	26	70	27	22	28	52	29	43	30	93	31	33	32	72	33	76	34	21	35	43	36	38	37	79	38	50	39	61	40	48	41	31	42	75	43	68	44	28	45	68	46	57	47	34	48	71	49	77
	0	79	1	77	2	44	3	91	4	7	5	37	6	21	7	30	8	4	9	84	10	67	11	68	12	43	13	96	14	75	15	19	16	42	17	71	18	44	19	69	20	12	21	44	22	47	23	100	24	73	25	41	26	18	27	81	28	3	29	92	30	65	31	25	32	13	33	66	34	93	35	31	36	60	37	17	38	76	39	68	40	49	41	50	42	32	43	65	44	82	45	44	46	81	47	10	48	51	49	91
	0	83	1	84	2	98	3	41	4	4	5	73	6	66	7	56	8	37	9	37	10	31	11	20	12	89	13	23	14	93	15	56	16	15	17	68	18	39	19	42	20	35	21	12	22	41	23	33	24	97	25	21	26	33	27	29	28	52	29	94	30	69	31	48	32	64	33	1	34	86	35	84	36	57	37	83	38	100	39	77	40	89	41	91	42	14	43	12	44	97	45	75	46	25	47	18	48	48	49	24
	0	45	1	57	2	4	3	26	4	86	5	98	6	68	7	13	8	66	9	35	10	84	11	84	12	37	13	86	14	1	15	39	16	50	17	78	18	29	19	74	20	90	21	18	22	36	23	91	24	67	25	86	26	75	27	49	28	36	29	23	30	37	31	61	32	75	33	81	34	71	35	88	36	59	37	60	38	12	39	7	40	95	41	68	42	3	43	53	44	18	45	54	46	20	47	54	48	59	49	8
	0	24	1	6	2	22	3	45	4	98	5	70	6	52	7	90	8	41	9	77	10	73	11	44	12	34	13	80	14	21	15	10	16	7	17	88	18	5	19	86	20	52	21	55	22	78	23	64	24	69	25	41	26	94	27	100	28	50	29	41	30	78	31	34	32	30	33	54	34	52	35	78	36	52	37	52	38	76	39	96	40	47	41	54	42	3	43	56	44	99	45	22	46	69	47	19	48	65	49	33
	0	42	1	95	2	69	3	3	4	22	5	83	6	77	7	51	8	67	9	74	10	33	11	34	12	67	13	92	14	15	15	4	16	7	17	84	18	33	19	51	20	91	21	3	22	77	23	41	24	15	25	34	26	1	27	64	28	2	29	57	30	81	31	42	32	55	33	57	34	3	35	83	36	75	37	13	38	51	39	50	40	60	41	29	42	15	43	8	44	80	45	94	46	33	47	59	48	83	49	86
	0	34	1	69	2	97	3	38	4	50	5	63	6	16	7	57	8	17	9	25	10	99	11	50	12	76	13	50	14	1	15	94	16	49	17	15	18	33	19	68	20	50	21	69	22	17	23	17	24	51	25	74	26	69	27	32	28	20	29	35	30	48	31	55	32	5	33	97	34	34	35	53	36	15	37	6	38	35	39	3	40	29	41	62	42	32	43	1	44	51	45	4	46	9	47	80	48	63	49	11
	0	37	1	90	2	67	3	3	4	100	5	95	6	3	7	85	8	78	9	70	10	95	11	62	12	38	13	17	14	56	15	14	16	92	17	26	18	55	19	24	20	20	21	54	22	30	23	71	24	69	25	90	26	91	27	67	28	74	29	39	30	57	31	70	32	73	33	46	34	25	35	11	36	95	37	18	38	43	39	30	40	50	41	51	42	57	43	82	44	61	45	46	46	52	47	91	48	4	49	65
	0	86	1	32	2	40	3	92	4	20	5	88	6	74	7	73	8	63	9	14	10	66	11	49	12	2	13	82	14	72	15	28	16	81	17	18	18	4	19	45	20	50	21	40	22	19	23	96	24	93	25	56	26	96	27	70	28	18	29	85	30	50	31	100	32	56	33	11	34	85	35	1	36	5	37	87	38	6	39	82	40	19	41	35	42	21	43	36	44	25	45	23	46	11	47	59	48	26	49	9
	0	52	1	36	2	8	3	84	4	19	5	100	6	68	7	55	8	90	9	69	10	35	11	44	12	53	13	91	14	47	15	6	16	64	17	67	18	1	19	81	20	20	21	26	22	91	23	36	24	50	25	81	26	12	27	61	28	11	29	85	30	83	31	37	32	85	33	51	34	13	35	69	36	75	37	34	38	32	39	64	40	63	41	72	42	43	43	4	44	82	45	24	46	73	47	25	48	7	49	76
	0	30	1	23	2	65	3	91	4	96	5	33	6	29	7	16	8	7	9	53	10	40	11	80	12	6	13	18	14	67	15	54	16	66	17	43	18	11	19	49	20	18	21	85	22	2	23	61	24	41	25	90	26	54	27	9	28	81	29	40	30	64	31	17	32	25	33	4	34	87	35	41	36	33	37	59	38	9	39	22	40	12	41	41	42	10	43	43	44	84	45	30	46	83	47	10	48	77	49	92
	0	43	1	70	2	42	3	32	4	68	5	71	6	83	7	18	8	28	9	85	10	51	11	88	12	7	13	81	14	22	15	54	16	24	17	12	18	83	19	61	20	9	21	35	22	85	23	62	24	80	25	2	26	39	27	17	28	40	29	83	30	63	31	40	32	86	33	99	34	100	35	33	36	90	37	86	38	83	39	90	40	10	41	18	42	96	43	69	44	25	45	60	46	69	47	44	48	14	49	21
	0	11	1	99	2	18	3	39	4	44	5	38	6	52	7	10	8	25	9	88	10	62	11	43	12	50	13	52	14	46	15	15	16	76	17	30	18	67	19	43	20	11	21	100	22	50	23	99	24	60	25	50	26	30	27	45	28	20	29	82	30	87	31	60	32	65	33	48	34	96	35	73	36	64	37	80	38	74	39	46	40	28	41	13	42	98	43	57	44	71	45	30	46	28	47	73	48	31	49	80
	0	70	1	30	2	96	3	29	4	44	5	46	6	22	7	57	8	53	9	34	10	37	11	15	12	68	13	98	14	74	15	96	16	75	17	26	18	78	19	92	20	42	21	18	22	68	23	29	24	13	25	97	26	67	27	18	28	30	29	4	30	13	31	54	32	39	33	87	34	26	35	48	36	34	37	4	38	94	39	85	40	46	41	21	42	90	43	31	44	80	45	78	46	52	47	46	48	53	49	39
	0	76	1	62	2	93	3	58	4	98	5	35	6	93	7	34	8	87	9	97	10	47	11	18	12	52	13	37	14	85	15	6	16	45	17	17	18	8	19	44	20	19	21	89	22	82	23	6	24	56	25	55	26	40	27	24	28	95	29	14	30	3	31	2	32	6	33	70	34	12	35	26	36	3	37	96	38	48	39	44	40	86	41	86	42	68	43	98	44	59	45	26	46	90	47	29	48	54	49	85
Reldue
-1	13543	-1	1
-1	12597	-1	1
-1	12866	-1	1
-1	13434	-1	1
-1	12232	-1	1
-1	13277	-1	1
-1	11281	-1	1
-1	12236	-1	1
-1	12441	-1	1
-1	11643	-1	1
-1	13091	-1	1
-1	11585	-1	1
-1	12627	-1	1
-1	12505	-1	1
-1	12918	-1	1
-1	13205	-1	1
-1	11501	-1	1
-1	10880	-1	1
-1	13684	-1	1
-1	11854	-1	1
-1	10730	-1	1
-1	13674	-1	1
-1	11568	-1	1
-1	12029	-1	1
-1	13016	-1	1
-1	10865	-1	1
-1	11523	-1	1
-1	11726	-1	1
-1	10750	-1	1
-1	12172	-1	1
-1	11075	-1	1
-1	13350	-1	1
-1	12940	-1	1
-1	13346	-1	1
-1	12680	-1	1
-1	12999	-1	1
-1	12776	-1	1
-1	12635	-1	1
-1	13026	-1	1
-1	11471	-1	1
-1	12026	-1	1
-1	13079	-1	1
-1	12799	-1	1
-1	11931	-1	1
-1	12217	-1	1
-1	10968	-1	1
-1	12059	-1	1
-1	12559	-1	1
-1	11189	-1	1
-1	11133	-1	1
-1	11902	-1	1
-1	12408	-1	1
-1	10859	-1	1
-1	13074	-1	1
-1	13431	-1	1
-1	12905	-1	1
-1	12378	-1	1
-1	13179	-1	1
-1	11888	-1	1
-1	13434	-1	1
-1	12126	-1	1
-1	11166	-1	1
-1	11966	-1	1
-1	12377	-1	1
-1	12790	-1	1
-1	12737	-1	1
-1	11937	-1	1
-1	13543	-1	1
-1	12726	-1	1
-1	12009	-1	1
-1	11525	-1	1
-1	11326	-1	1
-1	10692	-1	1
-1	11150	-1	1
-1	10953	-1	1
-1	10842	-1	1
-1	11989	-1	1
-1	13614	-1	1
-1	11947	-1	1
-1	12238	-1	1
-1	10671	-1	1
-1	13390	-1	1
-1	10961	-1	1
-1	10855	-1	1
-1	11510	-1	1
-1	12550	-1	1
-1	12153	-1	1
-1	10936	-1	1
-1	13092	-1	1
-1	11881	-1	1
-1	12317	-1	1
-1	11722	-1	1
-1	11167	-1	1
-1	11458	-1	1
-1	11171	-1	1
-1	10791	-1	1
-1	12118	-1	1
-1	13129	-1	1
-1	12921	-1	1
-1	12424	-1	1
-1	10661	-1	1
-1	11530	-1	1
-1	13137	-1	1
-1	11255	-1	1
-1	11425	-1	1
-1	12794	-1	1
-1	11420	-1	1
-1	13584	-1	1
-1	13531	-1	1
-1	11262	-1	1
-1	11961	-1	1
-1	13326	-1	1
-1	11946	-1	1
-1	13565	-1	1
-1	11363	-1	1
-1	10852	-1	1
-1	12332	-1	1
-1	11494	-1	1
-1	13453	-1	1
-1	11499	-1	1
-1	11225	-1	1
-1	12791	-1	1
-1	11090	-1	1
-1	11304	-1	1
-1	12814	-1	1
-1	11503	-1	1
-1	12754	-1	1
-1	11792	-1	1
-1	11332	-1	1
-1	11603	-1	1
-1	12832	-1	1
-1	11991	-1	1
-1	11869	-1	1
-1	11375	-1	1
-1	12284	-1	1
-1	11905	-1	1
-1	10980	-1	1
-1	12059	-1	1
-1	11458	-1	1
-1	13673	-1	1
-1	11441	-1	1
-1	11521	-1	1
-1	13241	-1	1
-1	13530	-1	1
-1	12303	-1	1
-1	11427	-1	1
-1	11568	-1	1
-1	11921	-1	1
-1	13594	-1	1
-1	12391	-1	1
-1	11109	-1	1
-1	12027	-1	1
-1	11831	-1	1
-1	11883	-1	1
-1	12052	-1	1
-1	11241	-1	1
-1	11973	-1	1
-1	11323	-1	1
-1	13410	-1	1
-1	12161	-1	1
-1	12214	-1	1
-1	12136	-1	1
-1	12910	-1	1
-1	13503	-1	1
-1	13122	-1	1
-1	11769	-1	1
-1	12756	-1	1
-1	12064	-1	1
-1	12058	-1	1
-1	11412	-1	1
-1	10846	-1	1
-1	11140	-1	1
-1	11586	-1	1
-1	11396	-1	1
-1	12599	-1	1
-1	13270	-1	1
-1	13455	-1	1
-1	13640	-1	1
-1	11033	-1	1
-1	12489	-1	1
-1	13140	-1	1
-1	11686	-1	1
-1	11315	-1	1
-1	11146	-1	1
-1	10690	-1	1
-1	13552	-1	1
-1	12437	-1	1
-1	11015	-1	1
-1	11778	-1	1
-1	12512	-1	1
-1	11589	-1	1
-1	11389	-1	1
-1	11842	-1	1
-1	13425	-1	1
-1	12351	-1	1
-1	11034	-1	1
-1	11811	-1	1
-1	12987	-1	1
-1	12495	-1	1
-1	11712	-1	1
-1	11127	-1	1
-1	12606	-1	1
-1	11881	-1	1
-1	12534	-1	1
-1	12846	-1	1
-1	12502	-1	1
-1	11650	-1	1
-1	12632	-1	1
-1	12409	-1	1
-1	12456	-1	1
-1	13257	-1	1
-1	12934	-1	1
-1	12473	-1	1
-1	11958	-1	1
-1	11369	-1	1
-1	11710	-1	1
-1	12571	-1	1
-1	12345	-1	1
-1	11999	-1	1
-1	13586	-1	1
-1	11417	-1	1
-1	12144	-1	1
-1	13592	-1	1
-1	11678	-1	1
-1	11715	-1	1
-1	11934	-1	1
-1	11348	-1	1
-1	12786	-1	1
-1	12034	-1	1
-1	12305	-1	1
-1	12724	-1	1
-1	12015	-1	1
-1	13647	-1	1
-1	13639	-1	1
-1	13296	-1	1
-1	12657	-1	1
-1	13193	-1	1
-1	11938	-1	1
-1	10725	-1	1
-1	11367	-1	1
-1	13635	-1	1
-1	13113	-1	1
-1	13607	-1	1
-1	12538	-1	1
-1	10674	-1	1
-1	12791	-1	1
-1	11853	-1	1
-1	11677	-1	1
-1	12969	-1	1
-1	11227	-1	1
LBCmax: 15213
