350  30
	0	42	1	67	2	32	3	51	4	40	5	57	6	62	7	83	8	19	9	13	10	46	11	61	12	27	13	8	14	68	15	94	16	77	17	48	18	100	19	43	20	83	21	98	22	89	23	3	24	50	25	44	26	89	27	47	28	11	29	7
	0	91	1	45	2	77	3	89	4	89	5	57	6	37	7	22	8	76	9	75	10	37	11	44	12	54	13	69	14	11	15	23	16	19	17	44	18	59	19	9	20	38	21	28	22	82	23	77	24	37	25	41	26	20	27	96	28	61	29	20
	0	62	1	39	2	88	3	90	4	17	5	7	6	92	7	21	8	64	9	54	10	99	11	99	12	26	13	15	14	73	15	1	16	27	17	76	18	31	19	66	20	39	21	57	22	72	23	82	24	18	25	79	26	68	27	47	28	86	29	33
	0	62	1	61	2	17	3	89	4	45	5	73	6	30	7	3	8	41	9	77	10	85	11	9	12	100	13	29	14	54	15	2	16	76	17	45	18	8	19	59	20	61	21	83	22	23	23	50	24	78	25	37	26	29	27	23	28	66	29	78
	0	26	1	81	2	13	3	30	4	57	5	90	6	11	7	75	8	6	9	62	10	42	11	1	12	59	13	18	14	28	15	57	16	60	17	33	18	88	19	79	20	28	21	95	22	99	23	83	24	34	25	49	26	43	27	61	28	45	29	4
	0	99	1	6	2	90	3	19	4	99	5	74	6	5	7	100	8	67	9	40	10	54	11	68	12	11	13	4	14	40	15	92	16	17	17	86	18	51	19	89	20	97	21	70	22	12	23	30	24	68	25	18	26	18	27	13	28	62	29	61
	0	94	1	95	2	15	3	19	4	95	5	79	6	58	7	30	8	31	9	5	10	28	11	76	12	5	13	10	14	71	15	41	16	78	17	16	18	84	19	35	20	8	21	1	22	46	23	74	24	24	25	37	26	23	27	2	28	39	29	7
	0	37	1	84	2	98	3	46	4	47	5	15	6	30	7	41	8	88	9	22	10	49	11	18	12	41	13	57	14	8	15	75	16	53	17	2	18	18	19	53	20	27	21	35	22	77	23	50	24	37	25	36	26	79	27	17	28	53	29	16
	0	83	1	94	2	76	3	18	4	75	5	81	6	11	7	10	8	55	9	40	10	44	11	65	12	21	13	75	14	84	15	18	16	35	17	54	18	94	19	17	20	100	21	41	22	27	23	34	24	80	25	73	26	28	27	90	28	34	29	96
	0	79	1	3	2	55	3	41	4	97	5	86	6	37	7	3	8	6	9	31	10	99	11	60	12	40	13	64	14	51	15	43	16	72	17	60	18	75	19	38	20	43	21	57	22	60	23	95	24	51	25	92	26	6	27	53	28	37	29	59
	0	92	1	29	2	56	3	71	4	82	5	15	6	27	7	53	8	93	9	91	10	11	11	22	12	62	13	39	14	47	15	10	16	89	17	13	18	49	19	49	20	41	21	22	22	52	23	30	24	29	25	9	26	44	27	83	28	14	29	30
	0	39	1	55	2	2	3	94	4	69	5	91	6	10	7	86	8	97	9	23	10	46	11	100	12	90	13	38	14	14	15	64	16	93	17	85	18	34	19	3	20	94	21	13	22	63	23	100	24	85	25	84	26	32	27	49	28	38	29	96
	0	35	1	92	2	67	3	80	4	57	5	98	6	39	7	99	8	6	9	23	10	50	11	36	12	96	13	62	14	92	15	51	16	95	17	76	18	66	19	60	20	25	21	57	22	18	23	44	24	94	25	68	26	10	27	6	28	92	29	62
	0	45	1	33	2	70	3	80	4	11	5	24	6	96	7	74	8	18	9	96	10	56	11	100	12	33	13	75	14	36	15	84	16	44	17	45	18	17	19	66	20	9	21	96	22	49	23	48	24	64	25	100	26	6	27	25	28	5	29	21
	0	25	1	68	2	60	3	11	4	90	5	86	6	19	7	67	8	4	9	82	10	91	11	45	12	67	13	89	14	3	15	61	16	56	17	53	18	59	19	19	20	60	21	77	22	24	23	40	24	39	25	73	26	10	27	2	28	90	29	69
	0	57	1	95	2	44	3	67	4	64	5	61	6	35	7	53	8	98	9	76	10	11	11	7	12	77	13	73	14	68	15	67	16	25	17	52	18	41	19	29	20	32	21	85	22	76	23	2	24	73	25	31	26	73	27	56	28	64	29	34
	0	60	1	3	2	58	3	31	4	55	5	33	6	17	7	28	8	18	9	77	10	12	11	9	12	92	13	64	14	26	15	75	16	6	17	11	18	70	19	47	20	70	21	50	22	41	23	70	24	87	25	90	26	73	27	96	28	71	29	48
	0	70	1	46	2	49	3	29	4	9	5	73	6	62	7	17	8	63	9	71	10	20	11	5	12	83	13	13	14	66	15	89	16	23	17	4	18	50	19	98	20	20	21	84	22	20	23	32	24	47	25	16	26	84	27	36	28	100	29	51
	0	4	1	27	2	2	3	52	4	10	5	51	6	19	7	2	8	63	9	48	10	30	11	62	12	93	13	35	14	89	15	23	16	1	17	51	18	83	19	83	20	87	21	9	22	61	23	39	24	60	25	66	26	93	27	77	28	30	29	91
	0	87	1	2	2	83	3	97	4	68	5	27	6	17	7	75	8	6	9	40	10	50	11	29	12	27	13	88	14	61	15	18	16	70	17	65	18	5	19	40	20	56	21	94	22	28	23	26	24	90	25	28	26	58	27	18	28	5	29	22
	0	57	1	55	2	25	3	41	4	68	5	88	6	9	7	14	8	63	9	9	10	93	11	47	12	14	13	42	14	47	15	51	16	15	17	54	18	19	19	51	20	37	21	76	22	24	23	86	24	100	25	32	26	9	27	6	28	74	29	34
	0	93	1	35	2	69	3	80	4	64	5	53	6	63	7	59	8	99	9	18	10	64	11	61	12	13	13	23	14	37	15	45	16	66	17	65	18	19	19	97	20	90	21	86	22	98	23	5	24	3	25	72	26	53	27	11	28	31	29	67
	0	65	1	35	2	48	3	12	4	39	5	70	6	11	7	11	8	16	9	91	10	44	11	8	12	53	13	42	14	6	15	5	16	100	17	71	18	42	19	61	20	6	21	52	22	94	23	59	24	33	25	98	26	40	27	28	28	58	29	50
	0	73	1	43	2	83	3	17	4	46	5	64	6	11	7	81	8	30	9	74	10	23	11	97	12	83	13	18	14	86	15	64	16	21	17	71	18	76	19	31	20	17	21	80	22	80	23	74	24	99	25	54	26	37	27	53	28	15	29	94
	0	3	1	36	2	64	3	7	4	76	5	56	6	43	7	18	8	97	9	20	10	44	11	95	12	23	13	13	14	88	15	45	16	38	17	40	18	12	19	38	20	36	21	13	22	13	23	81	24	16	25	72	26	33	27	39	28	45	29	98
	0	42	1	76	2	100	3	60	4	37	5	69	6	85	7	100	8	81	9	12	10	83	11	45	12	33	13	12	14	2	15	1	16	65	17	52	18	4	19	87	20	44	21	61	22	45	23	81	24	38	25	35	26	57	27	5	28	78	29	73
	0	42	1	81	2	67	3	41	4	80	5	12	6	36	7	80	8	50	9	79	10	82	11	100	12	23	13	66	14	36	15	54	16	89	17	53	18	49	19	63	20	100	21	21	22	87	23	35	24	64	25	74	26	82	27	27	28	18	29	84
	0	79	1	5	2	55	3	84	4	70	5	23	6	93	7	85	8	10	9	28	10	2	11	94	12	52	13	49	14	42	15	46	16	49	17	39	18	61	19	85	20	13	21	68	22	63	23	59	24	22	25	94	26	48	27	10	28	16	29	57
	0	84	1	71	2	33	3	73	4	58	5	9	6	61	7	18	8	10	9	73	10	18	11	43	12	71	13	27	14	80	15	41	16	35	17	97	18	26	19	73	20	40	21	40	22	60	23	21	24	48	25	23	26	35	27	9	28	49	29	83
	0	97	1	38	2	11	3	80	4	100	5	1	6	69	7	89	8	87	9	88	10	23	11	71	12	26	13	91	14	81	15	35	16	38	17	71	18	68	19	85	20	77	21	53	22	90	23	88	24	24	25	41	26	33	27	33	28	21	29	94
	0	13	1	62	2	62	3	98	4	24	5	78	6	95	7	6	8	52	9	81	10	24	11	56	12	45	13	77	14	7	15	78	16	51	17	50	18	81	19	50	20	76	21	25	22	74	23	62	24	25	25	24	26	76	27	8	28	15	29	12
	0	83	1	99	2	82	3	94	4	32	5	78	6	19	7	81	8	90	9	92	10	18	11	71	12	82	13	12	14	7	15	89	16	43	17	51	18	94	19	83	20	44	21	100	22	65	23	86	24	42	25	76	26	1	27	73	28	17	29	69
	0	11	1	86	2	32	3	13	4	93	5	2	6	10	7	35	8	62	9	57	10	18	11	52	12	20	13	69	14	5	15	9	16	62	17	8	18	23	19	92	20	22	21	20	22	50	23	59	24	12	25	86	26	67	27	57	28	20	29	82
	0	82	1	34	2	59	3	80	4	84	5	66	6	79	7	87	8	83	9	38	10	90	11	28	12	67	13	69	14	59	15	12	16	68	17	64	18	83	19	37	20	45	21	27	22	39	23	25	24	99	25	80	26	63	27	99	28	92	29	56
	0	31	1	29	2	37	3	77	4	17	5	22	6	68	7	26	8	68	9	24	10	21	11	72	12	9	13	65	14	84	15	15	16	80	17	66	18	81	19	58	20	64	21	78	22	14	23	17	24	45	25	36	26	79	27	28	28	36	29	44
	0	18	1	16	2	25	3	16	4	83	5	37	6	64	7	41	8	16	9	100	10	82	11	67	12	76	13	33	14	98	15	92	16	74	17	49	18	74	19	21	20	85	21	37	22	16	23	36	24	42	25	65	26	37	27	71	28	57	29	83
	0	18	1	98	2	4	3	66	4	43	5	71	6	54	7	15	8	97	9	68	10	70	11	35	12	40	13	45	14	81	15	34	16	3	17	83	18	99	19	23	20	77	21	94	22	54	23	9	24	76	25	19	26	50	27	10	28	5	29	21
	0	85	1	40	2	66	3	86	4	64	5	25	6	67	7	51	8	13	9	78	10	36	11	36	12	80	13	14	14	55	15	63	16	56	17	1	18	42	19	65	20	80	21	74	22	69	23	29	24	95	25	48	26	96	27	33	28	67	29	34
	0	36	1	57	2	97	3	6	4	9	5	85	6	75	7	3	8	25	9	38	10	62	11	56	12	21	13	78	14	3	15	64	16	38	17	5	18	100	19	74	20	4	21	16	22	94	23	30	24	78	25	98	26	48	27	91	28	50	29	90
	0	29	1	53	2	11	3	24	4	10	5	3	6	44	7	25	8	67	9	95	10	94	11	40	12	29	13	43	14	10	15	31	16	5	17	46	18	91	19	30	20	97	21	8	22	46	23	67	24	77	25	8	26	76	27	96	28	87	29	40
	0	35	1	100	2	80	3	27	4	8	5	44	6	24	7	68	8	41	9	84	10	30	11	89	12	91	13	93	14	81	15	98	16	85	17	30	18	58	19	64	20	15	21	74	22	13	23	70	24	98	25	97	26	23	27	15	28	80	29	47
	0	16	1	61	2	65	3	77	4	71	5	53	6	99	7	17	8	20	9	51	10	38	11	96	12	13	13	60	14	82	15	58	16	13	17	44	18	44	19	16	20	43	21	59	22	4	23	48	24	97	25	43	26	58	27	40	28	84	29	44
	0	51	1	2	2	75	3	82	4	74	5	34	6	63	7	66	8	50	9	18	10	65	11	17	12	45	13	45	14	20	15	73	16	77	17	25	18	56	19	68	20	9	21	27	22	49	23	12	24	49	25	42	26	81	27	24	28	97	29	80
	0	69	1	81	2	99	3	37	4	34	5	98	6	20	7	88	8	23	9	41	10	26	11	99	12	7	13	43	14	41	15	64	16	15	17	80	18	31	19	8	20	73	21	19	22	20	23	6	24	73	25	42	26	36	27	21	28	80	29	22
	0	53	1	54	2	45	3	99	4	76	5	56	6	97	7	66	8	78	9	56	10	26	11	93	12	84	13	89	14	77	15	22	16	75	17	42	18	18	19	26	20	46	21	49	22	58	23	12	24	39	25	96	26	17	27	7	28	45	29	27
	0	90	1	62	2	36	3	48	4	36	5	59	6	81	7	89	8	1	9	8	10	44	11	58	12	56	13	75	14	79	15	93	16	88	17	61	18	69	19	15	20	9	21	41	22	68	23	15	24	40	25	27	26	47	27	43	28	96	29	7
	0	53	1	78	2	92	3	83	4	28	5	2	6	26	7	12	8	58	9	92	10	17	11	10	12	35	13	14	14	3	15	79	16	58	17	94	18	38	19	81	20	12	21	75	22	24	23	47	24	87	25	3	26	80	27	7	28	46	29	91
	0	27	1	76	2	30	3	70	4	49	5	38	6	78	7	6	8	56	9	100	10	95	11	47	12	46	13	22	14	88	15	46	16	67	17	36	18	67	19	49	20	5	21	15	22	65	23	63	24	58	25	52	26	41	27	32	28	72	29	57
	0	58	1	91	2	40	3	92	4	45	5	75	6	7	7	93	8	8	9	3	10	23	11	51	12	27	13	65	14	23	15	57	16	60	17	78	18	53	19	17	20	43	21	93	22	52	23	14	24	59	25	70	26	63	27	57	28	12	29	51
	0	43	1	50	2	25	3	90	4	69	5	69	6	59	7	40	8	95	9	28	10	8	11	86	12	84	13	85	14	34	15	82	16	18	17	94	18	29	19	36	20	76	21	32	22	24	23	38	24	23	25	38	26	96	27	43	28	49	29	49
	0	27	1	34	2	51	3	20	4	10	5	41	6	58	7	61	8	29	9	90	10	23	11	39	12	41	13	1	14	53	15	8	16	41	17	60	18	30	19	75	20	92	21	46	22	59	23	28	24	38	25	72	26	48	27	66	28	48	29	77
	0	84	1	5	2	59	3	82	4	91	5	66	6	97	7	96	8	58	9	62	10	8	11	27	12	87	13	35	14	37	15	44	16	1	17	17	18	18	19	89	20	93	21	5	22	68	23	37	24	31	25	94	26	10	27	60	28	36	29	89
	0	56	1	19	2	94	3	91	4	26	5	24	6	86	7	51	8	88	9	9	10	27	11	3	12	45	13	29	14	63	15	38	16	1	17	63	18	59	19	97	20	81	21	84	22	75	23	56	24	96	25	39	26	31	27	56	28	63	29	43
	0	81	1	10	2	33	3	69	4	62	5	63	6	91	7	11	8	94	9	4	10	7	11	37	12	34	13	55	14	82	15	50	16	12	17	86	18	3	19	60	20	13	21	24	22	91	23	88	24	74	25	61	26	33	27	84	28	3	29	79
	0	11	1	38	2	59	3	50	4	62	5	78	6	29	7	64	8	62	9	26	10	7	11	14	12	99	13	36	14	51	15	29	16	59	17	21	18	75	19	29	20	86	21	85	22	9	23	61	24	53	25	69	26	22	27	18	28	60	29	5
	0	2	1	70	2	66	3	40	4	29	5	41	6	95	7	48	8	96	9	29	10	95	11	76	12	48	13	38	14	27	15	65	16	62	17	74	18	10	19	50	20	79	21	33	22	65	23	41	24	50	25	61	26	21	27	24	28	85	29	91
	0	76	1	37	2	88	3	70	4	34	5	20	6	34	7	30	8	55	9	33	10	18	11	78	12	87	13	94	14	73	15	94	16	76	17	86	18	57	19	79	20	63	21	21	22	31	23	77	24	22	25	84	26	97	27	66	28	90	29	74
	0	60	1	5	2	100	3	15	4	31	5	64	6	19	7	25	8	98	9	80	10	37	11	38	12	10	13	24	14	84	15	41	16	71	17	67	18	51	19	60	20	33	21	71	22	44	23	94	24	24	25	54	26	10	27	19	28	69	29	7
	0	3	1	67	2	78	3	52	4	73	5	78	6	8	7	73	8	17	9	79	10	28	11	64	12	4	13	21	14	46	15	67	16	76	17	4	18	65	19	4	20	77	21	50	22	97	23	16	24	72	25	8	26	30	27	71	28	55	29	4
	0	41	1	3	2	47	3	80	4	2	5	85	6	55	7	66	8	3	9	58	10	20	11	83	12	16	13	73	14	91	15	89	16	54	17	97	18	97	19	96	20	9	21	16	22	100	23	23	24	61	25	20	26	63	27	75	28	7	29	50
	0	50	1	49	2	49	3	64	4	56	5	14	6	29	7	23	8	27	9	19	10	8	11	20	12	17	13	14	14	33	15	9	16	1	17	3	18	25	19	93	20	28	21	56	22	92	23	79	24	86	25	44	26	49	27	27	28	27	29	86
	0	95	1	26	2	61	3	14	4	85	5	89	6	6	7	97	8	87	9	49	10	89	11	79	12	25	13	97	14	90	15	26	16	37	17	91	18	11	19	76	20	4	21	21	22	95	23	53	24	32	25	33	26	21	27	83	28	88	29	22
	0	70	1	9	2	15	3	49	4	21	5	12	6	98	7	63	8	23	9	83	10	39	11	10	12	63	13	92	14	61	15	68	16	19	17	48	18	65	19	49	20	64	21	69	22	94	23	39	24	69	25	78	26	84	27	82	28	10	29	9
	0	15	1	26	2	94	3	86	4	73	5	82	6	37	7	7	8	96	9	64	10	75	11	56	12	79	13	16	14	91	15	2	16	32	17	50	18	77	19	88	20	40	21	30	22	77	23	98	24	57	25	92	26	67	27	52	28	34	29	93
	0	82	1	94	2	77	3	3	4	95	5	38	6	57	7	3	8	83	9	15	10	45	11	56	12	75	13	21	14	34	15	43	16	34	17	57	18	63	19	99	20	34	21	30	22	66	23	92	24	35	25	29	26	13	27	16	28	50	29	21
	0	1	1	98	2	83	3	10	4	24	5	52	6	64	7	62	8	37	9	4	10	7	11	3	12	68	13	95	14	83	15	15	16	65	17	30	18	75	19	6	20	84	21	11	22	53	23	32	24	31	25	11	26	94	27	81	28	39	29	33
	0	25	1	58	2	36	3	94	4	81	5	32	6	19	7	13	8	89	9	30	10	68	11	90	12	24	13	89	14	46	15	24	16	4	17	97	18	65	19	78	20	17	21	99	22	34	23	20	24	96	25	32	26	3	27	72	28	81	29	22
	0	70	1	59	2	45	3	61	4	23	5	41	6	63	7	37	8	28	9	66	10	53	11	93	12	86	13	81	14	21	15	44	16	19	17	74	18	88	19	56	20	60	21	56	22	82	23	88	24	62	25	100	26	16	27	43	28	37	29	80
	0	92	1	75	2	99	3	93	4	7	5	58	6	81	7	61	8	38	9	1	10	29	11	29	12	33	13	77	14	10	15	12	16	54	17	90	18	83	19	68	20	30	21	7	22	9	23	95	24	14	25	26	26	22	27	63	28	64	29	54
	0	68	1	48	2	95	3	10	4	77	5	28	6	55	7	1	8	59	9	45	10	33	11	6	12	5	13	59	14	1	15	85	16	43	17	29	18	51	19	99	20	92	21	17	22	72	23	89	24	3	25	90	26	75	27	69	28	78	29	61
	0	86	1	31	2	13	3	7	4	27	5	54	6	12	7	43	8	77	9	68	10	40	11	44	12	98	13	30	14	48	15	51	16	28	17	96	18	68	19	95	20	10	21	98	22	60	23	19	24	98	25	70	26	66	27	100	28	51	29	74
	0	98	1	85	2	23	3	18	4	76	5	2	6	95	7	81	8	71	9	8	10	6	11	65	12	40	13	74	14	1	15	57	16	57	17	41	18	76	19	66	20	55	21	86	22	97	23	63	24	56	25	64	26	40	27	45	28	56	29	48
	0	44	1	98	2	63	3	64	4	12	5	33	6	39	7	91	8	77	9	18	10	77	11	81	12	21	13	25	14	8	15	15	16	31	17	71	18	40	19	4	20	4	21	29	22	52	23	92	24	52	25	22	26	9	27	30	28	75	29	33
	0	62	1	22	2	80	3	1	4	59	5	67	6	84	7	73	8	70	9	44	10	22	11	46	12	13	13	9	14	47	15	6	16	25	17	12	18	99	19	56	20	12	21	53	22	67	23	92	24	95	25	18	26	83	27	53	28	4	29	83
	0	25	1	82	2	8	3	73	4	4	5	44	6	78	7	3	8	66	9	10	10	19	11	50	12	48	13	93	14	19	15	29	16	53	17	94	18	4	19	74	20	35	21	1	22	95	23	40	24	14	25	42	26	98	27	81	28	68	29	90
	0	85	1	80	2	56	3	65	4	49	5	17	6	79	7	91	8	24	9	17	10	80	11	92	12	17	13	7	14	45	15	43	16	92	17	67	18	54	19	100	20	94	21	74	22	87	23	94	24	22	25	57	26	90	27	42	28	61	29	14
	0	56	1	14	2	54	3	65	4	83	5	82	6	74	7	33	8	92	9	5	10	7	11	97	12	44	13	46	14	81	15	31	16	71	17	28	18	87	19	36	20	11	21	64	22	74	23	46	24	28	25	25	26	30	27	34	28	36	29	29
	0	66	1	64	2	68	3	60	4	70	5	72	6	61	7	61	8	3	9	66	10	49	11	54	12	42	13	67	14	71	15	74	16	8	17	49	18	56	19	34	20	18	21	40	22	28	23	49	24	56	25	93	26	47	27	86	28	65	29	41
	0	87	1	20	2	76	3	90	4	91	5	14	6	49	7	25	8	95	9	55	10	90	11	22	12	75	13	4	14	57	15	91	16	69	17	54	18	80	19	5	20	99	21	98	22	56	23	73	24	56	25	49	26	87	27	80	28	57	29	70
	0	83	1	87	2	74	3	6	4	41	5	67	6	88	7	13	8	68	9	36	10	33	11	42	12	24	13	74	14	16	15	24	16	84	17	73	18	42	19	41	20	60	21	54	22	72	23	7	24	29	25	15	26	93	27	80	28	44	29	34
	0	88	1	73	2	45	3	18	4	23	5	56	6	89	7	84	8	87	9	46	10	59	11	6	12	68	13	31	14	22	15	56	16	40	17	86	18	63	19	55	20	89	21	68	22	95	23	68	24	14	25	3	26	25	27	39	28	78	29	87
	0	38	1	48	2	92	3	90	4	20	5	24	6	56	7	15	8	34	9	44	10	90	11	54	12	11	13	25	14	41	15	53	16	38	17	70	18	34	19	61	20	45	21	18	22	3	23	43	24	15	25	30	26	36	27	75	28	87	29	2
	0	99	1	42	2	13	3	81	4	42	5	19	6	87	7	28	8	89	9	5	10	72	11	63	12	67	13	30	14	74	15	73	16	34	17	69	18	58	19	80	20	4	21	23	22	85	23	82	24	74	25	51	26	31	27	41	28	19	29	68
	0	18	1	55	2	88	3	43	4	46	5	52	6	30	7	61	8	31	9	96	10	36	11	24	12	81	13	71	14	60	15	16	16	55	17	18	18	79	19	64	20	98	21	12	22	78	23	48	24	47	25	8	26	88	27	52	28	39	29	11
	0	15	1	74	2	79	3	35	4	23	5	14	6	47	7	47	8	68	9	17	10	46	11	31	12	2	13	46	14	23	15	14	16	80	17	8	18	16	19	18	20	50	21	52	22	10	23	60	24	4	25	13	26	5	27	93	28	23	29	87
	0	16	1	69	2	45	3	42	4	86	5	70	6	25	7	6	8	57	9	14	10	90	11	88	12	32	13	78	14	91	15	24	16	41	17	51	18	9	19	54	20	79	21	20	22	67	23	71	24	78	25	79	26	50	27	95	28	37	29	75
	0	57	1	68	2	24	3	56	4	2	5	68	6	17	7	75	8	64	9	97	10	53	11	68	12	48	13	80	14	98	15	18	16	2	17	84	18	64	19	54	20	100	21	51	22	25	23	58	24	96	25	87	26	19	27	89	28	5	29	76
	0	32	1	31	2	58	3	87	4	5	5	25	6	47	7	1	8	3	9	55	10	51	11	90	12	41	13	85	14	18	15	98	16	62	17	72	18	27	19	32	20	1	21	10	22	74	23	49	24	91	25	58	26	48	27	93	28	81	29	75
	0	78	1	37	2	86	3	77	4	94	5	12	6	87	7	47	8	14	9	43	10	38	11	6	12	47	13	16	14	63	15	6	16	92	17	50	18	47	19	1	20	54	21	49	22	45	23	21	24	25	25	50	26	72	27	33	28	79	29	7
	0	47	1	86	2	97	3	60	4	1	5	67	6	26	7	87	8	77	9	4	10	6	11	45	12	69	13	9	14	55	15	33	16	92	17	37	18	85	19	45	20	86	21	4	22	70	23	91	24	71	25	2	26	16	27	7	28	20	29	86
	0	91	1	76	2	31	3	33	4	13	5	31	6	90	7	95	8	10	9	34	10	69	11	94	12	94	13	12	14	3	15	38	16	24	17	24	18	35	19	47	20	31	21	92	22	20	23	18	24	51	25	94	26	38	27	81	28	79	29	25
	0	48	1	9	2	31	3	70	4	82	5	93	6	94	7	37	8	71	9	94	10	98	11	49	12	36	13	27	14	25	15	99	16	7	17	54	18	48	19	100	20	30	21	70	22	86	23	6	24	96	25	23	26	74	27	68	28	86	29	3
	0	20	1	60	2	23	3	84	4	91	5	89	6	81	7	7	8	32	9	64	10	71	11	36	12	38	13	7	14	37	15	30	16	10	17	12	18	1	19	8	20	68	21	97	22	50	23	4	24	24	25	98	26	69	27	33	28	8	29	100
	0	40	1	24	2	11	3	20	4	72	5	79	6	8	7	58	8	39	9	79	10	36	11	3	12	25	13	32	14	73	15	58	16	12	17	40	18	34	19	11	20	67	21	38	22	69	23	79	24	100	25	9	26	42	27	84	28	4	29	5
	0	18	1	55	2	7	3	15	4	98	5	64	6	80	7	55	8	66	9	29	10	5	11	77	12	37	13	44	14	75	15	32	16	40	17	29	18	83	19	12	20	53	21	6	22	43	23	74	24	82	25	36	26	17	27	12	28	55	29	81
	0	73	1	34	2	65	3	72	4	75	5	63	6	95	7	4	8	88	9	58	10	92	11	80	12	57	13	35	14	86	15	80	16	72	17	25	18	72	19	24	20	58	21	14	22	90	23	58	24	24	25	33	26	81	27	85	28	72	29	2
	0	99	1	7	2	53	3	52	4	5	5	68	6	18	7	67	8	87	9	100	10	97	11	28	12	60	13	16	14	6	15	49	16	55	17	5	18	74	19	40	20	98	21	24	22	24	23	26	24	41	25	81	26	65	27	22	28	89	29	69
	0	67	1	34	2	30	3	83	4	33	5	33	6	89	7	38	8	91	9	40	10	29	11	69	12	64	13	88	14	90	15	67	16	98	17	80	18	34	19	15	20	46	21	43	22	42	23	84	24	54	25	45	26	72	27	39	28	78	29	36
	0	71	1	56	2	40	3	24	4	26	5	29	6	7	7	89	8	64	9	51	10	32	11	10	12	48	13	74	14	5	15	56	16	44	17	94	18	9	19	53	20	37	21	7	22	63	23	42	24	23	25	39	26	1	27	79	28	17	29	50
	0	31	1	62	2	40	3	45	4	58	5	55	6	84	7	70	8	78	9	70	10	71	11	54	12	61	13	18	14	38	15	34	16	93	17	35	18	32	19	79	20	51	21	57	22	95	23	79	24	6	25	81	26	56	27	99	28	3	29	54
	0	84	1	80	2	52	3	71	4	52	5	57	6	25	7	73	8	21	9	28	10	57	11	66	12	47	13	70	14	82	15	21	16	66	17	17	18	59	19	19	20	10	21	33	22	65	23	45	24	61	25	33	26	65	27	44	28	50	29	49
	0	81	1	5	2	48	3	49	4	26	5	28	6	10	7	42	8	73	9	88	10	75	11	31	12	60	13	6	14	26	15	98	16	82	17	88	18	69	19	44	20	93	21	91	22	76	23	96	24	30	25	34	26	7	27	70	28	36	29	57
	0	11	1	53	2	36	3	86	4	57	5	29	6	97	7	85	8	62	9	77	10	70	11	74	12	3	13	6	14	16	15	59	16	34	17	16	18	30	19	2	20	53	21	86	22	41	23	21	24	77	25	30	26	51	27	5	28	28	29	94
	0	25	1	80	2	38	3	51	4	55	5	62	6	27	7	42	8	64	9	82	10	1	11	62	12	18	13	70	14	85	15	83	16	57	17	32	18	96	19	77	20	78	21	63	22	96	23	66	24	8	25	71	26	3	27	27	28	73	29	3
	0	36	1	9	2	45	3	16	4	29	5	59	6	6	7	14	8	46	9	62	10	86	11	50	12	64	13	28	14	47	15	76	16	18	17	92	18	26	19	70	20	28	21	8	22	61	23	82	24	46	25	61	26	56	27	90	28	90	29	5
	0	68	1	38	2	65	3	23	4	16	5	5	6	73	7	70	8	41	9	35	10	71	11	16	12	80	13	8	14	36	15	30	16	25	17	61	18	22	19	65	20	72	21	58	22	46	23	18	24	96	25	85	26	19	27	96	28	5	29	17
	0	20	1	6	2	44	3	83	4	70	5	43	6	66	7	28	8	57	9	52	10	93	11	33	12	31	13	79	14	20	15	64	16	45	17	51	18	50	19	53	20	37	21	38	22	52	23	22	24	57	25	88	26	85	27	11	28	5	29	49
	0	34	1	79	2	18	3	1	4	41	5	75	6	24	7	80	8	33	9	2	10	62	11	52	12	80	13	30	14	23	15	82	16	38	17	16	18	66	19	99	20	53	21	49	22	21	23	44	24	31	25	25	26	67	27	77	28	10	29	17
	0	61	1	50	2	78	3	95	4	58	5	88	6	32	7	16	8	23	9	44	10	59	11	87	12	67	13	93	14	1	15	63	16	16	17	5	18	23	19	50	20	19	21	9	22	99	23	5	24	54	25	22	26	83	27	69	28	75	29	22
	0	38	1	68	2	17	3	80	4	32	5	69	6	55	7	91	8	22	9	71	10	82	11	48	12	97	13	78	14	42	15	73	16	38	17	82	18	49	19	79	20	24	21	41	22	67	23	44	24	83	25	44	26	38	27	10	28	88	29	95
	0	76	1	34	2	17	3	49	4	71	5	73	6	46	7	97	8	73	9	58	10	49	11	70	12	36	13	8	14	7	15	12	16	56	17	67	18	58	19	52	20	32	21	89	22	45	23	54	24	22	25	92	26	38	27	54	28	92	29	49
	0	36	1	84	2	59	3	2	4	80	5	55	6	93	7	12	8	30	9	62	10	19	11	68	12	86	13	6	14	41	15	39	16	56	17	64	18	72	19	29	20	8	21	50	22	43	23	70	24	49	25	43	26	39	27	68	28	23	29	85
	0	57	1	79	2	21	3	55	4	12	5	92	6	41	7	96	8	22	9	33	10	52	11	38	12	48	13	23	14	36	15	38	16	73	17	58	18	20	19	48	20	48	21	86	22	20	23	69	24	34	25	7	26	59	27	50	28	19	29	13
	0	37	1	51	2	95	3	44	4	49	5	68	6	15	7	46	8	97	9	98	10	69	11	24	12	35	13	88	14	56	15	53	16	35	17	87	18	27	19	84	20	81	21	18	22	37	23	44	24	6	25	16	26	23	27	40	28	52	29	8
	0	7	1	95	2	6	3	31	4	87	5	90	6	32	7	20	8	43	9	82	10	29	11	99	12	13	13	25	14	63	15	61	16	88	17	16	18	55	19	38	20	22	21	39	22	30	23	65	24	88	25	85	26	64	27	11	28	1	29	58
	0	66	1	36	2	96	3	11	4	91	5	69	6	34	7	63	8	89	9	48	10	69	11	96	12	99	13	51	14	6	15	24	16	76	17	100	18	33	19	92	20	96	21	42	22	93	23	45	24	67	25	21	26	45	27	67	28	74	29	90
	0	30	1	3	2	94	3	45	4	22	5	79	6	87	7	71	8	59	9	10	10	48	11	28	12	58	13	58	14	54	15	21	16	69	17	66	18	73	19	32	20	26	21	93	22	94	23	13	24	99	25	24	26	98	27	56	28	49	29	26
	0	97	1	100	2	39	3	68	4	90	5	33	6	67	7	50	8	21	9	8	10	5	11	82	12	44	13	74	14	75	15	18	16	22	17	89	18	92	19	43	20	10	21	76	22	45	23	55	24	18	25	28	26	16	27	4	28	37	29	80
	0	33	1	72	2	78	3	4	4	31	5	97	6	62	7	89	8	58	9	96	10	51	11	15	12	33	13	30	14	22	15	41	16	75	17	100	18	14	19	52	20	37	21	1	22	1	23	41	24	17	25	39	26	68	27	30	28	42	29	10
	0	7	1	41	2	28	3	93	4	46	5	80	6	78	7	86	8	80	9	89	10	69	11	19	12	70	13	92	14	28	15	5	16	32	17	22	18	12	19	6	20	26	21	17	22	36	23	36	24	17	25	22	26	12	27	36	28	78	29	25
	0	96	1	72	2	37	3	28	4	59	5	55	6	11	7	18	8	21	9	82	10	68	11	1	12	16	13	47	14	3	15	1	16	91	17	63	18	32	19	49	20	33	21	12	22	33	23	7	24	91	25	97	26	89	27	5	28	44	29	61
	0	15	1	83	2	16	3	19	4	65	5	66	6	47	7	98	8	66	9	23	10	72	11	86	12	11	13	78	14	65	15	32	16	9	17	69	18	48	19	60	20	91	21	92	22	83	23	75	24	96	25	60	26	75	27	85	28	4	29	65
	0	76	1	56	2	77	3	38	4	61	5	83	6	38	7	21	8	9	9	41	10	89	11	14	12	15	13	48	14	49	15	65	16	22	17	58	18	77	19	89	20	42	21	52	22	81	23	63	24	99	25	25	26	58	27	26	28	30	29	50
	0	7	1	66	2	13	3	91	4	98	5	89	6	11	7	96	8	8	9	98	10	54	11	77	12	37	13	25	14	2	15	70	16	83	17	95	18	43	19	29	20	32	21	15	22	37	23	99	24	86	25	10	26	17	27	69	28	44	29	71
	0	71	1	95	2	100	3	60	4	7	5	60	6	42	7	98	8	64	9	95	10	36	11	40	12	91	13	78	14	53	15	2	16	57	17	6	18	68	19	92	20	25	21	80	22	30	23	66	24	19	25	62	26	96	27	23	28	64	29	91
	0	62	1	74	2	79	3	76	4	46	5	90	6	55	7	87	8	7	9	91	10	40	11	15	12	92	13	32	14	21	15	91	16	61	17	7	18	72	19	62	20	19	21	65	22	15	23	72	24	60	25	27	26	91	27	2	28	9	29	27
	0	66	1	53	2	3	3	28	4	9	5	99	6	62	7	85	8	100	9	19	10	23	11	60	12	80	13	94	14	53	15	94	16	41	17	40	18	70	19	15	20	13	21	94	22	10	23	16	24	2	25	92	26	44	27	45	28	79	29	82
	0	30	1	91	2	43	3	92	4	43	5	40	6	85	7	21	8	26	9	67	10	28	11	32	12	54	13	58	14	43	15	71	16	4	17	89	18	44	19	25	20	69	21	15	22	13	23	12	24	70	25	34	26	20	27	52	28	36	29	31
	0	29	1	70	2	73	3	19	4	10	5	21	6	36	7	32	8	1	9	52	10	71	11	44	12	72	13	27	14	96	15	4	16	11	17	88	18	36	19	14	20	19	21	24	22	33	23	11	24	77	25	74	26	89	27	98	28	51	29	93
	0	26	1	61	2	6	3	30	4	60	5	56	6	78	7	31	8	23	9	39	10	22	11	53	12	89	13	15	14	12	15	34	16	78	17	81	18	85	19	87	20	50	21	11	22	47	23	90	24	15	25	20	26	80	27	94	28	11	29	76
	0	20	1	81	2	32	3	75	4	97	5	32	6	20	7	85	8	52	9	89	10	27	11	11	12	83	13	35	14	31	15	66	16	69	17	6	18	62	19	36	20	85	21	12	22	55	23	57	24	8	25	54	26	57	27	73	28	66	29	34
	0	40	1	23	2	99	3	10	4	9	5	77	6	8	7	45	8	89	9	30	10	34	11	39	12	52	13	11	14	89	15	64	16	5	17	75	18	14	19	25	20	43	21	79	22	54	23	9	24	66	25	70	26	75	27	22	28	78	29	17
	0	52	1	9	2	39	3	87	4	3	5	100	6	41	7	34	8	66	9	40	10	14	11	52	12	20	13	100	14	87	15	17	16	16	17	55	18	75	19	5	20	59	21	99	22	48	23	86	24	53	25	25	26	8	27	5	28	19	29	78
	0	84	1	11	2	23	3	86	4	27	5	1	6	95	7	96	8	50	9	79	10	18	11	92	12	45	13	53	14	2	15	69	16	2	17	20	18	10	19	75	20	65	21	12	22	65	23	63	24	38	25	95	26	65	27	9	28	11	29	59
	0	2	1	82	2	62	3	29	4	35	5	82	6	81	7	90	8	82	9	71	10	84	11	6	12	31	13	74	14	45	15	71	16	68	17	20	18	51	19	27	20	87	21	43	22	57	23	39	24	37	25	78	26	5	27	10	28	93	29	11
	0	15	1	65	2	86	3	70	4	82	5	58	6	14	7	67	8	36	9	66	10	16	11	25	12	31	13	78	14	94	15	63	16	81	17	86	18	99	19	2	20	70	21	57	22	34	23	28	24	90	25	19	26	23	27	31	28	76	29	97
	0	58	1	84	2	67	3	97	4	25	5	56	6	97	7	100	8	58	9	62	10	86	11	33	12	95	13	84	14	6	15	16	16	13	17	36	18	29	19	17	20	73	21	42	22	79	23	44	24	7	25	54	26	59	27	73	28	20	29	37
	0	8	1	88	2	5	3	80	4	22	5	68	6	69	7	29	8	42	9	72	10	32	11	39	12	80	13	80	14	61	15	100	16	60	17	11	18	19	19	72	20	73	21	20	22	65	23	42	24	80	25	36	26	34	27	93	28	20	29	12
	0	69	1	36	2	95	3	77	4	97	5	55	6	44	7	30	8	65	9	54	10	36	11	2	12	76	13	24	14	27	15	88	16	4	17	53	18	75	19	13	20	59	21	53	22	5	23	91	24	41	25	82	26	58	27	95	28	11	29	70
	0	86	1	35	2	54	3	97	4	59	5	25	6	18	7	66	8	2	9	72	10	53	11	76	12	80	13	36	14	96	15	91	16	94	17	26	18	56	19	48	20	69	21	40	22	2	23	61	24	25	25	65	26	65	27	18	28	80	29	96
	0	8	1	62	2	26	3	31	4	9	5	12	6	59	7	53	8	71	9	70	10	76	11	26	12	69	13	13	14	58	15	32	16	70	17	69	18	5	19	53	20	97	21	17	22	88	23	71	24	37	25	80	26	39	27	18	28	98	29	83
	0	97	1	31	2	62	3	98	4	69	5	78	6	8	7	3	8	84	9	51	10	82	11	28	12	51	13	59	14	47	15	61	16	38	17	60	18	46	19	35	20	42	21	16	22	51	23	19	24	15	25	51	26	75	27	95	28	64	29	62
	0	92	1	86	2	43	3	4	4	82	5	55	6	100	7	44	8	74	9	15	10	57	11	69	12	94	13	100	14	21	15	80	16	11	17	93	18	69	19	9	20	44	21	20	22	44	23	51	24	87	25	39	26	64	27	89	28	44	29	93
	0	22	1	49	2	98	3	12	4	33	5	31	6	46	7	67	8	64	9	83	10	75	11	24	12	34	13	23	14	74	15	50	16	89	17	35	18	85	19	58	20	83	21	77	22	52	23	7	24	10	25	83	26	21	27	90	28	81	29	56
	0	96	1	64	2	43	3	72	4	61	5	24	6	66	7	47	8	3	9	16	10	61	11	41	12	22	13	30	14	2	15	92	16	7	17	42	18	64	19	11	20	87	21	80	22	96	23	80	24	29	25	29	26	94	27	28	28	12	29	9
	0	47	1	91	2	1	3	97	4	67	5	61	6	20	7	61	8	25	9	97	10	72	11	35	12	51	13	52	14	74	15	58	16	84	17	20	18	97	19	42	20	64	21	33	22	29	23	63	24	7	25	45	26	5	27	71	28	10	29	89
	0	66	1	62	2	74	3	92	4	50	5	84	6	40	7	85	8	12	9	38	10	73	11	41	12	45	13	12	14	51	15	39	16	34	17	62	18	33	19	14	20	72	21	18	22	14	23	64	24	19	25	86	26	95	27	16	28	79	29	70
	0	29	1	59	2	34	3	41	4	8	5	26	6	53	7	19	8	16	9	52	10	68	11	47	12	58	13	55	14	79	15	83	16	37	17	14	18	50	19	23	20	37	21	47	22	77	23	38	24	47	25	9	26	62	27	2	28	26	29	48
	0	22	1	13	2	79	3	18	4	13	5	63	6	26	7	21	8	43	9	96	10	56	11	12	12	12	13	57	14	11	15	27	16	7	17	38	18	40	19	79	20	17	21	46	22	14	23	55	24	80	25	74	26	4	27	8	28	55	29	44
	0	45	1	12	2	74	3	42	4	48	5	39	6	42	7	73	8	41	9	69	10	71	11	11	12	32	13	51	14	68	15	13	16	44	17	58	18	27	19	16	20	51	21	23	22	72	23	64	24	17	25	36	26	67	27	97	28	34	29	45
	0	94	1	21	2	82	3	94	4	47	5	47	6	80	7	80	8	10	9	43	10	95	11	28	12	9	13	64	14	21	15	94	16	52	17	36	18	54	19	67	20	12	21	12	22	19	23	27	24	1	25	38	26	32	27	56	28	45	29	82
	0	93	1	38	2	67	3	18	4	49	5	91	6	20	7	71	8	77	9	92	10	48	11	71	12	66	13	18	14	50	15	53	16	8	17	6	18	76	19	24	20	18	21	84	22	3	23	67	24	51	25	59	26	33	27	53	28	77	29	42
	0	42	1	4	2	47	3	49	4	59	5	95	6	42	7	16	8	46	9	9	10	99	11	11	12	34	13	79	14	63	15	25	16	6	17	80	18	86	19	91	20	48	21	53	22	99	23	53	24	10	25	77	26	9	27	75	28	44	29	22
	0	3	1	85	2	6	3	40	4	66	5	74	6	51	7	92	8	37	9	97	10	46	11	7	12	64	13	65	14	90	15	21	16	28	17	98	18	11	19	47	20	57	21	93	22	69	23	74	24	40	25	34	26	16	27	90	28	15	29	24
	0	53	1	84	2	92	3	44	4	5	5	68	6	31	7	51	8	18	9	22	10	97	11	74	12	13	13	63	14	48	15	70	16	85	17	73	18	37	19	50	20	17	21	59	22	29	23	94	24	40	25	14	26	70	27	99	28	74	29	3
	0	51	1	40	2	27	3	5	4	63	5	37	6	28	7	68	8	30	9	58	10	30	11	77	12	64	13	3	14	8	15	25	16	85	17	31	18	31	19	39	20	97	21	58	22	99	23	22	24	20	25	15	26	52	27	79	28	96	29	36
	0	5	1	68	2	52	3	48	4	76	5	77	6	64	7	48	8	83	9	22	10	59	11	10	12	54	13	25	14	64	15	51	16	64	17	94	18	65	19	42	20	87	21	51	22	50	23	63	24	50	25	42	26	53	27	15	28	94	29	49
	0	13	1	45	2	3	3	84	4	14	5	61	6	56	7	20	8	77	9	27	10	100	11	14	12	21	13	62	14	51	15	10	16	7	17	3	18	84	19	24	20	38	21	87	22	58	23	64	24	68	25	72	26	85	27	29	28	61	29	95
	0	51	1	82	2	96	3	42	4	30	5	5	6	90	7	84	8	70	9	78	10	17	11	85	12	28	13	28	14	26	15	7	16	78	17	52	18	85	19	55	20	42	21	17	22	11	23	38	24	92	25	63	26	58	27	52	28	39	29	94
	0	85	1	92	2	2	3	12	4	4	5	55	6	20	7	37	8	91	9	7	10	64	11	24	12	33	13	99	14	36	15	49	16	96	17	79	18	87	19	50	20	73	21	19	22	81	23	29	24	48	25	57	26	85	27	59	28	60	29	39
	0	66	1	48	2	72	3	84	4	21	5	49	6	76	7	29	8	77	9	35	10	86	11	11	12	31	13	57	14	5	15	10	16	16	17	67	18	55	19	49	20	25	21	77	22	27	23	19	24	15	25	67	26	73	27	93	28	75	29	88
	0	45	1	28	2	41	3	5	4	78	5	88	6	78	7	82	8	38	9	20	10	75	11	6	12	2	13	67	14	7	15	1	16	45	17	22	18	77	19	71	20	39	21	29	22	34	23	84	24	89	25	97	26	28	27	91	28	65	29	86
	0	48	1	14	2	19	3	82	4	60	5	81	6	67	7	59	8	40	9	73	10	96	11	99	12	58	13	12	14	21	15	33	16	76	17	9	18	1	19	4	20	49	21	51	22	91	23	68	24	53	25	98	26	81	27	3	28	75	29	9
	0	63	1	66	2	35	3	26	4	18	5	27	6	39	7	91	8	10	9	92	10	65	11	64	12	39	13	53	14	40	15	61	16	88	17	59	18	65	19	58	20	52	21	88	22	85	23	100	24	61	25	56	26	15	27	23	28	9	29	7
	0	81	1	83	2	63	3	49	4	12	5	42	6	13	7	53	8	15	9	56	10	86	11	20	12	11	13	71	14	41	15	81	16	8	17	17	18	100	19	80	20	50	21	54	22	9	23	71	24	54	25	13	26	6	27	21	28	49	29	39
	0	63	1	90	2	40	3	28	4	19	5	43	6	99	7	4	8	8	9	12	10	42	11	94	12	83	13	17	14	28	15	88	16	56	17	95	18	16	19	95	20	18	21	23	22	47	23	28	24	16	25	14	26	50	27	84	28	94	29	30
	0	77	1	2	2	14	3	47	4	18	5	7	6	42	7	42	8	63	9	82	10	39	11	23	12	100	13	26	14	95	15	93	16	64	17	85	18	22	19	25	20	89	21	58	22	55	23	4	24	21	25	38	26	53	27	42	28	84	29	12
	0	97	1	90	2	20	3	47	4	17	5	88	6	51	7	37	8	2	9	33	10	16	11	73	12	74	13	69	14	83	15	77	16	25	17	1	18	59	19	8	20	60	21	11	22	25	23	25	24	85	25	26	26	83	27	68	28	27	29	44
	0	87	1	95	2	97	3	45	4	92	5	83	6	8	7	36	8	46	9	87	10	26	11	89	12	15	13	99	14	15	15	94	16	11	17	70	18	84	19	29	20	50	21	81	22	75	23	10	24	88	25	65	26	40	27	84	28	85	29	30
	0	84	1	73	2	14	3	33	4	83	5	81	6	2	7	97	8	7	9	30	10	78	11	75	12	100	13	72	14	62	15	9	16	97	17	8	18	20	19	32	20	89	21	6	22	71	23	4	24	51	25	90	26	16	27	97	28	8	29	59
	0	29	1	61	2	99	3	45	4	36	5	29	6	54	7	21	8	57	9	51	10	19	11	21	12	94	13	73	14	65	15	36	16	5	17	81	18	87	19	87	20	69	21	90	22	67	23	2	24	50	25	53	26	59	27	37	28	15	29	94
	0	37	1	24	2	60	3	26	4	80	5	43	6	47	7	85	8	13	9	27	10	55	11	86	12	27	13	76	14	11	15	2	16	24	17	21	18	37	19	15	20	85	21	68	22	36	23	74	24	51	25	22	26	8	27	80	28	51	29	47
	0	63	1	79	2	30	3	39	4	69	5	16	6	69	7	11	8	60	9	8	10	75	11	2	12	94	13	17	14	1	15	73	16	17	17	39	18	34	19	57	20	96	21	42	22	24	23	54	24	19	25	15	26	84	27	14	28	65	29	16
	0	61	1	33	2	6	3	27	4	51	5	54	6	90	7	47	8	40	9	59	10	9	11	3	12	58	13	85	14	64	15	37	16	92	17	8	18	69	19	8	20	11	21	63	22	66	23	16	24	70	25	10	26	38	27	45	28	16	29	62
	0	35	1	67	2	7	3	22	4	64	5	64	6	20	7	7	8	7	9	64	10	1	11	59	12	49	13	78	14	92	15	57	16	51	17	17	18	35	19	88	20	95	21	86	22	31	23	48	24	76	25	21	26	22	27	67	28	32	29	97
	0	2	1	91	2	26	3	14	4	90	5	52	6	24	7	69	8	14	9	26	10	44	11	37	12	92	13	50	14	53	15	45	16	13	17	36	18	37	19	100	20	45	21	35	22	93	23	3	24	24	25	9	26	100	27	65	28	10	29	20
	0	61	1	8	2	10	3	63	4	42	5	18	6	94	7	79	8	44	9	71	10	69	11	29	12	75	13	63	14	85	15	32	16	17	17	13	18	65	19	81	20	99	21	11	22	23	23	87	24	33	25	39	26	81	27	32	28	58	29	83
	0	99	1	27	2	4	3	15	4	10	5	82	6	84	7	14	8	83	9	70	10	53	11	51	12	80	13	21	14	17	15	66	16	85	17	72	18	55	19	95	20	1	21	88	22	10	23	48	24	52	25	92	26	53	27	25	28	49	29	94
	0	14	1	37	2	87	3	10	4	62	5	55	6	86	7	89	8	46	9	14	10	8	11	8	12	51	13	43	14	98	15	96	16	31	17	96	18	32	19	99	20	3	21	7	22	78	23	93	24	36	25	86	26	96	27	15	28	61	29	47
	0	34	1	58	2	79	3	16	4	2	5	56	6	55	7	71	8	24	9	65	10	18	11	6	12	99	13	90	14	6	15	31	16	31	17	40	18	26	19	30	20	97	21	6	22	17	23	64	24	67	25	72	26	42	27	78	28	4	29	35
	0	39	1	38	2	99	3	78	4	9	5	34	6	8	7	17	8	25	9	2	10	21	11	29	12	87	13	58	14	73	15	25	16	59	17	50	18	48	19	25	20	55	21	71	22	83	23	51	24	73	25	84	26	40	27	38	28	85	29	52
	0	8	1	44	2	35	3	85	4	64	5	97	6	3	7	33	8	99	9	5	10	31	11	93	12	83	13	39	14	33	15	10	16	25	17	38	18	19	19	89	20	73	21	14	22	17	23	50	24	28	25	56	26	66	27	86	28	83	29	46
	0	18	1	14	2	20	3	49	4	69	5	27	6	10	7	47	8	8	9	82	10	5	11	1	12	57	13	89	14	19	15	94	16	32	17	80	18	36	19	68	20	67	21	85	22	89	23	58	24	54	25	21	26	100	27	7	28	14	29	90
	0	85	1	86	2	91	3	46	4	37	5	70	6	33	7	54	8	72	9	47	10	16	11	75	12	86	13	48	14	2	15	35	16	52	17	30	18	56	19	65	20	70	21	67	22	52	23	30	24	36	25	96	26	58	27	69	28	4	29	53
	0	54	1	19	2	45	3	90	4	48	5	5	6	39	7	42	8	87	9	7	10	44	11	9	12	64	13	34	14	36	15	51	16	91	17	81	18	7	19	24	20	71	21	36	22	71	23	2	24	97	25	67	26	13	27	59	28	60	29	3
	0	73	1	9	2	43	3	96	4	70	5	30	6	28	7	27	8	88	9	14	10	62	11	78	12	80	13	31	14	33	15	5	16	82	17	82	18	65	19	75	20	22	21	90	22	40	23	41	24	70	25	54	26	93	27	88	28	76	29	65
	0	43	1	59	2	76	3	53	4	58	5	48	6	75	7	13	8	66	9	24	10	29	11	48	12	59	13	13	14	89	15	1	16	50	17	65	18	83	19	77	20	86	21	68	22	38	23	81	24	20	25	4	26	76	27	18	28	100	29	38
	0	39	1	21	2	30	3	100	4	14	5	26	6	97	7	100	8	81	9	90	10	92	11	83	12	90	13	22	14	50	15	7	16	40	17	96	18	90	19	12	20	32	21	34	22	38	23	15	24	8	25	92	26	64	27	28	28	85	29	2
	0	52	1	16	2	73	3	25	4	91	5	15	6	21	7	35	8	79	9	82	10	19	11	46	12	32	13	69	14	82	15	26	16	78	17	9	18	57	19	82	20	68	21	76	22	54	23	16	24	25	25	68	26	89	27	55	28	21	29	90
	0	74	1	29	2	49	3	69	4	10	5	61	6	44	7	19	8	63	9	51	10	42	11	24	12	27	13	10	14	6	15	23	16	98	17	64	18	54	19	16	20	24	21	15	22	50	23	10	24	7	25	51	26	69	27	84	28	49	29	39
	0	32	1	44	2	2	3	37	4	65	5	97	6	35	7	4	8	47	9	56	10	39	11	6	12	44	13	56	14	49	15	46	16	31	17	63	18	14	19	57	20	61	21	81	22	84	23	38	24	43	25	95	26	81	27	30	28	16	29	19
	0	63	1	57	2	38	3	22	4	12	5	77	6	42	7	52	8	94	9	18	10	9	11	94	12	83	13	100	14	66	15	13	16	40	17	60	18	17	19	84	20	90	21	38	22	52	23	5	24	34	25	85	26	2	27	38	28	100	29	8
	0	28	1	34	2	12	3	56	4	72	5	31	6	29	7	13	8	94	9	37	10	90	11	57	12	80	13	29	14	57	15	95	16	6	17	29	18	61	19	96	20	72	21	56	22	67	23	52	24	51	25	43	26	32	27	78	28	25	29	73
	0	20	1	5	2	92	3	88	4	87	5	26	6	64	7	56	8	63	9	25	10	3	11	7	12	84	13	61	14	57	15	82	16	62	17	18	18	84	19	40	20	81	21	35	22	97	23	26	24	70	25	63	26	50	27	99	28	93	29	29
	0	57	1	60	2	31	3	4	4	11	5	44	6	86	7	94	8	37	9	56	10	4	11	5	12	25	13	67	14	95	15	61	16	83	17	2	18	26	19	59	20	41	21	85	22	76	23	1	24	90	25	19	26	8	27	44	28	15	29	31
	0	89	1	37	2	89	3	86	4	55	5	53	6	10	7	65	8	15	9	26	10	13	11	70	12	26	13	63	14	82	15	76	16	100	17	79	18	45	19	65	20	14	21	72	22	36	23	2	24	32	25	53	26	43	27	36	28	69	29	85
	0	79	1	48	2	51	3	94	4	55	5	65	6	47	7	63	8	37	9	17	10	87	11	28	12	6	13	11	14	86	15	18	16	69	17	43	18	32	19	22	20	75	21	73	22	21	23	76	24	51	25	33	26	41	27	94	28	44	29	53
	0	28	1	91	2	46	3	9	4	66	5	76	6	35	7	36	8	93	9	10	10	56	11	66	12	23	13	44	14	28	15	70	16	23	17	6	18	51	19	29	20	83	21	89	22	53	23	53	24	77	25	54	26	86	27	20	28	3	29	60
	0	77	1	23	2	40	3	77	4	92	5	26	6	82	7	53	8	57	9	66	10	15	11	34	12	53	13	80	14	54	15	58	16	83	17	14	18	60	19	76	20	62	21	47	22	4	23	67	24	2	25	60	26	44	27	53	28	62	29	7
	0	26	1	31	2	20	3	79	4	44	5	76	6	61	7	62	8	1	9	80	10	90	11	49	12	66	13	39	14	35	15	30	16	15	17	94	18	73	19	85	20	2	21	93	22	9	23	59	24	3	25	33	26	89	27	76	28	16	29	84
	0	22	1	41	2	27	3	25	4	47	5	25	6	62	7	33	8	70	9	33	10	86	11	4	12	51	13	4	14	32	15	92	16	29	17	87	18	52	19	12	20	94	21	5	22	38	23	34	24	67	25	83	26	45	27	51	28	30	29	9
	0	21	1	20	2	28	3	68	4	30	5	96	6	27	7	46	8	98	9	9	10	3	11	5	12	56	13	58	14	2	15	77	16	32	17	25	18	82	19	25	20	18	21	13	22	39	23	70	24	37	25	90	26	81	27	85	28	52	29	77
	0	84	1	93	2	19	3	2	4	61	5	37	6	65	7	41	8	25	9	1	10	40	11	75	12	18	13	95	14	88	15	68	16	51	17	41	18	17	19	35	20	61	21	17	22	73	23	39	24	95	25	53	26	54	27	68	28	68	29	84
	0	8	1	53	2	56	3	90	4	3	5	33	6	24	7	99	8	72	9	94	10	100	11	28	12	57	13	22	14	40	15	74	16	17	17	47	18	49	19	95	20	72	21	81	22	54	23	39	24	85	25	66	26	44	27	5	28	25	29	86
	0	14	1	51	2	50	3	12	4	95	5	87	6	99	7	79	8	40	9	5	10	98	11	29	12	7	13	38	14	2	15	49	16	65	17	62	18	36	19	95	20	93	21	66	22	14	23	87	24	69	25	70	26	30	27	14	28	63	29	50
	0	69	1	80	2	77	3	6	4	75	5	75	6	97	7	99	8	66	9	71	10	52	11	9	12	99	13	58	14	98	15	22	16	11	17	74	18	63	19	31	20	97	21	5	22	28	23	7	24	94	25	43	26	35	27	89	28	93	29	40
	0	27	1	93	2	89	3	97	4	83	5	24	6	38	7	54	8	2	9	65	10	95	11	5	12	24	13	66	14	37	15	33	16	17	17	47	18	3	19	26	20	68	21	7	22	6	23	56	24	42	25	95	26	94	27	99	28	100	29	77
	0	64	1	40	2	2	3	12	4	69	5	98	6	31	7	30	8	51	9	48	10	98	11	55	12	11	13	41	14	39	15	33	16	83	17	44	18	5	19	53	20	79	21	49	22	90	23	65	24	32	25	17	26	67	27	37	28	30	29	72
	0	33	1	16	2	45	3	49	4	54	5	64	6	77	7	60	8	87	9	100	10	86	11	45	12	14	13	61	14	71	15	100	16	2	17	68	18	15	19	22	20	100	21	62	22	23	23	1	24	5	25	32	26	97	27	48	28	84	29	65
	0	51	1	43	2	23	3	90	4	41	5	41	6	41	7	82	8	63	9	74	10	90	11	62	12	68	13	24	14	27	15	4	16	64	17	72	18	38	19	30	20	20	21	35	22	33	23	69	24	1	25	55	26	64	27	87	28	85	29	95
	0	15	1	38	2	39	3	56	4	80	5	84	6	68	7	30	8	17	9	74	10	62	11	43	12	48	13	95	14	86	15	51	16	60	17	31	18	14	19	6	20	90	21	82	22	91	23	91	24	30	25	46	26	64	27	97	28	83	29	60
	0	34	1	95	2	32	3	41	4	6	5	19	6	34	7	86	8	50	9	68	10	32	11	26	12	88	13	85	14	41	15	32	16	82	17	83	18	80	19	16	20	76	21	19	22	24	23	85	24	31	25	37	26	15	27	42	28	45	29	26
	0	52	1	35	2	42	3	73	4	48	5	86	6	1	7	5	8	36	9	84	10	16	11	47	12	31	13	1	14	42	15	33	16	17	17	55	18	57	19	64	20	98	21	58	22	39	23	91	24	26	25	4	26	49	27	60	28	4	29	84
	0	57	1	57	2	30	3	43	4	65	5	43	6	25	7	11	8	3	9	51	10	55	11	69	12	6	13	97	14	54	15	38	16	4	17	33	18	95	19	99	20	72	21	28	22	74	23	86	24	24	25	65	26	1	27	6	28	63	29	83
	0	11	1	72	2	1	3	20	4	46	5	71	6	16	7	10	8	66	9	82	10	25	11	57	12	82	13	33	14	66	15	88	16	37	17	51	18	40	19	46	20	65	21	48	22	42	23	99	24	10	25	51	26	85	27	48	28	74	29	57
	0	98	1	72	2	43	3	86	4	56	5	55	6	1	7	54	8	66	9	66	10	24	11	90	12	12	13	89	14	29	15	67	16	50	17	28	18	10	19	33	20	96	21	46	22	88	23	41	24	44	25	89	26	54	27	34	28	8	29	12
	0	94	1	27	2	87	3	29	4	5	5	82	6	87	7	20	8	65	9	82	10	44	11	93	12	94	13	53	14	42	15	74	16	28	17	69	18	20	19	66	20	1	21	52	22	4	23	22	24	94	25	67	26	10	27	99	28	1	29	42
	0	14	1	94	2	25	3	87	4	72	5	97	6	95	7	90	8	40	9	86	10	78	11	94	12	36	13	61	14	18	15	16	16	27	17	5	18	29	19	34	20	47	21	88	22	30	23	54	24	75	25	76	26	82	27	66	28	31	29	19
	0	90	1	7	2	55	3	93	4	55	5	9	6	100	7	57	8	8	9	19	10	45	11	36	12	50	13	82	14	87	15	31	16	83	17	51	18	10	19	41	20	6	21	59	22	7	23	19	24	14	25	60	26	7	27	25	28	25	29	31
	0	54	1	28	2	4	3	88	4	16	5	73	6	91	7	67	8	29	9	29	10	33	11	54	12	13	13	70	14	64	15	88	16	100	17	51	18	20	19	54	20	69	21	100	22	50	23	46	24	86	25	26	26	66	27	69	28	76	29	100
	0	63	1	5	2	86	3	96	4	74	5	73	6	15	7	62	8	62	9	36	10	23	11	74	12	54	13	57	14	40	15	100	16	70	17	7	18	33	19	59	20	7	21	51	22	12	23	70	24	74	25	94	26	78	27	11	28	92	29	54
	0	46	1	46	2	7	3	84	4	91	5	79	6	75	7	73	8	3	9	52	10	14	11	92	12	54	13	89	14	52	15	66	16	4	17	54	18	90	19	85	20	6	21	83	22	67	23	93	24	82	25	98	26	11	27	7	28	84	29	19
	0	96	1	68	2	60	3	21	4	41	5	14	6	91	7	25	8	26	9	28	10	64	11	100	12	16	13	16	14	2	15	12	16	2	17	96	18	66	19	71	20	16	21	20	22	94	23	38	24	67	25	56	26	54	27	98	28	16	29	89
	0	12	1	30	2	76	3	39	4	46	5	98	6	16	7	94	8	66	9	69	10	95	11	4	12	15	13	25	14	56	15	86	16	55	17	20	18	76	19	37	20	68	21	8	22	10	23	61	24	30	25	29	26	22	27	45	28	37	29	48
	0	60	1	45	2	80	3	66	4	25	5	70	6	12	7	65	8	54	9	74	10	52	11	35	12	91	13	93	14	5	15	12	16	44	17	84	18	9	19	29	20	38	21	57	22	37	23	33	24	6	25	9	26	6	27	51	28	89	29	92
	0	70	1	87	2	39	3	84	4	11	5	88	6	32	7	44	8	53	9	22	10	48	11	55	12	46	13	37	14	71	15	14	16	15	17	9	18	8	19	93	20	67	21	92	22	51	23	1	24	83	25	30	26	5	27	15	28	71	29	88
	0	73	1	52	2	27	3	23	4	66	5	14	6	38	7	95	8	81	9	16	10	42	11	85	12	62	13	91	14	100	15	79	16	36	17	12	18	62	19	28	20	98	21	99	22	40	23	5	24	71	25	89	26	97	27	94	28	82	29	85
	0	32	1	10	2	23	3	9	4	15	5	23	6	77	7	45	8	3	9	25	10	51	11	23	12	40	13	83	14	29	15	86	16	24	17	51	18	34	19	60	20	92	21	47	22	84	23	87	24	47	25	100	26	50	27	20	28	55	29	39
	0	80	1	72	2	54	3	81	4	33	5	75	6	73	7	23	8	25	9	90	10	51	11	56	12	16	13	74	14	87	15	58	16	52	17	97	18	89	19	36	20	57	21	56	22	87	23	5	24	55	25	46	26	16	27	48	28	35	29	67
	0	12	1	88	2	13	3	86	4	59	5	50	6	43	7	86	8	74	9	18	10	88	11	63	12	39	13	3	14	48	15	57	16	6	17	69	18	6	19	31	20	20	21	2	22	42	23	25	24	59	25	7	26	22	27	64	28	81	29	61
	0	70	1	80	2	11	3	81	4	65	5	83	6	28	7	57	8	39	9	5	10	21	11	72	12	58	13	78	14	32	15	23	16	10	17	36	18	6	19	87	20	35	21	47	22	2	23	10	24	72	25	20	26	56	27	21	28	16	29	33
	0	84	1	90	2	91	3	87	4	74	5	73	6	90	7	74	8	98	9	30	10	51	11	22	12	52	13	9	14	54	15	52	16	99	17	10	18	64	19	50	20	74	21	96	22	53	23	57	24	76	25	6	26	75	27	18	28	55	29	81
	0	88	1	46	2	77	3	23	4	33	5	91	6	7	7	29	8	14	9	21	10	67	11	87	12	54	13	55	14	38	15	19	16	11	17	5	18	22	19	99	20	66	21	18	22	84	23	98	24	46	25	23	26	43	27	29	28	25	29	24
	0	69	1	83	2	9	3	96	4	16	5	88	6	23	7	73	8	99	9	32	10	31	11	37	12	87	13	36	14	71	15	46	16	82	17	57	18	85	19	55	20	85	21	60	22	67	23	32	24	91	25	4	26	70	27	58	28	61	29	5
	0	41	1	69	2	43	3	88	4	71	5	79	6	68	7	52	8	86	9	90	10	21	11	77	12	7	13	88	14	71	15	71	16	67	17	64	18	21	19	39	20	53	21	24	22	85	23	8	24	12	25	62	26	33	27	44	28	48	29	30
	0	44	1	48	2	86	3	13	4	54	5	21	6	86	7	93	8	7	9	23	10	40	11	74	12	28	13	74	14	78	15	88	16	88	17	77	18	54	19	7	20	22	21	48	22	13	23	35	24	24	25	91	26	45	27	56	28	31	29	58
	0	79	1	55	2	67	3	64	4	70	5	39	6	13	7	71	8	85	9	36	10	14	11	45	12	1	13	37	14	58	15	47	16	50	17	7	18	65	19	29	20	89	21	97	22	89	23	30	24	81	25	13	26	12	27	1	28	2	29	37
	0	88	1	2	2	27	3	1	4	60	5	46	6	48	7	58	8	61	9	91	10	22	11	8	12	79	13	3	14	78	15	63	16	30	17	33	18	100	19	63	20	88	21	89	22	75	23	83	24	54	25	95	26	95	27	84	28	69	29	66
	0	16	1	4	2	91	3	46	4	30	5	89	6	13	7	75	8	19	9	8	10	76	11	97	12	70	13	13	14	99	15	20	16	76	17	18	18	47	19	85	20	73	21	29	22	99	23	9	24	59	25	41	26	87	27	16	28	15	29	75
	0	19	1	54	2	14	3	33	4	9	5	74	6	94	7	90	8	72	9	25	10	30	11	54	12	66	13	72	14	21	15	52	16	79	17	60	18	96	19	39	20	95	21	67	22	87	23	26	24	98	25	31	26	35	27	75	28	86	29	33
	0	17	1	17	2	97	3	73	4	20	5	78	6	94	7	84	8	96	9	29	10	43	11	55	12	70	13	85	14	73	15	60	16	89	17	31	18	31	19	22	20	33	21	44	22	42	23	61	24	30	25	28	26	45	27	85	28	40	29	12
	0	84	1	47	2	100	3	39	4	45	5	68	6	51	7	69	8	82	9	88	10	84	11	80	12	86	13	16	14	77	15	21	16	71	17	70	18	8	19	58	20	77	21	50	22	78	23	24	24	39	25	60	26	59	27	63	28	56	29	90
	0	58	1	9	2	49	3	25	4	84	5	74	6	12	7	26	8	23	9	10	10	89	11	12	12	76	13	70	14	24	15	45	16	30	17	3	18	67	19	76	20	33	21	39	22	45	23	21	24	19	25	50	26	22	27	72	28	2	29	6
	0	5	1	54	2	19	3	48	4	77	5	97	6	8	7	57	8	55	9	69	10	43	11	85	12	17	13	96	14	60	15	77	16	33	17	71	18	57	19	4	20	1	21	16	22	37	23	85	24	71	25	55	26	35	27	67	28	6	29	19
	0	57	1	86	2	24	3	74	4	96	5	37	6	100	7	58	8	32	9	22	10	40	11	61	12	16	13	53	14	48	15	95	16	94	17	30	18	50	19	10	20	29	21	19	22	46	23	90	24	15	25	7	26	99	27	10	28	5	29	98
	0	92	1	39	2	93	3	85	4	3	5	38	6	9	7	13	8	84	9	65	10	34	11	7	12	40	13	6	14	42	15	50	16	49	17	75	18	8	19	10	20	68	21	70	22	64	23	73	24	7	25	64	26	83	27	18	28	81	29	83
	0	1	1	42	2	61	3	80	4	49	5	34	6	89	7	19	8	23	9	36	10	23	11	42	12	16	13	51	14	35	15	44	16	15	17	88	18	69	19	21	20	99	21	52	22	39	23	43	24	25	25	16	26	23	27	69	28	75	29	32
	0	77	1	9	2	90	3	74	4	80	5	7	6	33	7	17	8	88	9	84	10	48	11	96	12	50	13	75	14	99	15	93	16	14	17	56	18	26	19	55	20	39	21	28	22	38	23	38	24	72	25	16	26	19	27	24	28	66	29	96
	0	48	1	66	2	54	3	65	4	35	5	46	6	96	7	99	8	27	9	69	10	62	11	86	12	39	13	7	14	25	15	15	16	22	17	76	18	74	19	62	20	61	21	18	22	75	23	6	24	64	25	5	26	34	27	60	28	99	29	1
	0	38	1	5	2	77	3	36	4	88	5	63	6	95	7	88	8	41	9	48	10	78	11	76	12	34	13	66	14	98	15	11	16	45	17	76	18	47	19	42	20	18	21	20	22	100	23	17	24	73	25	81	26	87	27	41	28	51	29	38
	0	64	1	77	2	78	3	16	4	60	5	63	6	61	7	58	8	23	9	3	10	29	11	61	12	9	13	78	14	82	15	58	16	70	17	76	18	37	19	37	20	56	21	37	22	59	23	28	24	20	25	73	26	14	27	90	28	87	29	84
	0	4	1	1	2	57	3	8	4	54	5	17	6	12	7	66	8	66	9	41	10	68	11	76	12	55	13	58	14	8	15	63	16	42	17	81	18	48	19	97	20	64	21	42	22	51	23	7	24	17	25	22	26	91	27	79	28	61	29	87
	0	16	1	24	2	35	3	90	4	68	5	77	6	70	7	56	8	70	9	69	10	100	11	45	12	74	13	62	14	99	15	74	16	37	17	73	18	9	19	46	20	67	21	95	22	18	23	97	24	53	25	1	26	19	27	80	28	82	29	8
	0	60	1	37	2	94	3	5	4	42	5	34	6	31	7	94	8	60	9	47	10	92	11	94	12	70	13	38	14	81	15	98	16	25	17	57	18	27	19	1	20	35	21	51	22	10	23	18	24	26	25	73	26	5	27	67	28	1	29	14
	0	54	1	8	2	38	3	22	4	12	5	20	6	81	7	51	8	27	9	95	10	93	11	69	12	55	13	67	14	90	15	31	16	23	17	96	18	75	19	71	20	79	21	92	22	31	23	85	24	4	25	40	26	49	27	5	28	69	29	58
	0	6	1	81	2	64	3	3	4	9	5	37	6	32	7	14	8	66	9	49	10	78	11	42	12	69	13	64	14	57	15	16	16	83	17	72	18	30	19	42	20	80	21	92	22	65	23	42	24	64	25	25	26	22	27	62	28	78	29	92
	0	29	1	25	2	86	3	72	4	66	5	95	6	65	7	91	8	85	9	84	10	69	11	25	12	58	13	25	14	22	15	37	16	17	17	68	18	79	19	50	20	29	21	2	22	48	23	12	24	27	25	98	26	60	27	36	28	82	29	13
	0	38	1	97	2	89	3	23	4	98	5	20	6	7	7	61	8	85	9	5	10	74	11	79	12	19	13	63	14	80	15	59	16	19	17	60	18	72	19	54	20	15	21	89	22	39	23	17	24	75	25	34	26	78	27	59	28	2	29	74
	0	47	1	45	2	88	3	48	4	71	5	8	6	10	7	96	8	31	9	57	10	28	11	18	12	72	13	98	14	5	15	40	16	5	17	88	18	60	19	65	20	82	21	5	22	38	23	57	24	76	25	5	26	35	27	79	28	99	29	77
	0	32	1	83	2	25	3	40	4	17	5	36	6	19	7	37	8	97	9	10	10	76	11	14	12	36	13	81	14	21	15	93	16	70	17	18	18	41	19	79	20	75	21	53	22	26	23	55	24	100	25	58	26	53	27	60	28	88	29	79
	0	44	1	53	2	50	3	96	4	72	5	4	6	50	7	17	8	99	9	69	10	40	11	12	12	77	13	38	14	36	15	58	16	35	17	67	18	19	19	50	20	39	21	28	22	31	23	84	24	4	25	38	26	63	27	35	28	76	29	53
	0	77	1	81	2	37	3	42	4	11	5	36	6	86	7	72	8	44	9	9	10	95	11	65	12	31	13	89	14	62	15	14	16	35	17	29	18	96	19	75	20	12	21	79	22	95	23	58	24	25	25	86	26	34	27	91	28	96	29	73
	0	46	1	31	2	25	3	47	4	71	5	49	6	31	7	14	8	11	9	4	10	86	11	96	12	10	13	87	14	66	15	70	16	57	17	3	18	25	19	87	20	58	21	23	22	68	23	34	24	52	25	17	26	87	27	49	28	57	29	51
	0	75	1	92	2	62	3	18	4	41	5	51	6	9	7	31	8	82	9	31	10	37	11	87	12	100	13	26	14	72	15	98	16	52	17	20	18	82	19	43	20	80	21	39	22	46	23	69	24	63	25	37	26	98	27	80	28	82	29	27
	0	34	1	58	2	87	3	53	4	15	5	16	6	14	7	84	8	86	9	96	10	96	11	75	12	1	13	34	14	40	15	10	16	25	17	64	18	2	19	46	20	51	21	46	22	56	23	7	24	55	25	22	26	32	27	97	28	65	29	50
	0	5	1	39	2	46	3	53	4	22	5	58	6	94	7	1	8	19	9	49	10	7	11	5	12	59	13	27	14	81	15	86	16	94	17	24	18	35	19	52	20	39	21	92	22	76	23	3	24	93	25	26	26	47	27	44	28	67	29	10
	0	31	1	53	2	85	3	68	4	92	5	78	6	82	7	44	8	81	9	26	10	10	11	63	12	46	13	70	14	18	15	52	16	5	17	8	18	82	19	8	20	89	21	29	22	90	23	41	24	62	25	82	26	14	27	45	28	60	29	46
	0	17	1	65	2	20	3	45	4	84	5	61	6	95	7	78	8	74	9	90	10	56	11	23	12	27	13	57	14	49	15	53	16	77	17	9	18	42	19	94	20	57	21	66	22	92	23	67	24	93	25	17	26	10	27	26	28	23	29	29
	0	97	1	92	2	91	3	38	4	1	5	9	6	97	7	29	8	96	9	99	10	15	11	14	12	93	13	97	14	91	15	78	16	30	17	70	18	98	19	43	20	10	21	64	22	6	23	65	24	72	25	35	26	93	27	81	28	17	29	55
	0	9	1	55	2	35	3	99	4	54	5	94	6	88	7	50	8	52	9	45	10	57	11	87	12	28	13	71	14	59	15	33	16	8	17	85	18	76	19	87	20	99	21	88	22	71	23	64	24	47	25	37	26	76	27	8	28	43	29	34
	0	75	1	66	2	43	3	14	4	19	5	33	6	29	7	88	8	39	9	5	10	8	11	50	12	61	13	91	14	46	15	58	16	21	17	89	18	63	19	51	20	43	21	22	22	59	23	69	24	31	25	67	26	32	27	79	28	71	29	59
	0	3	1	16	2	71	3	31	4	77	5	12	6	66	7	14	8	98	9	63	10	61	11	34	12	59	13	47	14	9	15	62	16	6	17	8	18	37	19	4	20	27	21	64	22	58	23	44	24	12	25	99	26	42	27	72	28	46	29	50
	0	45	1	66	2	41	3	6	4	87	5	1	6	50	7	69	8	62	9	11	10	99	11	51	12	3	13	25	14	31	15	1	16	26	17	52	18	56	19	95	20	64	21	89	22	53	23	27	24	16	25	74	26	52	27	79	28	3	29	5
	0	5	1	74	2	5	3	5	4	33	5	22	6	2	7	2	8	79	9	20	10	65	11	46	12	30	13	74	14	59	15	92	16	82	17	46	18	53	19	14	20	53	21	32	22	50	23	35	24	77	25	55	26	85	27	86	28	28	29	1
	0	57	1	20	2	61	3	40	4	81	5	57	6	64	7	21	8	88	9	38	10	68	11	11	12	1	13	93	14	45	15	43	16	72	17	76	18	3	19	75	20	56	21	3	22	57	23	71	24	43	25	8	26	17	27	78	28	3	29	3
	0	50	1	45	2	91	3	94	4	96	5	100	6	21	7	1	8	26	9	99	10	13	11	86	12	100	13	5	14	68	15	77	16	56	17	58	18	27	19	44	20	21	21	48	22	16	23	76	24	41	25	1	26	82	27	50	28	74	29	40
	0	76	1	1	2	84	3	81	4	40	5	33	6	25	7	70	8	94	9	21	10	17	11	92	12	41	13	4	14	44	15	78	16	33	17	75	18	34	19	6	20	55	21	91	22	90	23	88	24	39	25	91	26	81	27	53	28	5	29	80
	0	33	1	100	2	84	3	8	4	54	5	65	6	82	7	70	8	98	9	31	10	89	11	100	12	44	13	74	14	32	15	25	16	50	17	20	18	35	19	13	20	7	21	67	22	33	23	36	24	2	25	83	26	49	27	8	28	66	29	96
	0	43	1	96	2	60	3	28	4	73	5	2	6	42	7	46	8	42	9	64	10	95	11	26	12	16	13	23	14	25	15	58	16	40	17	56	18	51	19	35	20	82	21	73	22	61	23	6	24	82	25	28	26	79	27	84	28	91	29	88
	0	88	1	38	2	23	3	68	4	6	5	13	6	64	7	13	8	88	9	61	10	88	11	99	12	32	13	65	14	4	15	79	16	80	17	97	18	14	19	85	20	65	21	42	22	54	23	85	24	39	25	80	26	71	27	38	28	77	29	7
	0	30	1	95	2	50	3	24	4	68	5	46	6	2	7	53	8	44	9	25	10	89	11	34	12	37	13	88	14	54	15	20	16	5	17	55	18	41	19	81	20	99	21	72	22	88	23	72	24	98	25	33	26	43	27	34	28	11	29	69
	0	84	1	31	2	50	3	91	4	61	5	43	6	95	7	56	8	64	9	64	10	73	11	70	12	1	13	81	14	48	15	70	16	42	17	28	18	88	19	42	20	47	21	43	22	36	23	58	24	5	25	73	26	35	27	50	28	32	29	2
	0	60	1	46	2	22	3	100	4	59	5	45	6	39	7	18	8	16	9	100	10	91	11	73	12	80	13	33	14	37	15	4	16	27	17	8	18	8	19	88	20	44	21	31	22	44	23	51	24	60	25	58	26	78	27	5	28	54	29	22
	0	23	1	7	2	22	3	22	4	44	5	22	6	82	7	22	8	9	9	14	10	41	11	56	12	63	13	23	14	66	15	52	16	68	17	96	18	25	19	96	20	99	21	67	22	85	23	17	24	87	25	14	26	2	27	63	28	55	29	41
	0	15	1	87	2	92	3	61	4	45	5	78	6	38	7	68	8	65	9	92	10	5	11	34	12	72	13	80	14	44	15	71	16	1	17	14	18	23	19	40	20	37	21	50	22	91	23	93	24	43	25	93	26	36	27	79	28	88	29	42
	0	67	1	71	2	48	3	34	4	70	5	66	6	22	7	20	8	22	9	74	10	75	11	26	12	67	13	20	14	9	15	4	16	81	17	87	18	24	19	60	20	89	21	6	22	5	23	16	24	96	25	58	26	67	27	56	28	63	29	34
	0	40	1	40	2	27	3	98	4	54	5	4	6	49	7	11	8	93	9	81	10	50	11	41	12	98	13	97	14	43	15	53	16	46	17	35	18	3	19	56	20	47	21	80	22	9	23	54	24	16	25	65	26	59	27	19	28	32	29	5
	0	45	1	5	2	75	3	79	4	30	5	37	6	5	7	89	8	77	9	77	10	43	11	21	12	7	13	31	14	43	15	77	16	92	17	55	18	72	19	60	20	22	21	77	22	50	23	18	24	87	25	32	26	2	27	95	28	55	29	99
	0	30	1	39	2	67	3	56	4	4	5	57	6	55	7	20	8	40	9	32	10	61	11	31	12	1	13	25	14	10	15	74	16	36	17	43	18	76	19	84	20	72	21	39	22	34	23	62	24	86	25	68	26	82	27	80	28	41	29	30
	0	94	1	81	2	72	3	59	4	22	5	91	6	36	7	50	8	64	9	92	10	72	11	29	12	63	13	31	14	41	15	6	16	12	17	60	18	26	19	70	20	69	21	39	22	27	23	10	24	17	25	38	26	76	27	76	28	13	29	23
	0	55	1	21	2	19	3	14	4	92	5	67	6	13	7	53	8	72	9	7	10	1	11	11	12	83	13	26	14	6	15	24	16	85	17	5	18	95	19	47	20	81	21	39	22	50	23	58	24	11	25	88	26	30	27	47	28	12	29	41
	0	54	1	78	2	11	3	46	4	5	5	13	6	44	7	69	8	47	9	25	10	12	11	57	12	92	13	51	14	25	15	23	16	70	17	45	18	99	19	85	20	76	21	55	22	89	23	28	24	7	25	17	26	95	27	65	28	18	29	42
	0	56	1	10	2	40	3	49	4	24	5	8	6	59	7	53	8	1	9	70	10	41	11	28	12	48	13	5	14	48	15	98	16	20	17	69	18	92	19	19	20	92	21	40	22	4	23	67	24	60	25	20	26	36	27	32	28	46	29	8
	0	6	1	94	2	40	3	86	4	62	5	33	6	52	7	39	8	23	9	77	10	57	11	77	12	21	13	22	14	69	15	32	16	62	17	53	18	61	19	65	20	67	21	60	22	21	23	89	24	62	25	32	26	21	27	98	28	40	29	57
	0	24	1	61	2	5	3	85	4	69	5	19	6	69	7	10	8	99	9	96	10	69	11	90	12	27	13	99	14	17	15	6	16	60	17	95	18	9	19	32	20	12	21	65	22	48	23	71	24	88	25	78	26	64	27	63	28	23	29	46
	0	30	1	87	2	87	3	46	4	5	5	12	6	15	7	15	8	68	9	55	10	14	11	62	12	5	13	61	14	45	15	47	16	72	17	18	18	99	19	29	20	47	21	63	22	5	23	74	24	47	25	43	26	40	27	77	28	59	29	35
	0	36	1	50	2	26	3	55	4	86	5	59	6	82	7	87	8	22	9	29	10	24	11	28	12	92	13	48	14	70	15	23	16	65	17	33	18	32	19	37	20	61	21	44	22	18	23	91	24	44	25	47	26	31	27	58	28	70	29	87
	0	27	1	90	2	49	3	100	4	54	5	31	6	69	7	75	8	94	9	35	10	3	11	67	12	60	13	80	14	72	15	90	16	35	17	75	18	64	19	71	20	53	21	78	22	16	23	27	24	46	25	72	26	4	27	92	28	28	29	84
	0	13	1	31	2	81	3	32	4	73	5	83	6	49	7	29	8	79	9	44	10	79	11	95	12	44	13	88	14	55	15	50	16	41	17	53	18	6	19	77	20	37	21	76	22	98	23	97	24	30	25	42	26	36	27	77	28	29	29	70
	0	22	1	83	2	54	3	62	4	68	5	30	6	39	7	91	8	54	9	96	10	53	11	94	12	63	13	20	14	97	15	2	16	48	17	67	18	27	19	25	20	19	21	56	22	99	23	64	24	41	25	88	26	62	27	30	28	80	29	93
	0	33	1	90	2	54	3	1	4	21	5	59	6	67	7	16	8	97	9	17	10	19	11	24	12	24	13	28	14	50	15	79	16	89	17	72	18	35	19	48	20	8	21	25	22	46	23	2	24	87	25	54	26	59	27	86	28	70	29	8
	0	48	1	18	2	2	3	16	4	25	5	76	6	87	7	25	8	88	9	87	10	19	11	54	12	2	13	39	14	21	15	27	16	30	17	52	18	15	19	10	20	70	21	1	22	4	23	94	24	90	25	67	26	57	27	66	28	39	29	64
	0	3	1	70	2	97	3	67	4	91	5	60	6	93	7	34	8	71	9	93	10	79	11	4	12	97	13	99	14	69	15	9	16	68	17	46	18	73	19	36	20	39	21	81	22	65	23	21	24	82	25	3	26	86	27	70	28	86	29	21
	0	77	1	32	2	10	3	84	4	65	5	66	6	25	7	90	8	73	9	90	10	36	11	20	12	14	13	92	14	43	15	49	16	94	17	41	18	85	19	21	20	36	21	39	22	98	23	2	24	89	25	93	26	53	27	48	28	4	29	93
	0	72	1	43	2	75	3	42	4	30	5	99	6	72	7	58	8	1	9	22	10	38	11	49	12	93	13	91	14	6	15	40	16	88	17	2	18	59	19	80	20	84	21	59	22	54	23	86	24	97	25	40	26	69	27	91	28	75	29	51
	0	46	1	82	2	31	3	56	4	43	5	83	6	3	7	37	8	22	9	98	10	84	11	24	12	20	13	5	14	96	15	18	16	96	17	100	18	86	19	59	20	52	21	9	22	78	23	49	24	48	25	15	26	14	27	15	28	90	29	77
	0	50	1	63	2	45	3	47	4	1	5	86	6	1	7	86	8	59	9	97	10	2	11	56	12	12	13	18	14	7	15	39	16	45	17	37	18	62	19	91	20	9	21	22	22	71	23	54	24	70	25	54	26	21	27	77	28	95	29	98
	0	96	1	5	2	25	3	59	4	70	5	61	6	41	7	61	8	73	9	17	10	27	11	58	12	80	13	16	14	90	15	74	16	47	17	23	18	86	19	13	20	11	21	92	22	50	23	94	24	21	25	76	26	60	27	11	28	58	29	37
	0	56	1	12	2	87	3	14	4	94	5	41	6	20	7	64	8	28	9	9	10	95	11	84	12	30	13	70	14	9	15	75	16	97	17	17	18	44	19	18	20	8	21	37	22	86	23	50	24	23	25	81	26	15	27	78	28	46	29	39
	0	28	1	77	2	86	3	31	4	22	5	36	6	95	7	39	8	28	9	57	10	62	11	63	12	7	13	33	14	86	15	65	16	23	17	47	18	80	19	22	20	61	21	74	22	49	23	26	24	60	25	73	26	63	27	88	28	73	29	99
	0	17	1	30	2	82	3	90	4	42	5	80	6	16	7	89	8	12	9	8	10	60	11	7	12	61	13	55	14	59	15	49	16	10	17	47	18	41	19	57	20	56	21	14	22	17	23	30	24	89	25	24	26	41	27	35	28	22	29	25
	0	25	1	19	2	60	3	53	4	55	5	84	6	51	7	38	8	44	9	82	10	73	11	31	12	15	13	43	14	64	15	17	16	9	17	57	18	9	19	100	20	63	21	44	22	14	23	72	24	92	25	12	26	55	27	2	28	68	29	73
	0	75	1	100	2	5	3	58	4	57	5	54	6	63	7	82	8	13	9	33	10	39	11	12	12	53	13	17	14	24	15	61	16	32	17	87	18	22	19	19	20	89	21	82	22	73	23	64	24	12	25	26	26	20	27	39	28	20	29	57
	0	15	1	89	2	18	3	26	4	59	5	74	6	85	7	55	8	6	9	19	10	95	11	45	12	89	13	65	14	71	15	100	16	51	17	19	18	44	19	100	20	71	21	40	22	48	23	30	24	36	25	84	26	79	27	57	28	95	29	16
	0	99	1	12	2	87	3	48	4	65	5	15	6	38	7	62	8	16	9	55	10	66	11	46	12	37	13	6	14	43	15	17	16	92	17	42	18	93	19	40	20	1	21	97	22	36	23	59	24	83	25	56	26	1	27	87	28	14	29	98
	0	69	1	37	2	56	3	17	4	23	5	79	6	52	7	82	8	2	9	60	10	18	11	31	12	10	13	28	14	48	15	1	16	6	17	32	18	27	19	33	20	80	21	9	22	22	23	16	24	6	25	57	26	83	27	48	28	100	29	70
	0	87	1	33	2	52	3	88	4	98	5	50	6	93	7	77	8	34	9	42	10	18	11	42	12	53	13	34	14	84	15	41	16	7	17	63	18	41	19	65	20	31	21	87	22	75	23	79	24	49	25	100	26	78	27	55	28	34	29	71
	0	48	1	41	2	36	3	98	4	10	5	41	6	79	7	13	8	2	9	100	10	87	11	14	12	62	13	23	14	80	15	92	16	21	17	80	18	65	19	81	20	68	21	57	22	4	23	45	24	73	25	62	26	44	27	91	28	56	29	10
	0	16	1	69	2	42	3	27	4	72	5	81	6	68	7	59	8	97	9	37	10	87	11	68	12	8	13	15	14	17	15	55	16	52	17	12	18	33	19	51	20	41	21	91	22	68	23	41	24	94	25	76	26	3	27	39	28	86	29	36
	0	51	1	21	2	6	3	59	4	63	5	66	6	76	7	20	8	9	9	92	10	96	11	77	12	17	13	67	14	14	15	68	16	74	17	32	18	19	19	74	20	19	21	74	22	25	23	85	24	77	25	37	26	90	27	75	28	25	29	53
	0	79	1	80	2	84	3	24	4	76	5	37	6	73	7	10	8	97	9	6	10	74	11	81	12	65	13	18	14	95	15	49	16	40	17	94	18	31	19	84	20	24	21	38	22	56	23	84	24	79	25	2	26	88	27	55	28	31	29	62
	0	33	1	9	2	44	3	72	4	83	5	95	6	92	7	74	8	18	9	26	10	58	11	82	12	60	13	56	14	39	15	67	16	55	17	26	18	46	19	17	20	96	21	81	22	7	23	38	24	7	25	29	26	34	27	37	28	55	29	94
	0	98	1	86	2	54	3	79	4	25	5	61	6	83	7	49	8	17	9	18	10	28	11	94	12	48	13	41	14	25	15	35	16	97	17	63	18	67	19	76	20	7	21	62	22	82	23	34	24	3	25	86	26	17	27	73	28	91	29	34
	0	87	1	42	2	19	3	22	4	48	5	98	6	82	7	97	8	26	9	40	10	7	11	95	12	12	13	10	14	30	15	28	16	82	17	24	18	64	19	66	20	32	21	42	22	22	23	56	24	12	25	90	26	42	27	70	28	15	29	91
	0	22	1	89	2	52	3	76	4	65	5	69	6	7	7	66	8	100	9	35	10	65	11	62	12	16	13	5	14	66	15	83	16	36	17	40	18	4	19	22	20	10	21	67	22	82	23	30	24	10	25	29	26	15	27	38	28	49	29	54
	0	11	1	77	2	69	3	50	4	77	5	62	6	56	7	56	8	55	9	44	10	82	11	28	12	59	13	45	14	92	15	27	16	67	17	35	18	68	19	27	20	18	21	13	22	52	23	81	24	84	25	10	26	8	27	9	28	31	29	3
	0	45	1	80	2	97	3	33	4	44	5	15	6	44	7	55	8	54	9	36	10	52	11	62	12	52	13	32	14	73	15	63	16	78	17	15	18	74	19	3	20	97	21	86	22	14	23	73	24	50	25	51	26	38	27	16	28	75	29	29
	0	3	1	52	2	46	3	66	4	52	5	79	6	30	7	35	8	96	9	100	10	69	11	91	12	87	13	9	14	53	15	4	16	83	17	23	18	12	19	99	20	31	21	38	22	68	23	72	24	36	25	65	26	10	27	45	28	76	29	46
	0	92	1	22	2	86	3	90	4	64	5	5	6	33	7	48	8	80	9	14	10	30	11	30	12	54	13	27	14	84	15	42	16	50	17	4	18	70	19	77	20	30	21	89	22	63	23	7	24	93	25	85	26	88	27	41	28	84	29	60
	0	63	1	64	2	56	3	22	4	41	5	60	6	4	7	69	8	83	9	88	10	16	11	4	12	4	13	67	14	8	15	78	16	100	17	79	18	28	19	92	20	26	21	12	22	60	23	67	24	78	25	86	26	56	27	82	28	29	29	44
	0	70	1	17	2	96	3	95	4	89	5	66	6	38	7	45	8	70	9	5	10	26	11	59	12	34	13	12	14	34	15	22	16	76	17	5	18	24	19	4	20	90	21	30	22	48	23	56	24	26	25	95	26	67	27	71	28	9	29	67
	0	80	1	5	2	8	3	64	4	7	5	29	6	29	7	92	8	52	9	67	10	58	11	37	12	70	13	38	14	96	15	93	16	90	17	96	18	47	19	95	20	78	21	65	22	64	23	82	24	41	25	75	26	50	27	9	28	4	29	68
	0	79	1	100	2	16	3	43	4	88	5	77	6	58	7	23	8	38	9	39	10	69	11	88	12	61	13	65	14	6	15	12	16	36	17	58	18	5	19	79	20	58	21	60	22	17	23	74	24	94	25	12	26	20	27	75	28	45	29	24
	0	47	1	99	2	58	3	89	4	72	5	68	6	41	7	58	8	46	9	93	10	95	11	48	12	81	13	6	14	67	15	68	16	6	17	86	18	61	19	65	20	65	21	49	22	88	23	42	24	28	25	5	26	45	27	88	28	6	29	100
	0	23	1	31	2	34	3	99	4	11	5	96	6	39	7	79	8	45	9	35	10	100	11	24	12	3	13	62	14	88	15	62	16	60	17	98	18	26	19	77	20	43	21	27	22	18	23	74	24	64	25	6	26	31	27	99	28	5	29	79
	0	28	1	34	2	90	3	95	4	88	5	18	6	74	7	33	8	69	9	61	10	25	11	63	12	82	13	60	14	82	15	24	16	99	17	34	18	17	19	86	20	6	21	17	22	29	23	7	24	67	25	11	26	56	27	46	28	81	29	60
	0	80	1	53	2	23	3	100	4	47	5	61	6	15	7	18	8	52	9	63	10	68	11	91	12	49	13	23	14	87	15	15	16	75	17	82	18	30	19	38	20	12	21	38	22	67	23	51	24	33	25	20	26	73	27	5	28	81	29	81
	0	62	1	54	2	96	3	83	4	36	5	60	6	89	7	49	8	1	9	79	10	20	11	3	12	2	13	35	14	31	15	23	16	41	17	61	18	42	19	80	20	4	21	32	22	16	23	38	24	13	25	39	26	42	27	32	28	57	29	90
	0	1	1	58	2	95	3	16	4	100	5	41	6	20	7	14	8	10	9	55	10	19	11	90	12	25	13	19	14	95	15	47	16	31	17	98	18	6	19	39	20	66	21	70	22	53	23	10	24	91	25	47	26	31	27	54	28	12	29	61
	0	95	1	93	2	22	3	50	4	30	5	39	6	61	7	3	8	34	9	3	10	96	11	53	12	22	13	60	14	82	15	31	16	27	17	71	18	53	19	9	20	73	21	51	22	50	23	100	24	17	25	7	26	99	27	100	28	93	29	85
	0	68	1	77	2	22	3	24	4	97	5	56	6	53	7	85	8	65	9	43	10	49	11	5	12	30	13	92	14	46	15	6	16	78	17	9	18	38	19	38	20	47	21	44	22	70	23	65	24	17	25	24	26	42	27	97	28	94	29	10
	0	50	1	33	2	9	3	100	4	32	5	86	6	25	7	1	8	80	9	77	10	21	11	41	12	39	13	39	14	89	15	99	16	10	17	63	18	70	19	74	20	25	21	71	22	8	23	17	24	56	25	11	26	10	27	94	28	83	29	92
	0	27	1	67	2	38	3	14	4	100	5	4	6	74	7	71	8	47	9	39	10	61	11	4	12	57	13	75	14	88	15	61	16	47	17	77	18	17	19	78	20	86	21	1	22	41	23	80	24	79	25	68	26	20	27	85	28	92	29	65
	0	4	1	43	2	42	3	38	4	76	5	59	6	80	7	12	8	59	9	57	10	52	11	49	12	81	13	18	14	22	15	26	16	89	17	68	18	72	19	5	20	52	21	15	22	22	23	13	24	1	25	65	26	43	27	66	28	89	29	46
	0	48	1	94	2	75	3	43	4	83	5	65	6	65	7	10	8	55	9	1	10	51	11	16	12	74	13	36	14	53	15	34	16	85	17	76	18	40	19	95	20	28	21	39	22	82	23	49	24	47	25	88	26	73	27	15	28	33	29	3
	0	18	1	17	2	81	3	40	4	75	5	19	6	84	7	68	8	89	9	26	10	4	11	97	12	76	13	4	14	91	15	32	16	28	17	35	18	35	19	10	20	50	21	17	22	73	23	12	24	57	25	69	26	98	27	53	28	86	29	7
	0	25	1	1	2	98	3	85	4	16	5	62	6	89	7	42	8	77	9	41	10	15	11	80	12	76	13	80	14	14	15	70	16	29	17	96	18	85	19	63	20	81	21	13	22	33	23	46	24	62	25	32	26	12	27	81	28	84	29	89
	0	26	1	9	2	41	3	6	4	53	5	3	6	97	7	21	8	12	9	19	10	90	11	59	12	93	13	58	14	87	15	79	16	7	17	49	18	56	19	14	20	41	21	28	22	54	23	72	24	12	25	35	26	45	27	87	28	62	29	2
	0	84	1	26	2	36	3	75	4	48	5	93	6	36	7	86	8	90	9	80	10	45	11	96	12	45	13	69	14	55	15	59	16	29	17	78	18	51	19	68	20	88	21	98	22	40	23	1	24	4	25	76	26	18	27	76	28	66	29	38
	0	6	1	65	2	47	3	48	4	18	5	52	6	59	7	61	8	38	9	13	10	80	11	4	12	100	13	61	14	59	15	98	16	17	17	98	18	59	19	10	20	2	21	40	22	84	23	85	24	65	25	20	26	1	27	15	28	90	29	99
Reldue
-1	17590	-1	1
-1	12421	-1	1
-1	12752	-1	1
-1	11687	-1	1
-1	20597	-1	1
-1	20141	-1	1
-1	13425	-1	1
-1	18366	-1	1
-1	13529	-1	1
-1	14072	-1	1
-1	18916	-1	1
-1	12928	-1	1
-1	18269	-1	1
-1	16636	-1	1
-1	20505	-1	1
-1	14174	-1	1
-1	15079	-1	1
-1	15242	-1	1
-1	18714	-1	1
-1	10269	-1	1
-1	10577	-1	1
-1	16627	-1	1
-1	18250	-1	1
-1	17883	-1	1
-1	15572	-1	1
-1	14584	-1	1
-1	12734	-1	1
-1	19758	-1	1
-1	14058	-1	1
-1	19179	-1	1
-1	18478	-1	1
-1	18364	-1	1
-1	19346	-1	1
-1	16614	-1	1
-1	19866	-1	1
-1	11662	-1	1
-1	10871	-1	1
-1	13700	-1	1
-1	20690	-1	1
-1	17052	-1	1
-1	17962	-1	1
-1	18475	-1	1
-1	11114	-1	1
-1	14130	-1	1
-1	20803	-1	1
-1	11116	-1	1
-1	15265	-1	1
-1	20404	-1	1
-1	11190	-1	1
-1	20922	-1	1
-1	11521	-1	1
-1	12054	-1	1
-1	18395	-1	1
-1	17054	-1	1
-1	13800	-1	1
-1	15461	-1	1
-1	14054	-1	1
-1	16557	-1	1
-1	17837	-1	1
-1	16968	-1	1
-1	12282	-1	1
-1	17508	-1	1
-1	12667	-1	1
-1	10757	-1	1
-1	14688	-1	1
-1	14026	-1	1
-1	13821	-1	1
-1	14348	-1	1
-1	16638	-1	1
-1	12209	-1	1
-1	18952	-1	1
-1	13352	-1	1
-1	12214	-1	1
-1	15982	-1	1
-1	12701	-1	1
-1	11496	-1	1
-1	20413	-1	1
-1	13511	-1	1
-1	21349	-1	1
-1	12475	-1	1
-1	17176	-1	1
-1	21254	-1	1
-1	21090	-1	1
-1	9800	-1	1
-1	13093	-1	1
-1	10755	-1	1
-1	11698	-1	1
-1	16759	-1	1
-1	14538	-1	1
-1	16025	-1	1
-1	18320	-1	1
-1	18846	-1	1
-1	20006	-1	1
-1	17603	-1	1
-1	10194	-1	1
-1	15859	-1	1
-1	18438	-1	1
-1	12707	-1	1
-1	9909	-1	1
-1	18402	-1	1
-1	17971	-1	1
-1	14383	-1	1
-1	12056	-1	1
-1	19157	-1	1
-1	19045	-1	1
-1	19092	-1	1
-1	14240	-1	1
-1	20979	-1	1
-1	13180	-1	1
-1	20378	-1	1
-1	20078	-1	1
-1	18842	-1	1
-1	21159	-1	1
-1	19975	-1	1
-1	17661	-1	1
-1	11798	-1	1
-1	11169	-1	1
-1	14152	-1	1
-1	10375	-1	1
-1	18345	-1	1
-1	10145	-1	1
-1	18240	-1	1
-1	15483	-1	1
-1	12809	-1	1
-1	19822	-1	1
-1	19049	-1	1
-1	19263	-1	1
-1	20375	-1	1
-1	21380	-1	1
-1	17954	-1	1
-1	21407	-1	1
-1	12387	-1	1
-1	14941	-1	1
-1	13246	-1	1
-1	10640	-1	1
-1	9840	-1	1
-1	19558	-1	1
-1	19936	-1	1
-1	10151	-1	1
-1	19078	-1	1
-1	21061	-1	1
-1	16714	-1	1
-1	17178	-1	1
-1	13825	-1	1
-1	10708	-1	1
-1	18070	-1	1
-1	16435	-1	1
-1	16245	-1	1
-1	13888	-1	1
-1	14490	-1	1
-1	15056	-1	1
-1	15504	-1	1
-1	11067	-1	1
-1	19830	-1	1
-1	14481	-1	1
-1	17287	-1	1
-1	20199	-1	1
-1	9873	-1	1
-1	13764	-1	1
-1	15598	-1	1
-1	13745	-1	1
-1	20567	-1	1
-1	12589	-1	1
-1	10008	-1	1
-1	15880	-1	1
-1	19624	-1	1
-1	20384	-1	1
-1	18215	-1	1
-1	11920	-1	1
-1	13765	-1	1
-1	10450	-1	1
-1	13302	-1	1
-1	21420	-1	1
-1	11188	-1	1
-1	19296	-1	1
-1	11562	-1	1
-1	19826	-1	1
-1	13771	-1	1
-1	18851	-1	1
-1	11246	-1	1
-1	19030	-1	1
-1	16815	-1	1
-1	14264	-1	1
-1	13982	-1	1
-1	21069	-1	1
-1	20539	-1	1
-1	12576	-1	1
-1	11255	-1	1
-1	20248	-1	1
-1	13515	-1	1
-1	15480	-1	1
-1	20899	-1	1
-1	20451	-1	1
-1	20338	-1	1
-1	16183	-1	1
-1	14876	-1	1
-1	13888	-1	1
-1	15164	-1	1
-1	18527	-1	1
-1	17087	-1	1
-1	11370	-1	1
-1	10693	-1	1
-1	17265	-1	1
-1	18687	-1	1
-1	17495	-1	1
-1	12654	-1	1
-1	10504	-1	1
-1	19038	-1	1
-1	11492	-1	1
-1	14303	-1	1
-1	12582	-1	1
-1	10047	-1	1
-1	20887	-1	1
-1	20481	-1	1
-1	15056	-1	1
-1	18239	-1	1
-1	14004	-1	1
-1	11489	-1	1
-1	10886	-1	1
-1	16447	-1	1
-1	21462	-1	1
-1	18367	-1	1
-1	11880	-1	1
-1	13257	-1	1
-1	18882	-1	1
-1	14307	-1	1
-1	15918	-1	1
-1	20511	-1	1
-1	10322	-1	1
-1	11059	-1	1
-1	12585	-1	1
-1	13208	-1	1
-1	14973	-1	1
-1	12210	-1	1
-1	13084	-1	1
-1	10813	-1	1
-1	14910	-1	1
-1	18403	-1	1
-1	11028	-1	1
-1	12589	-1	1
-1	18605	-1	1
-1	12392	-1	1
-1	18520	-1	1
-1	15802	-1	1
-1	10264	-1	1
-1	19157	-1	1
-1	19537	-1	1
-1	19704	-1	1
-1	16028	-1	1
-1	10410	-1	1
-1	14381	-1	1
-1	15140	-1	1
-1	15980	-1	1
-1	13003	-1	1
-1	14840	-1	1
-1	21218	-1	1
-1	21110	-1	1
-1	20250	-1	1
-1	16995	-1	1
-1	10336	-1	1
-1	14798	-1	1
-1	12814	-1	1
-1	16865	-1	1
-1	12049	-1	1
-1	13377	-1	1
-1	11179	-1	1
-1	19488	-1	1
-1	19763	-1	1
-1	9931	-1	1
-1	14165	-1	1
-1	18520	-1	1
-1	20121	-1	1
-1	14790	-1	1
-1	21503	-1	1
-1	20302	-1	1
-1	9823	-1	1
-1	21461	-1	1
-1	12566	-1	1
-1	13108	-1	1
-1	20270	-1	1
-1	11637	-1	1
-1	14664	-1	1
-1	20142	-1	1
-1	20627	-1	1
-1	10067	-1	1
-1	21418	-1	1
-1	13662	-1	1
-1	19192	-1	1
-1	15164	-1	1
-1	17956	-1	1
-1	10849	-1	1
-1	16407	-1	1
-1	9956	-1	1
-1	20243	-1	1
-1	17229	-1	1
-1	17794	-1	1
-1	14291	-1	1
-1	15332	-1	1
-1	14928	-1	1
-1	12676	-1	1
-1	12954	-1	1
-1	21090	-1	1
-1	19807	-1	1
-1	15399	-1	1
-1	20099	-1	1
-1	17112	-1	1
-1	11290	-1	1
-1	10313	-1	1
-1	14820	-1	1
-1	18232	-1	1
-1	11454	-1	1
-1	20543	-1	1
-1	14142	-1	1
-1	12985	-1	1
-1	17355	-1	1
-1	18488	-1	1
-1	12375	-1	1
-1	20808	-1	1
-1	10311	-1	1
-1	21411	-1	1
-1	12014	-1	1
-1	19697	-1	1
-1	10388	-1	1
-1	13709	-1	1
-1	10182	-1	1
-1	15727	-1	1
-1	18074	-1	1
-1	9855	-1	1
-1	19006	-1	1
-1	12025	-1	1
-1	16946	-1	1
-1	11193	-1	1
-1	13271	-1	1
-1	13529	-1	1
-1	14376	-1	1
-1	12014	-1	1
-1	18802	-1	1
-1	18922	-1	1
-1	18066	-1	1
-1	13634	-1	1
-1	17666	-1	1
-1	12756	-1	1
-1	13559	-1	1
-1	19844	-1	1
-1	18683	-1	1
-1	20719	-1	1
-1	10808	-1	1
-1	13574	-1	1
-1	10454	-1	1
-1	12043	-1	1
LBCmax: 19573
