350  30
	0	74	1	84	2	20	3	35	4	15	5	47	6	65	7	60	8	5	9	20	10	5	11	10	12	20	13	33	14	60	15	46	16	25	17	13	18	39	19	10	20	12	21	85	22	80	23	9	24	51	25	52	26	22	27	20	28	61	29	55
	0	7	1	3	2	23	3	78	4	79	5	37	6	1	7	50	8	29	9	12	10	41	11	71	12	77	13	37	14	57	15	60	16	26	17	48	18	35	19	85	20	11	21	42	22	4	23	54	24	24	25	44	26	63	27	46	28	91	29	2
	0	56	1	29	2	42	3	64	4	40	5	99	6	90	7	77	8	87	9	13	10	8	11	16	12	3	13	22	14	83	15	29	16	82	17	24	18	68	19	67	20	99	21	84	22	73	23	18	24	23	25	92	26	68	27	73	28	12	29	68
	0	83	1	3	2	2	3	26	4	22	5	5	6	19	7	48	8	43	9	56	10	67	11	49	12	58	13	89	14	74	15	20	16	54	17	70	18	98	19	81	20	48	21	48	22	27	23	91	24	26	25	90	26	19	27	81	28	16	29	54
	0	74	1	24	2	10	3	33	4	32	5	45	6	32	7	83	8	35	9	40	10	4	11	26	12	95	13	62	14	82	15	77	16	68	17	78	18	37	19	45	20	18	21	25	22	23	23	10	24	11	25	3	26	43	27	63	28	98	29	94
	0	17	1	70	2	53	3	82	4	8	5	3	6	86	7	25	8	50	9	33	10	46	11	5	12	5	13	94	14	82	15	44	16	25	17	51	18	34	19	73	20	4	21	40	22	59	23	88	24	44	25	52	26	25	27	33	28	69	29	92
	0	25	1	92	2	67	3	32	4	91	5	76	6	32	7	23	8	12	9	42	10	52	11	64	12	94	13	85	14	50	15	14	16	96	17	75	18	81	19	12	20	51	21	45	22	44	23	43	24	49	25	42	26	59	27	48	28	27	29	6
	0	18	1	84	2	23	3	27	4	4	5	76	6	57	7	4	8	57	9	9	10	66	11	14	12	7	13	64	14	1	15	38	16	14	17	95	18	64	19	25	20	86	21	83	22	34	23	98	24	68	25	43	26	22	27	99	28	11	29	47
	0	58	1	60	2	73	3	98	4	72	5	36	6	14	7	66	8	58	9	28	10	78	11	74	12	10	13	97	14	80	15	98	16	77	17	35	18	40	19	96	20	70	21	55	22	24	23	17	24	28	25	1	26	6	27	32	28	22	29	9
	0	37	1	78	2	41	3	49	4	89	5	42	6	11	7	50	8	27	9	92	10	31	11	72	12	11	13	37	14	18	15	84	16	33	17	5	18	8	19	61	20	43	21	28	22	56	23	10	24	23	25	92	26	13	27	87	28	9	29	1
	0	98	1	60	2	71	3	44	4	81	5	41	6	91	7	81	8	35	9	85	10	20	11	70	12	46	13	28	14	93	15	15	16	68	17	9	18	21	19	3	20	70	21	17	22	8	23	54	24	22	25	30	26	56	27	13	28	100	29	53
	0	49	1	45	2	8	3	81	4	41	5	25	6	67	7	17	8	74	9	26	10	99	11	49	12	13	13	44	14	7	15	48	16	80	17	28	18	46	19	46	20	95	21	85	22	15	23	16	24	91	25	87	26	26	27	39	28	41	29	11
	0	34	1	60	2	17	3	60	4	19	5	39	6	71	7	78	8	72	9	73	10	3	11	42	12	13	13	36	14	73	15	83	16	49	17	50	18	48	19	97	20	48	21	5	22	2	23	20	24	83	25	84	26	16	27	94	28	84	29	54
	0	44	1	44	2	93	3	31	4	26	5	43	6	4	7	41	8	80	9	37	10	49	11	19	12	15	13	46	14	48	15	33	16	12	17	84	18	43	19	16	20	95	21	46	22	77	23	38	24	83	25	57	26	94	27	65	28	81	29	91
	0	69	1	79	2	74	3	97	4	86	5	58	6	7	7	93	8	45	9	31	10	84	11	10	12	35	13	77	14	15	15	6	16	31	17	13	18	87	19	70	20	88	21	93	22	38	23	100	24	43	25	35	26	76	27	18	28	52	29	14
	0	52	1	47	2	12	3	8	4	85	5	81	6	58	7	91	8	13	9	10	10	31	11	95	12	90	13	86	14	52	15	86	16	80	17	41	18	47	19	38	20	99	21	89	22	20	23	91	24	16	25	84	26	64	27	25	28	13	29	2
	0	43	1	100	2	64	3	82	4	1	5	21	6	77	7	33	8	83	9	49	10	16	11	96	12	60	13	56	14	6	15	27	16	1	17	98	18	57	19	22	20	38	21	62	22	98	23	19	24	6	25	82	26	85	27	26	28	67	29	76
	0	22	1	87	2	37	3	8	4	25	5	69	6	85	7	93	8	95	9	18	10	71	11	12	12	11	13	54	14	36	15	76	16	30	17	72	18	68	19	79	20	62	21	73	22	6	23	24	24	75	25	60	26	47	27	7	28	25	29	55
	0	85	1	94	2	27	3	25	4	86	5	35	6	11	7	30	8	67	9	82	10	31	11	27	12	63	13	26	14	11	15	90	16	72	17	57	18	59	19	38	20	23	21	9	22	83	23	67	24	8	25	56	26	69	27	43	28	75	29	66
	0	33	1	3	2	60	3	27	4	44	5	45	6	24	7	93	8	72	9	41	10	10	11	39	12	20	13	76	14	33	15	100	16	49	17	11	18	89	19	40	20	85	21	18	22	15	23	81	24	77	25	30	26	62	27	76	28	64	29	24
	0	55	1	26	2	30	3	1	4	42	5	58	6	89	7	54	8	70	9	9	10	23	11	28	12	34	13	2	14	44	15	11	16	89	17	8	18	80	19	24	20	16	21	5	22	92	23	80	24	80	25	3	26	73	27	39	28	42	29	92
	0	89	1	83	2	87	3	18	4	54	5	84	6	88	7	14	8	70	9	35	10	23	11	22	12	54	13	69	14	18	15	100	16	29	17	1	18	71	19	86	20	78	21	39	22	88	23	70	24	64	25	71	26	33	27	99	28	69	29	23
	0	79	1	3	2	17	3	31	4	3	5	36	6	65	7	88	8	63	9	56	10	92	11	46	12	68	13	87	14	23	15	95	16	96	17	48	18	47	19	43	20	51	21	37	22	37	23	68	24	49	25	94	26	76	27	13	28	76	29	4
	0	34	1	63	2	63	3	94	4	69	5	2	6	65	7	39	8	43	9	48	10	40	11	88	12	54	13	22	14	70	15	72	16	58	17	85	18	64	19	54	20	15	21	62	22	35	23	25	24	74	25	23	26	53	27	72	28	1	29	6
	0	90	1	68	2	5	3	91	4	42	5	41	6	10	7	59	8	71	9	48	10	87	11	5	12	100	13	51	14	51	15	78	16	78	17	60	18	59	19	74	20	71	21	12	22	96	23	7	24	62	25	80	26	23	27	19	28	57	29	42
	0	8	1	24	2	41	3	56	4	93	5	90	6	22	7	9	8	49	9	90	10	51	11	51	12	20	13	97	14	32	15	25	16	73	17	100	18	24	19	46	20	94	21	45	22	29	23	6	24	98	25	55	26	2	27	96	28	39	29	72
	0	31	1	79	2	58	3	21	4	77	5	46	6	77	7	95	8	64	9	51	10	42	11	9	12	68	13	98	14	81	15	68	16	31	17	30	18	6	19	56	20	24	21	41	22	5	23	35	24	3	25	9	26	73	27	9	28	60	29	31
	0	100	1	99	2	48	3	96	4	10	5	24	6	29	7	31	8	7	9	94	10	92	11	9	12	90	13	59	14	17	15	5	16	31	17	60	18	3	19	25	20	31	21	85	22	73	23	70	24	100	25	30	26	19	27	84	28	21	29	99
	0	73	1	7	2	1	3	20	4	93	5	47	6	18	7	38	8	11	9	17	10	3	11	24	12	82	13	16	14	39	15	7	16	26	17	49	18	53	19	18	20	59	21	8	22	24	23	9	24	52	25	72	26	60	27	70	28	59	29	81
	0	85	1	83	2	9	3	8	4	59	5	55	6	56	7	23	8	30	9	47	10	20	11	24	12	55	13	75	14	73	15	92	16	81	17	49	18	56	19	73	20	47	21	89	22	20	23	15	24	57	25	20	26	25	27	97	28	36	29	46
	0	64	1	42	2	54	3	41	4	73	5	86	6	11	7	27	8	36	9	57	10	91	11	7	12	34	13	88	14	25	15	89	16	58	17	47	18	51	19	5	20	2	21	86	22	37	23	20	24	12	25	22	26	96	27	92	28	37	29	15
	0	48	1	99	2	33	3	95	4	62	5	85	6	98	7	54	8	15	9	59	10	40	11	19	12	40	13	55	14	16	15	58	16	43	17	58	18	90	19	81	20	34	21	23	22	90	23	56	24	64	25	62	26	71	27	44	28	4	29	71
	0	16	1	5	2	88	3	24	4	21	5	58	6	90	7	50	8	53	9	89	10	47	11	76	12	81	13	18	14	11	15	1	16	11	17	95	18	11	19	28	20	79	21	80	22	54	23	79	24	79	25	21	26	91	27	65	28	41	29	35
	0	38	1	84	2	75	3	61	4	17	5	65	6	43	7	41	8	63	9	100	10	40	11	35	12	5	13	7	14	83	15	3	16	36	17	34	18	48	19	77	20	100	21	93	22	92	23	22	24	86	25	72	26	61	27	78	28	1	29	83
	0	73	1	89	2	51	3	31	4	7	5	94	6	67	7	20	8	70	9	38	10	50	11	22	12	91	13	98	14	9	15	78	16	75	17	61	18	39	19	18	20	36	21	94	22	53	23	3	24	56	25	74	26	48	27	31	28	63	29	91
	0	98	1	69	2	25	3	36	4	90	5	91	6	91	7	26	8	41	9	37	10	32	11	36	12	67	13	33	14	73	15	46	16	96	17	21	18	95	19	19	20	42	21	95	22	70	23	52	24	82	25	55	26	54	27	90	28	2	29	9
	0	42	1	87	2	5	3	79	4	65	5	49	6	100	7	17	8	84	9	93	10	11	11	16	12	17	13	9	14	76	15	76	16	86	17	16	18	25	19	66	20	89	21	43	22	59	23	81	24	25	25	70	26	69	27	2	28	27	29	14
	0	57	1	87	2	88	3	58	4	66	5	71	6	66	7	38	8	19	9	41	10	31	11	48	12	20	13	9	14	70	15	21	16	82	17	20	18	62	19	5	20	75	21	48	22	10	23	37	24	3	25	73	26	60	27	80	28	68	29	44
	0	75	1	80	2	68	3	72	4	25	5	58	6	46	7	4	8	12	9	52	10	81	11	70	12	56	13	54	14	80	15	18	16	93	17	24	18	38	19	59	20	65	21	75	22	46	23	100	24	19	25	46	26	81	27	39	28	18	29	31
	0	1	1	37	2	55	3	10	4	34	5	99	6	10	7	8	8	29	9	38	10	93	11	79	12	15	13	89	14	69	15	92	16	75	17	98	18	48	19	62	20	39	21	16	22	94	23	53	24	58	25	59	26	85	27	52	28	94	29	29
	0	24	1	82	2	63	3	85	4	80	5	16	6	98	7	27	8	32	9	90	10	20	11	35	12	5	13	47	14	46	15	59	16	60	17	54	18	60	19	56	20	53	21	64	22	29	23	39	24	80	25	29	26	50	27	64	28	86	29	77
	0	39	1	65	2	84	3	10	4	17	5	45	6	25	7	98	8	51	9	43	10	12	11	52	12	45	13	60	14	56	15	22	16	94	17	16	18	3	19	48	20	58	21	49	22	85	23	51	24	95	25	4	26	85	27	59	28	84	29	52
	0	6	1	82	2	9	3	49	4	90	5	4	6	97	7	27	8	18	9	46	10	29	11	61	12	6	13	7	14	48	15	76	16	59	17	10	18	75	19	74	20	55	21	95	22	63	23	87	24	78	25	32	26	70	27	13	28	5	29	60
	0	39	1	67	2	38	3	67	4	93	5	58	6	14	7	67	8	9	9	89	10	50	11	37	12	11	13	20	14	1	15	29	16	96	17	52	18	35	19	56	20	98	21	24	22	55	23	31	24	40	25	31	26	24	27	5	28	32	29	93
	0	71	1	15	2	16	3	49	4	82	5	72	6	73	7	45	8	12	9	16	10	26	11	45	12	64	13	41	14	23	15	88	16	18	17	58	18	74	19	55	20	14	21	42	22	70	23	33	24	27	25	5	26	24	27	93	28	74	29	57
	0	4	1	100	2	43	3	72	4	38	5	43	6	45	7	74	8	28	9	40	10	24	11	84	12	94	13	57	14	67	15	13	16	38	17	58	18	10	19	98	20	90	21	55	22	32	23	93	24	92	25	45	26	75	27	81	28	21	29	37
	0	35	1	64	2	55	3	16	4	16	5	41	6	45	7	95	8	45	9	91	10	31	11	51	12	70	13	15	14	29	15	40	16	18	17	99	18	70	19	49	20	62	21	17	22	70	23	24	24	35	25	69	26	60	27	79	28	87	29	36
	0	6	1	78	2	72	3	91	4	100	5	47	6	19	7	96	8	1	9	52	10	4	11	80	12	53	13	61	14	56	15	70	16	16	17	60	18	37	19	35	20	82	21	7	22	95	23	46	24	62	25	35	26	74	27	72	28	66	29	32
	0	34	1	62	2	25	3	85	4	9	5	94	6	97	7	29	8	10	9	77	10	86	11	63	12	55	13	35	14	57	15	29	16	68	17	21	18	11	19	36	20	3	21	44	22	81	23	6	24	59	25	83	26	31	27	62	28	12	29	41
	0	98	1	78	2	69	3	64	4	94	5	76	6	27	7	16	8	51	9	22	10	84	11	87	12	3	13	79	14	36	15	91	16	3	17	92	18	77	19	58	20	42	21	37	22	49	23	39	24	19	25	44	26	39	27	87	28	68	29	82
	0	15	1	56	2	38	3	66	4	30	5	64	6	99	7	20	8	65	9	88	10	13	11	15	12	65	13	93	14	76	15	50	16	96	17	21	18	46	19	64	20	35	21	81	22	3	23	84	24	69	25	22	26	95	27	48	28	53	29	81
	0	79	1	71	2	60	3	34	4	63	5	22	6	35	7	93	8	99	9	40	10	21	11	33	12	78	13	22	14	14	15	26	16	47	17	31	18	88	19	39	20	38	21	34	22	79	23	8	24	63	25	49	26	14	27	85	28	50	29	71
	0	50	1	55	2	92	3	11	4	31	5	32	6	48	7	50	8	87	9	1	10	19	11	10	12	47	13	61	14	86	15	83	16	21	17	82	18	81	19	77	20	76	21	96	22	22	23	68	24	26	25	66	26	59	27	57	28	91	29	6
	0	73	1	90	2	14	3	59	4	57	5	81	6	19	7	48	8	59	9	29	10	70	11	50	12	58	13	54	14	58	15	72	16	24	17	66	18	11	19	18	20	60	21	45	22	31	23	83	24	42	25	9	26	78	27	2	28	98	29	84
	0	68	1	57	2	99	3	13	4	60	5	12	6	42	7	63	8	25	9	16	10	61	11	14	12	53	13	15	14	83	15	48	16	23	17	54	18	22	19	64	20	41	21	60	22	89	23	92	24	30	25	28	26	32	27	76	28	19	29	72
	0	59	1	57	2	69	3	94	4	5	5	71	6	37	7	93	8	38	9	43	10	55	11	10	12	13	13	40	14	85	15	86	16	32	17	22	18	70	19	86	20	58	21	99	22	1	23	94	24	93	25	78	26	61	27	2	28	25	29	65
	0	15	1	49	2	89	3	54	4	75	5	66	6	16	7	23	8	26	9	46	10	52	11	4	12	26	13	43	14	69	15	14	16	100	17	68	18	14	19	54	20	86	21	35	22	53	23	18	24	13	25	71	26	16	27	65	28	17	29	12
	0	47	1	49	2	18	3	19	4	8	5	7	6	26	7	8	8	2	9	54	10	41	11	80	12	16	13	35	14	58	15	69	16	79	17	23	18	14	19	80	20	7	21	76	22	13	23	56	24	74	25	93	26	34	27	8	28	24	29	15
	0	100	1	5	2	22	3	76	4	59	5	82	6	3	7	97	8	21	9	47	10	78	11	77	12	30	13	67	14	79	15	24	16	85	17	79	18	88	19	28	20	26	21	52	22	61	23	71	24	54	25	94	26	35	27	25	28	51	29	83
	0	1	1	94	2	20	3	67	4	66	5	72	6	54	7	53	8	36	9	58	10	13	11	96	12	3	13	29	14	72	15	45	16	12	17	62	18	43	19	2	20	36	21	69	22	18	23	32	24	95	25	72	26	67	27	83	28	92	29	42
	0	87	1	41	2	54	3	66	4	94	5	23	6	92	7	40	8	100	9	61	10	34	11	75	12	17	13	60	14	83	15	76	16	80	17	13	18	6	19	39	20	80	21	10	22	58	23	61	24	54	25	80	26	98	27	67	28	70	29	47
	0	49	1	95	2	94	3	89	4	8	5	100	6	48	7	37	8	9	9	58	10	79	11	47	12	98	13	85	14	4	15	30	16	70	17	9	18	99	19	37	20	72	21	50	22	50	23	10	24	86	25	96	26	83	27	71	28	31	29	92
	0	38	1	98	2	55	3	66	4	60	5	99	6	9	7	65	8	14	9	13	10	20	11	81	12	55	13	68	14	98	15	76	16	2	17	89	18	59	19	47	20	8	21	45	22	42	23	89	24	14	25	50	26	46	27	43	28	33	29	93
	0	24	1	37	2	3	3	36	4	3	5	60	6	5	7	7	8	26	9	31	10	35	11	92	12	24	13	41	14	74	15	95	16	74	17	87	18	98	19	8	20	91	21	34	22	17	23	30	24	67	25	53	26	44	27	18	28	59	29	47
	0	19	1	49	2	77	3	41	4	57	5	53	6	32	7	10	8	81	9	12	10	43	11	70	12	58	13	57	14	16	15	46	16	65	17	12	18	38	19	11	20	36	21	46	22	54	23	41	24	71	25	49	26	19	27	40	28	15	29	38
	0	42	1	29	2	35	3	56	4	62	5	98	6	47	7	28	8	27	9	77	10	73	11	78	12	69	13	57	14	40	15	27	16	84	17	82	18	42	19	18	20	70	21	90	22	20	23	52	24	79	25	66	26	46	27	23	28	92	29	49
	0	15	1	76	2	8	3	87	4	61	5	43	6	19	7	51	8	79	9	29	10	18	11	46	12	99	13	35	14	32	15	67	16	46	17	62	18	14	19	10	20	99	21	26	22	21	23	19	24	8	25	65	26	45	27	35	28	52	29	38
	0	97	1	82	2	35	3	36	4	63	5	97	6	58	7	57	8	61	9	96	10	18	11	13	12	79	13	29	14	11	15	73	16	78	17	77	18	47	19	61	20	86	21	68	22	13	23	63	24	14	25	43	26	19	27	11	28	72	29	97
	0	31	1	41	2	67	3	41	4	78	5	60	6	10	7	9	8	71	9	55	10	69	11	78	12	86	13	27	14	31	15	67	16	91	17	48	18	77	19	65	20	24	21	60	22	75	23	70	24	46	25	70	26	41	27	61	28	29	29	6
	0	31	1	30	2	58	3	47	4	57	5	31	6	52	7	32	8	49	9	52	10	26	11	12	12	95	13	97	14	61	15	8	16	39	17	25	18	57	19	82	20	16	21	11	22	65	23	38	24	51	25	8	26	41	27	1	28	63	29	22
	0	70	1	56	2	33	3	38	4	42	5	33	6	39	7	57	8	74	9	72	10	71	11	31	12	33	13	13	14	62	15	3	16	83	17	79	18	15	19	95	20	59	21	58	22	5	23	97	24	65	25	8	26	82	27	50	28	24	29	26
	0	14	1	26	2	35	3	54	4	37	5	52	6	22	7	39	8	8	9	27	10	68	11	40	12	65	13	25	14	85	15	60	16	63	17	96	18	44	19	54	20	15	21	96	22	77	23	24	24	73	25	6	26	28	27	27	28	27	29	40
	0	5	1	27	2	96	3	26	4	73	5	85	6	48	7	30	8	72	9	72	10	77	11	50	12	68	13	37	14	17	15	93	16	58	17	69	18	60	19	31	20	100	21	36	22	40	23	74	24	27	25	94	26	69	27	23	28	64	29	88
	0	45	1	98	2	75	3	3	4	82	5	25	6	90	7	20	8	15	9	54	10	100	11	100	12	83	13	36	14	12	15	99	16	4	17	70	18	10	19	67	20	88	21	12	22	61	23	17	24	38	25	100	26	57	27	43	28	63	29	35
	0	94	1	24	2	87	3	23	4	9	5	63	6	17	7	80	8	52	9	20	10	32	11	36	12	43	13	58	14	78	15	98	16	49	17	4	18	3	19	64	20	81	21	99	22	49	23	95	24	94	25	78	26	100	27	74	28	48	29	11
	0	45	1	28	2	43	3	7	4	100	5	88	6	65	7	34	8	14	9	97	10	80	11	37	12	39	13	11	14	75	15	42	16	40	17	48	18	35	19	70	20	81	21	65	22	97	23	22	24	18	25	88	26	28	27	89	28	64	29	21
	0	12	1	5	2	25	3	93	4	47	5	48	6	26	7	43	8	83	9	55	10	58	11	34	12	56	13	10	14	22	15	45	16	99	17	15	18	63	19	3	20	33	21	51	22	6	23	36	24	63	25	7	26	40	27	51	28	46	29	9
	0	13	1	91	2	97	3	91	4	35	5	21	6	48	7	96	8	5	9	17	10	86	11	78	12	2	13	2	14	17	15	68	16	10	17	26	18	54	19	1	20	62	21	80	22	16	23	43	24	37	25	17	26	70	27	39	28	29	29	93
	0	90	1	86	2	75	3	65	4	80	5	3	6	24	7	3	8	97	9	42	10	68	11	13	12	80	13	73	14	72	15	63	16	60	17	27	18	80	19	71	20	10	21	91	22	75	23	95	24	61	25	78	26	31	27	25	28	90	29	19
	0	70	1	78	2	61	3	58	4	24	5	46	6	75	7	38	8	66	9	35	10	51	11	13	12	45	13	10	14	54	15	19	16	64	17	29	18	38	19	95	20	53	21	24	22	70	23	39	24	58	25	70	26	56	27	30	28	38	29	54
	0	77	1	59	2	18	3	20	4	15	5	50	6	78	7	66	8	25	9	57	10	50	11	12	12	77	13	77	14	60	15	66	16	80	17	13	18	41	19	66	20	63	21	68	22	95	23	53	24	71	25	63	26	88	27	26	28	96	29	10
	0	5	1	74	2	71	3	88	4	99	5	85	6	69	7	78	8	1	9	82	10	9	11	83	12	89	13	31	14	48	15	40	16	31	17	14	18	12	19	65	20	41	21	91	22	5	23	30	24	17	25	56	26	81	27	43	28	61	29	86
	0	84	1	70	2	74	3	31	4	91	5	47	6	10	7	89	8	96	9	46	10	3	11	81	12	36	13	7	14	16	15	90	16	46	17	47	18	73	19	64	20	88	21	98	22	68	23	70	24	91	25	56	26	78	27	56	28	1	29	27
	0	95	1	74	2	30	3	99	4	83	5	49	6	42	7	91	8	15	9	1	10	27	11	48	12	39	13	71	14	49	15	82	16	82	17	92	18	60	19	83	20	96	21	3	22	26	23	49	24	1	25	24	26	5	27	8	28	80	29	1
	0	67	1	24	2	27	3	17	4	53	5	26	6	63	7	27	8	10	9	91	10	52	11	42	12	52	13	66	14	9	15	93	16	25	17	23	18	62	19	36	20	88	21	71	22	5	23	94	24	31	25	72	26	85	27	23	28	92	29	38
	0	69	1	67	2	46	3	9	4	17	5	42	6	78	7	19	8	42	9	43	10	64	11	30	12	27	13	84	14	16	15	72	16	57	17	8	18	72	19	13	20	47	21	28	22	34	23	74	24	1	25	76	26	88	27	31	28	37	29	91
	0	51	1	88	2	40	3	58	4	37	5	19	6	42	7	79	8	39	9	86	10	43	11	48	12	56	13	7	14	19	15	49	16	25	17	26	18	75	19	9	20	32	21	97	22	52	23	71	24	12	25	94	26	79	27	65	28	65	29	6
	0	45	1	1	2	41	3	88	4	30	5	2	6	74	7	57	8	1	9	58	10	79	11	72	12	86	13	73	14	22	15	33	16	74	17	13	18	41	19	79	20	99	21	13	22	78	23	84	24	10	25	73	26	42	27	71	28	30	29	55
	0	14	1	92	2	66	3	79	4	78	5	56	6	24	7	54	8	23	9	89	10	12	11	13	12	46	13	63	14	82	15	23	16	78	17	34	18	9	19	3	20	84	21	68	22	10	23	63	24	19	25	47	26	75	27	41	28	52	29	85
	0	40	1	14	2	69	3	97	4	29	5	3	6	37	7	2	8	49	9	98	10	82	11	46	12	16	13	76	14	99	15	83	16	43	17	81	18	26	19	51	20	14	21	96	22	33	23	23	24	34	25	31	26	95	27	24	28	23	29	86
	0	78	1	55	2	92	3	89	4	46	5	43	6	32	7	1	8	50	9	22	10	80	11	42	12	82	13	21	14	72	15	83	16	1	17	95	18	71	19	6	20	49	21	38	22	47	23	23	24	22	25	58	26	43	27	12	28	77	29	16
	0	47	1	19	2	66	3	39	4	62	5	1	6	46	7	66	8	42	9	54	10	6	11	3	12	38	13	20	14	88	15	74	16	59	17	73	18	27	19	3	20	67	21	34	22	13	23	63	24	36	25	64	26	47	27	82	28	55	29	32
	0	72	1	89	2	63	3	52	4	66	5	33	6	23	7	51	8	52	9	16	10	100	11	94	12	53	13	20	14	86	15	96	16	97	17	27	18	78	19	82	20	57	21	47	22	25	23	77	24	66	25	7	26	80	27	52	28	58	29	87
	0	33	1	39	2	18	3	72	4	6	5	100	6	39	7	74	8	42	9	13	10	27	11	58	12	14	13	4	14	96	15	39	16	35	17	58	18	38	19	67	20	49	21	51	22	80	23	7	24	36	25	24	26	41	27	69	28	49	29	72
	0	65	1	60	2	83	3	12	4	86	5	59	6	32	7	80	8	51	9	38	10	82	11	39	12	21	13	70	14	64	15	21	16	99	17	11	18	40	19	20	20	75	21	44	22	14	23	23	24	92	25	5	26	85	27	41	28	53	29	58
	0	83	1	59	2	35	3	72	4	59	5	52	6	80	7	7	8	16	9	8	10	79	11	37	12	1	13	59	14	65	15	44	16	100	17	29	18	82	19	82	20	3	21	24	22	2	23	72	24	34	25	40	26	97	27	97	28	53	29	69
	0	98	1	98	2	91	3	1	4	92	5	86	6	60	7	90	8	37	9	39	10	56	11	4	12	5	13	25	14	53	15	78	16	72	17	88	18	41	19	68	20	25	21	81	22	69	23	38	24	48	25	32	26	89	27	48	28	7	29	82
	0	17	1	26	2	57	3	29	4	54	5	38	6	20	7	53	8	30	9	83	10	28	11	40	12	68	13	88	14	20	15	95	16	87	17	77	18	40	19	22	20	79	21	28	22	64	23	29	24	30	25	58	26	74	27	65	28	82	29	93
	0	43	1	98	2	48	3	9	4	93	5	2	6	23	7	59	8	59	9	14	10	57	11	13	12	53	13	60	14	88	15	83	16	24	17	78	18	47	19	15	20	46	21	80	22	74	23	49	24	93	25	38	26	22	27	4	28	73	29	79
	0	35	1	22	2	32	3	19	4	13	5	89	6	52	7	85	8	18	9	7	10	8	11	98	12	76	13	89	14	49	15	14	16	75	17	13	18	22	19	44	20	73	21	26	22	55	23	11	24	57	25	25	26	66	27	5	28	28	29	24
	0	74	1	44	2	90	3	87	4	9	5	60	6	73	7	13	8	62	9	58	10	30	11	76	12	22	13	23	14	67	15	49	16	84	17	78	18	5	19	2	20	29	21	2	22	98	23	23	24	10	25	77	26	30	27	1	28	91	29	18
	0	75	1	92	2	34	3	96	4	10	5	36	6	17	7	76	8	87	9	8	10	35	11	16	12	22	13	10	14	16	15	97	16	54	17	55	18	59	19	95	20	77	21	79	22	68	23	2	24	54	25	93	26	40	27	57	28	64	29	72
	0	37	1	55	2	36	3	10	4	46	5	33	6	78	7	25	8	9	9	60	10	7	11	73	12	65	13	68	14	25	15	8	16	61	17	16	18	8	19	95	20	6	21	72	22	8	23	70	24	68	25	31	26	66	27	2	28	55	29	40
	0	2	1	86	2	30	3	81	4	29	5	5	6	37	7	20	8	98	9	5	10	42	11	43	12	82	13	88	14	29	15	36	16	41	17	16	18	88	19	67	20	45	21	86	22	94	23	78	24	38	25	7	26	67	27	15	28	54	29	89
	0	49	1	32	2	55	3	42	4	53	5	52	6	16	7	31	8	62	9	82	10	93	11	35	12	84	13	97	14	53	15	5	16	87	17	59	18	42	19	36	20	83	21	23	22	26	23	71	24	21	25	47	26	24	27	22	28	10	29	20
	0	35	1	73	2	98	3	51	4	6	5	91	6	47	7	13	8	7	9	69	10	14	11	12	12	6	13	70	14	8	15	33	16	62	17	58	18	82	19	86	20	73	21	18	22	92	23	49	24	57	25	17	26	19	27	79	28	47	29	46
	0	52	1	51	2	20	3	49	4	61	5	31	6	9	7	36	8	12	9	95	10	56	11	26	12	15	13	64	14	4	15	71	16	98	17	99	18	40	19	52	20	40	21	84	22	44	23	67	24	18	25	97	26	89	27	21	28	53	29	36
	0	5	1	16	2	54	3	52	4	15	5	87	6	80	7	19	8	87	9	30	10	4	11	22	12	62	13	36	14	23	15	59	16	69	17	97	18	44	19	83	20	19	21	73	22	68	23	31	24	41	25	36	26	21	27	9	28	20	29	5
	0	22	1	43	2	19	3	66	4	84	5	5	6	23	7	34	8	81	9	76	10	32	11	79	12	39	13	5	14	69	15	59	16	26	17	79	18	7	19	10	20	43	21	14	22	21	23	81	24	58	25	20	26	17	27	31	28	21	29	16
	0	92	1	17	2	55	3	91	4	28	5	36	6	19	7	34	8	41	9	15	10	69	11	78	12	10	13	39	14	89	15	45	16	67	17	82	18	46	19	73	20	43	21	75	22	2	23	58	24	68	25	13	26	84	27	59	28	96	29	12
	0	94	1	39	2	91	3	32	4	17	5	36	6	93	7	65	8	45	9	97	10	62	11	30	12	37	13	13	14	54	15	19	16	84	17	31	18	92	19	18	20	39	21	51	22	22	23	56	24	33	25	20	26	75	27	84	28	2	29	69
	0	72	1	86	2	74	3	85	4	52	5	53	6	3	7	95	8	95	9	93	10	53	11	97	12	73	13	56	14	57	15	85	16	69	17	80	18	13	19	41	20	24	21	8	22	91	23	90	24	12	25	20	26	59	27	45	28	51	29	83
	0	53	1	86	2	10	3	15	4	53	5	54	6	52	7	7	8	42	9	52	10	34	11	64	12	44	13	71	14	57	15	48	16	84	17	12	18	29	19	34	20	21	21	44	22	89	23	18	24	24	25	29	26	97	27	36	28	8	29	16
	0	4	1	77	2	58	3	59	4	45	5	11	6	82	7	33	8	15	9	49	10	97	11	52	12	32	13	21	14	26	15	99	16	94	17	34	18	59	19	25	20	81	21	42	22	13	23	96	24	58	25	41	26	90	27	72	28	84	29	73
	0	18	1	57	2	34	3	11	4	23	5	51	6	82	7	39	8	68	9	98	10	9	11	61	12	62	13	8	14	30	15	9	16	16	17	96	18	57	19	23	20	2	21	69	22	38	23	21	24	50	25	42	26	47	27	97	28	75	29	87
	0	100	1	3	2	34	3	29	4	38	5	4	6	35	7	41	8	98	9	13	10	77	11	13	12	49	13	51	14	64	15	93	16	91	17	78	18	36	19	21	20	15	21	98	22	17	23	5	24	88	25	37	26	51	27	19	28	18	29	32
	0	100	1	6	2	92	3	100	4	7	5	33	6	7	7	53	8	66	9	20	10	37	11	2	12	31	13	34	14	94	15	53	16	64	17	48	18	97	19	74	20	19	21	68	22	33	23	17	24	93	25	6	26	86	27	7	28	95	29	48
	0	79	1	20	2	14	3	25	4	28	5	36	6	100	7	9	8	29	9	31	10	70	11	93	12	16	13	24	14	13	15	4	16	49	17	29	18	54	19	73	20	50	21	49	22	4	23	71	24	71	25	19	26	99	27	60	28	59	29	1
	0	15	1	45	2	81	3	59	4	3	5	3	6	95	7	90	8	79	9	36	10	87	11	88	12	82	13	81	14	21	15	49	16	61	17	56	18	64	19	66	20	62	21	38	22	73	23	54	24	37	25	4	26	83	27	16	28	88	29	69
	0	2	1	41	2	5	3	10	4	22	5	75	6	84	7	65	8	1	9	38	10	21	11	32	12	57	13	50	14	23	15	18	16	11	17	99	18	71	19	11	20	33	21	78	22	44	23	73	24	10	25	43	26	75	27	80	28	20	29	97
	0	96	1	48	2	84	3	98	4	16	5	35	6	46	7	22	8	7	9	100	10	74	11	60	12	11	13	54	14	14	15	20	16	93	17	50	18	10	19	48	20	100	21	79	22	99	23	6	24	94	25	73	26	24	27	71	28	79	29	50
	0	28	1	30	2	41	3	28	4	42	5	97	6	56	7	100	8	40	9	77	10	55	11	58	12	65	13	36	14	39	15	98	16	24	17	78	18	79	19	42	20	19	21	20	22	59	23	60	24	46	25	18	26	35	27	98	28	98	29	94
	0	22	1	5	2	48	3	55	4	25	5	52	6	83	7	14	8	92	9	74	10	39	11	47	12	44	13	58	14	40	15	50	16	5	17	100	18	53	19	80	20	47	21	67	22	3	23	92	24	18	25	44	26	6	27	8	28	25	29	70
	0	37	1	72	2	80	3	75	4	17	5	94	6	31	7	80	8	85	9	77	10	47	11	15	12	21	13	64	14	23	15	78	16	90	17	84	18	17	19	34	20	60	21	58	22	48	23	17	24	1	25	93	26	5	27	8	28	56	29	95
	0	53	1	78	2	66	3	63	4	40	5	29	6	65	7	42	8	26	9	82	10	97	11	63	12	3	13	71	14	10	15	87	16	72	17	64	18	24	19	25	20	90	21	12	22	97	23	22	24	16	25	96	26	22	27	1	28	6	29	18
	0	18	1	28	2	43	3	72	4	29	5	28	6	97	7	74	8	20	9	71	10	61	11	45	12	37	13	4	14	1	15	78	16	76	17	1	18	6	19	23	20	72	21	60	22	47	23	89	24	16	25	56	26	67	27	21	28	44	29	48
	0	66	1	32	2	58	3	79	4	49	5	68	6	90	7	32	8	52	9	58	10	5	11	30	12	68	13	69	14	95	15	81	16	38	17	62	18	34	19	17	20	73	21	29	22	84	23	77	24	18	25	54	26	62	27	25	28	99	29	26
	0	16	1	17	2	85	3	93	4	90	5	49	6	61	7	46	8	37	9	38	10	15	11	66	12	36	13	45	14	62	15	69	16	28	17	29	18	70	19	37	20	44	21	76	22	51	23	18	24	32	25	66	26	42	27	40	28	73	29	65
	0	95	1	57	2	59	3	43	4	23	5	36	6	71	7	64	8	99	9	49	10	73	11	12	12	3	13	24	14	27	15	18	16	42	17	74	18	67	19	32	20	9	21	6	22	12	23	40	24	53	25	91	26	5	27	20	28	67	29	14
	0	87	1	93	2	19	3	74	4	60	5	10	6	97	7	84	8	4	9	79	10	18	11	86	12	26	13	22	14	42	15	95	16	87	17	28	18	88	19	24	20	12	21	27	22	27	23	64	24	88	25	3	26	26	27	12	28	15	29	31
	0	44	1	86	2	33	3	2	4	19	5	51	6	81	7	57	8	81	9	49	10	38	11	72	12	4	13	27	14	42	15	36	16	65	17	84	18	17	19	30	20	64	21	78	22	32	23	2	24	52	25	90	26	69	27	82	28	46	29	11
	0	93	1	95	2	38	3	5	4	38	5	58	6	24	7	77	8	52	9	73	10	9	11	32	12	66	13	51	14	78	15	9	16	87	17	26	18	13	19	31	20	19	21	55	22	17	23	6	24	69	25	97	26	71	27	56	28	96	29	21
	0	26	1	79	2	92	3	8	4	18	5	55	6	24	7	8	8	47	9	55	10	73	11	98	12	71	13	24	14	28	15	48	16	90	17	32	18	48	19	64	20	34	21	20	22	84	23	13	24	76	25	92	26	33	27	3	28	29	29	23
	0	55	1	93	2	9	3	75	4	83	5	67	6	61	7	64	8	8	9	73	10	86	11	2	12	16	13	25	14	16	15	5	16	9	17	22	18	28	19	59	20	32	21	24	22	86	23	69	24	4	25	88	26	54	27	35	28	5	29	64
	0	28	1	37	2	80	3	95	4	72	5	19	6	58	7	74	8	53	9	97	10	1	11	51	12	17	13	48	14	21	15	97	16	50	17	42	18	37	19	60	20	9	21	19	22	67	23	81	24	32	25	38	26	63	27	41	28	45	29	48
	0	37	1	74	2	28	3	39	4	46	5	51	6	24	7	95	8	31	9	28	10	87	11	56	12	11	13	17	14	3	15	38	16	100	17	9	18	36	19	93	20	88	21	75	22	84	23	3	24	2	25	12	26	46	27	27	28	41	29	11
	0	27	1	58	2	49	3	79	4	46	5	54	6	78	7	13	8	8	9	54	10	34	11	33	12	65	13	86	14	41	15	23	16	88	17	31	18	35	19	9	20	97	21	5	22	83	23	6	24	36	25	68	26	3	27	95	28	5	29	72
	0	13	1	13	2	62	3	5	4	35	5	76	6	60	7	99	8	42	9	57	10	98	11	9	12	22	13	93	14	95	15	69	16	89	17	96	18	99	19	99	20	78	21	95	22	12	23	13	24	86	25	19	26	82	27	34	28	60	29	10
	0	100	1	50	2	51	3	37	4	93	5	45	6	57	7	15	8	1	9	80	10	52	11	89	12	4	13	35	14	66	15	13	16	94	17	25	18	48	19	41	20	46	21	31	22	52	23	16	24	18	25	42	26	9	27	5	28	72	29	85
	0	82	1	40	2	25	3	77	4	20	5	51	6	45	7	46	8	47	9	97	10	62	11	89	12	68	13	38	14	64	15	76	16	63	17	1	18	86	19	15	20	8	21	39	22	22	23	26	24	49	25	75	26	11	27	5	28	8	29	84
	0	88	1	70	2	97	3	67	4	84	5	8	6	81	7	100	8	28	9	92	10	8	11	74	12	92	13	11	14	92	15	62	16	54	17	36	18	25	19	67	20	5	21	38	22	51	23	48	24	2	25	100	26	33	27	24	28	45	29	7
	0	85	1	2	2	44	3	100	4	55	5	77	6	88	7	37	8	92	9	5	10	35	11	80	12	14	13	50	14	97	15	18	16	74	17	45	18	79	19	85	20	87	21	20	22	89	23	33	24	58	25	1	26	44	27	83	28	37	29	69
	0	29	1	37	2	86	3	30	4	89	5	53	6	26	7	55	8	55	9	95	10	3	11	62	12	39	13	21	14	8	15	80	16	43	17	71	18	9	19	96	20	79	21	55	22	5	23	72	24	88	25	76	26	2	27	9	28	90	29	17
	0	65	1	64	2	32	3	78	4	5	5	68	6	3	7	69	8	100	9	89	10	14	11	56	12	64	13	47	14	98	15	41	16	4	17	72	18	51	19	21	20	36	21	54	22	26	23	46	24	53	25	38	26	56	27	86	28	55	29	60
	0	63	1	60	2	91	3	19	4	82	5	100	6	78	7	39	8	99	9	52	10	87	11	68	12	99	13	31	14	16	15	9	16	53	17	78	18	86	19	83	20	3	21	7	22	41	23	80	24	24	25	17	26	27	27	33	28	58	29	16
	0	81	1	18	2	71	3	82	4	58	5	93	6	62	7	61	8	88	9	97	10	24	11	72	12	18	13	85	14	52	15	69	16	96	17	75	18	27	19	86	20	8	21	25	22	37	23	58	24	54	25	67	26	11	27	96	28	44	29	73
	0	65	1	62	2	40	3	22	4	3	5	71	6	83	7	96	8	14	9	9	10	64	11	19	12	56	13	60	14	44	15	31	16	23	17	59	18	40	19	50	20	25	21	33	22	97	23	58	24	49	25	91	26	51	27	29	28	58	29	71
	0	38	1	76	2	56	3	57	4	90	5	91	6	31	7	24	8	50	9	91	10	39	11	83	12	78	13	10	14	9	15	14	16	37	17	100	18	71	19	30	20	74	21	14	22	37	23	100	24	46	25	96	26	91	27	14	28	53	29	10
	0	67	1	97	2	67	3	63	4	18	5	74	6	80	7	17	8	10	9	57	10	13	11	91	12	93	13	7	14	50	15	2	16	25	17	94	18	87	19	89	20	61	21	50	22	22	23	23	24	34	25	82	26	21	27	4	28	78	29	22
	0	27	1	80	2	76	3	91	4	7	5	56	6	46	7	26	8	58	9	71	10	80	11	95	12	100	13	64	14	94	15	98	16	44	17	52	18	83	19	26	20	7	21	93	22	69	23	24	24	5	25	11	26	71	27	90	28	59	29	98
	0	76	1	100	2	84	3	35	4	52	5	36	6	56	7	76	8	43	9	61	10	65	11	99	12	59	13	81	14	5	15	25	16	13	17	60	18	69	19	46	20	93	21	98	22	30	23	14	24	74	25	97	26	36	27	88	28	85	29	47
	0	64	1	47	2	15	3	22	4	82	5	98	6	97	7	76	8	31	9	49	10	19	11	72	12	38	13	24	14	53	15	72	16	96	17	44	18	83	19	85	20	80	21	94	22	99	23	63	24	7	25	49	26	66	27	55	28	26	29	40
	0	96	1	91	2	14	3	69	4	78	5	50	6	22	7	19	8	47	9	23	10	69	11	1	12	93	13	86	14	11	15	47	16	47	17	35	18	8	19	41	20	92	21	58	22	77	23	34	24	75	25	39	26	12	27	2	28	43	29	21
	0	79	1	30	2	7	3	73	4	55	5	36	6	10	7	37	8	53	9	72	10	68	11	51	12	29	13	59	14	90	15	72	16	10	17	43	18	12	19	56	20	48	21	87	22	87	23	48	24	6	25	30	26	31	27	6	28	37	29	76
	0	10	1	57	2	95	3	99	4	3	5	60	6	5	7	71	8	10	9	25	10	67	11	62	12	60	13	97	14	89	15	53	16	45	17	37	18	59	19	66	20	98	21	32	22	94	23	6	24	72	25	18	26	56	27	74	28	9	29	9
	0	97	1	77	2	79	3	65	4	72	5	61	6	53	7	32	8	50	9	47	10	38	11	42	12	3	13	17	14	57	15	64	16	48	17	14	18	99	19	27	20	75	21	45	22	40	23	76	24	93	25	74	26	11	27	16	28	64	29	81
	0	82	1	59	2	25	3	10	4	71	5	86	6	98	7	11	8	9	9	82	10	48	11	91	12	9	13	9	14	44	15	92	16	24	17	18	18	25	19	75	20	2	21	27	22	74	23	86	24	58	25	13	26	63	27	16	28	23	29	82
	0	12	1	97	2	58	3	28	4	76	5	84	6	15	7	100	8	62	9	17	10	4	11	19	12	27	13	79	14	97	15	33	16	20	17	69	18	59	19	89	20	58	21	68	22	11	23	62	24	64	25	71	26	50	27	84	28	92	29	11
	0	87	1	43	2	25	3	92	4	76	5	53	6	23	7	8	8	46	9	24	10	44	11	25	12	55	13	65	14	86	15	41	16	35	17	13	18	5	19	59	20	95	21	72	22	8	23	30	24	92	25	94	26	49	27	61	28	1	29	42
	0	39	1	89	2	38	3	15	4	76	5	63	6	11	7	37	8	62	9	95	10	9	11	18	12	22	13	58	14	63	15	56	16	93	17	57	18	13	19	34	20	17	21	95	22	95	23	26	24	55	25	97	26	17	27	27	28	28	29	90
	0	76	1	56	2	31	3	30	4	70	5	6	6	82	7	34	8	66	9	45	10	7	11	56	12	57	13	79	14	68	15	14	16	9	17	42	18	87	19	60	20	78	21	71	22	23	23	40	24	56	25	72	26	99	27	9	28	67	29	2
	0	98	1	71	2	25	3	9	4	69	5	67	6	34	7	10	8	6	9	54	10	81	11	5	12	94	13	7	14	47	15	41	16	49	17	70	18	59	19	88	20	77	21	32	22	35	23	90	24	32	25	83	26	9	27	99	28	59	29	6
	0	30	1	99	2	47	3	92	4	79	5	96	6	22	7	86	8	41	9	11	10	55	11	100	12	27	13	13	14	79	15	63	16	49	17	81	18	29	19	77	20	61	21	72	22	43	23	9	24	48	25	45	26	100	27	37	28	15	29	55
	0	78	1	29	2	4	3	38	4	63	5	20	6	53	7	28	8	29	9	21	10	56	11	82	12	82	13	76	14	8	15	25	16	38	17	42	18	37	19	12	20	66	21	64	22	47	23	87	24	35	25	77	26	37	27	76	28	27	29	46
	0	70	1	56	2	16	3	21	4	93	5	78	6	25	7	96	8	44	9	29	10	1	11	60	12	5	13	86	14	86	15	12	16	60	17	63	18	66	19	63	20	94	21	88	22	13	23	37	24	29	25	38	26	72	27	76	28	82	29	18
	0	60	1	76	2	3	3	81	4	55	5	29	6	7	7	17	8	9	9	38	10	33	11	39	12	17	13	43	14	71	15	73	16	12	17	64	18	54	19	13	20	82	21	46	22	12	23	1	24	18	25	76	26	5	27	48	28	45	29	94
	0	19	1	89	2	90	3	24	4	74	5	73	6	97	7	97	8	68	9	90	10	88	11	43	12	82	13	10	14	28	15	60	16	93	17	84	18	47	19	16	20	92	21	26	22	21	23	15	24	89	25	83	26	28	27	41	28	54	29	49
	0	15	1	73	2	43	3	100	4	54	5	9	6	78	7	38	8	63	9	75	10	4	11	75	12	28	13	80	14	37	15	8	16	56	17	53	18	72	19	49	20	26	21	75	22	9	23	15	24	40	25	92	26	32	27	3	28	79	29	67
	0	39	1	92	2	14	3	6	4	6	5	51	6	34	7	80	8	41	9	48	10	96	11	11	12	48	13	86	14	91	15	100	16	28	17	14	18	91	19	15	20	62	21	85	22	29	23	80	24	73	25	57	26	19	27	3	28	54	29	71
	0	9	1	64	2	4	3	38	4	41	5	37	6	18	7	28	8	58	9	12	10	22	11	37	12	59	13	58	14	46	15	76	16	35	17	26	18	65	19	23	20	95	21	93	22	78	23	1	24	82	25	92	26	86	27	96	28	53	29	76
	0	80	1	36	2	46	3	22	4	77	5	66	6	70	7	64	8	47	9	9	10	97	11	5	12	15	13	4	14	36	15	67	16	47	17	40	18	13	19	59	20	42	21	44	22	100	23	83	24	92	25	92	26	53	27	100	28	80	29	37
	0	62	1	38	2	37	3	85	4	17	5	4	6	69	7	65	8	42	9	32	10	18	11	61	12	71	13	86	14	43	15	14	16	28	17	92	18	11	19	9	20	72	21	79	22	38	23	100	24	8	25	33	26	33	27	45	28	60	29	21
	0	23	1	50	2	84	3	20	4	65	5	45	6	41	7	52	8	73	9	40	10	70	11	42	12	16	13	37	14	42	15	10	16	66	17	93	18	60	19	91	20	5	21	55	22	56	23	38	24	11	25	28	26	91	27	44	28	88	29	35
	0	63	1	97	2	14	3	70	4	79	5	53	6	9	7	81	8	35	9	84	10	66	11	11	12	36	13	44	14	81	15	83	16	19	17	58	18	73	19	32	20	76	21	20	22	2	23	87	24	3	25	69	26	4	27	79	28	93	29	66
	0	3	1	24	2	68	3	97	4	84	5	95	6	24	7	70	8	22	9	99	10	10	11	94	12	7	13	11	14	93	15	41	16	13	17	32	18	55	19	37	20	89	21	87	22	41	23	38	24	87	25	55	26	49	27	79	28	44	29	17
	0	27	1	4	2	82	3	66	4	27	5	16	6	100	7	88	8	19	9	7	10	66	11	42	12	74	13	53	14	38	15	86	16	65	17	86	18	68	19	6	20	52	21	80	22	69	23	77	24	38	25	5	26	48	27	47	28	21	29	51
	0	38	1	23	2	75	3	11	4	84	5	3	6	37	7	76	8	58	9	74	10	85	11	99	12	9	13	94	14	27	15	8	16	83	17	99	18	44	19	85	20	62	21	17	22	51	23	48	24	3	25	85	26	73	27	85	28	83	29	91
	0	45	1	48	2	77	3	89	4	92	5	94	6	29	7	65	8	40	9	26	10	89	11	45	12	61	13	85	14	29	15	75	16	67	17	83	18	50	19	23	20	95	21	95	22	67	23	64	24	45	25	27	26	14	27	60	28	71	29	40
	0	99	1	53	2	41	3	5	4	35	5	23	6	2	7	12	8	92	9	73	10	24	11	42	12	58	13	54	14	8	15	3	16	10	17	48	18	88	19	80	20	30	21	50	22	53	23	25	24	14	25	38	26	67	27	32	28	55	29	12
	0	77	1	35	2	9	3	39	4	24	5	38	6	70	7	47	8	99	9	72	10	9	11	36	12	20	13	24	14	59	15	22	16	6	17	95	18	45	19	11	20	76	21	74	22	95	23	82	24	21	25	34	26	90	27	17	28	99	29	2
	0	14	1	18	2	58	3	38	4	34	5	94	6	4	7	36	8	20	9	94	10	48	11	36	12	72	13	51	14	9	15	2	16	22	17	29	18	56	19	4	20	33	21	6	22	15	23	20	24	2	25	36	26	75	27	35	28	42	29	69
	0	66	1	4	2	13	3	17	4	99	5	17	6	4	7	100	8	87	9	66	10	9	11	16	12	84	13	17	14	30	15	7	16	13	17	29	18	10	19	24	20	81	21	74	22	85	23	8	24	84	25	48	26	89	27	44	28	60	29	90
	0	74	1	51	2	39	3	31	4	3	5	13	6	8	7	41	8	56	9	81	10	76	11	72	12	41	13	75	14	11	15	79	16	91	17	79	18	100	19	88	20	15	21	16	22	20	23	49	24	14	25	37	26	56	27	65	28	79	29	52
	0	90	1	15	2	46	3	7	4	35	5	2	6	72	7	74	8	10	9	83	10	35	11	99	12	65	13	73	14	4	15	50	16	7	17	36	18	21	19	32	20	86	21	87	22	67	23	82	24	37	25	78	26	45	27	47	28	1	29	54
	0	75	1	19	2	53	3	76	4	80	5	74	6	15	7	65	8	37	9	32	10	53	11	15	12	92	13	55	14	47	15	68	16	70	17	31	18	16	19	58	20	43	21	22	22	28	23	59	24	25	25	59	26	14	27	10	28	10	29	35
	0	83	1	75	2	64	3	20	4	3	5	90	6	51	7	75	8	87	9	91	10	52	11	82	12	4	13	11	14	90	15	87	16	9	17	28	18	91	19	26	20	55	21	61	22	38	23	91	24	33	25	67	26	83	27	51	28	52	29	94
	0	48	1	36	2	62	3	65	4	17	5	41	6	68	7	28	8	95	9	23	10	3	11	80	12	100	13	85	14	51	15	49	16	95	17	77	18	34	19	4	20	5	21	52	22	11	23	17	24	45	25	71	26	50	27	98	28	66	29	24
	0	76	1	82	2	6	3	21	4	93	5	37	6	87	7	85	8	44	9	10	10	6	11	20	12	61	13	59	14	98	15	65	16	3	17	5	18	85	19	40	20	100	21	22	22	31	23	46	24	40	25	47	26	62	27	86	28	75	29	66
	0	33	1	11	2	28	3	29	4	39	5	5	6	27	7	80	8	9	9	67	10	98	11	10	12	33	13	58	14	3	15	79	16	97	17	11	18	87	19	59	20	43	21	35	22	78	23	85	24	70	25	53	26	69	27	24	28	42	29	44
	0	48	1	11	2	75	3	6	4	72	5	89	6	10	7	39	8	8	9	60	10	2	11	18	12	68	13	50	14	85	15	15	16	18	17	20	18	80	19	73	20	52	21	93	22	60	23	58	24	39	25	72	26	7	27	37	28	97	29	75
	0	99	1	46	2	54	3	2	4	18	5	68	6	91	7	19	8	89	9	13	10	79	11	21	12	67	13	82	14	61	15	8	16	29	17	62	18	40	19	88	20	62	21	69	22	67	23	87	24	37	25	44	26	45	27	40	28	12	29	73
	0	90	1	75	2	2	3	81	4	27	5	33	6	17	7	21	8	90	9	77	10	56	11	57	12	76	13	82	14	88	15	16	16	55	17	10	18	89	19	58	20	48	21	14	22	92	23	79	24	22	25	26	26	81	27	67	28	55	29	20
	0	32	1	51	2	87	3	52	4	79	5	27	6	41	7	22	8	64	9	52	10	94	11	23	12	96	13	41	14	29	15	38	16	33	17	93	18	98	19	35	20	46	21	48	22	65	23	57	24	51	25	47	26	26	27	97	28	6	29	41
	0	25	1	23	2	3	3	77	4	97	5	86	6	17	7	49	8	19	9	19	10	81	11	13	12	46	13	17	14	4	15	71	16	67	17	62	18	50	19	99	20	10	21	14	22	41	23	70	24	61	25	4	26	55	27	83	28	8	29	85
	0	37	1	18	2	3	3	34	4	41	5	67	6	98	7	8	8	59	9	5	10	28	11	96	12	23	13	19	14	12	15	24	16	81	17	96	18	12	19	3	20	73	21	35	22	78	23	29	24	71	25	49	26	52	27	65	28	48	29	57
	0	20	1	79	2	3	3	90	4	34	5	15	6	44	7	54	8	39	9	2	10	6	11	39	12	81	13	54	14	79	15	50	16	78	17	7	18	36	19	100	20	81	21	87	22	17	23	14	24	63	25	13	26	91	27	100	28	97	29	79
	0	12	1	8	2	32	3	71	4	44	5	86	6	59	7	5	8	93	9	85	10	40	11	1	12	18	13	85	14	35	15	19	16	70	17	49	18	48	19	33	20	89	21	10	22	87	23	16	24	79	25	65	26	93	27	51	28	15	29	26
	0	2	1	11	2	60	3	35	4	34	5	50	6	5	7	78	8	14	9	20	10	55	11	20	12	90	13	91	14	12	15	67	16	95	17	44	18	50	19	24	20	50	21	68	22	63	23	88	24	38	25	68	26	42	27	31	28	68	29	81
	0	14	1	20	2	18	3	53	4	35	5	4	6	37	7	12	8	41	9	73	10	28	11	51	12	75	13	34	14	49	15	10	16	64	17	97	18	7	19	10	20	6	21	46	22	30	23	83	24	92	25	39	26	39	27	98	28	68	29	68
	0	59	1	90	2	16	3	63	4	41	5	23	6	18	7	43	8	74	9	51	10	14	11	19	12	30	13	67	14	85	15	15	16	48	17	48	18	4	19	75	20	66	21	23	22	58	23	53	24	53	25	47	26	18	27	5	28	87	29	39
	0	5	1	46	2	7	3	19	4	9	5	27	6	12	7	65	8	18	9	45	10	97	11	62	12	94	13	3	14	39	15	13	16	97	17	65	18	87	19	43	20	25	21	93	22	11	23	16	24	59	25	43	26	7	27	34	28	88	29	67
	0	77	1	99	2	82	3	51	4	21	5	58	6	36	7	71	8	18	9	52	10	80	11	67	12	76	13	45	14	59	15	51	16	73	17	11	18	7	19	2	20	37	21	90	22	75	23	29	24	27	25	49	26	92	27	80	28	100	29	16
	0	59	1	45	2	98	3	63	4	11	5	81	6	83	7	51	8	100	9	45	10	91	11	80	12	81	13	30	14	4	15	99	16	94	17	27	18	43	19	59	20	94	21	56	22	40	23	31	24	60	25	52	26	43	27	7	28	77	29	93
	0	59	1	70	2	96	3	99	4	36	5	92	6	87	7	48	8	44	9	92	10	62	11	85	12	9	13	74	14	29	15	19	16	95	17	25	18	92	19	37	20	59	21	32	22	19	23	72	24	6	25	61	26	43	27	20	28	34	29	3
	0	65	1	74	2	31	3	72	4	71	5	28	6	70	7	25	8	88	9	81	10	27	11	27	12	38	13	20	14	94	15	85	16	67	17	84	18	82	19	25	20	54	21	22	22	21	23	81	24	26	25	9	26	19	27	28	28	47	29	79
	0	21	1	77	2	39	3	78	4	85	5	100	6	64	7	69	8	76	9	75	10	74	11	19	12	23	13	54	14	5	15	65	16	15	17	91	18	71	19	36	20	17	21	5	22	90	23	65	24	29	25	34	26	44	27	40	28	29	29	31
	0	51	1	65	2	69	3	94	4	16	5	27	6	10	7	35	8	62	9	98	10	24	11	35	12	90	13	17	14	94	15	22	16	96	17	26	18	84	19	96	20	49	21	54	22	74	23	69	24	16	25	87	26	75	27	96	28	80	29	52
	0	60	1	18	2	93	3	2	4	89	5	47	6	44	7	3	8	14	9	59	10	62	11	31	12	81	13	72	14	62	15	45	16	73	17	32	18	3	19	96	20	60	21	30	22	40	23	79	24	48	25	26	26	56	27	49	28	49	29	47
	0	29	1	45	2	4	3	92	4	68	5	4	6	37	7	55	8	7	9	56	10	26	11	54	12	67	13	24	14	8	15	30	16	98	17	86	18	63	19	36	20	75	21	59	22	47	23	51	24	19	25	16	26	52	27	84	28	44	29	49
	0	34	1	46	2	66	3	35	4	24	5	5	6	29	7	75	8	16	9	62	10	20	11	98	12	97	13	6	14	88	15	70	16	62	17	31	18	90	19	36	20	38	21	38	22	18	23	88	24	94	25	42	26	92	27	35	28	22	29	54
	0	19	1	26	2	9	3	26	4	49	5	52	6	55	7	63	8	86	9	5	10	72	11	42	12	29	13	5	14	95	15	100	16	44	17	1	18	94	19	71	20	14	21	8	22	41	23	94	24	98	25	43	26	97	27	13	28	98	29	69
	0	11	1	47	2	29	3	58	4	51	5	98	6	19	7	38	8	99	9	21	10	10	11	76	12	97	13	93	14	16	15	18	16	10	17	25	18	62	19	90	20	52	21	25	22	27	23	26	24	85	25	10	26	37	27	76	28	94	29	2
	0	10	1	15	2	96	3	79	4	29	5	61	6	27	7	49	8	100	9	51	10	31	11	88	12	25	13	58	14	28	15	40	16	94	17	41	18	54	19	69	20	77	21	49	22	79	23	43	24	69	25	29	26	56	27	45	28	16	29	25
	0	71	1	73	2	32	3	36	4	72	5	63	6	85	7	90	8	4	9	44	10	99	11	62	12	94	13	23	14	17	15	10	16	49	17	34	18	9	19	44	20	57	21	25	22	32	23	26	24	12	25	52	26	63	27	72	28	7	29	10
	0	72	1	20	2	59	3	14	4	1	5	57	6	55	7	16	8	66	9	41	10	42	11	22	12	6	13	56	14	5	15	36	16	27	17	80	18	89	19	55	20	41	21	58	22	70	23	84	24	76	25	11	26	85	27	57	28	16	29	21
	0	64	1	66	2	2	3	78	4	34	5	43	6	88	7	67	8	81	9	58	10	53	11	46	12	97	13	1	14	92	15	33	16	47	17	91	18	56	19	5	20	19	21	6	22	100	23	81	24	63	25	41	26	68	27	32	28	26	29	37
	0	16	1	58	2	21	3	25	4	59	5	5	6	15	7	3	8	97	9	21	10	6	11	7	12	32	13	78	14	21	15	75	16	14	17	7	18	76	19	100	20	61	21	12	22	59	23	20	24	33	25	73	26	30	27	91	28	73	29	57
	0	59	1	49	2	34	3	79	4	44	5	54	6	56	7	98	8	71	9	63	10	64	11	36	12	7	13	85	14	98	15	50	16	59	17	12	18	9	19	6	20	18	21	31	22	58	23	16	24	74	25	54	26	16	27	60	28	81	29	32
	0	66	1	92	2	3	3	27	4	26	5	94	6	70	7	69	8	62	9	42	10	12	11	21	12	56	13	94	14	82	15	16	16	54	17	13	18	54	19	61	20	98	21	70	22	69	23	99	24	19	25	21	26	72	27	93	28	59	29	30
	0	49	1	62	2	28	3	82	4	74	5	80	6	29	7	25	8	3	9	37	10	3	11	9	12	96	13	98	14	77	15	42	16	47	17	24	18	10	19	55	20	43	21	43	22	85	23	56	24	94	25	75	26	78	27	20	28	8	29	48
	0	7	1	36	2	87	3	82	4	49	5	12	6	80	7	95	8	62	9	11	10	20	11	78	12	66	13	64	14	25	15	43	16	60	17	89	18	41	19	35	20	85	21	7	22	58	23	60	24	56	25	33	26	31	27	77	28	21	29	97
	0	82	1	57	2	34	3	95	4	67	5	94	6	25	7	6	8	26	9	36	10	29	11	4	12	69	13	63	14	93	15	59	16	47	17	34	18	74	19	9	20	22	21	76	22	5	23	35	24	27	25	87	26	80	27	86	28	86	29	78
	0	97	1	22	2	41	3	84	4	49	5	89	6	83	7	1	8	62	9	25	10	14	11	41	12	14	13	69	14	65	15	14	16	84	17	34	18	55	19	73	20	17	21	41	22	67	23	78	24	3	25	48	26	73	27	77	28	10	29	12
	0	36	1	2	2	9	3	57	4	73	5	20	6	94	7	62	8	48	9	8	10	73	11	71	12	38	13	27	14	87	15	87	16	97	17	7	18	99	19	19	20	87	21	88	22	23	23	86	24	76	25	71	26	22	27	92	28	14	29	60
	0	80	1	23	2	30	3	23	4	21	5	51	6	16	7	81	8	43	9	25	10	96	11	22	12	77	13	86	14	91	15	86	16	99	17	51	18	22	19	66	20	53	21	34	22	27	23	35	24	58	25	12	26	67	27	87	28	10	29	51
	0	65	1	42	2	8	3	46	4	84	5	67	6	52	7	43	8	50	9	13	10	4	11	49	12	81	13	52	14	4	15	49	16	58	17	89	18	85	19	70	20	68	21	69	22	21	23	87	24	3	25	97	26	20	27	48	28	81	29	60
	0	26	1	50	2	34	3	6	4	95	5	20	6	87	7	14	8	81	9	60	10	3	11	85	12	16	13	74	14	78	15	6	16	91	17	79	18	20	19	81	20	60	21	66	22	34	23	45	24	35	25	76	26	90	27	83	28	41	29	89
	0	75	1	26	2	34	3	53	4	25	5	9	6	24	7	99	8	98	9	92	10	43	11	20	12	46	13	95	14	53	15	99	16	81	17	96	18	80	19	33	20	56	21	84	22	24	23	75	24	87	25	74	26	85	27	87	28	8	29	26
	0	85	1	93	2	32	3	22	4	8	5	61	6	39	7	89	8	61	9	53	10	44	11	84	12	32	13	28	14	95	15	67	16	19	17	91	18	6	19	36	20	24	21	9	22	37	23	97	24	61	25	47	26	67	27	89	28	17	29	95
	0	21	1	91	2	49	3	84	4	49	5	87	6	28	7	17	8	70	9	58	10	55	11	63	12	26	13	21	14	100	15	80	16	15	17	49	18	53	19	79	20	88	21	39	22	82	23	43	24	31	25	97	26	36	27	47	28	83	29	72
	0	38	1	65	2	40	3	64	4	62	5	46	6	49	7	61	8	83	9	1	10	8	11	4	12	38	13	26	14	12	15	88	16	56	17	59	18	13	19	20	20	27	21	57	22	82	23	22	24	23	25	9	26	1	27	34	28	96	29	53
	0	15	1	60	2	11	3	50	4	20	5	61	6	88	7	32	8	72	9	85	10	69	11	32	12	39	13	93	14	24	15	51	16	43	17	21	18	66	19	39	20	41	21	83	22	44	23	83	24	64	25	1	26	21	27	23	28	4	29	38
	0	74	1	57	2	12	3	38	4	56	5	93	6	62	7	24	8	22	9	56	10	79	11	3	12	90	13	69	14	44	15	67	16	11	17	64	18	27	19	7	20	57	21	82	22	99	23	66	24	42	25	78	26	31	27	97	28	60	29	37
	0	96	1	14	2	82	3	67	4	95	5	46	6	54	7	27	8	12	9	21	10	91	11	96	12	51	13	60	14	59	15	11	16	100	17	44	18	79	19	3	20	46	21	87	22	10	23	39	24	30	25	28	26	89	27	28	28	100	29	30
	0	30	1	43	2	23	3	44	4	17	5	2	6	54	7	72	8	39	9	71	10	62	11	46	12	58	13	97	14	91	15	2	16	96	17	93	18	77	19	20	20	92	21	21	22	51	23	49	24	67	25	51	26	23	27	50	28	89	29	83
	0	8	1	22	2	31	3	73	4	32	5	87	6	58	7	97	8	49	9	59	10	7	11	35	12	47	13	21	14	16	15	63	16	21	17	78	18	28	19	91	20	42	21	66	22	94	23	85	24	61	25	36	26	26	27	46	28	12	29	43
	0	77	1	57	2	11	3	97	4	68	5	97	6	60	7	76	8	69	9	2	10	13	11	99	12	11	13	19	14	52	15	94	16	91	17	67	18	83	19	37	20	90	21	21	22	58	23	30	24	15	25	74	26	68	27	43	28	42	29	44
	0	78	1	42	2	21	3	28	4	87	5	80	6	56	7	24	8	44	9	25	10	93	11	78	12	45	13	36	14	59	15	11	16	1	17	38	18	44	19	44	20	39	21	29	22	26	23	37	24	82	25	37	26	66	27	85	28	35	29	14
	0	30	1	51	2	46	3	10	4	21	5	38	6	35	7	99	8	18	9	4	10	12	11	20	12	60	13	3	14	19	15	68	16	20	17	86	18	69	19	56	20	66	21	92	22	73	23	9	24	87	25	31	26	67	27	89	28	41	29	25
	0	92	1	46	2	62	3	65	4	85	5	37	6	12	7	93	8	72	9	81	10	84	11	24	12	91	13	26	14	79	15	68	16	76	17	41	18	21	19	13	20	74	21	73	22	83	23	75	24	88	25	30	26	32	27	36	28	60	29	64
	0	17	1	18	2	42	3	88	4	67	5	71	6	11	7	38	8	60	9	63	10	36	11	57	12	91	13	9	14	1	15	85	16	44	17	77	18	28	19	55	20	43	21	45	22	78	23	46	24	53	25	20	26	8	27	47	28	28	29	22
	0	7	1	15	2	55	3	1	4	58	5	39	6	33	7	43	8	86	9	55	10	65	11	84	12	88	13	59	14	85	15	27	16	58	17	15	18	31	19	49	20	58	21	60	22	29	23	27	24	91	25	54	26	65	27	18	28	77	29	20
	0	48	1	1	2	44	3	74	4	97	5	25	6	81	7	52	8	5	9	46	10	16	11	58	12	58	13	52	14	5	15	19	16	19	17	82	18	74	19	9	20	99	21	18	22	20	23	59	24	78	25	92	26	66	27	4	28	45	29	25
	0	58	1	5	2	77	3	21	4	6	5	49	6	69	7	54	8	26	9	29	10	85	11	33	12	51	13	42	14	4	15	30	16	88	17	73	18	54	19	18	20	56	21	38	22	91	23	31	24	35	25	5	26	47	27	63	28	2	29	30
	0	49	1	60	2	38	3	65	4	3	5	71	6	22	7	24	8	78	9	69	10	76	11	24	12	36	13	44	14	90	15	29	16	2	17	46	18	56	19	57	20	61	21	17	22	4	23	51	24	31	25	50	26	98	27	5	28	50	29	50
	0	45	1	93	2	64	3	7	4	19	5	60	6	25	7	78	8	18	9	59	10	16	11	62	12	85	13	45	14	76	15	11	16	75	17	67	18	82	19	89	20	49	21	8	22	15	23	2	24	17	25	71	26	27	27	48	28	74	29	15
	0	60	1	56	2	84	3	79	4	15	5	12	6	29	7	55	8	48	9	9	10	13	11	92	12	57	13	41	14	76	15	49	16	80	17	55	18	92	19	33	20	7	21	14	22	27	23	67	24	2	25	33	26	88	27	98	28	69	29	16
	0	95	1	44	2	8	3	68	4	54	5	3	6	54	7	89	8	12	9	15	10	87	11	69	12	21	13	36	14	58	15	27	16	44	17	46	18	84	19	84	20	75	21	27	22	73	23	39	24	72	25	73	26	13	27	11	28	3	29	11
	0	30	1	57	2	66	3	51	4	82	5	66	6	35	7	3	8	71	9	12	10	34	11	7	12	62	13	2	14	55	15	83	16	59	17	56	18	53	19	96	20	80	21	96	22	2	23	78	24	11	25	48	26	84	27	70	28	50	29	75
	0	47	1	61	2	66	3	89	4	63	5	49	6	28	7	17	8	54	9	47	10	85	11	21	12	82	13	98	14	2	15	94	16	19	17	98	18	81	19	77	20	40	21	11	22	17	23	78	24	97	25	41	26	81	27	86	28	85	29	2
	0	20	1	2	2	98	3	81	4	16	5	42	6	31	7	1	8	49	9	78	10	82	11	27	12	50	13	20	14	61	15	60	16	46	17	65	18	16	19	26	20	30	21	53	22	8	23	56	24	3	25	7	26	27	27	97	28	77	29	66
	0	15	1	14	2	39	3	12	4	30	5	76	6	2	7	64	8	84	9	22	10	7	11	95	12	35	13	64	14	51	15	77	16	100	17	63	18	37	19	79	20	41	21	87	22	94	23	62	24	34	25	47	26	4	27	49	28	8	29	54
	0	29	1	61	2	38	3	54	4	31	5	58	6	11	7	29	8	27	9	12	10	10	11	78	12	23	13	2	14	74	15	3	16	8	17	23	18	43	19	80	20	29	21	36	22	86	23	77	24	44	25	97	26	63	27	51	28	44	29	56
	0	99	1	47	2	95	3	11	4	35	5	71	6	28	7	38	8	7	9	2	10	80	11	62	12	63	13	87	14	72	15	24	16	8	17	18	18	73	19	56	20	61	21	87	22	82	23	75	24	38	25	70	26	33	27	62	28	12	29	85
	0	2	1	74	2	4	3	37	4	70	5	19	6	10	7	14	8	69	9	85	10	78	11	30	12	31	13	100	14	70	15	18	16	90	17	74	18	87	19	8	20	29	21	34	22	38	23	58	24	63	25	77	26	81	27	15	28	99	29	77
	0	68	1	22	2	19	3	34	4	73	5	12	6	78	7	51	8	84	9	36	10	1	11	73	12	77	13	27	14	31	15	29	16	29	17	93	18	71	19	53	20	11	21	99	22	95	23	82	24	85	25	73	26	50	27	58	28	91	29	38
	0	59	1	77	2	87	3	82	4	92	5	58	6	3	7	85	8	79	9	40	10	1	11	91	12	80	13	15	14	57	15	81	16	18	17	65	18	5	19	84	20	64	21	53	22	22	23	43	24	20	25	88	26	30	27	9	28	26	29	76
	0	42	1	44	2	17	3	9	4	96	5	38	6	74	7	57	8	33	9	98	10	65	11	79	12	25	13	33	14	67	15	62	16	62	17	60	18	9	19	37	20	37	21	16	22	79	23	53	24	8	25	20	26	87	27	4	28	20	29	49
	0	84	1	28	2	2	3	10	4	57	5	35	6	93	7	17	8	78	9	30	10	49	11	18	12	58	13	29	14	40	15	19	16	34	17	5	18	34	19	6	20	6	21	90	22	32	23	64	24	81	25	24	26	3	27	35	28	12	29	47
	0	25	1	74	2	21	3	48	4	35	5	93	6	47	7	32	8	45	9	95	10	75	11	66	12	83	13	39	14	18	15	13	16	49	17	8	18	60	19	74	20	8	21	39	22	92	23	81	24	67	25	56	26	95	27	23	28	86	29	20
	0	44	1	96	2	34	3	69	4	46	5	11	6	100	7	27	8	37	9	89	10	92	11	98	12	93	13	43	14	12	15	81	16	33	17	18	18	77	19	58	20	29	21	37	22	17	23	53	24	35	25	83	26	92	27	70	28	3	29	97
	0	81	1	34	2	64	3	97	4	58	5	18	6	75	7	30	8	51	9	19	10	61	11	11	12	40	13	9	14	16	15	27	16	56	17	92	18	27	19	95	20	68	21	32	22	38	23	3	24	88	25	23	26	85	27	82	28	25	29	37
	0	45	1	84	2	58	3	63	4	86	5	58	6	25	7	10	8	29	9	57	10	38	11	56	12	36	13	16	14	70	15	56	16	91	17	76	18	84	19	45	20	54	21	61	22	89	23	92	24	86	25	18	26	43	27	96	28	74	29	79
	0	54	1	39	2	17	3	8	4	31	5	18	6	57	7	51	8	86	9	32	10	40	11	85	12	5	13	100	14	58	15	35	16	30	17	24	18	16	19	33	20	9	21	40	22	5	23	94	24	24	25	2	26	85	27	69	28	99	29	98
	0	17	1	87	2	40	3	10	4	76	5	85	6	61	7	39	8	58	9	14	10	11	11	76	12	47	13	43	14	94	15	89	16	12	17	17	18	39	19	47	20	53	21	33	22	87	23	5	24	99	25	39	26	78	27	29	28	52	29	80
	0	70	1	32	2	13	3	35	4	11	5	34	6	35	7	17	8	54	9	88	10	99	11	46	12	93	13	32	14	95	15	1	16	40	17	40	18	61	19	20	20	87	21	10	22	18	23	98	24	22	25	91	26	90	27	2	28	79	29	40
	0	11	1	16	2	64	3	76	4	42	5	66	6	67	7	49	8	65	9	98	10	59	11	60	12	28	13	12	14	40	15	94	16	40	17	69	18	73	19	44	20	52	21	20	22	35	23	51	24	85	25	42	26	62	27	80	28	67	29	57
	0	72	1	5	2	97	3	80	4	83	5	86	6	69	7	35	8	79	9	42	10	95	11	8	12	74	13	71	14	23	15	41	16	86	17	57	18	42	19	93	20	19	21	70	22	17	23	6	24	12	25	60	26	89	27	65	28	2	29	78
	0	47	1	38	2	24	3	94	4	49	5	14	6	28	7	92	8	39	9	15	10	87	11	54	12	11	13	20	14	39	15	66	16	93	17	27	18	81	19	17	20	73	21	60	22	2	23	63	24	67	25	78	26	18	27	76	28	19	29	58
	0	80	1	17	2	85	3	45	4	22	5	79	6	18	7	99	8	93	9	4	10	84	11	88	12	1	13	76	14	57	15	92	16	42	17	17	18	84	19	25	20	99	21	73	22	9	23	97	24	36	25	44	26	99	27	56	28	26	29	92
	0	24	1	100	2	81	3	57	4	64	5	43	6	73	7	34	8	59	9	57	10	66	11	7	12	14	13	55	14	3	15	50	16	37	17	74	18	14	19	22	20	73	21	58	22	31	23	24	24	36	25	68	26	34	27	12	28	91	29	68
	0	76	1	52	2	9	3	60	4	35	5	85	6	4	7	59	8	5	9	34	10	36	11	45	12	32	13	62	14	24	15	27	16	45	17	72	18	10	19	4	20	34	21	4	22	67	23	9	24	90	25	72	26	48	27	77	28	5	29	41
	0	5	1	60	2	80	3	51	4	39	5	95	6	16	7	12	8	55	9	86	10	65	11	57	12	23	13	64	14	73	15	7	16	93	17	32	18	47	19	88	20	94	21	8	22	22	23	15	24	10	25	29	26	9	27	18	28	45	29	67
	0	50	1	84	2	85	3	91	4	20	5	35	6	37	7	51	8	45	9	79	10	100	11	80	12	22	13	81	14	99	15	50	16	62	17	57	18	82	19	11	20	2	21	94	22	65	23	3	24	49	25	32	26	78	27	30	28	42	29	67
	0	37	1	21	2	67	3	67	4	59	5	34	6	47	7	4	8	80	9	64	10	88	11	51	12	57	13	60	14	64	15	86	16	51	17	80	18	71	19	2	20	33	21	18	22	73	23	41	24	56	25	94	26	26	27	60	28	77	29	89
	0	62	1	26	2	40	3	59	4	50	5	95	6	35	7	76	8	85	9	7	10	7	11	59	12	55	13	21	14	74	15	12	16	1	17	53	18	76	19	70	20	67	21	12	22	74	23	23	24	92	25	29	26	59	27	75	28	13	29	29
	0	49	1	48	2	63	3	1	4	78	5	43	6	88	7	50	8	8	9	18	10	26	11	46	12	14	13	50	14	3	15	7	16	35	17	83	18	61	19	66	20	77	21	74	22	9	23	29	24	13	25	8	26	61	27	10	28	23	29	30
	0	13	1	96	2	67	3	12	4	59	5	2	6	85	7	70	8	65	9	88	10	51	11	74	12	33	13	74	14	52	15	40	16	33	17	54	18	53	19	86	20	93	21	10	22	65	23	87	24	56	25	76	26	41	27	71	28	55	29	89
	0	54	1	30	2	76	3	45	4	38	5	51	6	86	7	38	8	100	9	80	10	60	11	45	12	25	13	75	14	40	15	95	16	34	17	20	18	93	19	36	20	77	21	97	22	68	23	70	24	60	25	42	26	58	27	49	28	35	29	23
	0	17	1	20	2	18	3	38	4	96	5	87	6	1	7	98	8	98	9	23	10	71	11	50	12	48	13	31	14	69	15	63	16	50	17	66	18	27	19	71	20	74	21	50	22	87	23	58	24	76	25	36	26	87	27	9	28	64	29	22
	0	51	1	90	2	60	3	11	4	37	5	3	6	14	7	58	8	27	9	51	10	69	11	69	12	55	13	96	14	98	15	33	16	8	17	95	18	38	19	95	20	58	21	63	22	15	23	22	24	97	25	71	26	27	27	95	28	83	29	1
	0	16	1	46	2	30	3	10	4	69	5	20	6	92	7	66	8	13	9	22	10	23	11	71	12	97	13	93	14	14	15	74	16	76	17	14	18	48	19	44	20	48	21	41	22	12	23	56	24	97	25	3	26	52	27	7	28	51	29	40
	0	89	1	67	2	51	3	49	4	95	5	37	6	99	7	58	8	21	9	54	10	26	11	68	12	24	13	84	14	96	15	10	16	20	17	79	18	43	19	16	20	80	21	94	22	94	23	15	24	30	25	98	26	50	27	72	28	33	29	97
	0	100	1	62	2	56	3	97	4	3	5	33	6	52	7	38	8	73	9	86	10	20	11	86	12	27	13	14	14	2	15	79	16	3	17	39	18	52	19	44	20	54	21	56	22	75	23	46	24	62	25	79	26	13	27	25	28	46	29	34
	0	50	1	39	2	45	3	57	4	41	5	19	6	2	7	79	8	90	9	96	10	89	11	18	12	42	13	68	14	39	15	3	16	60	17	11	18	75	19	1	20	98	21	42	22	61	23	26	24	89	25	12	26	7	27	47	28	18	29	64
	0	4	1	20	2	49	3	93	4	77	5	19	6	12	7	100	8	69	9	44	10	80	11	5	12	10	13	18	14	99	15	97	16	26	17	3	18	35	19	97	20	87	21	15	22	52	23	85	24	9	25	98	26	59	27	20	28	54	29	86
	0	61	1	31	2	89	3	87	4	7	5	85	6	9	7	45	8	41	9	46	10	25	11	62	12	77	13	76	14	73	15	2	16	62	17	56	18	1	19	13	20	94	21	19	22	38	23	7	24	17	25	24	26	42	27	17	28	8	29	12
	0	100	1	11	2	15	3	29	4	10	5	22	6	34	7	2	8	73	9	36	10	10	11	2	12	85	13	41	14	18	15	31	16	84	17	40	18	56	19	19	20	22	21	53	22	40	23	23	24	44	25	99	26	3	27	48	28	96	29	7
	0	37	1	43	2	10	3	93	4	12	5	52	6	22	7	34	8	73	9	99	10	22	11	90	12	8	13	54	14	57	15	70	16	24	17	9	18	19	19	49	20	68	21	51	22	90	23	75	24	7	25	20	26	43	27	19	28	29	29	87
	0	4	1	68	2	35	3	84	4	22	5	51	6	40	7	83	8	24	9	62	10	100	11	93	12	27	13	11	14	34	15	25	16	47	17	10	18	96	19	62	20	24	21	2	22	40	23	2	24	53	25	53	26	62	27	83	28	94	29	94
	0	21	1	8	2	92	3	75	4	69	5	19	6	42	7	57	8	46	9	93	10	62	11	69	12	24	13	63	14	84	15	100	16	91	17	77	18	56	19	2	20	21	21	56	22	18	23	20	24	73	25	15	26	4	27	90	28	7	29	51
	0	75	1	53	2	13	3	19	4	86	5	83	6	92	7	44	8	47	9	35	10	36	11	43	12	26	13	47	14	87	15	56	16	4	17	65	18	93	19	12	20	79	21	61	22	67	23	70	24	87	25	79	26	25	27	18	28	82	29	16
	0	72	1	25	2	84	3	28	4	46	5	67	6	2	7	20	8	40	9	73	10	85	11	59	12	70	13	83	14	54	15	13	16	63	17	82	18	22	19	10	20	60	21	71	22	7	23	81	24	86	25	98	26	89	27	3	28	13	29	31
	0	70	1	86	2	25	3	73	4	40	5	49	6	70	7	35	8	54	9	93	10	29	11	32	12	73	13	56	14	70	15	51	16	25	17	10	18	59	19	12	20	92	21	45	22	21	23	33	24	27	25	31	26	11	27	49	28	52	29	71
	0	10	1	64	2	97	3	82	4	64	5	23	6	83	7	53	8	43	9	49	10	53	11	84	12	60	13	59	14	100	15	5	16	14	17	75	18	67	19	10	20	14	21	85	22	89	23	79	24	12	25	18	26	20	27	56	28	60	29	45
	0	74	1	11	2	50	3	12	4	37	5	13	6	20	7	72	8	72	9	73	10	29	11	71	12	1	13	52	14	17	15	11	16	25	17	34	18	37	19	71	20	51	21	9	22	3	23	2	24	6	25	23	26	77	27	82	28	64	29	79
	0	32	1	22	2	23	3	3	4	21	5	62	6	10	7	14	8	58	9	77	10	88	11	48	12	1	13	5	14	98	15	33	16	66	17	54	18	75	19	26	20	34	21	47	22	95	23	32	24	30	25	29	26	60	27	91	28	68	29	24
	0	30	1	99	2	10	3	30	4	40	5	80	6	71	7	90	8	81	9	48	10	74	11	61	12	30	13	15	14	41	15	92	16	40	17	40	18	55	19	71	20	50	21	12	22	55	23	97	24	61	25	27	26	33	27	94	28	86	29	96
	0	45	1	79	2	86	3	92	4	59	5	34	6	32	7	25	8	6	9	61	10	60	11	2	12	99	13	10	14	19	15	16	16	37	17	12	18	17	19	61	20	17	21	59	22	20	23	78	24	10	25	5	26	57	27	72	28	85	29	93
	0	39	1	56	2	75	3	22	4	96	5	10	6	28	7	12	8	80	9	74	10	89	11	27	12	2	13	92	14	94	15	76	16	96	17	91	18	85	19	86	20	15	21	61	22	65	23	28	24	24	25	59	26	66	27	44	28	36	29	70
	0	89	1	82	2	96	3	86	4	33	5	68	6	17	7	81	8	47	9	56	10	33	11	12	12	40	13	33	14	9	15	60	16	56	17	72	18	22	19	85	20	90	21	70	22	13	23	83	24	99	25	3	26	72	27	42	28	49	29	76
	0	97	1	52	2	81	3	83	4	52	5	7	6	3	7	69	8	2	9	11	10	30	11	74	12	11	13	79	14	40	15	8	16	26	17	72	18	13	19	78	20	78	21	41	22	63	23	64	24	89	25	44	26	97	27	21	28	44	29	68
	0	40	1	53	2	84	3	73	4	32	5	83	6	24	7	39	8	75	9	19	10	2	11	82	12	74	13	85	14	5	15	64	16	23	17	75	18	45	19	25	20	25	21	36	22	66	23	7	24	25	25	5	26	14	27	42	28	22	29	36
	0	91	1	25	2	80	3	15	4	85	5	16	6	45	7	30	8	50	9	4	10	49	11	47	12	60	13	52	14	58	15	24	16	76	17	8	18	86	19	42	20	2	21	40	22	87	23	54	24	9	25	31	26	3	27	67	28	55	29	46
	0	21	1	15	2	34	3	58	4	69	5	91	6	35	7	92	8	53	9	40	10	86	11	27	12	31	13	25	14	15	15	55	16	45	17	40	18	54	19	5	20	80	21	10	22	80	23	64	24	25	25	3	26	49	27	62	28	33	29	66
	0	73	1	5	2	22	3	38	4	64	5	58	6	61	7	100	8	13	9	36	10	26	11	89	12	11	13	32	14	35	15	62	16	2	17	4	18	79	19	96	20	42	21	99	22	15	23	65	24	6	25	71	26	99	27	17	28	48	29	51
	0	58	1	57	2	27	3	44	4	37	5	99	6	43	7	72	8	71	9	50	10	46	11	10	12	65	13	20	14	21	15	47	16	84	17	7	18	52	19	86	20	89	21	69	22	11	23	85	24	59	25	85	26	53	27	63	28	1	29	95
	0	90	1	52	2	29	3	31	4	70	5	64	6	60	7	9	8	2	9	97	10	71	11	36	12	2	13	5	14	2	15	40	16	36	17	100	18	8	19	47	20	89	21	67	22	84	23	49	24	2	25	13	26	38	27	37	28	39	29	68
	0	56	1	1	2	78	3	17	4	5	5	21	6	48	7	43	8	68	9	89	10	44	11	80	12	91	13	44	14	99	15	36	16	6	17	18	18	94	19	20	20	43	21	9	22	35	23	87	24	60	25	42	26	29	27	80	28	35	29	74
	0	26	1	38	2	23	3	62	4	36	5	4	6	52	7	99	8	6	9	36	10	20	11	77	12	42	13	22	14	17	15	50	16	95	17	44	18	74	19	88	20	53	21	41	22	37	23	58	24	6	25	64	26	91	27	66	28	73	29	38
	0	92	1	42	2	25	3	56	4	91	5	70	6	7	7	70	8	46	9	75	10	83	11	74	12	61	13	24	14	37	15	75	16	95	17	16	18	99	19	1	20	39	21	50	22	92	23	94	24	42	25	100	26	12	27	92	28	37	29	55
	0	89	1	89	2	8	3	74	4	88	5	28	6	85	7	79	8	56	9	73	10	69	11	97	12	12	13	64	14	14	15	95	16	44	17	41	18	29	19	97	20	62	21	100	22	67	23	64	24	12	25	15	26	20	27	78	28	62	29	43
	0	40	1	55	2	98	3	87	4	40	5	91	6	15	7	87	8	61	9	9	10	67	11	74	12	10	13	54	14	23	15	90	16	89	17	69	18	45	19	76	20	78	21	32	22	80	23	63	24	54	25	59	26	32	27	40	28	40	29	75
	0	55	1	64	2	25	3	29	4	95	5	38	6	2	7	6	8	50	9	95	10	8	11	44	12	46	13	36	14	68	15	74	16	40	17	14	18	76	19	39	20	95	21	84	22	62	23	55	24	96	25	40	26	32	27	24	28	92	29	7
	0	79	1	13	2	91	3	78	4	99	5	51	6	44	7	97	8	68	9	19	10	84	11	38	12	48	13	31	14	17	15	21	16	49	17	24	18	83	19	72	20	50	21	13	22	17	23	25	24	58	25	84	26	97	27	6	28	64	29	14
	0	52	1	55	2	21	3	53	4	62	5	86	6	53	7	10	8	79	9	75	10	67	11	20	12	51	13	30	14	37	15	82	16	27	17	95	18	66	19	7	20	68	21	78	22	68	23	12	24	6	25	8	26	99	27	29	28	16	29	62
	0	46	1	47	2	93	3	26	4	59	5	95	6	55	7	66	8	60	9	11	10	4	11	31	12	88	13	86	14	32	15	10	16	60	17	72	18	41	19	26	20	41	21	71	22	5	23	24	24	68	25	71	26	27	27	93	28	77	29	87
	0	32	1	36	2	7	3	7	4	17	5	61	6	93	7	79	8	53	9	72	10	75	11	70	12	94	13	77	14	78	15	87	16	54	17	46	18	40	19	41	20	45	21	80	22	3	23	97	24	100	25	75	26	74	27	41	28	13	29	93
	0	43	1	46	2	67	3	84	4	10	5	40	6	43	7	6	8	32	9	82	10	36	11	32	12	38	13	19	14	95	15	75	16	38	17	77	18	86	19	30	20	29	21	93	22	45	23	29	24	88	25	9	26	55	27	75	28	90	29	84
	0	72	1	72	2	5	3	83	4	91	5	88	6	48	7	56	8	15	9	5	10	91	11	21	12	77	13	55	14	70	15	4	16	21	17	42	18	33	19	4	20	45	21	82	22	14	23	96	24	70	25	43	26	42	27	69	28	65	29	44
	0	5	1	78	2	78	3	46	4	27	5	62	6	17	7	53	8	49	9	31	10	94	11	5	12	94	13	54	14	45	15	24	16	76	17	84	18	59	19	43	20	80	21	2	22	94	23	49	24	13	25	81	26	64	27	96	28	18	29	77
	0	23	1	80	2	89	3	15	4	78	5	81	6	34	7	38	8	5	9	17	10	74	11	4	12	62	13	57	14	73	15	75	16	5	17	98	18	43	19	32	20	65	21	96	22	57	23	95	24	39	25	3	26	77	27	45	28	97	29	62
	0	76	1	73	2	16	3	55	4	96	5	1	6	87	7	98	8	6	9	55	10	61	11	39	12	15	13	78	14	22	15	10	16	67	17	20	18	17	19	14	20	40	21	38	22	65	23	71	24	100	25	96	26	33	27	43	28	93	29	48
	0	56	1	18	2	84	3	37	4	26	5	19	6	63	7	55	8	93	9	65	10	83	11	44	12	33	13	7	14	99	15	19	16	97	17	16	18	24	19	60	20	35	21	86	22	22	23	2	24	56	25	89	26	100	27	7	28	73	29	96
	0	75	1	14	2	48	3	41	4	18	5	86	6	31	7	99	8	9	9	12	10	51	11	5	12	61	13	28	14	17	15	36	16	84	17	59	18	30	19	28	20	97	21	10	22	11	23	2	24	22	25	41	26	4	27	22	28	10	29	20
	0	2	1	14	2	76	3	31	4	2	5	10	6	62	7	77	8	4	9	96	10	35	11	18	12	90	13	91	14	95	15	17	16	54	17	67	18	62	19	94	20	84	21	3	22	51	23	21	24	90	25	29	26	61	27	84	28	48	29	95
	0	37	1	13	2	9	3	76	4	78	5	51	6	68	7	6	8	9	9	7	10	14	11	92	12	27	13	37	14	6	15	48	16	97	17	10	18	30	19	66	20	57	21	82	22	43	23	95	24	56	25	83	26	12	27	11	28	40	29	76
	0	95	1	83	2	48	3	57	4	27	5	89	6	96	7	90	8	13	9	12	10	57	11	12	12	24	13	41	14	53	15	45	16	68	17	52	18	38	19	97	20	76	21	27	22	26	23	46	24	12	25	64	26	90	27	26	28	15	29	65
	0	41	1	75	2	22	3	15	4	66	5	10	6	36	7	83	8	80	9	30	10	27	11	12	12	14	13	64	14	93	15	77	16	63	17	30	18	13	19	33	20	46	21	56	22	69	23	72	24	60	25	75	26	14	27	69	28	39	29	19
	0	29	1	88	2	33	3	52	4	78	5	68	6	75	7	19	8	59	9	18	10	10	11	13	12	20	13	91	14	95	15	78	16	76	17	9	18	90	19	99	20	51	21	69	22	6	23	53	24	30	25	47	26	81	27	19	28	96	29	71
	0	99	1	70	2	83	3	52	4	65	5	94	6	83	7	73	8	13	9	21	10	66	11	80	12	1	13	50	14	21	15	36	16	23	17	6	18	21	19	22	20	51	21	68	22	60	23	92	24	62	25	43	26	27	27	26	28	44	29	94
	0	21	1	34	2	69	3	26	4	98	5	8	6	70	7	1	8	23	9	12	10	78	11	40	12	72	13	79	14	100	15	12	16	82	17	36	18	30	19	40	20	75	21	79	22	44	23	70	24	88	25	85	26	16	27	74	28	73	29	9
	0	39	1	80	2	75	3	22	4	61	5	73	6	92	7	79	8	63	9	88	10	60	11	19	12	26	13	92	14	37	15	55	16	86	17	35	18	71	19	81	20	52	21	9	22	78	23	18	24	51	25	52	26	56	27	81	28	27	29	77
	0	24	1	22	2	86	3	20	4	64	5	1	6	92	7	36	8	77	9	68	10	42	11	84	12	22	13	79	14	70	15	81	16	66	17	73	18	72	19	22	20	81	21	63	22	38	23	85	24	64	25	55	26	38	27	74	28	52	29	67
	0	12	1	77	2	85	3	20	4	39	5	22	6	13	7	38	8	86	9	79	10	63	11	54	12	88	13	29	14	9	15	29	16	81	17	98	18	12	19	23	20	5	21	36	22	23	23	76	24	40	25	74	26	66	27	82	28	50	29	11
	0	38	1	80	2	47	3	85	4	4	5	82	6	85	7	58	8	70	9	3	10	78	11	5	12	52	13	92	14	65	15	82	16	91	17	57	18	88	19	26	20	68	21	26	22	61	23	6	24	27	25	13	26	22	27	26	28	8	29	67
	0	19	1	50	2	43	3	10	4	63	5	3	6	75	7	13	8	45	9	63	10	1	11	65	12	8	13	57	14	44	15	14	16	19	17	12	18	9	19	2	20	77	21	35	22	78	23	24	24	52	25	25	26	46	27	73	28	53	29	27
	0	13	1	56	2	58	3	95	4	67	5	97	6	52	7	21	8	36	9	49	10	69	11	38	12	92	13	99	14	25	15	16	16	32	17	29	18	81	19	4	20	74	21	56	22	93	23	85	24	27	25	89	26	22	27	50	28	52	29	52
	0	11	1	2	2	98	3	71	4	61	5	63	6	83	7	33	8	61	9	19	10	72	11	47	12	45	13	46	14	51	15	77	16	85	17	3	18	7	19	20	20	62	21	58	22	66	23	63	24	38	25	26	26	49	27	20	28	48	29	1
	0	37	1	50	2	81	3	18	4	74	5	8	6	9	7	83	8	31	9	61	10	98	11	65	12	13	13	94	14	89	15	16	16	6	17	74	18	54	19	76	20	52	21	51	22	57	23	85	24	38	25	16	26	73	27	95	28	19	29	40
	0	38	1	65	2	15	3	69	4	56	5	77	6	50	7	44	8	62	9	2	10	22	11	78	12	25	13	16	14	35	15	3	16	52	17	39	18	4	19	68	20	2	21	34	22	49	23	58	24	45	25	13	26	10	27	61	28	15	29	18
	0	62	1	1	2	37	3	90	4	17	5	11	6	38	7	22	8	27	9	30	10	65	11	77	12	39	13	30	14	66	15	20	16	56	17	13	18	19	19	72	20	14	21	37	22	11	23	16	24	72	25	57	26	85	27	82	28	75	29	97
	0	39	1	13	2	44	3	80	4	17	5	89	6	97	7	80	8	36	9	37	10	4	11	93	12	44	13	82	14	33	15	16	16	99	17	11	18	43	19	90	20	6	21	35	22	24	23	61	24	67	25	97	26	92	27	39	28	22	29	48
	0	95	1	73	2	80	3	85	4	80	5	81	6	89	7	40	8	30	9	83	10	66	11	41	12	75	13	38	14	11	15	4	16	28	17	85	18	61	19	14	20	8	21	26	22	63	23	12	24	43	25	22	26	67	27	93	28	76	29	71
	0	82	1	79	2	3	3	89	4	29	5	27	6	27	7	34	8	91	9	83	10	8	11	26	12	52	13	96	14	27	15	46	16	56	17	44	18	15	19	39	20	49	21	44	22	5	23	40	24	71	25	51	26	100	27	4	28	14	29	60
	0	84	1	98	2	73	3	59	4	2	5	97	6	35	7	23	8	91	9	98	10	99	11	25	12	47	13	19	14	28	15	1	16	46	17	75	18	57	19	16	20	59	21	31	22	15	23	2	24	37	25	78	26	45	27	66	28	45	29	90
	0	20	1	90	2	73	3	40	4	88	5	84	6	64	7	2	8	4	9	45	10	19	11	56	12	17	13	34	14	81	15	73	16	33	17	93	18	10	19	59	20	71	21	51	22	92	23	65	24	70	25	82	26	51	27	11	28	33	29	31
	0	47	1	66	2	2	3	17	4	96	5	96	6	2	7	67	8	35	9	59	10	3	11	55	12	7	13	17	14	86	15	44	16	64	17	99	18	16	19	51	20	94	21	8	22	39	23	91	24	19	25	99	26	83	27	63	28	39	29	38
	0	17	1	88	2	97	3	22	4	89	5	13	6	100	7	38	8	71	9	32	10	27	11	75	12	52	13	3	14	95	15	20	16	78	17	53	18	73	19	10	20	32	21	91	22	68	23	10	24	86	25	94	26	13	27	40	28	80	29	16
	0	38	1	85	2	8	3	42	4	4	5	47	6	15	7	89	8	26	9	19	10	37	11	18	12	25	13	8	14	33	15	29	16	67	17	27	18	97	19	22	20	2	21	23	22	44	23	68	24	97	25	29	26	18	27	30	28	19	29	47
Reldue
-1	15548	-1	1
-1	17690	-1	1
-1	14990	-1	1
-1	13890	-1	1
-1	15879	-1	1
-1	16141	-1	1
-1	17676	-1	1
-1	14956	-1	1
-1	14659	-1	1
-1	17456	-1	1
-1	14306	-1	1
-1	16275	-1	1
-1	14661	-1	1
-1	16894	-1	1
-1	17001	-1	1
-1	16484	-1	1
-1	17082	-1	1
-1	16162	-1	1
-1	15885	-1	1
-1	14897	-1	1
-1	16911	-1	1
-1	16757	-1	1
-1	16421	-1	1
-1	15881	-1	1
-1	14741	-1	1
-1	16797	-1	1
-1	15415	-1	1
-1	13930	-1	1
-1	14706	-1	1
-1	17159	-1	1
-1	15755	-1	1
-1	14963	-1	1
-1	14618	-1	1
-1	16229	-1	1
-1	15618	-1	1
-1	16551	-1	1
-1	15072	-1	1
-1	16787	-1	1
-1	15130	-1	1
-1	16363	-1	1
-1	16208	-1	1
-1	14485	-1	1
-1	17540	-1	1
-1	16818	-1	1
-1	15102	-1	1
-1	17049	-1	1
-1	14763	-1	1
-1	14539	-1	1
-1	13821	-1	1
-1	14433	-1	1
-1	15037	-1	1
-1	15402	-1	1
-1	17657	-1	1
-1	14017	-1	1
-1	13995	-1	1
-1	14591	-1	1
-1	15850	-1	1
-1	15812	-1	1
-1	16081	-1	1
-1	15895	-1	1
-1	16819	-1	1
-1	16183	-1	1
-1	17469	-1	1
-1	15893	-1	1
-1	14106	-1	1
-1	15406	-1	1
-1	16086	-1	1
-1	17416	-1	1
-1	16051	-1	1
-1	17216	-1	1
-1	16947	-1	1
-1	15648	-1	1
-1	17363	-1	1
-1	17310	-1	1
-1	13805	-1	1
-1	15345	-1	1
-1	16109	-1	1
-1	14214	-1	1
-1	15685	-1	1
-1	16636	-1	1
-1	15275	-1	1
-1	13913	-1	1
-1	14669	-1	1
-1	14107	-1	1
-1	15987	-1	1
-1	16369	-1	1
-1	16651	-1	1
-1	15516	-1	1
-1	14379	-1	1
-1	16342	-1	1
-1	17651	-1	1
-1	16587	-1	1
-1	15088	-1	1
-1	16488	-1	1
-1	13938	-1	1
-1	14998	-1	1
-1	16287	-1	1
-1	16255	-1	1
-1	17133	-1	1
-1	13786	-1	1
-1	16637	-1	1
-1	15887	-1	1
-1	14925	-1	1
-1	16578	-1	1
-1	16783	-1	1
-1	16769	-1	1
-1	15848	-1	1
-1	14094	-1	1
-1	16566	-1	1
-1	16086	-1	1
-1	14471	-1	1
-1	17454	-1	1
-1	14030	-1	1
-1	14436	-1	1
-1	17394	-1	1
-1	17692	-1	1
-1	17255	-1	1
-1	16646	-1	1
-1	15604	-1	1
-1	15563	-1	1
-1	14063	-1	1
-1	14916	-1	1
-1	14083	-1	1
-1	14828	-1	1
-1	14946	-1	1
-1	15225	-1	1
-1	14042	-1	1
-1	14862	-1	1
-1	13900	-1	1
-1	15441	-1	1
-1	17347	-1	1
-1	15816	-1	1
-1	15944	-1	1
-1	13779	-1	1
-1	17407	-1	1
-1	15109	-1	1
-1	17372	-1	1
-1	17048	-1	1
-1	16553	-1	1
-1	14377	-1	1
-1	14678	-1	1
-1	15173	-1	1
-1	16467	-1	1
-1	17639	-1	1
-1	16758	-1	1
-1	15404	-1	1
-1	15803	-1	1
-1	14202	-1	1
-1	16301	-1	1
-1	14135	-1	1
-1	14676	-1	1
-1	15640	-1	1
-1	15007	-1	1
-1	17470	-1	1
-1	14897	-1	1
-1	16391	-1	1
-1	17214	-1	1
-1	14035	-1	1
-1	17620	-1	1
-1	16160	-1	1
-1	17706	-1	1
-1	17074	-1	1
-1	17097	-1	1
-1	15025	-1	1
-1	14377	-1	1
-1	14393	-1	1
-1	13855	-1	1
-1	15129	-1	1
-1	14469	-1	1
-1	15997	-1	1
-1	16489	-1	1
-1	16588	-1	1
-1	15848	-1	1
-1	16345	-1	1
-1	14040	-1	1
-1	15930	-1	1
-1	16660	-1	1
-1	15792	-1	1
-1	16080	-1	1
-1	16344	-1	1
-1	17128	-1	1
-1	14583	-1	1
-1	14552	-1	1
-1	16716	-1	1
-1	17623	-1	1
-1	15738	-1	1
-1	17618	-1	1
-1	14320	-1	1
-1	14163	-1	1
-1	15112	-1	1
-1	15473	-1	1
-1	17662	-1	1
-1	17124	-1	1
-1	16959	-1	1
-1	14602	-1	1
-1	15789	-1	1
-1	17569	-1	1
-1	15879	-1	1
-1	14210	-1	1
-1	16655	-1	1
-1	15528	-1	1
-1	16943	-1	1
-1	16042	-1	1
-1	16259	-1	1
-1	16929	-1	1
-1	17154	-1	1
-1	14132	-1	1
-1	17031	-1	1
-1	17085	-1	1
-1	14142	-1	1
-1	14381	-1	1
-1	14255	-1	1
-1	17159	-1	1
-1	14448	-1	1
-1	16719	-1	1
-1	15882	-1	1
-1	14760	-1	1
-1	14795	-1	1
-1	15653	-1	1
-1	16476	-1	1
-1	17067	-1	1
-1	17269	-1	1
-1	16912	-1	1
-1	16232	-1	1
-1	15657	-1	1
-1	14408	-1	1
-1	13799	-1	1
-1	15653	-1	1
-1	16700	-1	1
-1	14976	-1	1
-1	17406	-1	1
-1	15827	-1	1
-1	16503	-1	1
-1	16873	-1	1
-1	15414	-1	1
-1	15872	-1	1
-1	14098	-1	1
-1	15703	-1	1
-1	14647	-1	1
-1	15867	-1	1
-1	15786	-1	1
-1	16438	-1	1
-1	16519	-1	1
-1	14860	-1	1
-1	15106	-1	1
-1	16648	-1	1
-1	15587	-1	1
-1	14232	-1	1
-1	15318	-1	1
-1	17321	-1	1
-1	14029	-1	1
-1	14059	-1	1
-1	16847	-1	1
-1	15934	-1	1
-1	14334	-1	1
-1	14697	-1	1
-1	15148	-1	1
-1	16175	-1	1
-1	16473	-1	1
-1	17147	-1	1
-1	16048	-1	1
-1	14874	-1	1
-1	15302	-1	1
-1	16718	-1	1
-1	17592	-1	1
-1	14316	-1	1
-1	14621	-1	1
-1	16988	-1	1
-1	14664	-1	1
-1	14587	-1	1
-1	16255	-1	1
-1	17267	-1	1
-1	16728	-1	1
-1	16426	-1	1
-1	14348	-1	1
-1	14323	-1	1
-1	14912	-1	1
-1	14814	-1	1
-1	14242	-1	1
-1	16853	-1	1
-1	16695	-1	1
-1	15724	-1	1
-1	17592	-1	1
-1	17022	-1	1
-1	15551	-1	1
-1	14962	-1	1
-1	14715	-1	1
-1	13980	-1	1
-1	15780	-1	1
-1	16772	-1	1
-1	14385	-1	1
-1	15973	-1	1
-1	17250	-1	1
-1	17355	-1	1
-1	16302	-1	1
-1	15591	-1	1
-1	15363	-1	1
-1	17208	-1	1
-1	17432	-1	1
-1	16308	-1	1
-1	17385	-1	1
-1	16953	-1	1
-1	14522	-1	1
-1	16278	-1	1
-1	14342	-1	1
-1	15293	-1	1
-1	17247	-1	1
-1	13789	-1	1
-1	13937	-1	1
-1	16904	-1	1
-1	16567	-1	1
-1	17087	-1	1
-1	16598	-1	1
-1	15757	-1	1
-1	15258	-1	1
-1	14719	-1	1
-1	14554	-1	1
-1	14826	-1	1
-1	15986	-1	1
-1	17032	-1	1
-1	16073	-1	1
-1	14222	-1	1
-1	16821	-1	1
-1	16750	-1	1
-1	15360	-1	1
-1	14911	-1	1
-1	13866	-1	1
-1	16644	-1	1
-1	14566	-1	1
-1	15343	-1	1
-1	15622	-1	1
-1	17483	-1	1
-1	16411	-1	1
-1	14694	-1	1
-1	15653	-1	1
-1	13915	-1	1
-1	17144	-1	1
-1	13797	-1	1
-1	16700	-1	1
-1	15448	-1	1
-1	14769	-1	1
-1	17657	-1	1
-1	15438	-1	1
-1	16211	-1	1
-1	16979	-1	1
-1	16839	-1	1
-1	15438	-1	1
-1	15258	-1	1
-1	14553	-1	1
-1	16551	-1	1
LBCmax: 19676
