350  30
	0	93	1	24	2	63	3	46	4	52	5	56	6	9	7	94	8	41	9	81	10	62	11	78	12	9	13	49	14	35	15	89	16	24	17	25	18	14	19	89	20	53	21	92	22	85	23	72	24	50	25	34	26	15	27	88	28	80	29	26
	0	46	1	9	2	47	3	64	4	66	5	41	6	29	7	86	8	87	9	90	10	26	11	85	12	29	13	49	14	65	15	12	16	99	17	61	18	35	19	13	20	12	21	77	22	39	23	61	24	78	25	8	26	82	27	58	28	88	29	46
	0	35	1	33	2	29	3	3	4	47	5	68	6	44	7	80	8	93	9	96	10	6	11	96	12	75	13	91	14	61	15	100	16	19	17	21	18	84	19	74	20	44	21	35	22	26	23	90	24	71	25	22	26	64	27	74	28	23	29	36
	0	75	1	5	2	27	3	2	4	100	5	41	6	6	7	32	8	64	9	44	10	41	11	10	12	68	13	61	14	27	15	47	16	78	17	75	18	67	19	94	20	63	21	34	22	58	23	75	24	68	25	19	26	79	27	72	28	22	29	14
	0	87	1	77	2	14	3	88	4	63	5	100	6	85	7	98	8	81	9	79	10	28	11	80	12	89	13	51	14	85	15	75	16	21	17	74	18	85	19	29	20	75	21	100	22	68	23	32	24	33	25	44	26	80	27	17	28	18	29	14
	0	43	1	13	2	85	3	70	4	25	5	33	6	18	7	47	8	71	9	37	10	73	11	58	12	72	13	96	14	76	15	46	16	75	17	69	18	89	19	75	20	67	21	31	22	79	23	59	24	86	25	53	26	70	27	81	28	38	29	100
	0	59	1	47	2	23	3	96	4	21	5	75	6	11	7	92	8	39	9	13	10	100	11	9	12	30	13	45	14	62	15	68	16	60	17	23	18	63	19	9	20	59	21	23	22	94	23	65	24	87	25	42	26	66	27	66	28	12	29	48
	0	50	1	49	2	95	3	77	4	68	5	24	6	95	7	34	8	57	9	30	10	43	11	22	12	72	13	57	14	46	15	44	16	98	17	34	18	19	19	10	20	84	21	3	22	53	23	74	24	17	25	30	26	75	27	73	28	11	29	34
	0	52	1	38	2	59	3	10	4	41	5	8	6	91	7	98	8	4	9	61	10	33	11	27	12	18	13	48	14	46	15	10	16	59	17	82	18	14	19	96	20	51	21	39	22	78	23	97	24	90	25	55	26	73	27	37	28	91	29	28
	0	84	1	5	2	24	3	67	4	39	5	92	6	31	7	47	8	11	9	61	10	39	11	51	12	88	13	78	14	21	15	16	16	39	17	87	18	52	19	16	20	75	21	19	22	76	23	43	24	97	25	76	26	85	27	74	28	78	29	13
	0	54	1	32	2	6	3	18	4	11	5	79	6	96	7	68	8	17	9	1	10	58	11	91	12	86	13	72	14	59	15	91	16	80	17	4	18	25	19	97	20	55	21	27	22	79	23	35	24	33	25	54	26	97	27	64	28	45	29	12
	0	33	1	97	2	50	3	64	4	54	5	2	6	39	7	45	8	71	9	76	10	75	11	82	12	68	13	7	14	26	15	70	16	60	17	88	18	94	19	40	20	35	21	37	22	41	23	26	24	59	25	39	26	82	27	9	28	43	29	26
	0	75	1	29	2	22	3	44	4	39	5	53	6	65	7	73	8	79	9	62	10	37	11	17	12	100	13	99	14	85	15	68	16	37	17	68	18	93	19	5	20	31	21	6	22	60	23	93	24	30	25	46	26	78	27	87	28	2	29	45
	0	9	1	63	2	75	3	60	4	10	5	21	6	49	7	81	8	31	9	36	10	49	11	54	12	99	13	56	14	7	15	66	16	60	17	70	18	91	19	64	20	39	21	92	22	30	23	33	24	47	25	41	26	88	27	50	28	33	29	3
	0	94	1	100	2	75	3	17	4	40	5	19	6	46	7	12	8	80	9	81	10	5	11	88	12	12	13	70	14	95	15	24	16	30	17	97	18	54	19	49	20	55	21	35	22	64	23	14	24	100	25	4	26	1	27	45	28	23	29	26
	0	54	1	74	2	79	3	15	4	29	5	68	6	60	7	93	8	63	9	13	10	100	11	36	12	96	13	12	14	75	15	88	16	98	17	14	18	26	19	9	20	34	21	80	22	93	23	32	24	17	25	49	26	20	27	55	28	86	29	60
	0	93	1	89	2	4	3	50	4	96	5	31	6	69	7	37	8	21	9	48	10	74	11	33	12	49	13	83	14	71	15	81	16	92	17	11	18	10	19	83	20	71	21	19	22	75	23	78	24	63	25	84	26	27	27	90	28	42	29	73
	0	23	1	27	2	97	3	82	4	78	5	46	6	8	7	92	8	98	9	81	10	4	11	27	12	78	13	99	14	38	15	9	16	54	17	57	18	60	19	68	20	69	21	53	22	61	23	45	24	61	25	96	26	17	27	97	28	10	29	42
	0	84	1	96	2	90	3	78	4	82	5	71	6	5	7	41	8	96	9	42	10	29	11	98	12	84	13	47	14	55	15	47	16	47	17	54	18	30	19	92	20	25	21	16	22	44	23	11	24	12	25	9	26	82	27	26	28	6	29	51
	0	61	1	27	2	37	3	14	4	24	5	35	6	39	7	52	8	45	9	77	10	61	11	29	12	81	13	26	14	33	15	4	16	67	17	31	18	25	19	8	20	37	21	26	22	74	23	39	24	39	25	6	26	62	27	33	28	37	29	98
	0	73	1	7	2	61	3	80	4	62	5	67	6	20	7	7	8	4	9	46	10	93	11	62	12	26	13	100	14	82	15	40	16	18	17	69	18	60	19	17	20	95	21	12	22	75	23	88	24	43	25	45	26	87	27	52	28	68	29	41
	0	33	1	85	2	58	3	97	4	71	5	49	6	90	7	49	8	30	9	93	10	61	11	1	12	75	13	66	14	33	15	4	16	67	17	54	18	2	19	91	20	63	21	87	22	48	23	62	24	100	25	98	26	10	27	71	28	58	29	26
	0	7	1	58	2	85	3	95	4	96	5	35	6	36	7	96	8	23	9	6	10	64	11	80	12	36	13	91	14	50	15	25	16	44	17	94	18	80	19	24	20	42	21	94	22	87	23	35	24	44	25	2	26	26	27	61	28	2	29	79
	0	51	1	72	2	78	3	12	4	13	5	76	6	16	7	7	8	84	9	100	10	32	11	31	12	89	13	47	14	3	15	18	16	12	17	38	18	44	19	21	20	73	21	42	22	90	23	80	24	28	25	69	26	16	27	28	28	24	29	76
	0	88	1	59	2	2	3	95	4	98	5	29	6	49	7	17	8	44	9	80	10	26	11	49	12	59	13	74	14	33	15	59	16	78	17	8	18	84	19	67	20	35	21	40	22	3	23	40	24	94	25	27	26	61	27	14	28	67	29	90
	0	24	1	27	2	84	3	26	4	76	5	66	6	7	7	42	8	30	9	43	10	2	11	93	12	56	13	51	14	16	15	33	16	78	17	71	18	26	19	16	20	26	21	41	22	41	23	7	24	37	25	90	26	99	27	89	28	47	29	5
	0	68	1	88	2	14	3	89	4	51	5	23	6	74	7	18	8	62	9	80	10	2	11	22	12	4	13	65	14	49	15	23	16	87	17	60	18	65	19	27	20	54	21	23	22	27	23	49	24	6	25	78	26	51	27	1	28	42	29	98
	0	28	1	94	2	62	3	72	4	39	5	26	6	95	7	19	8	26	9	51	10	43	11	79	12	19	13	56	14	62	15	90	16	65	17	98	18	24	19	56	20	94	21	61	22	18	23	35	24	11	25	49	26	94	27	15	28	26	29	23
	0	58	1	60	2	30	3	46	4	63	5	47	6	2	7	91	8	69	9	9	10	97	11	25	12	50	13	71	14	41	15	91	16	84	17	39	18	46	19	25	20	50	21	76	22	22	23	96	24	16	25	87	26	36	27	58	28	90	29	75
	0	52	1	45	2	76	3	60	4	61	5	40	6	54	7	66	8	64	9	25	10	68	11	16	12	87	13	69	14	2	15	94	16	37	17	9	18	70	19	59	20	16	21	63	22	60	23	24	24	63	25	41	26	92	27	39	28	89	29	62
	0	98	1	23	2	29	3	93	4	20	5	59	6	13	7	70	8	88	9	36	10	43	11	61	12	35	13	88	14	25	15	72	16	39	17	85	18	85	19	32	20	18	21	74	22	84	23	89	24	16	25	59	26	90	27	99	28	38	29	77
	0	93	1	6	2	45	3	21	4	60	5	34	6	12	7	94	8	59	9	43	10	91	11	15	12	16	13	17	14	58	15	99	16	75	17	89	18	22	19	84	20	70	21	21	22	22	23	85	24	39	25	92	26	53	27	88	28	33	29	59
	0	87	1	16	2	3	3	3	4	75	5	35	6	61	7	74	8	65	9	79	10	57	11	79	12	55	13	13	14	18	15	2	16	69	17	53	18	33	19	38	20	31	21	32	22	83	23	76	24	68	25	70	26	54	27	74	28	77	29	72
	0	82	1	98	2	20	3	95	4	7	5	29	6	54	7	31	8	52	9	58	10	90	11	5	12	45	13	15	14	46	15	89	16	40	17	15	18	47	19	77	20	28	21	3	22	68	23	72	24	25	25	37	26	40	27	81	28	86	29	55
	0	60	1	22	2	81	3	85	4	64	5	80	6	24	7	23	8	69	9	78	10	63	11	68	12	95	13	37	14	46	15	1	16	99	17	57	18	33	19	44	20	15	21	26	22	21	23	30	24	53	25	47	26	4	27	81	28	17	29	49
	0	74	1	64	2	50	3	2	4	34	5	77	6	89	7	66	8	8	9	88	10	26	11	45	12	31	13	29	14	78	15	21	16	66	17	98	18	20	19	80	20	3	21	64	22	42	23	81	24	8	25	30	26	29	27	3	28	37	29	26
	0	72	1	81	2	38	3	48	4	60	5	26	6	4	7	19	8	12	9	71	10	46	11	94	12	52	13	5	14	100	15	100	16	38	17	75	18	92	19	87	20	82	21	75	22	18	23	40	24	41	25	51	26	17	27	77	28	57	29	88
	0	47	1	29	2	75	3	60	4	84	5	66	6	77	7	61	8	9	9	46	10	94	11	42	12	56	13	71	14	94	15	30	16	24	17	85	18	66	19	97	20	95	21	57	22	34	23	8	24	99	25	27	26	73	27	70	28	6	29	11
	0	20	1	50	2	65	3	83	4	90	5	46	6	99	7	92	8	58	9	25	10	28	11	83	12	43	13	52	14	89	15	17	16	19	17	95	18	62	19	22	20	49	21	60	22	29	23	14	24	90	25	98	26	29	27	69	28	42	29	99
	0	70	1	36	2	19	3	39	4	31	5	25	6	77	7	76	8	52	9	14	10	28	11	87	12	94	13	41	14	10	15	1	16	31	17	90	18	15	19	76	20	83	21	90	22	69	23	13	24	31	25	80	26	38	27	16	28	46	29	98
	0	99	1	26	2	35	3	16	4	79	5	9	6	92	7	28	8	91	9	63	10	97	11	34	12	84	13	69	14	2	15	24	16	95	17	13	18	98	19	14	20	90	21	50	22	64	23	8	24	5	25	84	26	19	27	86	28	35	29	83
	0	47	1	35	2	38	3	65	4	58	5	85	6	42	7	11	8	4	9	3	10	83	11	96	12	70	13	68	14	93	15	42	16	1	17	21	18	39	19	42	20	41	21	79	22	72	23	97	24	87	25	32	26	29	27	74	28	96	29	82
	0	7	1	72	2	87	3	91	4	99	5	57	6	32	7	37	8	72	9	2	10	28	11	3	12	97	13	42	14	88	15	45	16	92	17	32	18	100	19	14	20	31	21	67	22	43	23	36	24	11	25	99	26	46	27	59	28	10	29	64
	0	46	1	29	2	52	3	10	4	78	5	66	6	71	7	69	8	81	9	32	10	53	11	37	12	36	13	19	14	76	15	43	16	53	17	9	18	90	19	14	20	66	21	72	22	4	23	93	24	19	25	2	26	75	27	36	28	38	29	24
	0	11	1	9	2	38	3	4	4	37	5	71	6	90	7	49	8	82	9	96	10	62	11	92	12	88	13	76	14	6	15	80	16	56	17	18	18	49	19	19	20	64	21	16	22	23	23	52	24	38	25	53	26	18	27	57	28	53	29	94
	0	73	1	1	2	92	3	42	4	22	5	96	6	2	7	85	8	52	9	17	10	10	11	57	12	65	13	6	14	2	15	77	16	24	17	55	18	67	19	64	20	44	21	48	22	62	23	15	24	52	25	3	26	57	27	5	28	21	29	45
	0	56	1	57	2	64	3	4	4	7	5	73	6	30	7	9	8	54	9	32	10	50	11	38	12	78	13	100	14	13	15	24	16	41	17	3	18	85	19	52	20	39	21	54	22	87	23	80	24	4	25	44	26	94	27	60	28	30	29	35
	0	43	1	75	2	12	3	14	4	36	5	85	6	6	7	86	8	80	9	63	10	72	11	41	12	26	13	66	14	51	15	98	16	62	17	62	18	68	19	15	20	90	21	18	22	91	23	35	24	10	25	16	26	77	27	83	28	46	29	50
	0	73	1	55	2	31	3	19	4	72	5	51	6	18	7	36	8	33	9	45	10	71	11	89	12	6	13	96	14	83	15	48	16	43	17	52	18	99	19	100	20	70	21	79	22	50	23	39	24	43	25	34	26	28	27	71	28	41	29	66
	0	63	1	86	2	45	3	3	4	64	5	15	6	7	7	61	8	49	9	87	10	28	11	87	12	83	13	34	14	74	15	32	16	80	17	17	18	12	19	88	20	46	21	81	22	52	23	60	24	80	25	40	26	7	27	52	28	41	29	73
	0	26	1	79	2	60	3	72	4	52	5	44	6	55	7	62	8	8	9	34	10	76	11	7	12	28	13	29	14	82	15	57	16	66	17	35	18	34	19	97	20	60	21	60	22	58	23	13	24	40	25	26	26	8	27	86	28	91	29	69
	0	29	1	65	2	31	3	59	4	5	5	1	6	44	7	70	8	50	9	25	10	86	11	64	12	53	13	6	14	64	15	63	16	15	17	34	18	43	19	41	20	19	21	99	22	37	23	47	24	21	25	68	26	80	27	47	28	65	29	78
	0	100	1	40	2	56	3	3	4	27	5	92	6	30	7	55	8	19	9	99	10	26	11	34	12	71	13	45	14	42	15	31	16	60	17	57	18	13	19	53	20	34	21	40	22	70	23	26	24	35	25	57	26	54	27	82	28	40	29	92
	0	94	1	61	2	31	3	96	4	68	5	57	6	55	7	20	8	19	9	5	10	17	11	75	12	96	13	81	14	17	15	75	16	13	17	70	18	40	19	55	20	88	21	17	22	41	23	72	24	75	25	66	26	95	27	21	28	11	29	54
	0	5	1	34	2	42	3	14	4	79	5	46	6	95	7	13	8	24	9	34	10	19	11	9	12	25	13	70	14	2	15	23	16	95	17	51	18	44	19	46	20	19	21	81	22	35	23	43	24	33	25	31	26	85	27	100	28	100	29	100
	0	76	1	49	2	84	3	47	4	67	5	59	6	33	7	75	8	49	9	69	10	16	11	76	12	30	13	18	14	75	15	82	16	21	17	80	18	97	19	73	20	19	21	27	22	11	23	32	24	35	25	60	26	53	27	58	28	4	29	96
	0	80	1	79	2	68	3	94	4	4	5	6	6	32	7	55	8	79	9	44	10	25	11	38	12	82	13	41	14	14	15	69	16	44	17	35	18	63	19	39	20	37	21	42	22	33	23	16	24	21	25	82	26	48	27	15	28	12	29	51
	0	97	1	12	2	11	3	72	4	37	5	82	6	12	7	89	8	10	9	100	10	96	11	91	12	1	13	46	14	45	15	76	16	87	17	89	18	56	19	80	20	71	21	48	22	47	23	61	24	86	25	55	26	54	27	84	28	18	29	65
	0	92	1	55	2	85	3	94	4	11	5	17	6	67	7	68	8	77	9	73	10	82	11	32	12	60	13	32	14	38	15	35	16	95	17	77	18	26	19	94	20	78	21	95	22	19	23	20	24	80	25	33	26	88	27	27	28	7	29	64
	0	73	1	85	2	44	3	69	4	49	5	77	6	49	7	80	8	75	9	74	10	88	11	39	12	33	13	28	14	41	15	57	16	79	17	59	18	96	19	94	20	65	21	90	22	24	23	83	24	15	25	33	26	11	27	66	28	54	29	54
	0	74	1	29	2	22	3	60	4	93	5	43	6	25	7	87	8	33	9	54	10	11	11	82	12	54	13	68	14	62	15	3	16	6	17	34	18	50	19	88	20	80	21	29	22	94	23	71	24	52	25	76	26	100	27	28	28	34	29	66
	0	11	1	94	2	43	3	57	4	59	5	92	6	29	7	79	8	10	9	37	10	21	11	58	12	55	13	43	14	2	15	44	16	70	17	12	18	16	19	7	20	62	21	5	22	51	23	32	24	62	25	20	26	66	27	31	28	48	29	10
	0	61	1	42	2	89	3	49	4	99	5	8	6	58	7	95	8	17	9	30	10	55	11	31	12	14	13	37	14	24	15	67	16	84	17	51	18	69	19	49	20	28	21	98	22	4	23	6	24	80	25	9	26	78	27	9	28	15	29	30
	0	65	1	48	2	30	3	5	4	30	5	55	6	20	7	16	8	79	9	1	10	90	11	99	12	73	13	59	14	59	15	63	16	64	17	31	18	68	19	76	20	79	21	47	22	93	23	3	24	54	25	4	26	13	27	14	28	5	29	99
	0	94	1	86	2	90	3	77	4	93	5	67	6	80	7	91	8	82	9	90	10	62	11	50	12	51	13	45	14	30	15	3	16	48	17	35	18	58	19	76	20	45	21	6	22	25	23	78	24	59	25	97	26	66	27	23	28	62	29	55
	0	66	1	42	2	43	3	34	4	96	5	93	6	27	7	41	8	97	9	73	10	54	11	19	12	30	13	1	14	75	15	73	16	55	17	33	18	19	19	78	20	17	21	7	22	25	23	31	24	44	25	53	26	69	27	30	28	84	29	2
	0	13	1	89	2	41	3	77	4	47	5	38	6	86	7	58	8	26	9	43	10	43	11	56	12	1	13	67	14	92	15	26	16	7	17	45	18	32	19	8	20	54	21	44	22	89	23	92	24	38	25	43	26	76	27	22	28	60	29	29
	0	28	1	96	2	19	3	29	4	70	5	32	6	37	7	88	8	100	9	99	10	8	11	90	12	91	13	36	14	85	15	73	16	37	17	8	18	59	19	70	20	2	21	75	22	83	23	11	24	52	25	63	26	37	27	33	28	74	29	74
	0	66	1	99	2	6	3	71	4	5	5	34	6	47	7	25	8	88	9	1	10	6	11	4	12	7	13	100	14	18	15	45	16	61	17	54	18	36	19	49	20	19	21	11	22	65	23	74	24	77	25	84	26	18	27	18	28	92	29	95
	0	94	1	37	2	15	3	19	4	6	5	9	6	67	7	18	8	26	9	63	10	21	11	19	12	9	13	27	14	81	15	92	16	13	17	57	18	80	19	5	20	45	21	62	22	41	23	83	24	79	25	28	26	57	27	94	28	32	29	18
	0	94	1	26	2	3	3	78	4	31	5	46	6	100	7	6	8	71	9	46	10	20	11	41	12	4	13	14	14	44	15	87	16	6	17	89	18	70	19	83	20	89	21	95	22	3	23	74	24	50	25	50	26	61	27	55	28	85	29	99
	0	72	1	87	2	57	3	22	4	74	5	5	6	34	7	14	8	42	9	71	10	51	11	35	12	98	13	45	14	47	15	80	16	81	17	65	18	79	19	13	20	92	21	74	22	29	23	71	24	30	25	26	26	43	27	31	28	82	29	57
	0	73	1	85	2	47	3	14	4	11	5	83	6	89	7	62	8	37	9	32	10	70	11	29	12	14	13	53	14	86	15	48	16	8	17	40	18	20	19	8	20	18	21	89	22	89	23	21	24	38	25	56	26	29	27	76	28	86	29	93
	0	75	1	30	2	73	3	61	4	100	5	52	6	10	7	9	8	38	9	33	10	51	11	88	12	3	13	16	14	36	15	18	16	71	17	14	18	88	19	45	20	98	21	24	22	61	23	43	24	80	25	51	26	49	27	50	28	88	29	91
	0	15	1	57	2	28	3	54	4	87	5	66	6	9	7	19	8	26	9	1	10	18	11	43	12	80	13	43	14	45	15	84	16	64	17	2	18	95	19	93	20	37	21	70	22	80	23	89	24	65	25	3	26	90	27	34	28	88	29	30
	0	75	1	58	2	37	3	95	4	88	5	3	6	59	7	64	8	80	9	95	10	53	11	64	12	33	13	54	14	26	15	38	16	81	17	1	18	16	19	28	20	59	21	28	22	47	23	17	24	67	25	41	26	9	27	97	28	54	29	76
	0	80	1	48	2	42	3	72	4	30	5	31	6	60	7	35	8	81	9	46	10	57	11	25	12	5	13	2	14	97	15	67	16	84	17	89	18	79	19	44	20	78	21	70	22	20	23	49	24	55	25	16	26	92	27	81	28	91	29	58
	0	13	1	24	2	42	3	34	4	25	5	47	6	41	7	39	8	7	9	2	10	88	11	29	12	13	13	20	14	14	15	22	16	30	17	23	18	44	19	89	20	91	21	10	22	8	23	53	24	97	25	75	26	47	27	22	28	21	29	76
	0	31	1	17	2	18	3	62	4	88	5	93	6	41	7	8	8	88	9	45	10	47	11	41	12	62	13	57	14	55	15	52	16	35	17	32	18	61	19	3	20	94	21	7	22	52	23	5	24	34	25	56	26	62	27	13	28	50	29	18
	0	52	1	57	2	68	3	9	4	24	5	16	6	27	7	9	8	90	9	95	10	58	11	29	12	61	13	82	14	29	15	1	16	23	17	58	18	43	19	42	20	25	21	24	22	15	23	88	24	77	25	51	26	54	27	6	28	48	29	62
	0	39	1	12	2	17	3	18	4	62	5	68	6	98	7	47	8	64	9	40	10	57	11	64	12	11	13	19	14	82	15	39	16	61	17	57	18	91	19	41	20	33	21	63	22	68	23	45	24	83	25	56	26	67	27	86	28	37	29	85
	0	44	1	8	2	34	3	39	4	80	5	17	6	91	7	32	8	13	9	60	10	98	11	23	12	6	13	81	14	75	15	98	16	6	17	21	18	75	19	50	20	64	21	65	22	18	23	8	24	40	25	63	26	72	27	10	28	4	29	60
	0	22	1	24	2	99	3	27	4	99	5	63	6	38	7	77	8	58	9	40	10	49	11	95	12	25	13	69	14	88	15	29	16	49	17	97	18	83	19	20	20	34	21	29	22	80	23	61	24	36	25	92	26	2	27	13	28	49	29	24
	0	54	1	35	2	18	3	7	4	17	5	82	6	44	7	70	8	20	9	84	10	81	11	32	12	94	13	33	14	33	15	68	16	34	17	5	18	3	19	1	20	24	21	23	22	46	23	71	24	10	25	21	26	41	27	30	28	21	29	71
	0	77	1	52	2	65	3	92	4	5	5	69	6	62	7	28	8	26	9	76	10	90	11	90	12	3	13	49	14	46	15	93	16	10	17	84	18	58	19	19	20	75	21	46	22	94	23	100	24	63	25	80	26	59	27	4	28	10	29	40
	0	72	1	51	2	14	3	21	4	67	5	23	6	32	7	97	8	54	9	6	10	45	11	23	12	42	13	8	14	83	15	36	16	8	17	34	18	36	19	60	20	58	21	96	22	77	23	19	24	19	25	16	26	85	27	85	28	63	29	31
	0	38	1	42	2	39	3	7	4	13	5	37	6	75	7	33	8	19	9	29	10	74	11	50	12	46	13	78	14	6	15	19	16	4	17	36	18	93	19	55	20	87	21	15	22	14	23	73	24	89	25	60	26	82	27	21	28	55	29	42
	0	92	1	88	2	43	3	55	4	13	5	29	6	24	7	82	8	85	9	44	10	58	11	55	12	56	13	79	14	23	15	37	16	42	17	63	18	68	19	96	20	21	21	91	22	34	23	43	24	89	25	5	26	60	27	59	28	23	29	56
	0	63	1	36	2	48	3	25	4	62	5	3	6	92	7	51	8	90	9	15	10	77	11	91	12	8	13	16	14	96	15	4	16	10	17	21	18	43	19	50	20	96	21	65	22	18	23	18	24	45	25	17	26	29	27	57	28	13	29	58
	0	41	1	49	2	41	3	75	4	67	5	56	6	51	7	9	8	82	9	41	10	52	11	69	12	13	13	21	14	2	15	5	16	47	17	24	18	91	19	77	20	38	21	48	22	32	23	92	24	21	25	52	26	81	27	84	28	62	29	10
	0	38	1	52	2	92	3	19	4	72	5	95	6	18	7	59	8	89	9	98	10	99	11	11	12	43	13	58	14	38	15	98	16	39	17	67	18	17	19	25	20	93	21	80	22	84	23	95	24	36	25	28	26	73	27	47	28	1	29	69
	0	1	1	59	2	97	3	85	4	90	5	75	6	78	7	60	8	99	9	77	10	72	11	97	12	64	13	7	14	94	15	68	16	79	17	99	18	93	19	98	20	76	21	86	22	87	23	32	24	76	25	88	26	94	27	26	28	25	29	95
	0	56	1	73	2	39	3	12	4	21	5	54	6	6	7	11	8	32	9	58	10	47	11	14	12	20	13	35	14	8	15	18	16	31	17	64	18	48	19	15	20	5	21	46	22	48	23	73	24	94	25	58	26	36	27	90	28	8	29	40
	0	36	1	29	2	96	3	75	4	53	5	94	6	14	7	8	8	71	9	15	10	47	11	5	12	26	13	42	14	71	15	42	16	68	17	71	18	74	19	88	20	39	21	50	22	87	23	9	24	18	25	41	26	75	27	15	28	25	29	30
	0	1	1	26	2	72	3	20	4	62	5	29	6	3	7	40	8	47	9	46	10	71	11	60	12	87	13	44	14	37	15	94	16	84	17	49	18	90	19	30	20	40	21	58	22	26	23	23	24	22	25	38	26	26	27	33	28	39	29	81
	0	32	1	98	2	19	3	41	4	9	5	78	6	95	7	66	8	33	9	2	10	63	11	20	12	53	13	11	14	55	15	43	16	11	17	70	18	37	19	90	20	28	21	2	22	39	23	67	24	70	25	69	26	63	27	37	28	72	29	83
	0	41	1	65	2	81	3	50	4	24	5	45	6	28	7	52	8	27	9	93	10	67	11	46	12	75	13	34	14	18	15	20	16	5	17	98	18	14	19	31	20	31	21	100	22	42	23	29	24	78	25	87	26	12	27	33	28	33	29	58
	0	13	1	15	2	79	3	100	4	28	5	4	6	2	7	97	8	20	9	31	10	89	11	95	12	14	13	49	14	68	15	42	16	29	17	29	18	34	19	31	20	44	21	3	22	85	23	14	24	2	25	95	26	60	27	64	28	77	29	77
	0	27	1	7	2	63	3	38	4	99	5	47	6	62	7	46	8	57	9	61	10	83	11	42	12	6	13	33	14	65	15	6	16	93	17	50	18	3	19	69	20	82	21	91	22	30	23	78	24	39	25	71	26	84	27	21	28	81	29	24
	0	73	1	76	2	7	3	41	4	95	5	53	6	89	7	92	8	7	9	21	10	16	11	99	12	22	13	52	14	96	15	43	16	94	17	23	18	77	19	16	20	17	21	61	22	39	23	53	24	36	25	10	26	54	27	10	28	74	29	69
	0	34	1	67	2	90	3	20	4	8	5	69	6	40	7	51	8	86	9	49	10	15	11	43	12	22	13	77	14	51	15	66	16	75	17	40	18	58	19	23	20	12	21	49	22	5	23	12	24	36	25	18	26	60	27	18	28	10	29	72
	0	64	1	38	2	8	3	69	4	1	5	12	6	34	7	51	8	86	9	9	10	69	11	58	12	76	13	85	14	43	15	62	16	92	17	29	18	54	19	14	20	96	21	40	22	64	23	11	24	60	25	22	26	52	27	16	28	28	29	84
	0	8	1	100	2	54	3	69	4	85	5	85	6	62	7	70	8	61	9	99	10	79	11	95	12	65	13	85	14	9	15	89	16	64	17	22	18	74	19	24	20	39	21	32	22	31	23	24	24	68	25	13	26	32	27	77	28	11	29	100
	0	5	1	55	2	69	3	37	4	52	5	38	6	44	7	44	8	13	9	24	10	33	11	75	12	22	13	67	14	44	15	25	16	68	17	58	18	93	19	26	20	33	21	75	22	31	23	38	24	68	25	39	26	29	27	20	28	28	29	55
	0	81	1	52	2	83	3	41	4	36	5	30	6	75	7	64	8	58	9	54	10	73	11	22	12	67	13	95	14	77	15	69	16	24	17	95	18	38	19	59	20	54	21	47	22	15	23	43	24	26	25	51	26	94	27	61	28	22	29	48
	0	14	1	19	2	76	3	81	4	91	5	19	6	70	7	26	8	45	9	2	10	98	11	98	12	49	13	21	14	47	15	25	16	65	17	37	18	65	19	44	20	39	21	26	22	97	23	58	24	73	25	29	26	17	27	69	28	82	29	84
	0	94	1	63	2	13	3	24	4	56	5	20	6	89	7	26	8	54	9	73	10	95	11	48	12	27	13	36	14	28	15	97	16	30	17	84	18	61	19	94	20	75	21	42	22	23	23	53	24	88	25	33	26	66	27	72	28	90	29	64
	0	84	1	13	2	60	3	85	4	6	5	15	6	26	7	31	8	70	9	66	10	89	11	22	12	65	13	37	14	5	15	4	16	78	17	36	18	42	19	39	20	2	21	54	22	7	23	91	24	73	25	100	26	14	27	47	28	64	29	53
	0	28	1	86	2	37	3	67	4	8	5	83	6	32	7	23	8	34	9	2	10	60	11	6	12	100	13	25	14	100	15	42	16	88	17	15	18	54	19	41	20	81	21	14	22	79	23	19	24	57	25	16	26	8	27	93	28	85	29	80
	0	42	1	88	2	9	3	62	4	60	5	80	6	94	7	80	8	89	9	70	10	78	11	47	12	17	13	77	14	28	15	36	16	57	17	76	18	25	19	60	20	91	21	28	22	12	23	79	24	45	25	79	26	70	27	69	28	77	29	19
	0	28	1	10	2	84	3	36	4	5	5	95	6	56	7	100	8	46	9	49	10	31	11	66	12	97	13	6	14	34	15	73	16	38	17	8	18	98	19	89	20	64	21	4	22	7	23	26	24	74	25	61	26	6	27	15	28	33	29	29
	0	63	1	30	2	91	3	18	4	82	5	91	6	86	7	64	8	8	9	90	10	60	11	15	12	70	13	12	14	78	15	47	16	34	17	56	18	14	19	100	20	93	21	74	22	43	23	90	24	4	25	80	26	73	27	33	28	31	29	96
	0	80	1	3	2	82	3	42	4	45	5	86	6	35	7	90	8	14	9	25	10	86	11	25	12	5	13	54	14	76	15	96	16	51	17	65	18	75	19	47	20	59	21	69	22	22	23	59	24	1	25	38	26	65	27	47	28	89	29	24
	0	42	1	80	2	89	3	22	4	83	5	37	6	78	7	99	8	51	9	7	10	49	11	11	12	39	13	96	14	19	15	95	16	78	17	96	18	94	19	78	20	46	21	34	22	98	23	75	24	70	25	14	26	68	27	42	28	59	29	100
	0	69	1	13	2	22	3	15	4	86	5	45	6	46	7	57	8	100	9	42	10	45	11	55	12	46	13	31	14	1	15	6	16	10	17	17	18	62	19	78	20	28	21	35	22	72	23	68	24	76	25	80	26	32	27	47	28	72	29	77
	0	34	1	25	2	31	3	29	4	10	5	37	6	40	7	58	8	87	9	13	10	41	11	1	12	40	13	87	14	53	15	70	16	88	17	74	18	57	19	51	20	71	21	99	22	20	23	10	24	6	25	66	26	57	27	45	28	9	29	3
	0	35	1	90	2	23	3	23	4	66	5	56	6	5	7	72	8	65	9	72	10	53	11	76	12	51	13	67	14	67	15	94	16	17	17	92	18	98	19	33	20	9	21	81	22	6	23	4	24	84	25	1	26	37	27	7	28	28	29	36
	0	11	1	71	2	74	3	7	4	41	5	7	6	31	7	26	8	61	9	34	10	21	11	25	12	22	13	83	14	100	15	28	16	65	17	6	18	76	19	34	20	14	21	28	22	86	23	41	24	27	25	27	26	76	27	37	28	88	29	33
	0	94	1	19	2	56	3	73	4	3	5	31	6	87	7	6	8	57	9	24	10	93	11	26	12	16	13	84	14	8	15	35	16	80	17	77	18	79	19	93	20	67	21	12	22	1	23	20	24	76	25	16	26	51	27	91	28	100	29	70
	0	11	1	54	2	81	3	61	4	68	5	76	6	29	7	40	8	42	9	62	10	43	11	89	12	70	13	42	14	98	15	39	16	55	17	96	18	1	19	8	20	64	21	65	22	20	23	19	24	5	25	83	26	41	27	44	28	54	29	7
	0	5	1	80	2	94	3	41	4	35	5	31	6	82	7	81	8	57	9	90	10	68	11	33	12	60	13	6	14	21	15	63	16	64	17	9	18	44	19	95	20	95	21	14	22	83	23	68	24	63	25	22	26	57	27	7	28	10	29	15
	0	67	1	78	2	84	3	73	4	56	5	29	6	23	7	1	8	38	9	32	10	85	11	11	12	14	13	88	14	47	15	18	16	34	17	60	18	57	19	38	20	83	21	25	22	14	23	93	24	4	25	89	26	15	27	67	28	70	29	93
	0	85	1	68	2	81	3	94	4	77	5	84	6	50	7	19	8	32	9	41	10	85	11	9	12	7	13	13	14	9	15	13	16	16	17	14	18	53	19	93	20	61	21	98	22	18	23	43	24	30	25	42	26	6	27	55	28	95	29	76
	0	40	1	59	2	35	3	96	4	46	5	34	6	67	7	70	8	61	9	74	10	69	11	27	12	79	13	33	14	13	15	81	16	64	17	6	18	49	19	38	20	80	21	10	22	10	23	86	24	25	25	70	26	36	27	61	28	74	29	30
	0	14	1	47	2	45	3	35	4	2	5	42	6	66	7	67	8	85	9	19	10	7	11	22	12	62	13	33	14	85	15	63	16	88	17	76	18	75	19	79	20	95	21	84	22	75	23	50	24	81	25	27	26	14	27	92	28	44	29	51
	0	2	1	18	2	80	3	54	4	46	5	66	6	99	7	3	8	6	9	49	10	5	11	43	12	39	13	57	14	59	15	37	16	75	17	98	18	11	19	36	20	19	21	60	22	77	23	99	24	56	25	40	26	97	27	72	28	26	29	56
	0	87	1	16	2	90	3	63	4	95	5	48	6	89	7	10	8	5	9	25	10	87	11	28	12	48	13	82	14	41	15	32	16	27	17	16	18	29	19	76	20	59	21	76	22	58	23	90	24	87	25	80	26	99	27	95	28	25	29	98
	0	38	1	76	2	18	3	58	4	47	5	46	6	58	7	59	8	100	9	42	10	75	11	5	12	90	13	39	14	80	15	100	16	29	17	70	18	55	19	51	20	35	21	72	22	1	23	87	24	35	25	23	26	88	27	76	28	37	29	21
	0	79	1	10	2	56	3	31	4	11	5	85	6	91	7	88	8	62	9	90	10	90	11	47	12	30	13	95	14	52	15	7	16	12	17	91	18	53	19	54	20	53	21	24	22	88	23	4	24	4	25	36	26	75	27	28	28	11	29	88
	0	62	1	13	2	17	3	38	4	22	5	59	6	61	7	3	8	45	9	51	10	96	11	22	12	50	13	27	14	64	15	96	16	68	17	46	18	99	19	73	20	95	21	32	22	49	23	18	24	93	25	25	26	30	27	69	28	89	29	90
	0	61	1	69	2	22	3	53	4	44	5	38	6	9	7	68	8	81	9	22	10	43	11	32	12	43	13	13	14	56	15	97	16	38	17	61	18	91	19	59	20	44	21	92	22	70	23	18	24	93	25	18	26	59	27	30	28	34	29	5
	0	68	1	4	2	10	3	22	4	26	5	14	6	9	7	97	8	24	9	27	10	7	11	52	12	24	13	71	14	83	15	98	16	67	17	86	18	87	19	94	20	32	21	36	22	93	23	19	24	25	25	86	26	54	27	9	28	7	29	51
	0	70	1	43	2	87	3	82	4	1	5	3	6	37	7	57	8	6	9	22	10	5	11	69	12	92	13	5	14	36	15	45	16	92	17	86	18	24	19	37	20	15	21	52	22	60	23	60	24	38	25	55	26	42	27	78	28	23	29	80
	0	63	1	60	2	84	3	57	4	3	5	49	6	49	7	18	8	78	9	32	10	75	11	52	12	26	13	91	14	12	15	94	16	35	17	70	18	37	19	65	20	50	21	8	22	95	23	43	24	1	25	1	26	18	27	23	28	33	29	99
	0	9	1	20	2	62	3	68	4	18	5	96	6	58	7	45	8	38	9	27	10	30	11	80	12	2	13	49	14	90	15	56	16	64	17	36	18	85	19	3	20	86	21	99	22	54	23	71	24	72	25	25	26	39	27	16	28	15	29	76
	0	45	1	17	2	45	3	20	4	46	5	26	6	12	7	88	8	73	9	23	10	23	11	39	12	31	13	29	14	16	15	5	16	35	17	88	18	61	19	46	20	57	21	37	22	98	23	29	24	23	25	9	26	61	27	11	28	17	29	56
	0	56	1	91	2	57	3	65	4	80	5	74	6	66	7	23	8	97	9	37	10	55	11	51	12	27	13	17	14	77	15	96	16	94	17	34	18	32	19	78	20	42	21	44	22	30	23	6	24	30	25	71	26	31	27	24	28	46	29	62
	0	34	1	56	2	17	3	74	4	81	5	39	6	86	7	74	8	80	9	86	10	3	11	24	12	93	13	9	14	48	15	73	16	21	17	89	18	57	19	82	20	85	21	80	22	62	23	48	24	92	25	83	26	32	27	19	28	32	29	29
	0	84	1	92	2	49	3	43	4	14	5	56	6	61	7	100	8	54	9	16	10	54	11	83	12	54	13	4	14	58	15	94	16	49	17	72	18	76	19	2	20	71	21	16	22	28	23	10	24	98	25	81	26	36	27	80	28	51	29	43
	0	66	1	50	2	98	3	68	4	77	5	32	6	14	7	95	8	75	9	74	10	98	11	99	12	61	13	21	14	68	15	11	16	6	17	16	18	67	19	31	20	10	21	22	22	49	23	34	24	31	25	53	26	47	27	66	28	67	29	48
	0	30	1	90	2	52	3	31	4	86	5	5	6	90	7	28	8	24	9	76	10	33	11	49	12	48	13	20	14	83	15	44	16	60	17	56	18	72	19	97	20	7	21	18	22	52	23	21	24	46	25	59	26	96	27	52	28	27	29	27
	0	94	1	76	2	4	3	82	4	94	5	26	6	14	7	74	8	22	9	24	10	99	11	9	12	79	13	78	14	57	15	80	16	10	17	38	18	41	19	25	20	77	21	77	22	47	23	52	24	86	25	63	26	66	27	39	28	57	29	18
	0	75	1	90	2	36	3	94	4	7	5	21	6	79	7	5	8	18	9	94	10	59	11	3	12	41	13	33	14	88	15	79	16	99	17	81	18	39	19	25	20	14	21	80	22	25	23	5	24	33	25	4	26	55	27	99	28	55	29	51
	0	81	1	26	2	50	3	83	4	19	5	69	6	66	7	81	8	76	9	53	10	5	11	37	12	50	13	36	14	93	15	12	16	68	17	31	18	67	19	26	20	75	21	69	22	81	23	62	24	100	25	50	26	81	27	97	28	59	29	72
	0	9	1	97	2	69	3	13	4	29	5	35	6	76	7	10	8	5	9	16	10	37	11	67	12	53	13	27	14	99	15	84	16	47	17	36	18	63	19	82	20	73	21	21	22	30	23	70	24	37	25	86	26	71	27	90	28	80	29	5
	0	59	1	11	2	63	3	7	4	54	5	82	6	11	7	77	8	50	9	61	10	42	11	56	12	97	13	60	14	8	15	38	16	68	17	96	18	39	19	23	20	45	21	39	22	52	23	72	24	26	25	71	26	73	27	46	28	90	29	19
	0	87	1	54	2	68	3	35	4	3	5	35	6	1	7	99	8	17	9	43	10	90	11	9	12	90	13	6	14	74	15	56	16	89	17	97	18	78	19	12	20	49	21	17	22	22	23	77	24	58	25	88	26	90	27	49	28	76	29	11
	0	91	1	46	2	29	3	21	4	63	5	52	6	56	7	65	8	9	9	95	10	83	11	64	12	53	13	76	14	59	15	50	16	68	17	98	18	84	19	82	20	6	21	59	22	5	23	88	24	34	25	32	26	66	27	77	28	59	29	25
	0	27	1	26	2	90	3	93	4	6	5	35	6	75	7	60	8	98	9	5	10	9	11	63	12	71	13	78	14	5	15	28	16	52	17	45	18	63	19	37	20	50	21	24	22	89	23	54	24	79	25	34	26	54	27	6	28	70	29	52
	0	77	1	57	2	4	3	14	4	87	5	96	6	86	7	77	8	93	9	46	10	48	11	90	12	66	13	63	14	60	15	20	16	19	17	66	18	70	19	29	20	24	21	44	22	18	23	2	24	20	25	2	26	87	27	77	28	87	29	65
	0	85	1	26	2	97	3	40	4	78	5	74	6	65	7	5	8	7	9	78	10	65	11	85	12	71	13	82	14	76	15	17	16	51	17	31	18	74	19	32	20	8	21	13	22	1	23	100	24	86	25	50	26	51	27	100	28	92	29	69
	0	72	1	38	2	47	3	12	4	77	5	12	6	17	7	82	8	90	9	85	10	79	11	23	12	97	13	41	14	77	15	70	16	69	17	11	18	64	19	50	20	61	21	7	22	55	23	86	24	25	25	1	26	23	27	53	28	91	29	31
	0	3	1	85	2	80	3	19	4	11	5	27	6	85	7	47	8	85	9	90	10	8	11	14	12	82	13	46	14	52	15	68	16	21	17	69	18	9	19	96	20	39	21	18	22	75	23	9	24	98	25	14	26	12	27	59	28	69	29	46
	0	6	1	68	2	71	3	30	4	16	5	65	6	54	7	88	8	96	9	59	10	38	11	27	12	52	13	84	14	65	15	33	16	51	17	8	18	4	19	20	20	89	21	87	22	38	23	80	24	21	25	98	26	17	27	38	28	58	29	97
	0	34	1	16	2	23	3	73	4	96	5	33	6	15	7	99	8	71	9	14	10	95	11	2	12	32	13	97	14	36	15	3	16	48	17	25	18	72	19	94	20	73	21	92	22	40	23	62	24	43	25	80	26	10	27	71	28	89	29	78
	0	43	1	54	2	99	3	4	4	24	5	98	6	22	7	50	8	47	9	5	10	80	11	27	12	71	13	68	14	15	15	82	16	55	17	90	18	22	19	9	20	53	21	46	22	18	23	79	24	21	25	66	26	56	27	64	28	63	29	65
	0	84	1	28	2	32	3	82	4	13	5	98	6	49	7	82	8	37	9	65	10	16	11	35	12	17	13	48	14	23	15	88	16	30	17	42	18	89	19	80	20	48	21	27	22	88	23	74	24	77	25	2	26	27	27	3	28	97	29	81
	0	7	1	57	2	70	3	59	4	68	5	49	6	98	7	42	8	97	9	56	10	77	11	87	12	56	13	2	14	39	15	1	16	58	17	33	18	18	19	11	20	1	21	22	22	56	23	74	24	28	25	77	26	32	27	10	28	84	29	46
	0	11	1	80	2	77	3	60	4	9	5	21	6	82	7	36	8	46	9	30	10	24	11	38	12	19	13	52	14	36	15	83	16	25	17	12	18	91	19	11	20	14	21	99	22	36	23	79	24	49	25	92	26	85	27	43	28	10	29	76
	0	52	1	30	2	58	3	12	4	18	5	30	6	59	7	37	8	85	9	36	10	17	11	6	12	44	13	35	14	91	15	22	16	56	17	22	18	71	19	8	20	43	21	73	22	46	23	97	24	21	25	28	26	97	27	78	28	27	29	48
	0	84	1	2	2	23	3	53	4	24	5	31	6	80	7	58	8	72	9	10	10	70	11	59	12	44	13	67	14	28	15	44	16	62	17	88	18	50	19	24	20	97	21	16	22	44	23	4	24	42	25	68	26	67	27	59	28	43	29	80
	0	78	1	60	2	71	3	15	4	22	5	79	6	10	7	90	8	21	9	77	10	96	11	17	12	16	13	28	14	28	15	63	16	7	17	50	18	47	19	65	20	84	21	59	22	41	23	67	24	33	25	33	26	21	27	52	28	67	29	78
	0	100	1	97	2	22	3	33	4	36	5	69	6	7	7	35	8	42	9	45	10	10	11	59	12	74	13	12	14	81	15	79	16	43	17	92	18	68	19	29	20	9	21	96	22	59	23	61	24	61	25	94	26	55	27	24	28	100	29	70
	0	99	1	3	2	49	3	79	4	1	5	11	6	86	7	46	8	70	9	12	10	61	11	54	12	19	13	14	14	46	15	28	16	9	17	64	18	31	19	6	20	56	21	43	22	52	23	48	24	6	25	30	26	37	27	28	28	64	29	82
	0	89	1	13	2	20	3	68	4	44	5	30	6	14	7	28	8	75	9	51	10	33	11	66	12	34	13	75	14	33	15	90	16	46	17	70	18	25	19	49	20	5	21	9	22	74	23	46	24	29	25	18	26	90	27	27	28	68	29	4
	0	20	1	52	2	97	3	54	4	73	5	19	6	9	7	2	8	18	9	6	10	4	11	20	12	53	13	16	14	44	15	69	16	40	17	77	18	2	19	24	20	38	21	11	22	49	23	56	24	83	25	80	26	36	27	28	28	8	29	79
	0	74	1	60	2	94	3	15	4	23	5	39	6	83	7	19	8	36	9	2	10	28	11	56	12	16	13	11	14	19	15	46	16	96	17	99	18	39	19	1	20	40	21	50	22	38	23	45	24	16	25	51	26	2	27	75	28	16	29	26
	0	93	1	76	2	95	3	33	4	60	5	95	6	67	7	94	8	58	9	42	10	90	11	86	12	15	13	79	14	2	15	13	16	53	17	2	18	16	19	27	20	36	21	29	22	79	23	86	24	100	25	57	26	31	27	54	28	7	29	52
	0	56	1	88	2	6	3	73	4	91	5	61	6	6	7	51	8	21	9	17	10	87	11	77	12	4	13	63	14	12	15	65	16	96	17	39	18	10	19	98	20	50	21	20	22	44	23	67	24	34	25	45	26	80	27	70	28	87	29	74
	0	32	1	20	2	90	3	16	4	45	5	89	6	44	7	88	8	22	9	85	10	72	11	87	12	44	13	29	14	84	15	93	16	5	17	92	18	79	19	28	20	78	21	8	22	62	23	43	24	84	25	60	26	17	27	18	28	18	29	18
	0	50	1	71	2	70	3	76	4	94	5	36	6	37	7	6	8	53	9	54	10	10	11	35	12	3	13	58	14	84	15	14	16	4	17	88	18	41	19	28	20	77	21	47	22	77	23	71	24	40	25	66	26	86	27	90	28	33	29	71
	0	36	1	51	2	54	3	58	4	71	5	8	6	94	7	6	8	46	9	71	10	41	11	4	12	77	13	80	14	94	15	58	16	47	17	64	18	10	19	11	20	24	21	29	22	61	23	90	24	60	25	93	26	89	27	58	28	88	29	81
	0	83	1	49	2	40	3	32	4	5	5	99	6	42	7	93	8	57	9	5	10	66	11	94	12	49	13	83	14	39	15	36	16	18	17	96	18	54	19	24	20	16	21	77	22	15	23	41	24	47	25	76	26	13	27	41	28	37	29	90
	0	33	1	95	2	63	3	71	4	17	5	40	6	79	7	9	8	49	9	95	10	98	11	42	12	23	13	52	14	39	15	40	16	21	17	60	18	44	19	55	20	10	21	55	22	9	23	53	24	35	25	99	26	97	27	51	28	56	29	46
	0	30	1	36	2	74	3	32	4	67	5	34	6	39	7	65	8	21	9	57	10	16	11	69	12	75	13	52	14	80	15	82	16	93	17	22	18	53	19	48	20	37	21	94	22	2	23	30	24	45	25	55	26	59	27	28	28	19	29	89
	0	40	1	5	2	37	3	71	4	73	5	32	6	80	7	12	8	59	9	15	10	47	11	60	12	22	13	58	14	95	15	96	16	27	17	88	18	14	19	81	20	75	21	34	22	57	23	50	24	100	25	37	26	50	27	55	28	23	29	39
	0	65	1	88	2	49	3	77	4	44	5	70	6	97	7	75	8	86	9	53	10	14	11	7	12	45	13	89	14	9	15	95	16	6	17	60	18	93	19	36	20	25	21	67	22	35	23	91	24	59	25	37	26	57	27	77	28	20	29	72
	0	21	1	36	2	31	3	75	4	1	5	88	6	60	7	10	8	22	9	78	10	61	11	85	12	22	13	77	14	71	15	66	16	71	17	2	18	5	19	60	20	34	21	59	22	69	23	35	24	87	25	33	26	92	27	43	28	8	29	67
	0	24	1	80	2	3	3	8	4	62	5	2	6	45	7	24	8	13	9	73	10	32	11	99	12	80	13	11	14	86	15	72	16	52	17	64	18	65	19	89	20	31	21	37	22	44	23	50	24	9	25	40	26	94	27	10	28	4	29	36
	0	72	1	36	2	97	3	2	4	77	5	37	6	46	7	48	8	66	9	39	10	52	11	37	12	19	13	33	14	10	15	9	16	91	17	55	18	86	19	8	20	1	21	55	22	71	23	57	24	45	25	70	26	30	27	38	28	27	29	14
	0	34	1	57	2	50	3	29	4	49	5	15	6	10	7	92	8	16	9	19	10	78	11	48	12	45	13	86	14	83	15	17	16	15	17	36	18	5	19	1	20	40	21	74	22	52	23	90	24	56	25	15	26	96	27	42	28	34	29	88
	0	65	1	73	2	20	3	26	4	27	5	3	6	56	7	46	8	25	9	30	10	51	11	47	12	31	13	32	14	83	15	4	16	31	17	23	18	55	19	24	20	77	21	100	22	53	23	92	24	44	25	71	26	63	27	31	28	86	29	53
	0	48	1	48	2	93	3	58	4	92	5	39	6	69	7	31	8	67	9	73	10	6	11	99	12	76	13	91	14	5	15	36	16	75	17	76	18	78	19	66	20	83	21	83	22	42	23	57	24	33	25	40	26	64	27	66	28	14	29	53
	0	38	1	54	2	16	3	82	4	5	5	76	6	79	7	69	8	27	9	99	10	1	11	28	12	91	13	36	14	60	15	36	16	15	17	67	18	50	19	90	20	47	21	98	22	50	23	99	24	15	25	89	26	59	27	50	28	55	29	30
	0	75	1	53	2	8	3	62	4	2	5	50	6	4	7	73	8	2	9	64	10	31	11	8	12	47	13	91	14	79	15	66	16	18	17	95	18	7	19	99	20	59	21	33	22	69	23	11	24	99	25	33	26	96	27	30	28	80	29	4
	0	18	1	8	2	60	3	32	4	84	5	55	6	92	7	19	8	99	9	37	10	79	11	50	12	99	13	71	14	63	15	98	16	24	17	4	18	9	19	4	20	63	21	67	22	72	23	96	24	83	25	35	26	72	27	25	28	66	29	26
	0	15	1	37	2	14	3	34	4	26	5	17	6	87	7	77	8	92	9	53	10	8	11	91	12	22	13	29	14	28	15	17	16	80	17	32	18	40	19	52	20	41	21	31	22	93	23	73	24	81	25	72	26	34	27	39	28	4	29	89
	0	90	1	36	2	54	3	35	4	59	5	31	6	76	7	61	8	72	9	36	10	28	11	21	12	56	13	1	14	41	15	80	16	100	17	88	18	97	19	32	20	98	21	5	22	63	23	65	24	44	25	82	26	96	27	52	28	77	29	33
	0	26	1	19	2	16	3	36	4	57	5	36	6	28	7	13	8	59	9	44	10	25	11	5	12	46	13	91	14	76	15	69	16	38	17	59	18	77	19	42	20	84	21	83	22	27	23	43	24	71	25	26	26	94	27	22	28	49	29	33
	0	75	1	64	2	64	3	82	4	72	5	14	6	54	7	27	8	54	9	78	10	69	11	72	12	66	13	17	14	12	15	35	16	9	17	38	18	13	19	96	20	7	21	48	22	82	23	28	24	13	25	38	26	8	27	58	28	54	29	85
	0	92	1	10	2	97	3	19	4	40	5	24	6	73	7	72	8	46	9	51	10	27	11	20	12	45	13	78	14	47	15	74	16	15	17	24	18	5	19	88	20	60	21	100	22	19	23	91	24	2	25	57	26	1	27	48	28	59	29	33
	0	68	1	30	2	96	3	83	4	20	5	23	6	70	7	65	8	15	9	28	10	4	11	99	12	96	13	15	14	70	15	23	16	53	17	40	18	60	19	32	20	18	21	41	22	67	23	57	24	25	25	71	26	24	27	13	28	93	29	24
	0	57	1	47	2	13	3	77	4	55	5	49	6	31	7	43	8	67	9	6	10	75	11	13	12	69	13	14	14	67	15	34	16	76	17	92	18	4	19	42	20	76	21	35	22	15	23	56	24	21	25	28	26	21	27	99	28	100	29	90
	0	50	1	3	2	79	3	26	4	98	5	10	6	81	7	11	8	22	9	81	10	37	11	19	12	16	13	70	14	53	15	93	16	4	17	33	18	36	19	97	20	49	21	72	22	10	23	10	24	67	25	31	26	100	27	50	28	83	29	3
	0	52	1	35	2	89	3	12	4	49	5	21	6	65	7	80	8	7	9	71	10	95	11	80	12	85	13	57	14	81	15	58	16	37	17	82	18	29	19	59	20	72	21	78	22	73	23	87	24	31	25	35	26	54	27	4	28	81	29	39
	0	74	1	23	2	72	3	46	4	85	5	68	6	33	7	8	8	90	9	99	10	86	11	34	12	58	13	24	14	8	15	48	16	99	17	52	18	74	19	79	20	21	21	48	22	48	23	1	24	91	25	7	26	28	27	90	28	63	29	52
	0	34	1	86	2	36	3	15	4	22	5	71	6	73	7	74	8	45	9	93	10	80	11	44	12	92	13	5	14	29	15	33	16	99	17	96	18	78	19	37	20	86	21	35	22	19	23	25	24	77	25	58	26	54	27	17	28	8	29	56
	0	92	1	90	2	26	3	58	4	96	5	47	6	35	7	11	8	44	9	27	10	44	11	5	12	76	13	57	14	19	15	91	16	32	17	67	18	47	19	81	20	11	21	15	22	66	23	51	24	16	25	2	26	13	27	69	28	43	29	63
	0	1	1	18	2	42	3	73	4	17	5	99	6	62	7	3	8	14	9	19	10	47	11	8	12	34	13	3	14	53	15	43	16	81	17	3	18	98	19	25	20	36	21	63	22	74	23	1	24	77	25	80	26	67	27	84	28	60	29	78
	0	74	1	60	2	57	3	60	4	26	5	95	6	65	7	32	8	28	9	79	10	31	11	98	12	89	13	91	14	65	15	69	16	15	17	72	18	14	19	49	20	69	21	47	22	46	23	74	24	26	25	24	26	52	27	27	28	81	29	61
	0	63	1	57	2	94	3	82	4	45	5	67	6	62	7	88	8	20	9	53	10	66	11	88	12	32	13	4	14	34	15	36	16	29	17	15	18	3	19	77	20	71	21	43	22	93	23	9	24	50	25	26	26	7	27	28	28	96	29	47
	0	29	1	15	2	15	3	6	4	84	5	72	6	56	7	29	8	77	9	26	10	32	11	35	12	36	13	54	14	29	15	45	16	6	17	95	18	69	19	76	20	89	21	55	22	28	23	98	24	25	25	28	26	20	27	5	28	41	29	69
	0	83	1	50	2	35	3	16	4	53	5	49	6	56	7	33	8	99	9	34	10	7	11	18	12	42	13	31	14	77	15	16	16	6	17	77	18	84	19	6	20	68	21	17	22	76	23	69	24	81	25	29	26	28	27	59	28	19	29	76
	0	36	1	19	2	56	3	94	4	85	5	23	6	61	7	39	8	59	9	34	10	6	11	74	12	93	13	15	14	87	15	66	16	13	17	29	18	19	19	13	20	7	21	98	22	57	23	28	24	4	25	43	26	45	27	53	28	74	29	97
	0	10	1	80	2	80	3	64	4	30	5	90	6	21	7	83	8	66	9	52	10	70	11	7	12	28	13	40	14	85	15	6	16	2	17	45	18	50	19	59	20	92	21	13	22	72	23	90	24	12	25	25	26	42	27	69	28	57	29	88
	0	43	1	77	2	48	3	32	4	46	5	3	6	91	7	100	8	43	9	35	10	43	11	96	12	1	13	50	14	35	15	27	16	43	17	20	18	16	19	48	20	75	21	88	22	20	23	91	24	31	25	87	26	54	27	50	28	93	29	98
	0	73	1	55	2	22	3	69	4	83	5	27	6	90	7	49	8	94	9	39	10	8	11	5	12	8	13	100	14	97	15	24	16	20	17	32	18	32	19	23	20	50	21	31	22	62	23	11	24	69	25	11	26	96	27	85	28	50	29	75
	0	95	1	50	2	71	3	74	4	5	5	87	6	63	7	35	8	49	9	30	10	64	11	73	12	32	13	7	14	28	15	23	16	36	17	52	18	94	19	50	20	25	21	21	22	26	23	28	24	64	25	39	26	75	27	90	28	37	29	70
	0	12	1	95	2	14	3	6	4	46	5	70	6	94	7	81	8	29	9	2	10	45	11	89	12	97	13	18	14	88	15	46	16	11	17	49	18	28	19	25	20	90	21	81	22	4	23	61	24	58	25	49	26	19	27	95	28	43	29	96
	0	82	1	16	2	95	3	34	4	54	5	12	6	16	7	65	8	2	9	41	10	19	11	52	12	80	13	79	14	60	15	43	16	8	17	16	18	12	19	90	20	16	21	95	22	60	23	26	24	60	25	27	26	54	27	81	28	47	29	16
	0	50	1	48	2	15	3	84	4	4	5	39	6	49	7	78	8	20	9	87	10	45	11	96	12	64	13	85	14	41	15	73	16	89	17	68	18	80	19	99	20	31	21	82	22	75	23	79	24	77	25	85	26	88	27	42	28	21	29	86
	0	50	1	55	2	43	3	18	4	79	5	28	6	85	7	88	8	66	9	79	10	15	11	63	12	50	13	14	14	93	15	76	16	98	17	52	18	91	19	66	20	52	21	67	22	13	23	92	24	15	25	59	26	35	27	64	28	94	29	68
	0	59	1	5	2	15	3	78	4	39	5	28	6	75	7	88	8	32	9	84	10	5	11	52	12	79	13	23	14	51	15	3	16	29	17	79	18	3	19	16	20	43	21	60	22	27	23	80	24	49	25	8	26	77	27	79	28	46	29	66
	0	90	1	8	2	64	3	52	4	9	5	64	6	25	7	52	8	61	9	94	10	82	11	54	12	99	13	100	14	12	15	97	16	89	17	8	18	91	19	23	20	90	21	76	22	93	23	24	24	69	25	88	26	75	27	49	28	35	29	50
	0	46	1	98	2	98	3	3	4	26	5	22	6	85	7	8	8	59	9	17	10	55	11	67	12	20	13	55	14	14	15	89	16	32	17	18	18	14	19	15	20	91	21	14	22	78	23	58	24	58	25	86	26	98	27	30	28	73	29	59
	0	97	1	43	2	87	3	69	4	46	5	31	6	32	7	84	8	75	9	17	10	68	11	99	12	29	13	13	14	74	15	69	16	49	17	49	18	78	19	20	20	84	21	47	22	39	23	35	24	67	25	3	26	27	27	23	28	92	29	33
	0	68	1	7	2	3	3	97	4	44	5	88	6	70	7	12	8	63	9	82	10	98	11	14	12	51	13	27	14	16	15	31	16	19	17	4	18	34	19	75	20	11	21	38	22	64	23	69	24	39	25	45	26	39	27	64	28	57	29	66
	0	86	1	15	2	33	3	92	4	25	5	13	6	12	7	67	8	14	9	3	10	98	11	41	12	53	13	35	14	77	15	82	16	6	17	6	18	74	19	97	20	35	21	25	22	9	23	9	24	26	25	83	26	91	27	80	28	62	29	11
	0	79	1	94	2	74	3	81	4	85	5	36	6	69	7	56	8	7	9	19	10	31	11	3	12	7	13	58	14	22	15	30	16	85	17	95	18	46	19	15	20	5	21	9	22	47	23	22	24	74	25	72	26	52	27	30	28	90	29	52
	0	84	1	24	2	90	3	42	4	8	5	27	6	87	7	90	8	73	9	57	10	63	11	57	12	78	13	45	14	59	15	10	16	71	17	63	18	83	19	51	20	42	21	22	22	20	23	28	24	2	25	53	26	26	27	68	28	30	29	90
	0	26	1	49	2	38	3	1	4	61	5	93	6	97	7	36	8	46	9	31	10	9	11	8	12	36	13	99	14	26	15	7	16	16	17	48	18	48	19	14	20	51	21	85	22	57	23	80	24	76	25	69	26	61	27	68	28	5	29	38
	0	56	1	84	2	85	3	38	4	37	5	52	6	30	7	84	8	8	9	82	10	15	11	62	12	81	13	68	14	3	15	61	16	47	17	2	18	37	19	1	20	83	21	74	22	40	23	83	24	12	25	32	26	74	27	75	28	20	29	81
	0	74	1	25	2	35	3	71	4	47	5	61	6	79	7	1	8	9	9	2	10	67	11	27	12	94	13	12	14	25	15	58	16	59	17	62	18	27	19	82	20	75	21	75	22	92	23	51	24	69	25	83	26	85	27	10	28	60	29	12
	0	7	1	72	2	12	3	74	4	78	5	47	6	89	7	35	8	44	9	87	10	76	11	85	12	55	13	21	14	25	15	39	16	11	17	64	18	21	19	24	20	55	21	41	22	80	23	52	24	70	25	63	26	28	27	76	28	14	29	35
	0	25	1	77	2	84	3	84	4	23	5	32	6	6	7	50	8	83	9	56	10	95	11	63	12	83	13	25	14	14	15	6	16	98	17	25	18	42	19	36	20	26	21	68	22	31	23	10	24	95	25	88	26	97	27	48	28	79	29	2
	0	93	1	16	2	6	3	90	4	43	5	23	6	28	7	47	8	47	9	55	10	94	11	95	12	79	13	96	14	51	15	64	16	42	17	11	18	48	19	80	20	53	21	88	22	32	23	19	24	61	25	58	26	59	27	21	28	35	29	52
	0	53	1	55	2	74	3	52	4	85	5	99	6	13	7	61	8	70	9	68	10	35	11	78	12	86	13	2	14	23	15	65	16	71	17	96	18	95	19	54	20	54	21	39	22	12	23	98	24	16	25	2	26	59	27	97	28	8	29	61
	0	29	1	38	2	50	3	79	4	68	5	32	6	89	7	78	8	52	9	32	10	11	11	47	12	15	13	72	14	16	15	100	16	40	17	67	18	5	19	65	20	87	21	43	22	40	23	67	24	20	25	8	26	76	27	44	28	48	29	73
	0	72	1	95	2	7	3	85	4	43	5	71	6	42	7	32	8	91	9	29	10	53	11	35	12	34	13	37	14	36	15	30	16	36	17	91	18	23	19	9	20	84	21	69	22	90	23	74	24	78	25	51	26	10	27	24	28	29	29	72
	0	57	1	75	2	76	3	90	4	80	5	81	6	74	7	77	8	22	9	19	10	10	11	78	12	41	13	34	14	43	15	90	16	59	17	86	18	95	19	53	20	49	21	15	22	11	23	56	24	33	25	33	26	84	27	7	28	50	29	16
	0	16	1	18	2	25	3	30	4	41	5	86	6	41	7	34	8	55	9	98	10	91	11	47	12	7	13	81	14	73	15	57	16	62	17	65	18	49	19	9	20	36	21	40	22	79	23	21	24	57	25	26	26	4	27	95	28	17	29	79
	0	39	1	19	2	93	3	13	4	97	5	2	6	83	7	1	8	67	9	61	10	69	11	83	12	91	13	61	14	93	15	17	16	41	17	93	18	34	19	17	20	82	21	10	22	97	23	84	24	56	25	80	26	67	27	30	28	48	29	23
	0	84	1	35	2	8	3	31	4	41	5	90	6	27	7	97	8	14	9	28	10	16	11	95	12	69	13	36	14	21	15	94	16	21	17	94	18	68	19	99	20	24	21	6	22	39	23	38	24	13	25	91	26	4	27	55	28	53	29	72
	0	69	1	70	2	38	3	70	4	23	5	15	6	60	7	84	8	76	9	59	10	39	11	40	12	31	13	84	14	77	15	10	16	38	17	69	18	90	19	46	20	11	21	94	22	16	23	92	24	12	25	82	26	14	27	47	28	32	29	26
	0	98	1	7	2	27	3	78	4	74	5	7	6	81	7	96	8	68	9	31	10	12	11	70	12	61	13	83	14	36	15	89	16	88	17	10	18	57	19	97	20	45	21	33	22	59	23	62	24	15	25	37	26	97	27	70	28	23	29	12
	0	31	1	87	2	56	3	41	4	40	5	79	6	36	7	93	8	14	9	65	10	5	11	69	12	13	13	53	14	77	15	82	16	38	17	86	18	66	19	94	20	50	21	78	22	76	23	41	24	33	25	50	26	47	27	6	28	1	29	66
	0	60	1	23	2	76	3	45	4	52	5	30	6	86	7	91	8	10	9	5	10	84	11	77	12	33	13	38	14	64	15	69	16	81	17	37	18	29	19	63	20	44	21	70	22	48	23	2	24	17	25	85	26	88	27	69	28	57	29	63
	0	38	1	78	2	42	3	94	4	22	5	20	6	79	7	86	8	99	9	25	10	29	11	44	12	88	13	51	14	32	15	78	16	57	17	17	18	59	19	25	20	82	21	23	22	27	23	98	24	38	25	48	26	50	27	5	28	13	29	96
	0	11	1	75	2	28	3	50	4	78	5	15	6	10	7	49	8	3	9	68	10	70	11	77	12	73	13	39	14	54	15	69	16	3	17	33	18	93	19	36	20	95	21	100	22	52	23	86	24	90	25	91	26	68	27	82	28	100	29	66
	0	28	1	70	2	95	3	11	4	1	5	66	6	75	7	54	8	62	9	81	10	58	11	90	12	50	13	36	14	63	15	43	16	46	17	78	18	67	19	45	20	78	21	6	22	68	23	92	24	77	25	81	26	79	27	11	28	41	29	63
	0	38	1	62	2	85	3	94	4	16	5	40	6	94	7	47	8	33	9	54	10	83	11	79	12	50	13	15	14	46	15	78	16	69	17	40	18	56	19	88	20	67	21	62	22	31	23	43	24	51	25	8	26	81	27	55	28	8	29	73
	0	18	1	35	2	82	3	14	4	72	5	38	6	99	7	34	8	52	9	57	10	49	11	35	12	61	13	22	14	54	15	58	16	24	17	68	18	5	19	36	20	14	21	76	22	62	23	29	24	73	25	3	26	14	27	31	28	67	29	67
	0	64	1	43	2	19	3	34	4	91	5	66	6	6	7	32	8	94	9	65	10	28	11	95	12	16	13	94	14	67	15	100	16	16	17	88	18	8	19	60	20	31	21	66	22	78	23	79	24	37	25	97	26	37	27	83	28	22	29	22
	0	23	1	91	2	2	3	40	4	21	5	84	6	75	7	92	8	40	9	73	10	66	11	9	12	81	13	2	14	19	15	4	16	55	17	20	18	52	19	23	20	78	21	98	22	51	23	91	24	43	25	100	26	94	27	15	28	63	29	16
	0	33	1	16	2	18	3	15	4	49	5	33	6	60	7	97	8	84	9	92	10	57	11	20	12	3	13	42	14	81	15	57	16	42	17	15	18	61	19	1	20	50	21	32	22	74	23	15	24	14	25	100	26	34	27	8	28	56	29	35
	0	97	1	76	2	3	3	28	4	5	5	41	6	2	7	43	8	28	9	75	10	17	11	91	12	77	13	99	14	15	15	41	16	4	17	78	18	63	19	52	20	5	21	78	22	65	23	39	24	92	25	31	26	18	27	6	28	10	29	32
	0	65	1	11	2	94	3	75	4	83	5	46	6	21	7	84	8	28	9	43	10	76	11	10	12	16	13	42	14	47	15	96	16	28	17	86	18	32	19	22	20	54	21	20	22	88	23	98	24	26	25	16	26	88	27	58	28	1	29	50
	0	62	1	69	2	85	3	97	4	18	5	66	6	17	7	36	8	83	9	74	10	63	11	56	12	12	13	82	14	71	15	24	16	53	17	64	18	92	19	57	20	59	21	85	22	83	23	97	24	95	25	23	26	29	27	88	28	72	29	95
	0	51	1	99	2	15	3	76	4	100	5	52	6	39	7	38	8	49	9	43	10	93	11	56	12	17	13	60	14	3	15	60	16	14	17	42	18	8	19	20	20	76	21	37	22	84	23	2	24	16	25	40	26	94	27	29	28	43	29	33
	0	17	1	31	2	98	3	47	4	25	5	79	6	15	7	32	8	35	9	22	10	12	11	84	12	35	13	88	14	66	15	80	16	73	17	2	18	25	19	29	20	62	21	44	22	68	23	10	24	13	25	49	26	10	27	82	28	36	29	7
	0	5	1	77	2	49	3	44	4	19	5	16	6	84	7	63	8	54	9	97	10	92	11	87	12	41	13	55	14	76	15	41	16	59	17	96	18	5	19	56	20	28	21	44	22	96	23	80	24	79	25	61	26	63	27	37	28	19	29	30
	0	54	1	61	2	24	3	1	4	55	5	1	6	36	7	51	8	13	9	81	10	61	11	9	12	5	13	40	14	60	15	30	16	65	17	2	18	14	19	39	20	37	21	57	22	92	23	72	24	25	25	37	26	39	27	78	28	56	29	19
	0	95	1	72	2	64	3	8	4	78	5	36	6	78	7	57	8	17	9	27	10	69	11	48	12	1	13	31	14	76	15	28	16	93	17	57	18	36	19	71	20	21	21	90	22	67	23	33	24	32	25	24	26	95	27	87	28	97	29	49
	0	23	1	88	2	81	3	69	4	65	5	81	6	18	7	65	8	20	9	58	10	73	11	44	12	39	13	44	14	60	15	27	16	14	17	38	18	57	19	62	20	3	21	63	22	38	23	83	24	51	25	96	26	9	27	40	28	87	29	68
	0	25	1	65	2	2	3	73	4	17	5	60	6	39	7	27	8	61	9	22	10	40	11	38	12	62	13	28	14	45	15	12	16	45	17	63	18	37	19	94	20	66	21	47	22	66	23	6	24	96	25	3	26	2	27	51	28	27	29	84
	0	12	1	78	2	12	3	16	4	41	5	45	6	40	7	61	8	50	9	6	10	99	11	92	12	55	13	19	14	89	15	33	16	41	17	60	18	79	19	6	20	71	21	61	22	27	23	90	24	4	25	43	26	94	27	87	28	91	29	90
	0	39	1	48	2	16	3	84	4	71	5	97	6	92	7	11	8	80	9	63	10	47	11	92	12	90	13	15	14	41	15	15	16	100	17	39	18	14	19	59	20	11	21	27	22	47	23	41	24	44	25	47	26	81	27	29	28	1	29	23
	0	47	1	95	2	39	3	50	4	78	5	14	6	33	7	3	8	19	9	20	10	64	11	36	12	58	13	74	14	65	15	78	16	30	17	26	18	90	19	52	20	84	21	46	22	6	23	94	24	8	25	78	26	15	27	50	28	45	29	36
	0	60	1	52	2	57	3	38	4	70	5	35	6	9	7	62	8	49	9	29	10	92	11	58	12	13	13	24	14	97	15	55	16	25	17	22	18	12	19	42	20	99	21	5	22	2	23	21	24	52	25	82	26	1	27	52	28	36	29	6
	0	24	1	48	2	80	3	63	4	64	5	76	6	18	7	74	8	52	9	83	10	92	11	74	12	87	13	51	14	43	15	49	16	60	17	51	18	41	19	39	20	36	21	44	22	10	23	57	24	54	25	47	26	56	27	63	28	85	29	84
	0	95	1	2	2	32	3	64	4	42	5	1	6	72	7	61	8	15	9	64	10	84	11	99	12	54	13	38	14	90	15	65	16	68	17	9	18	26	19	94	20	53	21	74	22	8	23	99	24	53	25	95	26	59	27	52	28	45	29	13
	0	22	1	34	2	77	3	98	4	62	5	97	6	98	7	59	8	40	9	29	10	39	11	32	12	15	13	95	14	48	15	21	16	95	17	3	18	94	19	79	20	56	21	27	22	74	23	21	24	92	25	65	26	3	27	32	28	68	29	29
	0	67	1	9	2	85	3	99	4	63	5	33	6	93	7	74	8	70	9	84	10	86	11	7	12	12	13	26	14	87	15	19	16	7	17	27	18	2	19	8	20	24	21	10	22	94	23	10	24	86	25	27	26	10	27	88	28	81	29	6
	0	63	1	33	2	91	3	29	4	55	5	17	6	28	7	21	8	86	9	35	10	50	11	74	12	87	13	13	14	2	15	25	16	75	17	87	18	83	19	60	20	22	21	62	22	56	23	31	24	68	25	16	26	40	27	91	28	42	29	5
	0	53	1	84	2	61	3	86	4	5	5	53	6	19	7	66	8	42	9	54	10	83	11	35	12	99	13	78	14	74	15	50	16	23	17	33	18	87	19	73	20	52	21	25	22	69	23	87	24	84	25	45	26	86	27	31	28	58	29	63
	0	24	1	39	2	28	3	58	4	13	5	70	6	17	7	64	8	72	9	60	10	72	11	98	12	12	13	44	14	51	15	96	16	41	17	13	18	33	19	80	20	64	21	21	22	7	23	30	24	70	25	43	26	97	27	34	28	43	29	57
	0	35	1	44	2	53	3	5	4	64	5	46	6	100	7	35	8	58	9	44	10	19	11	55	12	78	13	99	14	81	15	44	16	9	17	81	18	36	19	86	20	36	21	24	22	80	23	34	24	61	25	83	26	56	27	28	28	78	29	56
	0	13	1	10	2	33	3	87	4	81	5	6	6	62	7	95	8	36	9	93	10	76	11	77	12	70	13	45	14	19	15	78	16	83	17	34	18	46	19	37	20	66	21	40	22	81	23	49	24	40	25	83	26	51	27	97	28	67	29	83
	0	6	1	44	2	56	3	17	4	85	5	97	6	20	7	33	8	70	9	76	10	71	11	19	12	41	13	51	14	44	15	61	16	45	17	31	18	91	19	23	20	5	21	19	22	95	23	38	24	64	25	64	26	85	27	1	28	30	29	82
	0	52	1	83	2	57	3	9	4	11	5	22	6	95	7	31	8	37	9	67	10	78	11	89	12	84	13	56	14	44	15	54	16	69	17	77	18	4	19	33	20	65	21	37	22	1	23	34	24	47	25	29	26	23	27	8	28	85	29	85
	0	74	1	52	2	66	3	45	4	1	5	39	6	3	7	83	8	38	9	95	10	59	11	78	12	25	13	57	14	88	15	7	16	94	17	74	18	79	19	3	20	39	21	35	22	43	23	16	24	17	25	41	26	2	27	54	28	45	29	42
	0	46	1	98	2	79	3	22	4	73	5	25	6	2	7	97	8	39	9	72	10	57	11	50	12	71	13	26	14	94	15	33	16	31	17	41	18	23	19	2	20	16	21	89	22	87	23	63	24	49	25	13	26	8	27	50	28	98	29	40
	0	59	1	58	2	6	3	65	4	59	5	10	6	44	7	18	8	21	9	24	10	8	11	72	12	67	13	6	14	15	15	58	16	13	17	96	18	91	19	91	20	80	21	32	22	32	23	25	24	82	25	22	26	90	27	95	28	99	29	22
	0	31	1	5	2	41	3	71	4	35	5	75	6	53	7	33	8	59	9	57	10	14	11	37	12	83	13	85	14	54	15	26	16	91	17	12	18	55	19	49	20	80	21	53	22	39	23	57	24	83	25	38	26	52	27	91	28	53	29	44
	0	86	1	71	2	54	3	57	4	13	5	26	6	35	7	82	8	15	9	12	10	4	11	15	12	33	13	30	14	19	15	23	16	72	17	24	18	56	19	14	20	39	21	25	22	42	23	88	24	90	25	73	26	36	27	97	28	21	29	27
	0	12	1	56	2	33	3	62	4	81	5	91	6	41	7	91	8	45	9	5	10	23	11	68	12	75	13	4	14	23	15	71	16	53	17	14	18	48	19	66	20	27	21	79	22	29	23	82	24	56	25	22	26	45	27	77	28	66	29	7
	0	9	1	64	2	19	3	40	4	76	5	12	6	79	7	92	8	36	9	63	10	31	11	25	12	74	13	24	14	74	15	74	16	27	17	9	18	8	19	100	20	76	21	68	22	75	23	11	24	35	25	3	26	31	27	43	28	37	29	68
	0	52	1	13	2	29	3	12	4	12	5	20	6	22	7	87	8	76	9	33	10	56	11	65	12	96	13	88	14	85	15	4	16	11	17	16	18	82	19	67	20	86	21	37	22	24	23	100	24	34	25	5	26	11	27	1	28	10	29	3
	0	17	1	47	2	86	3	1	4	92	5	56	6	12	7	34	8	47	9	8	10	58	11	78	12	4	13	46	14	74	15	4	16	94	17	35	18	5	19	58	20	20	21	43	22	74	23	94	24	28	25	81	26	90	27	42	28	57	29	13
	0	70	1	21	2	60	3	15	4	63	5	93	6	3	7	62	8	21	9	34	10	97	11	46	12	67	13	78	14	26	15	83	16	33	17	48	18	60	19	44	20	83	21	69	22	69	23	15	24	41	25	55	26	94	27	84	28	93	29	95
	0	19	1	3	2	19	3	78	4	58	5	77	6	89	7	53	8	62	9	67	10	25	11	84	12	90	13	23	14	5	15	76	16	16	17	77	18	73	19	56	20	59	21	61	22	77	23	56	24	53	25	35	26	40	27	18	28	1	29	31
	0	45	1	23	2	88	3	61	4	99	5	18	6	25	7	36	8	77	9	81	10	65	11	88	12	93	13	67	14	13	15	13	16	29	17	100	18	13	19	58	20	27	21	33	22	92	23	17	24	30	25	65	26	88	27	33	28	4	29	96
	0	95	1	99	2	10	3	77	4	98	5	6	6	84	7	51	8	94	9	99	10	48	11	19	12	2	13	18	14	75	15	74	16	23	17	43	18	55	19	71	20	99	21	81	22	60	23	44	24	77	25	44	26	91	27	80	28	90	29	16
	0	53	1	14	2	94	3	13	4	8	5	95	6	33	7	82	8	81	9	50	10	20	11	76	12	30	13	47	14	61	15	26	16	5	17	16	18	49	19	89	20	59	21	96	22	4	23	29	24	71	25	19	26	53	27	76	28	17	29	28
	0	68	1	64	2	86	3	12	4	87	5	52	6	16	7	5	8	17	9	58	10	30	11	52	12	77	13	75	14	58	15	83	16	24	17	58	18	2	19	13	20	89	21	81	22	72	23	73	24	1	25	10	26	92	27	52	28	80	29	48
	0	75	1	70	2	25	3	39	4	86	5	45	6	32	7	46	8	71	9	24	10	24	11	32	12	4	13	60	14	60	15	8	16	78	17	85	18	66	19	37	20	64	21	1	22	11	23	99	24	83	25	89	26	12	27	61	28	87	29	3
	0	39	1	98	2	36	3	9	4	61	5	75	6	21	7	81	8	57	9	75	10	67	11	58	12	70	13	27	14	8	15	38	16	84	17	87	18	41	19	50	20	60	21	61	22	74	23	33	24	55	25	75	26	41	27	18	28	100	29	42
	0	52	1	94	2	28	3	64	4	82	5	87	6	71	7	84	8	39	9	2	10	62	11	72	12	54	13	1	14	18	15	94	16	82	17	16	18	84	19	28	20	7	21	14	22	74	23	6	24	98	25	70	26	29	27	93	28	51	29	25
	0	75	1	42	2	17	3	11	4	69	5	86	6	100	7	84	8	46	9	56	10	71	11	4	12	16	13	22	14	43	15	39	16	75	17	9	18	96	19	88	20	17	21	46	22	43	23	52	24	71	25	25	26	83	27	93	28	14	29	87
	0	76	1	65	2	94	3	76	4	46	5	5	6	2	7	7	8	89	9	20	10	70	11	57	12	32	13	98	14	59	15	60	16	100	17	44	18	96	19	75	20	54	21	12	22	57	23	59	24	25	25	79	26	10	27	45	28	60	29	93
	0	58	1	45	2	37	3	78	4	56	5	86	6	33	7	91	8	89	9	70	10	51	11	54	12	26	13	27	14	20	15	9	16	100	17	75	18	50	19	78	20	78	21	24	22	93	23	8	24	2	25	85	26	36	27	47	28	43	29	73
	0	44	1	77	2	82	3	5	4	13	5	99	6	9	7	40	8	7	9	48	10	11	11	19	12	99	13	83	14	89	15	86	16	15	17	75	18	21	19	5	20	76	21	92	22	65	23	10	24	83	25	64	26	68	27	46	28	67	29	49
	0	19	1	90	2	31	3	66	4	77	5	56	6	40	7	46	8	43	9	32	10	29	11	18	12	71	13	1	14	52	15	44	16	30	17	28	18	79	19	48	20	71	21	40	22	19	23	28	24	46	25	17	26	26	27	28	28	91	29	64
	0	16	1	16	2	83	3	54	4	1	5	94	6	3	7	40	8	13	9	30	10	96	11	84	12	93	13	9	14	89	15	64	16	39	17	13	18	17	19	26	20	60	21	96	22	72	23	24	24	77	25	13	26	56	27	55	28	58	29	16
	0	30	1	63	2	90	3	19	4	74	5	100	6	15	7	9	8	92	9	49	10	85	11	50	12	48	13	44	14	26	15	91	16	9	17	57	18	95	19	5	20	12	21	27	22	85	23	98	24	14	25	49	26	6	27	68	28	74	29	59
	0	46	1	4	2	62	3	67	4	4	5	67	6	27	7	41	8	19	9	76	10	44	11	30	12	65	13	94	14	29	15	87	16	86	17	99	18	93	19	33	20	63	21	74	22	71	23	57	24	65	25	51	26	60	27	62	28	20	29	98
	0	26	1	93	2	92	3	35	4	85	5	5	6	80	7	8	8	72	9	63	10	40	11	70	12	32	13	76	14	22	15	38	16	10	17	12	18	66	19	33	20	24	21	43	22	94	23	13	24	49	25	16	26	96	27	62	28	42	29	58
	0	90	1	2	2	81	3	45	4	30	5	16	6	16	7	4	8	47	9	31	10	35	11	32	12	90	13	83	14	98	15	37	16	80	17	50	18	10	19	48	20	93	21	55	22	6	23	41	24	48	25	54	26	93	27	83	28	54	29	55
	0	60	1	86	2	48	3	63	4	56	5	31	6	25	7	15	8	95	9	95	10	44	11	61	12	36	13	89	14	61	15	19	16	54	17	12	18	24	19	84	20	91	21	49	22	22	23	94	24	62	25	85	26	90	27	68	28	45	29	12
	0	99	1	67	2	89	3	47	4	80	5	58	6	11	7	94	8	77	9	69	10	80	11	8	12	16	13	65	14	91	15	51	16	31	17	97	18	82	19	50	20	95	21	84	22	62	23	95	24	46	25	40	26	37	27	30	28	96	29	66
	0	46	1	34	2	73	3	49	4	70	5	92	6	30	7	50	8	53	9	3	10	18	11	74	12	51	13	78	14	17	15	47	16	12	17	13	18	58	19	51	20	35	21	55	22	92	23	83	24	78	25	94	26	87	27	48	28	94	29	37
	0	48	1	96	2	29	3	57	4	3	5	65	6	18	7	23	8	4	9	91	10	34	11	53	12	14	13	93	14	6	15	39	16	8	17	51	18	5	19	46	20	84	21	28	22	38	23	80	24	72	25	5	26	38	27	79	28	3	29	38
	0	18	1	65	2	36	3	48	4	24	5	64	6	97	7	95	8	14	9	97	10	60	11	24	12	49	13	67	14	62	15	53	16	66	17	28	18	58	19	60	20	72	21	96	22	33	23	88	24	83	25	31	26	50	27	60	28	85	29	10
	0	81	1	94	2	15	3	76	4	57	5	48	6	54	7	18	8	45	9	33	10	14	11	18	12	18	13	79	14	42	15	92	16	93	17	45	18	71	19	82	20	43	21	97	22	11	23	90	24	15	25	8	26	34	27	65	28	99	29	49
	0	11	1	76	2	46	3	63	4	8	5	35	6	19	7	63	8	41	9	54	10	23	11	86	12	41	13	44	14	55	15	77	16	100	17	4	18	70	19	22	20	81	21	40	22	50	23	21	24	15	25	26	26	18	27	76	28	26	29	90
	0	48	1	61	2	50	3	88	4	50	5	56	6	45	7	7	8	34	9	99	10	99	11	87	12	85	13	74	14	89	15	86	16	4	17	27	18	56	19	5	20	89	21	4	22	76	23	45	24	69	25	33	26	70	27	81	28	16	29	97
	0	62	1	66	2	86	3	75	4	83	5	88	6	82	7	50	8	90	9	58	10	24	11	1	12	38	13	7	14	73	15	34	16	24	17	4	18	59	19	26	20	87	21	23	22	80	23	73	24	59	25	37	26	2	27	72	28	61	29	11
	0	65	1	87	2	19	3	6	4	59	5	59	6	35	7	41	8	62	9	84	10	30	11	56	12	17	13	51	14	66	15	82	16	9	17	14	18	79	19	10	20	68	21	62	22	18	23	13	24	4	25	76	26	49	27	62	28	57	29	17
	0	66	1	44	2	3	3	77	4	41	5	73	6	72	7	70	8	78	9	41	10	44	11	62	12	72	13	72	14	52	15	73	16	82	17	54	18	97	19	80	20	62	21	69	22	39	23	11	24	18	25	56	26	56	27	23	28	89	29	65
	0	49	1	85	2	59	3	88	4	54	5	15	6	43	7	81	8	85	9	52	10	28	11	8	12	13	13	51	14	42	15	77	16	73	17	28	18	84	19	44	20	26	21	7	22	46	23	95	24	39	25	39	26	99	27	61	28	63	29	91
	0	41	1	94	2	2	3	31	4	9	5	26	6	20	7	58	8	11	9	96	10	17	11	42	12	46	13	87	14	89	15	84	16	87	17	44	18	33	19	18	20	63	21	48	22	66	23	88	24	78	25	57	26	90	27	99	28	23	29	61
	0	86	1	17	2	87	3	96	4	49	5	52	6	80	7	19	8	89	9	82	10	2	11	37	12	48	13	62	14	41	15	52	16	23	17	57	18	75	19	48	20	92	21	82	22	7	23	40	24	72	25	29	26	75	27	73	28	74	29	36
	0	93	1	19	2	17	3	4	4	29	5	24	6	28	7	82	8	32	9	1	10	31	11	73	12	42	13	74	14	10	15	27	16	64	17	2	18	99	19	29	20	93	21	65	22	18	23	99	24	98	25	70	26	79	27	49	28	22	29	14
	0	29	1	82	2	59	3	21	4	84	5	20	6	91	7	27	8	86	9	94	10	21	11	88	12	99	13	33	14	27	15	27	16	98	17	37	18	13	19	64	20	36	21	25	22	50	23	72	24	87	25	88	26	13	27	63	28	8	29	82
	0	78	1	100	2	53	3	58	4	17	5	83	6	43	7	97	8	15	9	61	10	79	11	2	12	97	13	67	14	29	15	79	16	25	17	68	18	63	19	85	20	32	21	88	22	83	23	33	24	73	25	49	26	85	27	5	28	26	29	24
	0	59	1	77	2	68	3	6	4	100	5	75	6	8	7	44	8	88	9	28	10	66	11	80	12	69	13	56	14	5	15	6	16	39	17	41	18	72	19	23	20	11	21	49	22	7	23	56	24	22	25	6	26	12	27	77	28	1	29	47
	0	6	1	30	2	19	3	95	4	90	5	57	6	83	7	33	8	17	9	72	10	42	11	73	12	26	13	41	14	27	15	47	16	87	17	47	18	31	19	62	20	77	21	67	22	11	23	100	24	74	25	72	26	71	27	58	28	36	29	38
	0	36	1	48	2	15	3	39	4	54	5	12	6	13	7	29	8	71	9	20	10	76	11	61	12	63	13	56	14	1	15	1	16	31	17	6	18	79	19	10	20	88	21	1	22	18	23	27	24	86	25	96	26	10	27	68	28	77	29	72
	0	33	1	16	2	97	3	84	4	13	5	83	6	16	7	18	8	74	9	50	10	93	11	15	12	62	13	32	14	40	15	64	16	14	17	21	18	69	19	100	20	13	21	90	22	77	23	29	24	42	25	82	26	18	27	84	28	40	29	4
	0	21	1	91	2	14	3	97	4	100	5	67	6	54	7	71	8	37	9	18	10	82	11	100	12	35	13	83	14	95	15	32	16	96	17	49	18	11	19	62	20	33	21	38	22	15	23	61	24	49	25	33	26	69	27	63	28	46	29	1
	0	35	1	64	2	19	3	23	4	8	5	67	6	66	7	50	8	89	9	89	10	33	11	30	12	16	13	10	14	41	15	82	16	45	17	34	18	88	19	26	20	56	21	87	22	25	23	68	24	8	25	70	26	36	27	13	28	87	29	51
	0	69	1	71	2	8	3	60	4	16	5	42	6	66	7	16	8	28	9	25	10	61	11	98	12	5	13	85	14	24	15	63	16	11	17	56	18	22	19	38	20	2	21	74	22	34	23	60	24	57	25	74	26	10	27	43	28	53	29	84
	0	56	1	81	2	42	3	10	4	19	5	32	6	94	7	84	8	57	9	33	10	24	11	22	12	11	13	39	14	32	15	32	16	26	17	94	18	6	19	39	20	85	21	72	22	61	23	38	24	52	25	48	26	44	27	81	28	33	29	83
	0	99	1	74	2	4	3	37	4	78	5	22	6	75	7	44	8	64	9	49	10	74	11	11	12	99	13	10	14	75	15	26	16	81	17	29	18	11	19	87	20	42	21	55	22	37	23	88	24	19	25	24	26	36	27	17	28	12	29	55
	0	86	1	68	2	53	3	26	4	33	5	56	6	49	7	97	8	26	9	87	10	71	11	3	12	27	13	42	14	9	15	99	16	84	17	52	18	98	19	52	20	41	21	82	22	94	23	15	24	27	25	66	26	62	27	5	28	31	29	38
	0	95	1	99	2	72	3	54	4	81	5	95	6	11	7	26	8	82	9	20	10	69	11	81	12	95	13	73	14	47	15	22	16	16	17	35	18	63	19	84	20	14	21	88	22	44	23	66	24	95	25	20	26	48	27	13	28	10	29	17
	0	5	1	80	2	33	3	54	4	91	5	72	6	29	7	53	8	80	9	88	10	64	11	60	12	44	13	68	14	46	15	54	16	87	17	48	18	88	19	7	20	35	21	68	22	42	23	41	24	22	25	81	26	36	27	62	28	39	29	62
	0	15	1	59	2	44	3	15	4	75	5	1	6	36	7	31	8	26	9	84	10	50	11	32	12	41	13	77	14	39	15	22	16	68	17	1	18	18	19	16	20	5	21	39	22	16	23	26	24	77	25	28	26	45	27	18	28	65	29	20
	0	86	1	73	2	64	3	95	4	56	5	19	6	78	7	63	8	96	9	16	10	84	11	87	12	3	13	1	14	14	15	20	16	85	17	39	18	38	19	37	20	33	21	27	22	51	23	97	24	18	25	56	26	98	27	79	28	55	29	22
	0	88	1	61	2	17	3	31	4	73	5	54	6	69	7	66	8	6	9	96	10	58	11	88	12	99	13	74	14	89	15	91	16	44	17	27	18	60	19	44	20	65	21	45	22	45	23	82	24	19	25	85	26	49	27	33	28	67	29	38
	0	63	1	87	2	69	3	43	4	7	5	49	6	94	7	27	8	29	9	33	10	31	11	2	12	100	13	85	14	49	15	73	16	30	17	47	18	48	19	25	20	86	21	88	22	92	23	75	24	87	25	83	26	12	27	45	28	11	29	7
	0	28	1	65	2	52	3	60	4	31	5	14	6	77	7	66	8	11	9	71	10	6	11	98	12	33	13	16	14	98	15	22	16	93	17	25	18	20	19	66	20	2	21	30	22	32	23	48	24	93	25	41	26	11	27	36	28	37	29	60
	0	4	1	8	2	7	3	33	4	73	5	41	6	52	7	8	8	93	9	49	10	40	11	5	12	87	13	42	14	1	15	15	16	23	17	91	18	76	19	84	20	19	21	98	22	40	23	48	24	12	25	29	26	78	27	19	28	93	29	45
	0	12	1	51	2	19	3	39	4	16	5	29	6	49	7	79	8	70	9	51	10	66	11	89	12	30	13	15	14	82	15	47	16	30	17	16	18	41	19	58	20	24	21	20	22	60	23	44	24	53	25	72	26	82	27	61	28	85	29	50
	0	25	1	18	2	60	3	78	4	46	5	82	6	46	7	53	8	72	9	74	10	80	11	56	12	51	13	6	14	64	15	48	16	20	17	94	18	22	19	73	20	13	21	68	22	46	23	15	24	47	25	57	26	89	27	86	28	49	29	2
	0	90	1	41	2	21	3	65	4	15	5	41	6	68	7	93	8	73	9	21	10	7	11	82	12	36	13	25	14	51	15	45	16	57	17	17	18	50	19	70	20	90	21	79	22	97	23	43	24	33	25	66	26	53	27	39	28	57	29	62
	0	59	1	35	2	98	3	60	4	18	5	95	6	17	7	78	8	66	9	8	10	56	11	62	12	85	13	6	14	48	15	52	16	13	17	77	18	56	19	98	20	43	21	61	22	53	23	68	24	43	25	79	26	62	27	86	28	21	29	46
	0	21	1	62	2	10	3	71	4	49	5	41	6	69	7	21	8	13	9	66	10	14	11	37	12	35	13	20	14	12	15	2	16	84	17	16	18	28	19	3	20	42	21	31	22	87	23	54	24	37	25	12	26	100	27	51	28	89	29	99
	0	65	1	86	2	3	3	36	4	39	5	46	6	14	7	82	8	50	9	56	10	60	11	22	12	81	13	67	14	35	15	51	16	61	17	78	18	73	19	88	20	34	21	46	22	29	23	22	24	94	25	38	26	78	27	22	28	9	29	8
	0	54	1	44	2	70	3	17	4	85	5	24	6	33	7	24	8	99	9	44	10	56	11	16	12	20	13	1	14	33	15	63	16	62	17	27	18	76	19	94	20	97	21	27	22	13	23	59	24	62	25	39	26	94	27	6	28	17	29	48
	0	10	1	79	2	81	3	75	4	90	5	49	6	3	7	54	8	22	9	94	10	41	11	52	12	4	13	18	14	66	15	98	16	31	17	63	18	6	19	34	20	72	21	61	22	99	23	80	24	96	25	20	26	21	27	15	28	38	29	49
	0	5	1	78	2	34	3	67	4	76	5	60	6	49	7	44	8	54	9	43	10	81	11	75	12	11	13	97	14	28	15	79	16	76	17	47	18	30	19	87	20	40	21	70	22	34	23	41	24	79	25	86	26	53	27	34	28	17	29	46
	0	98	1	61	2	100	3	42	4	12	5	53	6	27	7	80	8	44	9	15	10	93	11	100	12	33	13	8	14	11	15	33	16	87	17	20	18	39	19	21	20	81	21	26	22	18	23	50	24	18	25	47	26	94	27	70	28	6	29	32
	0	96	1	94	2	65	3	39	4	68	5	6	6	65	7	92	8	7	9	30	10	39	11	27	12	30	13	19	14	42	15	63	16	78	17	76	18	56	19	62	20	47	21	30	22	32	23	52	24	78	25	1	26	49	27	47	28	61	29	48
	0	16	1	72	2	34	3	82	4	51	5	79	6	84	7	77	8	14	9	19	10	69	11	20	12	70	13	96	14	35	15	85	16	22	17	38	18	81	19	10	20	33	21	28	22	5	23	27	24	24	25	10	26	42	27	65	28	22	29	56
	0	52	1	24	2	95	3	40	4	42	5	1	6	89	7	81	8	27	9	100	10	74	11	43	12	51	13	75	14	43	15	91	16	35	17	72	18	29	19	53	20	21	21	80	22	34	23	43	24	22	25	100	26	94	27	25	28	13	29	97
	0	5	1	44	2	99	3	92	4	96	5	44	6	64	7	3	8	30	9	44	10	89	11	60	12	53	13	51	14	73	15	31	16	35	17	31	18	16	19	44	20	65	21	60	22	33	23	96	24	99	25	33	26	18	27	80	28	75	29	95
	0	78	1	68	2	34	3	31	4	90	5	33	6	20	7	25	8	74	9	5	10	48	11	71	12	65	13	79	14	58	15	6	16	38	17	40	18	93	19	86	20	21	21	51	22	79	23	34	24	84	25	32	26	85	27	26	28	18	29	34
	0	94	1	98	2	5	3	61	4	15	5	89	6	73	7	20	8	12	9	45	10	82	11	88	12	37	13	65	14	62	15	22	16	88	17	48	18	32	19	69	20	33	21	80	22	49	23	36	24	62	25	77	26	75	27	27	28	70	29	50
	0	55	1	69	2	75	3	86	4	47	5	74	6	26	7	41	8	52	9	14	10	62	11	96	12	30	13	98	14	8	15	31	16	92	17	89	18	39	19	92	20	22	21	98	22	43	23	87	24	60	25	29	26	54	27	18	28	38	29	82
Reldue
-1	16001	-1	1
-1	14222	-1	1
-1	18344	-1	1
-1	13451	-1	1
-1	13915	-1	1
-1	20208	-1	1
-1	14375	-1	1
-1	12072	-1	1
-1	11540	-1	1
-1	17077	-1	1
-1	20436	-1	1
-1	17228	-1	1
-1	10693	-1	1
-1	21060	-1	1
-1	20480	-1	1
-1	14889	-1	1
-1	21317	-1	1
-1	18741	-1	1
-1	18603	-1	1
-1	12263	-1	1
-1	10104	-1	1
-1	13579	-1	1
-1	16927	-1	1
-1	12085	-1	1
-1	19234	-1	1
-1	13549	-1	1
-1	18085	-1	1
-1	15428	-1	1
-1	14353	-1	1
-1	11434	-1	1
-1	14466	-1	1
-1	17427	-1	1
-1	15975	-1	1
-1	12170	-1	1
-1	12041	-1	1
-1	10483	-1	1
-1	20288	-1	1
-1	11124	-1	1
-1	21391	-1	1
-1	12487	-1	1
-1	21422	-1	1
-1	19068	-1	1
-1	10589	-1	1
-1	10621	-1	1
-1	13200	-1	1
-1	19997	-1	1
-1	18332	-1	1
-1	21355	-1	1
-1	16683	-1	1
-1	10703	-1	1
-1	14483	-1	1
-1	21347	-1	1
-1	17454	-1	1
-1	14160	-1	1
-1	19405	-1	1
-1	14844	-1	1
-1	18373	-1	1
-1	20767	-1	1
-1	16108	-1	1
-1	10006	-1	1
-1	14991	-1	1
-1	15222	-1	1
-1	18949	-1	1
-1	10298	-1	1
-1	10776	-1	1
-1	13566	-1	1
-1	15973	-1	1
-1	11875	-1	1
-1	15155	-1	1
-1	14237	-1	1
-1	12817	-1	1
-1	12707	-1	1
-1	17518	-1	1
-1	17972	-1	1
-1	19273	-1	1
-1	18486	-1	1
-1	16007	-1	1
-1	14499	-1	1
-1	11550	-1	1
-1	21505	-1	1
-1	17479	-1	1
-1	14092	-1	1
-1	12521	-1	1
-1	14334	-1	1
-1	10670	-1	1
-1	16016	-1	1
-1	9992	-1	1
-1	20400	-1	1
-1	12043	-1	1
-1	21460	-1	1
-1	14736	-1	1
-1	20214	-1	1
-1	15078	-1	1
-1	12532	-1	1
-1	19660	-1	1
-1	21091	-1	1
-1	19257	-1	1
-1	10794	-1	1
-1	14217	-1	1
-1	13298	-1	1
-1	10839	-1	1
-1	12914	-1	1
-1	10309	-1	1
-1	19133	-1	1
-1	18538	-1	1
-1	17293	-1	1
-1	15294	-1	1
-1	19194	-1	1
-1	15798	-1	1
-1	16029	-1	1
-1	20543	-1	1
-1	15509	-1	1
-1	11275	-1	1
-1	18436	-1	1
-1	17923	-1	1
-1	9871	-1	1
-1	10658	-1	1
-1	9985	-1	1
-1	12281	-1	1
-1	21222	-1	1
-1	20156	-1	1
-1	13319	-1	1
-1	12762	-1	1
-1	20825	-1	1
-1	16927	-1	1
-1	19349	-1	1
-1	12371	-1	1
-1	21280	-1	1
-1	15423	-1	1
-1	20049	-1	1
-1	15391	-1	1
-1	15041	-1	1
-1	19111	-1	1
-1	11374	-1	1
-1	9867	-1	1
-1	16203	-1	1
-1	16069	-1	1
-1	14816	-1	1
-1	21528	-1	1
-1	13447	-1	1
-1	14607	-1	1
-1	15566	-1	1
-1	10539	-1	1
-1	11106	-1	1
-1	11663	-1	1
-1	13443	-1	1
-1	13195	-1	1
-1	19413	-1	1
-1	14145	-1	1
-1	19574	-1	1
-1	12400	-1	1
-1	11435	-1	1
-1	11875	-1	1
-1	11938	-1	1
-1	15807	-1	1
-1	20753	-1	1
-1	16388	-1	1
-1	19362	-1	1
-1	20349	-1	1
-1	13528	-1	1
-1	11113	-1	1
-1	10463	-1	1
-1	17229	-1	1
-1	10191	-1	1
-1	15751	-1	1
-1	11070	-1	1
-1	17274	-1	1
-1	13640	-1	1
-1	9999	-1	1
-1	14415	-1	1
-1	20437	-1	1
-1	12466	-1	1
-1	19820	-1	1
-1	19037	-1	1
-1	21509	-1	1
-1	11790	-1	1
-1	11012	-1	1
-1	12631	-1	1
-1	17202	-1	1
-1	11779	-1	1
-1	17307	-1	1
-1	18275	-1	1
-1	18069	-1	1
-1	10451	-1	1
-1	11910	-1	1
-1	15377	-1	1
-1	12699	-1	1
-1	15810	-1	1
-1	14666	-1	1
-1	11210	-1	1
-1	11685	-1	1
-1	19876	-1	1
-1	20563	-1	1
-1	10408	-1	1
-1	18384	-1	1
-1	20076	-1	1
-1	11422	-1	1
-1	10685	-1	1
-1	12663	-1	1
-1	11014	-1	1
-1	20332	-1	1
-1	14243	-1	1
-1	13119	-1	1
-1	14371	-1	1
-1	20552	-1	1
-1	11885	-1	1
-1	14622	-1	1
-1	16809	-1	1
-1	15900	-1	1
-1	17889	-1	1
-1	14294	-1	1
-1	19461	-1	1
-1	15766	-1	1
-1	12246	-1	1
-1	11358	-1	1
-1	15720	-1	1
-1	17842	-1	1
-1	15976	-1	1
-1	10905	-1	1
-1	12326	-1	1
-1	18316	-1	1
-1	20288	-1	1
-1	17397	-1	1
-1	10875	-1	1
-1	13168	-1	1
-1	13009	-1	1
-1	18436	-1	1
-1	11578	-1	1
-1	16233	-1	1
-1	17945	-1	1
-1	21376	-1	1
-1	21371	-1	1
-1	16323	-1	1
-1	18542	-1	1
-1	19315	-1	1
-1	15986	-1	1
-1	11273	-1	1
-1	18122	-1	1
-1	13976	-1	1
-1	21167	-1	1
-1	11684	-1	1
-1	19481	-1	1
-1	13370	-1	1
-1	20507	-1	1
-1	16399	-1	1
-1	16688	-1	1
-1	19548	-1	1
-1	14540	-1	1
-1	11938	-1	1
-1	12165	-1	1
-1	12909	-1	1
-1	15341	-1	1
-1	15624	-1	1
-1	16076	-1	1
-1	13327	-1	1
-1	11888	-1	1
-1	19773	-1	1
-1	11574	-1	1
-1	17883	-1	1
-1	15251	-1	1
-1	16116	-1	1
-1	14187	-1	1
-1	19486	-1	1
-1	12170	-1	1
-1	10964	-1	1
-1	14025	-1	1
-1	18348	-1	1
-1	12849	-1	1
-1	15423	-1	1
-1	17654	-1	1
-1	12113	-1	1
-1	15624	-1	1
-1	21550	-1	1
-1	19668	-1	1
-1	12437	-1	1
-1	21203	-1	1
-1	13722	-1	1
-1	20411	-1	1
-1	20650	-1	1
-1	19495	-1	1
-1	20199	-1	1
-1	20275	-1	1
-1	16213	-1	1
-1	16791	-1	1
-1	12038	-1	1
-1	18435	-1	1
-1	14622	-1	1
-1	20409	-1	1
-1	14569	-1	1
-1	11408	-1	1
-1	18150	-1	1
-1	19016	-1	1
-1	20072	-1	1
-1	13412	-1	1
-1	16467	-1	1
-1	11588	-1	1
-1	13739	-1	1
-1	17115	-1	1
-1	19992	-1	1
-1	11011	-1	1
-1	14553	-1	1
-1	17147	-1	1
-1	17262	-1	1
-1	10318	-1	1
-1	12033	-1	1
-1	20891	-1	1
-1	10429	-1	1
-1	20635	-1	1
-1	13504	-1	1
-1	21268	-1	1
-1	14263	-1	1
-1	21205	-1	1
-1	17876	-1	1
-1	15483	-1	1
-1	13334	-1	1
-1	19131	-1	1
-1	18360	-1	1
-1	14928	-1	1
-1	16685	-1	1
-1	17880	-1	1
-1	21391	-1	1
-1	18000	-1	1
-1	21581	-1	1
-1	15410	-1	1
-1	12926	-1	1
-1	15042	-1	1
-1	19761	-1	1
-1	14030	-1	1
-1	18818	-1	1
-1	14891	-1	1
-1	17226	-1	1
-1	15236	-1	1
-1	19186	-1	1
-1	14591	-1	1
-1	17905	-1	1
-1	11140	-1	1
-1	11117	-1	1
-1	13969	-1	1
-1	19009	-1	1
-1	10694	-1	1
-1	20965	-1	1
-1	14345	-1	1
-1	21579	-1	1
-1	11952	-1	1
-1	12150	-1	1
-1	14489	-1	1
-1	15432	-1	1
-1	11714	-1	1
-1	15307	-1	1
-1	19881	-1	1
LBCmax: 19684
