250  50
	0	60	1	35	2	88	3	81	4	82	5	91	6	58	7	81	8	90	9	10	10	21	11	23	12	49	13	21	14	79	15	65	16	25	17	79	18	13	19	34	20	77	21	97	22	96	23	70	24	93	25	15	26	60	27	2	28	47	29	29	30	9	31	39	32	56	33	59	34	88	35	8	36	63	37	27	38	23	39	85	40	83	41	63	42	94	43	93	44	86	45	75	46	27	47	62	48	100	49	43
	0	1	1	83	2	56	3	16	4	97	5	91	6	21	7	40	8	60	9	66	10	81	11	34	12	31	13	40	14	62	15	86	16	76	17	31	18	22	19	52	20	21	21	66	22	35	23	71	24	66	25	55	26	53	27	27	28	46	29	10	30	24	31	25	32	47	33	56	34	97	35	62	36	8	37	47	38	40	39	4	40	60	41	96	42	54	43	12	44	90	45	92	46	62	47	73	48	21	49	40
	0	1	1	10	2	52	3	69	4	53	5	11	6	3	7	77	8	81	9	83	10	50	11	25	12	66	13	9	14	52	15	88	16	64	17	90	18	97	19	13	20	17	21	81	22	32	23	79	24	97	25	57	26	44	27	18	28	59	29	77	30	3	31	66	32	36	33	20	34	2	35	50	36	16	37	10	38	31	39	18	40	50	41	75	42	90	43	88	44	15	45	78	46	23	47	53	48	15	49	34
	0	14	1	81	2	92	3	100	4	2	5	93	6	89	7	89	8	80	9	6	10	78	11	60	12	8	13	77	14	59	15	78	16	36	17	83	18	70	19	48	20	30	21	26	22	84	23	61	24	45	25	43	26	81	27	17	28	75	29	65	30	7	31	2	32	94	33	54	34	72	35	41	36	56	37	6	38	49	39	55	40	24	41	8	42	64	43	81	44	29	45	81	46	97	47	56	48	5	49	54
	0	36	1	54	2	41	3	36	4	54	5	28	6	31	7	98	8	94	9	14	10	31	11	76	12	87	13	81	14	51	15	51	16	36	17	36	18	39	19	73	20	47	21	28	22	29	23	38	24	83	25	4	26	68	27	26	28	71	29	4	30	41	31	63	32	1	33	10	34	62	35	74	36	73	37	86	38	94	39	26	40	5	41	57	42	22	43	78	44	1	45	32	46	85	47	3	48	33	49	66
	0	52	1	40	2	93	3	10	4	86	5	76	6	18	7	93	8	36	9	96	10	1	11	46	12	60	13	24	14	26	15	51	16	47	17	56	18	2	19	75	20	15	21	64	22	82	23	37	24	86	25	1	26	89	27	94	28	79	29	58	30	83	31	67	32	53	33	40	34	46	35	26	36	14	37	67	38	77	39	15	40	49	41	17	42	98	43	86	44	59	45	65	46	39	47	61	48	10	49	83
	0	46	1	60	2	5	3	12	4	19	5	45	6	71	7	15	8	88	9	84	10	95	11	75	12	75	13	24	14	61	15	96	16	10	17	30	18	68	19	17	20	85	21	36	22	34	23	54	24	71	25	1	26	21	27	30	28	40	29	77	30	22	31	50	32	57	33	32	34	10	35	35	36	25	37	75	38	29	39	28	40	27	41	92	42	82	43	29	44	69	45	74	46	50	47	21	48	32	49	2
	0	35	1	98	2	88	3	26	4	23	5	9	6	23	7	47	8	7	9	74	10	100	11	88	12	12	13	37	14	30	15	9	16	9	17	61	18	33	19	22	20	24	21	89	22	32	23	88	24	71	25	9	26	96	27	8	28	53	29	17	30	7	31	48	32	34	33	47	34	53	35	56	36	57	37	25	38	53	39	57	40	66	41	69	42	60	43	32	44	66	45	16	46	6	47	35	48	12	49	85
	0	93	1	81	2	25	3	84	4	27	5	16	6	73	7	18	8	56	9	64	10	61	11	72	12	73	13	1	14	18	15	62	16	67	17	98	18	85	19	83	20	56	21	37	22	27	23	98	24	29	25	2	26	30	27	46	28	73	29	84	30	64	31	62	32	78	33	52	34	10	35	38	36	26	37	98	38	85	39	71	40	20	41	37	42	21	43	67	44	15	45	22	46	72	47	9	48	38	49	26
	0	63	1	4	2	21	3	74	4	1	5	62	6	89	7	41	8	4	9	77	10	63	11	51	12	41	13	14	14	81	15	33	16	64	17	18	18	43	19	32	20	86	21	1	22	30	23	68	24	40	25	71	26	63	27	95	28	15	29	15	30	92	31	14	32	57	33	47	34	32	35	28	36	84	37	71	38	91	39	42	40	50	41	45	42	53	43	61	44	52	45	25	46	15	47	27	48	81	49	27
	0	85	1	94	2	37	3	50	4	96	5	54	6	82	7	40	8	91	9	34	10	96	11	72	12	78	13	41	14	37	15	10	16	71	17	38	18	54	19	54	20	58	21	53	22	85	23	79	24	66	25	66	26	41	27	45	28	11	29	34	30	61	31	7	32	54	33	34	34	81	35	80	36	1	37	42	38	70	39	21	40	20	41	77	42	1	43	36	44	64	45	84	46	85	47	31	48	11	49	19
	0	71	1	51	2	80	3	70	4	85	5	95	6	69	7	43	8	81	9	87	10	24	11	61	12	14	13	41	14	49	15	81	16	48	17	61	18	97	19	29	20	81	21	50	22	17	23	92	24	45	25	28	26	38	27	24	28	88	29	87	30	25	31	61	32	79	33	17	34	21	35	44	36	83	37	97	38	76	39	96	40	82	41	28	42	28	43	13	44	56	45	51	46	63	47	39	48	45	49	82
	0	7	1	67	2	55	3	52	4	90	5	69	6	78	7	32	8	10	9	42	10	41	11	93	12	77	13	32	14	4	15	22	16	13	17	73	18	71	19	80	20	46	21	56	22	84	23	9	24	16	25	96	26	12	27	96	28	85	29	88	30	66	31	44	32	23	33	55	34	86	35	40	36	98	37	29	38	82	39	96	40	8	41	21	42	49	43	5	44	31	45	77	46	56	47	47	48	59	49	12
	0	98	1	27	2	83	3	80	4	59	5	37	6	2	7	21	8	14	9	76	10	99	11	87	12	87	13	61	14	8	15	49	16	26	17	17	18	41	19	16	20	72	21	32	22	82	23	47	24	21	25	16	26	41	27	17	28	26	29	91	30	33	31	64	32	71	33	10	34	35	35	51	36	16	37	79	38	22	39	97	40	3	41	29	42	84	43	70	44	66	45	63	46	96	47	51	48	89	49	75
	0	67	1	2	2	96	3	17	4	2	5	5	6	78	7	58	8	60	9	49	10	89	11	65	12	77	13	85	14	55	15	91	16	98	17	81	18	92	19	70	20	29	21	37	22	26	23	32	24	15	25	47	26	43	27	93	28	91	29	19	30	40	31	95	32	68	33	87	34	34	35	92	36	57	37	84	38	47	39	5	40	36	41	47	42	3	43	93	44	6	45	80	46	72	47	21	48	11	49	5
	0	61	1	8	2	100	3	55	4	39	5	3	6	62	7	6	8	43	9	8	10	66	11	60	12	8	13	47	14	80	15	95	16	99	17	61	18	58	19	72	20	61	21	66	22	10	23	61	24	7	25	16	26	4	27	10	28	3	29	38	30	60	31	88	32	26	33	53	34	30	35	65	36	6	37	96	38	90	39	11	40	74	41	80	42	66	43	34	44	77	45	90	46	88	47	78	48	39	49	92
	0	36	1	61	2	64	3	93	4	22	5	19	6	26	7	87	8	26	9	84	10	86	11	72	12	74	13	19	14	26	15	32	16	35	17	84	18	98	19	6	20	59	21	2	22	23	23	94	24	6	25	51	26	89	27	72	28	19	29	15	30	32	31	19	32	42	33	44	34	6	35	74	36	4	37	25	38	65	39	72	40	96	41	63	42	17	43	40	44	31	45	15	46	30	47	34	48	50	49	31
	0	95	1	67	2	26	3	95	4	64	5	50	6	71	7	74	8	43	9	30	10	47	11	10	12	90	13	38	14	47	15	14	16	45	17	37	18	84	19	58	20	13	21	55	22	10	23	62	24	49	25	48	26	50	27	20	28	43	29	13	30	33	31	26	32	83	33	52	34	42	35	86	36	52	37	60	38	16	39	18	40	97	41	91	42	90	43	94	44	57	45	10	46	43	47	67	48	47	49	50
	0	87	1	76	2	41	3	29	4	33	5	44	6	95	7	94	8	99	9	2	10	100	11	87	12	61	13	90	14	57	15	73	16	53	17	42	18	25	19	54	20	66	21	47	22	68	23	70	24	13	25	26	26	11	27	59	28	41	29	100	30	85	31	18	32	32	33	11	34	4	35	6	36	100	37	27	38	24	39	61	40	89	41	58	42	70	43	38	44	29	45	46	46	21	47	79	48	1	49	13
	0	3	1	72	2	18	3	79	4	28	5	72	6	24	7	91	8	63	9	76	10	75	11	13	12	42	13	88	14	33	15	75	16	39	17	8	18	19	19	78	20	64	21	23	22	77	23	12	24	55	25	12	26	56	27	19	28	84	29	62	30	23	31	19	32	91	33	71	34	38	35	82	36	8	37	89	38	80	39	99	40	55	41	12	42	96	43	6	44	7	45	44	46	100	47	53	48	67	49	73
	0	65	1	17	2	98	3	44	4	65	5	12	6	89	7	18	8	80	9	35	10	65	11	50	12	52	13	62	14	75	15	19	16	62	17	77	18	98	19	4	20	79	21	87	22	63	23	86	24	77	25	80	26	76	27	10	28	39	29	8	30	90	31	54	32	85	33	15	34	71	35	75	36	2	37	34	38	39	39	32	40	58	41	21	42	90	43	12	44	15	45	18	46	24	47	2	48	97	49	37
	0	45	1	90	2	68	3	22	4	97	5	77	6	13	7	39	8	56	9	47	10	49	11	81	12	94	13	16	14	95	15	95	16	83	17	57	18	81	19	81	20	7	21	91	22	69	23	8	24	92	25	53	26	36	27	39	28	90	29	16	30	21	31	83	32	52	33	5	34	36	35	92	36	97	37	32	38	15	39	89	40	58	41	58	42	26	43	86	44	47	45	39	46	85	47	30	48	92	49	22
	0	38	1	82	2	24	3	97	4	12	5	25	6	15	7	22	8	33	9	56	10	8	11	75	12	81	13	91	14	83	15	1	16	20	17	16	18	38	19	59	20	18	21	35	22	3	23	83	24	62	25	18	26	100	27	17	28	10	29	46	30	15	31	87	32	59	33	93	34	56	35	16	36	5	37	5	38	6	39	2	40	20	41	73	42	96	43	3	44	94	45	89	46	57	47	16	48	1	49	37
	0	27	1	32	2	76	3	86	4	21	5	2	6	42	7	45	8	89	9	58	10	99	11	22	12	26	13	61	14	73	15	95	16	3	17	80	18	88	19	83	20	24	21	18	22	5	23	75	24	55	25	41	26	50	27	53	28	54	29	77	30	6	31	26	32	5	33	88	34	64	35	52	36	46	37	35	38	49	39	14	40	29	41	85	42	51	43	85	44	57	45	42	46	52	47	98	48	95	49	82
	0	20	1	93	2	34	3	34	4	93	5	19	6	67	7	44	8	5	9	13	10	8	11	3	12	6	13	80	14	43	15	29	16	77	17	44	18	24	19	38	20	59	21	46	22	20	23	34	24	33	25	16	26	98	27	16	28	18	29	37	30	96	31	81	32	82	33	73	34	8	35	52	36	84	37	42	38	99	39	79	40	90	41	51	42	13	43	97	44	19	45	23	46	48	47	20	48	28	49	74
	0	5	1	8	2	45	3	41	4	45	5	54	6	86	7	48	8	96	9	59	10	35	11	74	12	4	13	100	14	73	15	61	16	28	17	13	18	73	19	56	20	100	21	29	22	3	23	100	24	21	25	57	26	7	27	5	28	57	29	91	30	55	31	59	32	51	33	83	34	74	35	74	36	70	37	11	38	17	39	63	40	57	41	34	42	12	43	98	44	49	45	25	46	14	47	98	48	82	49	98
	0	49	1	49	2	1	3	90	4	13	5	44	6	41	7	64	8	79	9	2	10	43	11	36	12	12	13	12	14	28	15	37	16	10	17	97	18	42	19	82	20	7	21	97	22	44	23	96	24	6	25	22	26	93	27	6	28	46	29	26	30	66	31	26	32	99	33	88	34	18	35	72	36	61	37	18	38	40	39	94	40	86	41	17	42	9	43	11	44	75	45	53	46	11	47	83	48	10	49	40
	0	93	1	60	2	5	3	37	4	78	5	87	6	18	7	90	8	31	9	59	10	31	11	87	12	85	13	57	14	4	15	14	16	47	17	1	18	55	19	11	20	44	21	8	22	29	23	82	24	92	25	40	26	41	27	99	28	84	29	76	30	28	31	7	32	36	33	52	34	32	35	21	36	37	37	39	38	93	39	69	40	92	41	63	42	49	43	27	44	51	45	88	46	39	47	46	48	69	49	15
	0	77	1	61	2	35	3	57	4	50	5	52	6	62	7	7	8	27	9	73	10	38	11	7	12	13	13	80	14	68	15	79	16	77	17	38	18	60	19	73	20	23	21	53	22	37	23	59	24	2	25	93	26	83	27	56	28	76	29	78	30	46	31	66	32	77	33	60	34	53	35	81	36	39	37	9	38	21	39	62	40	69	41	95	42	72	43	9	44	10	45	18	46	69	47	74	48	3	49	31
	0	39	1	99	2	45	3	65	4	59	5	56	6	13	7	31	8	10	9	36	10	81	11	83	12	26	13	21	14	77	15	48	16	97	17	11	18	30	19	65	20	4	21	21	22	25	23	90	24	91	25	50	26	56	27	55	28	100	29	87	30	39	31	92	32	27	33	15	34	41	35	51	36	86	37	23	38	24	39	92	40	67	41	44	42	18	43	9	44	35	45	60	46	66	47	20	48	23	49	63
	0	3	1	54	2	80	3	59	4	72	5	83	6	11	7	41	8	89	9	4	10	6	11	80	12	88	13	65	14	35	15	9	16	38	17	87	18	77	19	97	20	97	21	28	22	96	23	34	24	44	25	80	26	87	27	79	28	7	29	22	30	45	31	47	32	82	33	40	34	50	35	21	36	9	37	2	38	54	39	31	40	36	41	51	42	17	43	30	44	20	45	47	46	30	47	59	48	8	49	73
	0	24	1	76	2	17	3	90	4	50	5	98	6	11	7	98	8	74	9	87	10	32	11	49	12	35	13	58	14	39	15	12	16	46	17	11	18	52	19	74	20	49	21	6	22	25	23	63	24	41	25	29	26	79	27	85	28	38	29	31	30	71	31	37	32	53	33	23	34	85	35	32	36	87	37	69	38	67	39	41	40	75	41	6	42	43	43	51	44	22	45	82	46	89	47	85	48	37	49	100
	0	42	1	30	2	35	3	93	4	75	5	79	6	73	7	81	8	76	9	79	10	43	11	79	12	89	13	33	14	20	15	66	16	26	17	12	18	74	19	18	20	56	21	63	22	48	23	73	24	13	25	28	26	95	27	94	28	93	29	2	30	20	31	23	32	36	33	1	34	57	35	59	36	3	37	18	38	89	39	5	40	94	41	79	42	85	43	49	44	70	45	42	46	18	47	96	48	84	49	86
	0	85	1	55	2	17	3	96	4	37	5	40	6	83	7	30	8	97	9	58	10	56	11	32	12	29	13	77	14	14	15	21	16	69	17	8	18	20	19	74	20	49	21	34	22	86	23	88	24	64	25	73	26	69	27	70	28	70	29	68	30	22	31	13	32	3	33	30	34	83	35	46	36	68	37	72	38	68	39	62	40	33	41	26	42	32	43	70	44	28	45	25	46	75	47	24	48	32	49	84
	0	33	1	18	2	93	3	15	4	75	5	59	6	38	7	73	8	86	9	52	10	32	11	2	12	27	13	54	14	18	15	30	16	84	17	99	18	48	19	47	20	51	21	77	22	64	23	40	24	16	25	38	26	16	27	94	28	39	29	46	30	14	31	69	32	44	33	97	34	47	35	10	36	55	37	99	38	20	39	62	40	64	41	47	42	93	43	81	44	2	45	71	46	28	47	84	48	44	49	14
	0	69	1	59	2	85	3	83	4	7	5	31	6	51	7	86	8	22	9	73	10	47	11	26	12	94	13	86	14	50	15	36	16	19	17	95	18	90	19	63	20	83	21	39	22	93	23	44	24	75	25	53	26	72	27	27	28	39	29	58	30	84	31	29	32	4	33	15	34	94	35	36	36	39	37	19	38	24	39	88	40	9	41	18	42	58	43	3	44	55	45	96	46	43	47	35	48	98	49	57
	0	13	1	61	2	59	3	94	4	9	5	55	6	33	7	29	8	84	9	88	10	64	11	56	12	18	13	59	14	11	15	37	16	74	17	47	18	95	19	14	20	68	21	46	22	76	23	48	24	53	25	18	26	90	27	98	28	12	29	70	30	59	31	1	32	31	33	52	34	34	35	6	36	92	37	20	38	55	39	85	40	4	41	21	42	25	43	25	44	58	45	93	46	29	47	61	48	88	49	76
	0	67	1	13	2	62	3	88	4	49	5	44	6	33	7	13	8	99	9	32	10	40	11	97	12	56	13	44	14	16	15	49	16	55	17	42	18	69	19	6	20	61	21	61	22	16	23	93	24	50	25	48	26	9	27	98	28	81	29	34	30	72	31	35	32	4	33	4	34	29	35	69	36	92	37	53	38	20	39	33	40	91	41	77	42	5	43	45	44	29	45	18	46	15	47	15	48	26	49	59
	0	9	1	6	2	5	3	60	4	28	5	75	6	78	7	46	8	73	9	18	10	71	11	23	12	31	13	89	14	15	15	63	16	38	17	71	18	99	19	87	20	55	21	24	22	82	23	49	24	82	25	20	26	99	27	67	28	43	29	64	30	9	31	4	32	30	33	39	34	72	35	51	36	67	37	39	38	53	39	83	40	45	41	73	42	88	43	2	44	40	45	53	46	65	47	54	48	2	49	1
	0	96	1	21	2	1	3	32	4	94	5	4	6	39	7	7	8	71	9	53	10	86	11	64	12	23	13	10	14	93	15	53	16	82	17	65	18	80	19	57	20	27	21	60	22	18	23	60	24	2	25	66	26	46	27	95	28	77	29	34	30	82	31	94	32	46	33	93	34	38	35	6	36	61	37	39	38	41	39	65	40	32	41	49	42	100	43	31	44	45	45	1	46	6	47	19	48	85	49	98
	0	34	1	3	2	62	3	15	4	80	5	51	6	68	7	18	8	64	9	33	10	33	11	44	12	81	13	12	14	40	15	6	16	71	17	97	18	21	19	87	20	47	21	31	22	52	23	42	24	10	25	35	26	10	27	91	28	20	29	38	30	67	31	11	32	17	33	55	34	24	35	27	36	11	37	97	38	21	39	80	40	82	41	37	42	72	43	18	44	50	45	42	46	5	47	27	48	21	49	57
	0	21	1	22	2	14	3	17	4	84	5	34	6	15	7	98	8	12	9	82	10	34	11	35	12	45	13	27	14	36	15	89	16	92	17	16	18	91	19	25	20	82	21	85	22	56	23	30	24	90	25	76	26	85	27	97	28	100	29	88	30	33	31	38	32	17	33	57	34	90	35	14	36	63	37	41	38	81	39	92	40	100	41	65	42	90	43	63	44	69	45	35	46	21	47	85	48	47	49	39
	0	92	1	36	2	51	3	80	4	13	5	85	6	42	7	31	8	25	9	20	10	15	11	84	12	69	13	98	14	71	15	44	16	23	17	88	18	9	19	93	20	45	21	42	22	85	23	19	24	77	25	1	26	22	27	87	28	20	29	25	30	83	31	90	32	82	33	11	34	14	35	29	36	52	37	26	38	40	39	81	40	58	41	77	42	75	43	74	44	13	45	91	46	54	47	72	48	53	49	81
	0	22	1	35	2	15	3	22	4	31	5	15	6	28	7	54	8	20	9	99	10	2	11	89	12	99	13	6	14	26	15	5	16	39	17	6	18	38	19	31	20	56	21	15	22	14	23	62	24	38	25	81	26	70	27	76	28	45	29	72	30	16	31	13	32	87	33	24	34	69	35	61	36	63	37	10	38	23	39	55	40	11	41	51	42	56	43	63	44	1	45	61	46	82	47	52	48	76	49	2
	0	12	1	27	2	16	3	11	4	69	5	97	6	93	7	93	8	64	9	13	10	29	11	13	12	44	13	79	14	70	15	32	16	55	17	38	18	63	19	52	20	86	21	62	22	77	23	88	24	92	25	31	26	6	27	68	28	5	29	59	30	58	31	22	32	81	33	94	34	6	35	36	36	46	37	27	38	64	39	61	40	40	41	63	42	100	43	3	44	65	45	53	46	21	47	45	48	92	49	82
	0	71	1	77	2	85	3	61	4	32	5	19	6	39	7	82	8	36	9	80	10	44	11	14	12	2	13	83	14	24	15	64	16	71	17	46	18	13	19	26	20	5	21	1	22	63	23	89	24	62	25	88	26	100	27	82	28	74	29	65	30	68	31	76	32	84	33	11	34	37	35	64	36	23	37	16	38	49	39	3	40	22	41	87	42	45	43	78	44	7	45	18	46	90	47	19	48	12	49	85
	0	80	1	95	2	6	3	92	4	18	5	56	6	23	7	54	8	67	9	94	10	42	11	5	12	44	13	53	14	58	15	68	16	1	17	9	18	29	19	15	20	91	21	85	22	2	23	22	24	47	25	90	26	54	27	73	28	98	29	93	30	89	31	89	32	7	33	60	34	87	35	77	36	10	37	29	38	100	39	27	40	78	41	89	42	24	43	93	44	48	45	99	46	6	47	52	48	82	49	61
	0	64	1	18	2	56	3	19	4	24	5	53	6	86	7	66	8	8	9	8	10	38	11	73	12	17	13	79	14	97	15	76	16	2	17	66	18	67	19	76	20	20	21	71	22	43	23	46	24	2	25	73	26	80	27	50	28	99	29	55	30	32	31	12	32	72	33	88	34	56	35	99	36	41	37	89	38	93	39	97	40	16	41	99	42	71	43	95	44	73	45	69	46	97	47	20	48	39	49	29
	0	34	1	66	2	15	3	89	4	65	5	21	6	39	7	100	8	11	9	95	10	66	11	59	12	47	13	80	14	33	15	55	16	22	17	21	18	15	19	77	20	95	21	52	22	9	23	34	24	26	25	50	26	88	27	59	28	3	29	1	30	17	31	2	32	78	33	70	34	27	35	23	36	42	37	46	38	82	39	46	40	81	41	73	42	94	43	36	44	68	45	10	46	57	47	12	48	6	49	79
	0	17	1	5	2	12	3	77	4	100	5	14	6	3	7	77	8	55	9	40	10	52	11	51	12	88	13	85	14	85	15	61	16	3	17	55	18	69	19	29	20	60	21	94	22	100	23	75	24	26	25	44	26	82	27	73	28	87	29	16	30	80	31	73	32	23	33	99	34	62	35	92	36	84	37	58	38	75	39	69	40	20	41	91	42	29	43	29	44	38	45	42	46	64	47	11	48	1	49	5
	0	36	1	54	2	85	3	44	4	50	5	46	6	66	7	33	8	21	9	66	10	2	11	87	12	36	13	1	14	19	15	23	16	56	17	96	18	40	19	96	20	82	21	70	22	90	23	80	24	65	25	22	26	85	27	2	28	42	29	96	30	85	31	32	32	26	33	84	34	53	35	8	36	83	37	78	38	74	39	41	40	62	41	15	42	10	43	11	44	88	45	66	46	100	47	81	48	3	49	64
	0	29	1	72	2	36	3	74	4	29	5	66	6	33	7	42	8	80	9	55	10	66	11	94	12	28	13	35	14	21	15	57	16	41	17	14	18	19	19	19	20	66	21	94	22	29	23	70	24	53	25	36	26	67	27	70	28	65	29	17	30	5	31	48	32	97	33	45	34	18	35	29	36	60	37	95	38	55	39	29	40	6	41	59	42	4	43	83	44	8	45	52	46	95	47	86	48	10	49	2
	0	51	1	66	2	20	3	10	4	88	5	8	6	7	7	76	8	28	9	16	10	23	11	12	12	60	13	75	14	69	15	89	16	81	17	33	18	61	19	1	20	96	21	48	22	81	23	33	24	46	25	42	26	15	27	59	28	19	29	64	30	4	31	26	32	41	33	68	34	68	35	92	36	54	37	34	38	80	39	8	40	44	41	12	42	93	43	88	44	61	45	49	46	56	47	90	48	48	49	36
	0	70	1	11	2	66	3	92	4	52	5	62	6	1	7	54	8	43	9	71	10	60	11	58	12	48	13	57	14	23	15	26	16	2	17	36	18	84	19	79	20	12	21	74	22	9	23	64	24	97	25	4	26	98	27	52	28	51	29	50	30	11	31	40	32	82	33	38	34	23	35	80	36	4	37	94	38	96	39	1	40	97	41	45	42	79	43	13	44	53	45	78	46	98	47	92	48	71	49	24
	0	84	1	99	2	77	3	79	4	38	5	81	6	68	7	61	8	53	9	41	10	29	11	83	12	32	13	97	14	50	15	84	16	68	17	57	18	50	19	41	20	82	21	69	22	86	23	73	24	32	25	48	26	9	27	84	28	40	29	70	30	83	31	29	32	2	33	79	34	81	35	91	36	65	37	74	38	47	39	97	40	7	41	51	42	48	43	19	44	47	45	13	46	86	47	41	48	48	49	95
	0	38	1	81	2	29	3	43	4	32	5	88	6	72	7	63	8	92	9	88	10	94	11	16	12	1	13	13	14	32	15	28	16	64	17	46	18	44	19	55	20	81	21	88	22	35	23	92	24	50	25	1	26	58	27	44	28	58	29	92	30	55	31	93	32	49	33	52	34	26	35	13	36	60	37	63	38	45	39	30	40	59	41	15	42	72	43	36	44	48	45	25	46	15	47	84	48	97	49	39
	0	52	1	38	2	27	3	52	4	5	5	51	6	58	7	86	8	39	9	97	10	92	11	4	12	27	13	76	14	97	15	61	16	84	17	66	18	5	19	9	20	94	21	1	22	51	23	5	24	58	25	90	26	5	27	6	28	36	29	11	30	86	31	34	32	84	33	37	34	47	35	44	36	84	37	93	38	79	39	46	40	36	41	32	42	72	43	38	44	46	45	96	46	27	47	76	48	34	49	94
	0	9	1	74	2	58	3	2	4	90	5	9	6	8	7	87	8	11	9	83	10	26	11	97	12	68	13	54	14	55	15	70	16	14	17	59	18	32	19	57	20	3	21	66	22	62	23	60	24	42	25	42	26	40	27	31	28	18	29	28	30	26	31	90	32	24	33	50	34	70	35	37	36	83	37	97	38	47	39	89	40	60	41	75	42	59	43	60	44	13	45	92	46	2	47	56	48	7	49	30
	0	5	1	61	2	3	3	45	4	2	5	42	6	100	7	52	8	83	9	86	10	84	11	16	12	32	13	47	14	7	15	63	16	57	17	86	18	18	19	50	20	69	21	9	22	7	23	89	24	58	25	43	26	25	27	99	28	81	29	12	30	12	31	31	32	54	33	98	34	33	35	98	36	12	37	95	38	5	39	95	40	95	41	93	42	67	43	100	44	44	45	62	46	23	47	81	48	45	49	7
	0	68	1	63	2	39	3	13	4	64	5	19	6	89	7	16	8	40	9	94	10	69	11	63	12	24	13	72	14	25	15	39	16	32	17	52	18	18	19	82	20	72	21	87	22	38	23	8	24	46	25	5	26	73	27	32	28	48	29	11	30	51	31	33	32	86	33	46	34	95	35	16	36	100	37	52	38	63	39	74	40	27	41	58	42	63	43	29	44	47	45	5	46	61	47	30	48	19	49	48
	0	15	1	21	2	74	3	32	4	23	5	18	6	31	7	20	8	53	9	55	10	62	11	98	12	91	13	73	14	10	15	22	16	41	17	86	18	42	19	60	20	37	21	41	22	86	23	39	24	81	25	37	26	90	27	19	28	98	29	94	30	100	31	42	32	70	33	81	34	43	35	23	36	3	37	33	38	65	39	97	40	34	41	32	42	54	43	26	44	75	45	14	46	60	47	30	48	54	49	44
	0	76	1	7	2	15	3	67	4	54	5	45	6	61	7	12	8	72	9	45	10	70	11	31	12	61	13	4	14	19	15	82	16	68	17	43	18	80	19	91	20	24	21	54	22	91	23	64	24	23	25	19	26	7	27	19	28	39	29	21	30	81	31	59	32	44	33	45	34	43	35	26	36	97	37	52	38	59	39	82	40	19	41	49	42	3	43	18	44	70	45	18	46	69	47	96	48	95	49	63
	0	99	1	56	2	17	3	72	4	17	5	56	6	73	7	39	8	88	9	28	10	32	11	61	12	39	13	56	14	47	15	15	16	15	17	22	18	15	19	96	20	55	21	75	22	65	23	39	24	22	25	6	26	79	27	82	28	97	29	46	30	29	31	43	32	49	33	18	34	85	35	97	36	24	37	13	38	16	39	88	40	14	41	57	42	8	43	30	44	16	45	7	46	43	47	48	48	68	49	84
	0	42	1	81	2	48	3	24	4	52	5	61	6	43	7	27	8	25	9	8	10	52	11	8	12	33	13	35	14	68	15	96	16	2	17	37	18	47	19	40	20	74	21	7	22	75	23	99	24	18	25	22	26	68	27	39	28	50	29	61	30	88	31	67	32	43	33	73	34	56	35	60	36	29	37	100	38	82	39	86	40	24	41	22	42	49	43	8	44	26	45	76	46	35	47	33	48	76	49	65
	0	41	1	47	2	75	3	76	4	59	5	23	6	97	7	46	8	24	9	29	10	40	11	65	12	2	13	53	14	16	15	1	16	19	17	18	18	54	19	81	20	46	21	65	22	77	23	64	24	79	25	23	26	87	27	94	28	79	29	100	30	47	31	20	32	78	33	42	34	55	35	13	36	46	37	75	38	60	39	23	40	82	41	6	42	47	43	55	44	84	45	52	46	93	47	61	48	96	49	32
	0	91	1	67	2	41	3	23	4	67	5	88	6	98	7	85	8	52	9	6	10	71	11	93	12	87	13	3	14	55	15	38	16	59	17	76	18	14	19	77	20	9	21	89	22	11	23	51	24	59	25	19	26	55	27	99	28	39	29	11	30	67	31	41	32	14	33	60	34	66	35	97	36	61	37	63	38	37	39	73	40	15	41	18	42	28	43	37	44	3	45	79	46	86	47	47	48	38	49	63
	0	35	1	29	2	26	3	96	4	49	5	94	6	25	7	31	8	79	9	55	10	49	11	73	12	32	13	82	14	4	15	2	16	16	17	99	18	7	19	70	20	93	21	22	22	26	23	26	24	13	25	81	26	31	27	77	28	7	29	84	30	51	31	9	32	77	33	6	34	75	35	6	36	7	37	21	38	50	39	57	40	67	41	10	42	55	43	34	44	13	45	96	46	49	47	74	48	81	49	17
	0	37	1	6	2	37	3	14	4	96	5	12	6	33	7	2	8	45	9	92	10	73	11	64	12	67	13	89	14	2	15	60	16	5	17	99	18	62	19	66	20	97	21	50	22	73	23	77	24	18	25	45	26	49	27	25	28	45	29	94	30	47	31	17	32	66	33	83	34	8	35	86	36	91	37	51	38	42	39	4	40	48	41	81	42	60	43	5	44	61	45	18	46	70	47	19	48	48	49	68
	0	66	1	16	2	87	3	53	4	100	5	99	6	35	7	21	8	2	9	12	10	97	11	23	12	95	13	41	14	91	15	23	16	16	17	26	18	36	19	4	20	37	21	16	22	76	23	66	24	65	25	27	26	15	27	48	28	32	29	90	30	16	31	18	32	39	33	9	34	99	35	98	36	92	37	44	38	32	39	40	40	54	41	1	42	18	43	56	44	100	45	7	46	92	47	66	48	41	49	73
	0	14	1	23	2	64	3	96	4	99	5	32	6	4	7	49	8	22	9	73	10	39	11	54	12	7	13	70	14	70	15	35	16	69	17	4	18	41	19	6	20	73	21	45	22	6	23	40	24	25	25	32	26	35	27	11	28	33	29	64	30	34	31	16	32	66	33	47	34	11	35	25	36	20	37	31	38	15	39	95	40	78	41	23	42	35	43	69	44	100	45	59	46	20	47	35	48	93	49	83
	0	85	1	7	2	49	3	43	4	80	5	77	6	49	7	27	8	67	9	24	10	60	11	84	12	16	13	100	14	90	15	8	16	12	17	13	18	75	19	74	20	54	21	88	22	93	23	68	24	58	25	70	26	57	27	33	28	22	29	3	30	22	31	32	32	4	33	95	34	89	35	5	36	19	37	60	38	23	39	54	40	56	41	95	42	100	43	7	44	78	45	16	46	42	47	22	48	48	49	97
	0	30	1	42	2	99	3	53	4	78	5	19	6	44	7	70	8	24	9	56	10	75	11	82	12	66	13	41	14	27	15	44	16	51	17	66	18	85	19	42	20	91	21	68	22	62	23	47	24	65	25	27	26	81	27	10	28	36	29	97	30	42	31	39	32	87	33	74	34	49	35	18	36	58	37	23	38	23	39	54	40	27	41	4	42	53	43	69	44	94	45	85	46	27	47	55	48	28	49	25
	0	63	1	75	2	5	3	63	4	36	5	84	6	50	7	54	8	58	9	80	10	45	11	30	12	67	13	29	14	81	15	79	16	20	17	10	18	61	19	69	20	20	21	90	22	78	23	69	24	96	25	12	26	30	27	32	28	20	29	55	30	45	31	46	32	54	33	13	34	23	35	69	36	27	37	82	38	32	39	10	40	11	41	74	42	96	43	7	44	36	45	82	46	76	47	26	48	52	49	60
	0	26	1	82	2	57	3	17	4	71	5	54	6	17	7	10	8	60	9	36	10	71	11	99	12	60	13	55	14	82	15	12	16	12	17	60	18	78	19	96	20	70	21	33	22	13	23	91	24	79	25	2	26	12	27	40	28	74	29	48	30	4	31	100	32	98	33	30	34	48	35	54	36	81	37	80	38	100	39	13	40	23	41	41	42	89	43	68	44	63	45	44	46	92	47	29	48	46	49	43
	0	28	1	57	2	7	3	73	4	5	5	84	6	38	7	79	8	100	9	73	10	5	11	46	12	54	13	63	14	31	15	15	16	6	17	94	18	68	19	78	20	96	21	24	22	20	23	81	24	26	25	68	26	79	27	68	28	48	29	24	30	8	31	70	32	11	33	72	34	70	35	95	36	1	37	55	38	77	39	91	40	52	41	76	42	35	43	80	44	3	45	83	46	85	47	83	48	37	49	9
	0	74	1	97	2	29	3	96	4	6	5	79	6	83	7	33	8	64	9	47	10	35	11	57	12	88	13	28	14	56	15	26	16	66	17	79	18	85	19	59	20	56	21	80	22	65	23	72	24	62	25	78	26	69	27	97	28	31	29	17	30	43	31	46	32	23	33	98	34	93	35	36	36	97	37	45	38	4	39	23	40	6	41	64	42	57	43	89	44	85	45	45	46	88	47	80	48	86	49	18
	0	11	1	2	2	93	3	76	4	81	5	8	6	16	7	29	8	93	9	43	10	45	11	37	12	21	13	29	14	23	15	56	16	51	17	100	18	66	19	79	20	78	21	27	22	28	23	67	24	39	25	86	26	3	27	87	28	26	29	71	30	4	31	20	32	1	33	42	34	67	35	100	36	88	37	60	38	61	39	89	40	36	41	60	42	12	43	5	44	64	45	59	46	64	47	59	48	39	49	97
	0	43	1	73	2	42	3	56	4	85	5	67	6	28	7	11	8	56	9	60	10	87	11	12	12	77	13	5	14	52	15	89	16	10	17	61	18	19	19	29	20	92	21	77	22	78	23	89	24	23	25	22	26	61	27	13	28	20	29	13	30	59	31	87	32	16	33	3	34	75	35	51	36	64	37	40	38	89	39	33	40	67	41	8	42	81	43	95	44	45	45	9	46	27	47	3	48	14	49	57
	0	52	1	45	2	40	3	74	4	20	5	72	6	80	7	26	8	93	9	44	10	47	11	33	12	88	13	82	14	31	15	39	16	3	17	79	18	86	19	26	20	7	21	18	22	63	23	15	24	13	25	86	26	30	27	82	28	62	29	97	30	31	31	74	32	9	33	61	34	65	35	27	36	83	37	55	38	91	39	95	40	40	41	83	42	82	43	52	44	70	45	44	46	91	47	36	48	98	49	32
	0	4	1	29	2	91	3	37	4	83	5	5	6	84	7	28	8	38	9	87	10	61	11	35	12	67	13	90	14	61	15	60	16	63	17	48	18	9	19	82	20	72	21	48	22	76	23	36	24	49	25	16	26	21	27	89	28	60	29	40	30	75	31	31	32	4	33	15	34	66	35	62	36	71	37	37	38	92	39	42	40	55	41	1	42	100	43	32	44	88	45	70	46	21	47	49	48	60	49	12
	0	60	1	1	2	45	3	39	4	70	5	88	6	51	7	83	8	27	9	84	10	55	11	87	12	98	13	22	14	5	15	18	16	79	17	65	18	79	19	15	20	28	21	24	22	54	23	18	24	26	25	56	26	18	27	67	28	48	29	63	30	18	31	57	32	19	33	60	34	44	35	66	36	86	37	97	38	75	39	28	40	43	41	45	42	55	43	99	44	72	45	77	46	59	47	34	48	99	49	21
	0	69	1	77	2	80	3	48	4	88	5	41	6	55	7	25	8	38	9	26	10	48	11	63	12	30	13	86	14	87	15	10	16	7	17	61	18	84	19	1	20	93	21	38	22	96	23	43	24	95	25	91	26	50	27	97	28	50	29	21	30	12	31	7	32	8	33	2	34	29	35	63	36	92	37	91	38	73	39	10	40	86	41	79	42	69	43	36	44	20	45	66	46	88	47	4	48	82	49	99
	0	19	1	13	2	56	3	15	4	83	5	99	6	67	7	64	8	30	9	6	10	95	11	5	12	27	13	99	14	72	15	9	16	53	17	97	18	88	19	3	20	36	21	33	22	59	23	48	24	9	25	97	26	48	27	29	28	65	29	93	30	23	31	92	32	42	33	22	34	100	35	75	36	71	37	85	38	21	39	9	40	55	41	58	42	45	43	74	44	72	45	78	46	46	47	54	48	26	49	50
	0	76	1	23	2	73	3	67	4	13	5	43	6	7	7	87	8	6	9	69	10	81	11	34	12	93	13	91	14	98	15	94	16	43	17	49	18	97	19	26	20	68	21	7	22	13	23	31	24	82	25	79	26	96	27	24	28	21	29	34	30	16	31	4	32	41	33	14	34	81	35	37	36	60	37	63	38	49	39	73	40	18	41	47	42	20	43	84	44	64	45	89	46	28	47	72	48	88	49	79
	0	69	1	97	2	72	3	26	4	37	5	32	6	23	7	38	8	68	9	19	10	97	11	84	12	87	13	15	14	52	15	52	16	27	17	19	18	69	19	99	20	66	21	49	22	41	23	85	24	87	25	99	26	13	27	13	28	70	29	75	30	18	31	25	32	64	33	25	34	59	35	25	36	8	37	91	38	16	39	30	40	77	41	48	42	82	43	79	44	98	45	14	46	58	47	27	48	50	49	42
	0	69	1	26	2	36	3	36	4	65	5	70	6	6	7	41	8	27	9	34	10	54	11	100	12	100	13	58	14	32	15	91	16	10	17	51	18	48	19	70	20	42	21	100	22	32	23	96	24	89	25	31	26	2	27	11	28	94	29	43	30	58	31	85	32	46	33	13	34	80	35	80	36	12	37	55	38	21	39	70	40	99	41	59	42	7	43	19	44	83	45	65	46	90	47	23	48	64	49	41
	0	28	1	51	2	16	3	56	4	64	5	50	6	43	7	93	8	50	9	91	10	74	11	18	12	29	13	80	14	43	15	15	16	65	17	55	18	39	19	54	20	98	21	49	22	33	23	35	24	52	25	80	26	1	27	46	28	28	29	4	30	20	31	20	32	62	33	48	34	84	35	72	36	23	37	99	38	74	39	57	40	87	41	18	42	99	43	86	44	14	45	9	46	63	47	78	48	4	49	62
	0	34	1	48	2	22	3	43	4	36	5	47	6	6	7	10	8	69	9	15	10	5	11	68	12	33	13	2	14	11	15	99	16	26	17	83	18	79	19	33	20	21	21	53	22	53	23	30	24	50	25	91	26	31	27	7	28	63	29	35	30	55	31	27	32	18	33	79	34	99	35	18	36	28	37	22	38	83	39	11	40	85	41	100	42	50	43	99	44	17	45	92	46	80	47	69	48	56	49	90
	0	24	1	43	2	29	3	51	4	83	5	42	6	91	7	95	8	69	9	59	10	62	11	9	12	20	13	3	14	45	15	56	16	54	17	41	18	33	19	23	20	90	21	60	22	30	23	44	24	63	25	35	26	41	27	82	28	20	29	50	30	18	31	58	32	68	33	24	34	54	35	59	36	8	37	46	38	71	39	72	40	90	41	4	42	34	43	13	44	49	45	70	46	2	47	51	48	35	49	81
	0	84	1	54	2	31	3	14	4	67	5	5	6	14	7	64	8	35	9	54	10	26	11	59	12	90	13	15	14	42	15	70	16	58	17	25	18	56	19	11	20	18	21	11	22	23	23	30	24	13	25	48	26	35	27	36	28	8	29	98	30	8	31	10	32	23	33	56	34	5	35	4	36	44	37	51	38	44	39	26	40	86	41	78	42	42	43	41	44	84	45	56	46	100	47	77	48	10	49	37
	0	46	1	81	2	47	3	14	4	68	5	78	6	88	7	4	8	17	9	31	10	17	11	99	12	59	13	98	14	98	15	11	16	6	17	39	18	89	19	68	20	64	21	11	22	38	23	14	24	52	25	69	26	44	27	36	28	12	29	44	30	88	31	19	32	96	33	80	34	53	35	98	36	98	37	40	38	8	39	61	40	80	41	18	42	13	43	17	44	96	45	21	46	66	47	40	48	24	49	4
	0	15	1	55	2	54	3	63	4	93	5	12	6	90	7	38	8	46	9	76	10	71	11	70	12	77	13	37	14	18	15	4	16	14	17	94	18	52	19	59	20	79	21	87	22	53	23	80	24	14	25	79	26	46	27	54	28	91	29	2	30	44	31	60	32	18	33	24	34	66	35	77	36	12	37	9	38	33	39	75	40	100	41	62	42	91	43	56	44	71	45	95	46	20	47	29	48	93	49	46
	0	43	1	32	2	66	3	40	4	11	5	32	6	72	7	79	8	58	9	72	10	45	11	95	12	44	13	44	14	74	15	2	16	22	17	98	18	12	19	32	20	3	21	29	22	48	23	43	24	3	25	5	26	71	27	36	28	5	29	6	30	33	31	14	32	53	33	4	34	89	35	65	36	75	37	12	38	70	39	72	40	100	41	56	42	8	43	57	44	2	45	73	46	45	47	31	48	14	49	24
	0	70	1	97	2	68	3	79	4	66	5	31	6	62	7	22	8	85	9	42	10	69	11	62	12	62	13	70	14	33	15	75	16	30	17	100	18	11	19	86	20	24	21	78	22	60	23	85	24	69	25	65	26	88	27	37	28	74	29	64	30	4	31	5	32	18	33	10	34	42	35	29	36	60	37	5	38	40	39	11	40	31	41	34	42	8	43	3	44	88	45	1	46	7	47	94	48	24	49	68
	0	29	1	46	2	85	3	83	4	46	5	41	6	22	7	34	8	67	9	4	10	88	11	72	12	25	13	41	14	48	15	64	16	84	17	8	18	73	19	5	20	33	21	82	22	33	23	72	24	8	25	10	26	7	27	9	28	66	29	62	30	67	31	83	32	85	33	12	34	34	35	33	36	89	37	6	38	72	39	20	40	1	41	17	42	95	43	36	44	79	45	84	46	9	47	44	48	96	49	75
	0	77	1	37	2	54	3	42	4	24	5	56	6	56	7	39	8	91	9	8	10	75	11	34	12	14	13	48	14	82	15	29	16	85	17	41	18	37	19	66	20	29	21	15	22	47	23	99	24	88	25	55	26	41	27	39	28	8	29	21	30	29	31	13	32	79	33	70	34	38	35	2	36	43	37	24	38	29	39	26	40	1	41	28	42	66	43	14	44	73	45	56	46	66	47	69	48	88	49	85
	0	61	1	7	2	12	3	53	4	57	5	46	6	40	7	40	8	53	9	60	10	10	11	57	12	78	13	33	14	19	15	37	16	39	17	74	18	39	19	54	20	3	21	80	22	77	23	12	24	43	25	57	26	14	27	86	28	29	29	30	30	23	31	4	32	50	33	17	34	50	35	6	36	78	37	33	38	11	39	16	40	30	41	55	42	38	43	2	44	81	45	70	46	67	47	37	48	34	49	71
	0	67	1	62	2	47	3	90	4	43	5	17	6	80	7	72	8	64	9	9	10	9	11	38	12	2	13	3	14	15	15	85	16	75	17	85	18	52	19	10	20	40	21	21	22	55	23	83	24	72	25	96	26	25	27	90	28	29	29	30	30	17	31	10	32	91	33	3	34	27	35	18	36	5	37	15	38	23	39	18	40	7	41	84	42	89	43	45	44	72	45	50	46	86	47	2	48	31	49	40
	0	19	1	3	2	49	3	11	4	83	5	53	6	49	7	67	8	39	9	82	10	43	11	43	12	5	13	7	14	82	15	72	16	4	17	6	18	55	19	91	20	84	21	6	22	84	23	59	24	97	25	29	26	13	27	79	28	15	29	61	30	69	31	60	32	10	33	18	34	47	35	51	36	40	37	28	38	67	39	33	40	99	41	62	42	79	43	65	44	33	45	80	46	21	47	3	48	32	49	71
	0	63	1	44	2	50	3	98	4	97	5	71	6	7	7	94	8	36	9	86	10	72	11	56	12	45	13	74	14	54	15	34	16	20	17	24	18	20	19	20	20	79	21	1	22	28	23	73	24	41	25	50	26	58	27	49	28	92	29	69	30	64	31	6	32	85	33	89	34	76	35	9	36	2	37	47	38	36	39	73	40	86	41	32	42	50	43	83	44	27	45	48	46	76	47	8	48	41	49	25
	0	89	1	94	2	97	3	67	4	90	5	86	6	64	7	16	8	58	9	36	10	93	11	81	12	46	13	80	14	59	15	52	16	87	17	4	18	15	19	2	20	50	21	22	22	39	23	42	24	61	25	38	26	87	27	89	28	94	29	73	30	64	31	64	32	82	33	67	34	90	35	15	36	98	37	97	38	17	39	45	40	28	41	63	42	24	43	90	44	20	45	42	46	6	47	76	48	80	49	1
	0	10	1	40	2	57	3	28	4	8	5	4	6	36	7	22	8	8	9	42	10	24	11	40	12	27	13	65	14	6	15	7	16	85	17	19	18	9	19	28	20	2	21	82	22	86	23	56	24	98	25	86	26	23	27	13	28	30	29	16	30	20	31	67	32	17	33	54	34	13	35	100	36	34	37	72	38	28	39	33	40	79	41	92	42	74	43	94	44	49	45	65	46	36	47	33	48	68	49	43
	0	26	1	29	2	53	3	39	4	71	5	39	6	31	7	99	8	87	9	94	10	17	11	42	12	43	13	24	14	26	15	28	16	18	17	76	18	93	19	63	20	10	21	74	22	97	23	62	24	49	25	99	26	34	27	16	28	21	29	17	30	81	31	38	32	95	33	75	34	38	35	88	36	40	37	42	38	50	39	96	40	40	41	61	42	36	43	38	44	58	45	43	46	84	47	33	48	16	49	22
	0	95	1	58	2	76	3	49	4	67	5	16	6	51	7	95	8	66	9	84	10	76	11	80	12	25	13	46	14	10	15	70	16	58	17	68	18	72	19	93	20	90	21	84	22	6	23	68	24	39	25	2	26	41	27	47	28	95	29	29	30	98	31	27	32	80	33	2	34	39	35	62	36	2	37	53	38	75	39	97	40	15	41	50	42	89	43	97	44	59	45	96	46	10	47	42	48	44	49	82
	0	64	1	24	2	91	3	10	4	2	5	43	6	62	7	45	8	40	9	12	10	22	11	66	12	2	13	8	14	24	15	5	16	32	17	21	18	22	19	16	20	13	21	99	22	32	23	6	24	18	25	95	26	99	27	8	28	77	29	48	30	62	31	95	32	37	33	66	34	4	35	58	36	42	37	92	38	22	39	95	40	72	41	64	42	84	43	83	44	6	45	11	46	33	47	40	48	10	49	33
	0	57	1	84	2	49	3	70	4	50	5	62	6	91	7	50	8	19	9	90	10	42	11	69	12	12	13	38	14	30	15	54	16	85	17	54	18	36	19	99	20	19	21	90	22	25	23	82	24	61	25	8	26	39	27	5	28	47	29	43	30	47	31	8	32	42	33	76	34	67	35	55	36	88	37	39	38	5	39	91	40	51	41	40	42	77	43	13	44	25	45	6	46	1	47	22	48	100	49	59
	0	88	1	22	2	38	3	86	4	59	5	95	6	87	7	57	8	73	9	88	10	40	11	17	12	39	13	58	14	21	15	50	16	43	17	78	18	44	19	73	20	31	21	98	22	85	23	43	24	3	25	17	26	64	27	56	28	32	29	9	30	22	31	78	32	97	33	97	34	43	35	50	36	1	37	83	38	56	39	37	40	24	41	82	42	16	43	28	44	99	45	95	46	47	47	2	48	49	49	36
	0	1	1	16	2	5	3	4	4	69	5	76	6	85	7	43	8	27	9	12	10	22	11	53	12	32	13	51	14	58	15	36	16	84	17	65	18	51	19	81	20	21	21	42	22	55	23	39	24	14	25	4	26	64	27	34	28	78	29	69	30	54	31	7	32	25	33	30	34	39	35	93	36	8	37	3	38	33	39	78	40	44	41	60	42	91	43	94	44	18	45	59	46	61	47	29	48	93	49	27
	0	78	1	72	2	90	3	57	4	73	5	34	6	5	7	39	8	89	9	91	10	83	11	26	12	19	13	41	14	64	15	95	16	10	17	98	18	65	19	77	20	1	21	38	22	77	23	50	24	81	25	74	26	76	27	22	28	93	29	40	30	85	31	46	32	23	33	92	34	31	35	55	36	33	37	72	38	94	39	92	40	50	41	83	42	37	43	87	44	3	45	68	46	48	47	3	48	70	49	8
	0	61	1	42	2	92	3	65	4	22	5	98	6	53	7	36	8	12	9	98	10	34	11	12	12	56	13	48	14	93	15	29	16	68	17	97	18	32	19	82	20	18	21	83	22	44	23	30	24	23	25	5	26	60	27	93	28	92	29	61	30	38	31	60	32	75	33	28	34	51	35	26	36	6	37	83	38	89	39	26	40	36	41	84	42	61	43	63	44	87	45	70	46	72	47	22	48	84	49	36
	0	15	1	21	2	45	3	99	4	87	5	51	6	32	7	73	8	39	9	97	10	92	11	89	12	4	13	44	14	43	15	57	16	70	17	16	18	92	19	46	20	89	21	89	22	70	23	19	24	44	25	88	26	41	27	66	28	7	29	61	30	19	31	11	32	69	33	71	34	78	35	90	36	16	37	70	38	62	39	21	40	84	41	39	42	27	43	22	44	31	45	2	46	61	47	39	48	85	49	57
	0	72	1	96	2	77	3	73	4	39	5	77	6	50	7	59	8	64	9	1	10	22	11	89	12	73	13	52	14	31	15	43	16	53	17	69	18	88	19	11	20	21	21	21	22	34	23	55	24	60	25	8	26	47	27	27	28	81	29	72	30	79	31	96	32	75	33	2	34	94	35	29	36	81	37	73	38	43	39	25	40	84	41	57	42	7	43	99	44	1	45	77	46	79	47	71	48	38	49	15
	0	82	1	98	2	22	3	81	4	24	5	54	6	36	7	11	8	56	9	62	10	12	11	45	12	78	13	8	14	58	15	100	16	4	17	7	18	38	19	62	20	78	21	9	22	14	23	29	24	23	25	37	26	17	27	94	28	39	29	20	30	33	31	69	32	94	33	59	34	88	35	51	36	84	37	27	38	83	39	7	40	28	41	5	42	22	43	34	44	57	45	93	46	15	47	90	48	89	49	61
	0	62	1	37	2	10	3	14	4	46	5	25	6	2	7	99	8	94	9	100	10	80	11	77	12	73	13	38	14	43	15	21	16	49	17	17	18	40	19	36	20	11	21	87	22	6	23	2	24	37	25	5	26	31	27	80	28	70	29	34	30	52	31	43	32	11	33	30	34	86	35	16	36	59	37	68	38	47	39	35	40	60	41	79	42	20	43	60	44	24	45	92	46	68	47	16	48	43	49	6
	0	12	1	24	2	14	3	56	4	2	5	53	6	42	7	15	8	66	9	22	10	82	11	59	12	19	13	11	14	51	15	11	16	49	17	72	18	12	19	96	20	30	21	43	22	3	23	8	24	17	25	10	26	85	27	65	28	27	29	75	30	15	31	85	32	16	33	8	34	69	35	33	36	98	37	9	38	76	39	6	40	69	41	100	42	41	43	58	44	31	45	22	46	59	47	91	48	38	49	11
	0	48	1	59	2	94	3	75	4	69	5	49	6	80	7	96	8	89	9	55	10	100	11	31	12	19	13	57	14	65	15	83	16	33	17	52	18	49	19	72	20	39	21	12	22	94	23	22	24	71	25	84	26	54	27	35	28	15	29	20	30	88	31	42	32	93	33	22	34	52	35	35	36	60	37	55	38	59	39	14	40	100	41	26	42	86	43	18	44	16	45	68	46	64	47	19	48	50	49	58
	0	76	1	96	2	89	3	57	4	41	5	20	6	28	7	58	8	73	9	9	10	11	11	86	12	27	13	48	14	54	15	66	16	88	17	78	18	37	19	68	20	51	21	86	22	17	23	3	24	4	25	73	26	75	27	99	28	15	29	64	30	44	31	14	32	74	33	87	34	39	35	50	36	55	37	56	38	2	39	64	40	92	41	8	42	43	43	16	44	81	45	91	46	23	47	82	48	54	49	9
	0	20	1	19	2	99	3	61	4	69	5	76	6	95	7	35	8	74	9	72	10	16	11	41	12	23	13	95	14	6	15	1	16	64	17	92	18	24	19	16	20	14	21	48	22	36	23	95	24	19	25	76	26	68	27	7	28	74	29	78	30	76	31	86	32	84	33	29	34	89	35	13	36	20	37	1	38	20	39	41	40	95	41	49	42	59	43	52	44	76	45	91	46	7	47	47	48	92	49	74
	0	85	1	14	2	20	3	22	4	51	5	35	6	51	7	73	8	5	9	10	10	64	11	76	12	48	13	19	14	64	15	5	16	56	17	44	18	67	19	97	20	58	21	34	22	34	23	30	24	33	25	74	26	78	27	3	28	81	29	85	30	12	31	73	32	18	33	89	34	6	35	62	36	4	37	95	38	61	39	51	40	2	41	92	42	32	43	11	44	34	45	68	46	52	47	47	48	77	49	83
	0	39	1	45	2	11	3	56	4	89	5	54	6	20	7	60	8	83	9	51	10	3	11	27	12	70	13	58	14	49	15	9	16	94	17	8	18	79	19	43	20	78	21	93	22	65	23	18	24	100	25	33	26	69	27	47	28	97	29	42	30	76	31	85	32	96	33	93	34	100	35	51	36	68	37	99	38	99	39	40	40	32	41	66	42	18	43	36	44	71	45	85	46	48	47	66	48	36	49	63
	0	83	1	49	2	40	3	23	4	94	5	32	6	75	7	5	8	59	9	18	10	9	11	65	12	20	13	31	14	35	15	51	16	68	17	65	18	88	19	82	20	45	21	22	22	45	23	92	24	42	25	27	26	75	27	99	28	32	29	80	30	19	31	96	32	44	33	85	34	90	35	1	36	88	37	55	38	43	39	4	40	79	41	99	42	51	43	83	44	26	45	29	46	83	47	94	48	75	49	45
	0	73	1	59	2	25	3	88	4	27	5	91	6	60	7	66	8	3	9	36	10	64	11	98	12	62	13	38	14	9	15	24	16	83	17	30	18	37	19	83	20	76	21	23	22	75	23	55	24	48	25	48	26	51	27	13	28	99	29	62	30	4	31	39	32	54	33	27	34	5	35	99	36	65	37	35	38	29	39	72	40	30	41	20	42	49	43	92	44	15	45	85	46	44	47	40	48	77	49	49
	0	28	1	89	2	28	3	67	4	63	5	6	6	81	7	6	8	1	9	45	10	77	11	56	12	58	13	99	14	70	15	19	16	44	17	91	18	29	19	12	20	74	21	14	22	94	23	63	24	41	25	62	26	65	27	97	28	38	29	10	30	43	31	36	32	45	33	23	34	34	35	56	36	31	37	21	38	89	39	89	40	25	41	12	42	43	43	46	44	59	45	76	46	69	47	10	48	98	49	78
	0	73	1	25	2	94	3	12	4	86	5	68	6	38	7	33	8	28	9	99	10	98	11	10	12	54	13	10	14	64	15	12	16	14	17	24	18	34	19	24	20	69	21	17	22	19	23	29	24	56	25	60	26	51	27	24	28	5	29	11	30	17	31	48	32	31	33	88	34	54	35	41	36	57	37	25	38	81	39	59	40	54	41	79	42	54	43	21	44	97	45	29	46	60	47	59	48	71	49	19
	0	1	1	87	2	74	3	2	4	24	5	36	6	6	7	96	8	98	9	97	10	42	11	74	12	47	13	68	14	23	15	33	16	92	17	22	18	16	19	16	20	60	21	18	22	26	23	88	24	53	25	24	26	62	27	88	28	99	29	42	30	89	31	3	32	28	33	35	34	18	35	43	36	26	37	1	38	19	39	11	40	82	41	52	42	50	43	90	44	28	45	81	46	49	47	3	48	15	49	34
	0	29	1	8	2	8	3	16	4	60	5	43	6	64	7	100	8	48	9	22	10	47	11	18	12	35	13	51	14	83	15	45	16	72	17	29	18	55	19	18	20	52	21	30	22	9	23	48	24	8	25	89	26	97	27	7	28	94	29	55	30	3	31	2	32	20	33	61	34	4	35	85	36	4	37	25	38	78	39	34	40	64	41	6	42	62	43	20	44	61	45	55	46	5	47	44	48	62	49	39
	0	89	1	7	2	94	3	39	4	2	5	45	6	1	7	40	8	87	9	40	10	25	11	64	12	2	13	6	14	71	15	22	16	72	17	84	18	41	19	78	20	3	21	11	22	24	23	53	24	98	25	56	26	100	27	17	28	2	29	14	30	75	31	38	32	50	33	15	34	69	35	90	36	7	37	3	38	25	39	50	40	23	41	54	42	91	43	13	44	32	45	77	46	23	47	26	48	82	49	98
	0	83	1	10	2	69	3	19	4	52	5	16	6	5	7	13	8	67	9	57	10	52	11	84	12	55	13	83	14	4	15	17	16	32	17	99	18	89	19	85	20	80	21	66	22	28	23	97	24	25	25	5	26	81	27	95	28	71	29	1	30	49	31	39	32	79	33	94	34	28	35	45	36	78	37	86	38	28	39	52	40	62	41	7	42	6	43	37	44	2	45	18	46	64	47	11	48	71	49	45
	0	32	1	56	2	77	3	75	4	19	5	96	6	42	7	53	8	8	9	95	10	73	11	59	12	32	13	46	14	7	15	66	16	48	17	81	18	41	19	93	20	8	21	14	22	67	23	13	24	81	25	9	26	77	27	78	28	88	29	25	30	7	31	72	32	43	33	83	34	33	35	2	36	11	37	52	38	41	39	85	40	44	41	63	42	41	43	5	44	39	45	84	46	81	47	28	48	21	49	18
	0	86	1	8	2	79	3	12	4	46	5	36	6	68	7	84	8	97	9	87	10	80	11	12	12	96	13	88	14	47	15	31	16	73	17	10	18	10	19	43	20	3	21	45	22	88	23	34	24	47	25	32	26	18	27	44	28	46	29	43	30	59	31	49	32	70	33	39	34	73	35	39	36	46	37	49	38	27	39	1	40	36	41	55	42	87	43	52	44	23	45	64	46	92	47	72	48	31	49	3
	0	21	1	26	2	90	3	88	4	10	5	97	6	18	7	21	8	67	9	44	10	81	11	42	12	92	13	69	14	53	15	33	16	15	17	63	18	98	19	42	20	87	21	48	22	27	23	85	24	3	25	52	26	8	27	36	28	43	29	74	30	47	31	24	32	42	33	32	34	51	35	85	36	50	37	92	38	42	39	42	40	26	41	29	42	95	43	15	44	73	45	75	46	5	47	78	48	29	49	31
	0	15	1	18	2	51	3	66	4	61	5	67	6	69	7	44	8	4	9	4	10	87	11	11	12	70	13	53	14	67	15	69	16	14	17	21	18	20	19	10	20	63	21	57	22	84	23	71	24	34	25	22	26	74	27	65	28	4	29	99	30	29	31	62	32	93	33	92	34	88	35	48	36	86	37	79	38	67	39	88	40	95	41	32	42	32	43	57	44	57	45	10	46	87	47	23	48	91	49	94
	0	1	1	94	2	84	3	13	4	71	5	67	6	74	7	82	8	87	9	38	10	36	11	62	12	29	13	56	14	10	15	96	16	40	17	36	18	8	19	92	20	27	21	70	22	1	23	48	24	6	25	86	26	73	27	57	28	85	29	54	30	79	31	18	32	43	33	38	34	65	35	49	36	65	37	42	38	24	39	80	40	24	41	96	42	94	43	69	44	36	45	88	46	27	47	75	48	19	49	27
	0	92	1	61	2	26	3	3	4	72	5	44	6	56	7	76	8	89	9	90	10	42	11	1	12	53	13	19	14	69	15	90	16	23	17	91	18	88	19	46	20	27	21	66	22	19	23	41	24	78	25	66	26	53	27	8	28	90	29	86	30	5	31	67	32	58	33	34	34	82	35	26	36	91	37	76	38	50	39	5	40	85	41	47	42	33	43	79	44	76	45	38	46	70	47	45	48	34	49	56
	0	10	1	57	2	58	3	53	4	26	5	78	6	99	7	32	8	77	9	44	10	25	11	5	12	53	13	54	14	88	15	46	16	62	17	5	18	76	19	65	20	78	21	54	22	49	23	6	24	30	25	79	26	91	27	30	28	10	29	55	30	32	31	50	32	42	33	80	34	24	35	18	36	17	37	11	38	72	39	90	40	3	41	2	42	41	43	16	44	83	45	39	46	17	47	22	48	77	49	32
	0	76	1	94	2	47	3	3	4	78	5	82	6	97	7	68	8	23	9	64	10	20	11	19	12	8	13	65	14	44	15	44	16	68	17	2	18	87	19	50	20	22	21	100	22	18	23	62	24	33	25	22	26	89	27	23	28	43	29	76	30	83	31	26	32	72	33	13	34	87	35	37	36	73	37	29	38	97	39	91	40	83	41	24	42	3	43	89	44	11	45	86	46	20	47	8	48	61	49	11
	0	50	1	3	2	82	3	61	4	7	5	81	6	74	7	37	8	34	9	59	10	16	11	10	12	82	13	33	14	80	15	33	16	48	17	39	18	48	19	42	20	86	21	69	22	62	23	5	24	34	25	70	26	48	27	85	28	19	29	54	30	11	31	14	32	41	33	79	34	91	35	12	36	50	37	95	38	25	39	91	40	52	41	52	42	49	43	17	44	20	45	24	46	47	47	30	48	98	49	96
	0	20	1	53	2	16	3	99	4	34	5	21	6	55	7	17	8	85	9	23	10	35	11	93	12	57	13	44	14	14	15	92	16	98	17	30	18	20	19	13	20	25	21	27	22	45	23	58	24	10	25	77	26	90	27	99	28	54	29	46	30	29	31	96	32	17	33	34	34	35	35	55	36	58	37	95	38	80	39	37	40	43	41	51	42	8	43	63	44	70	45	100	46	46	47	56	48	59	49	31
	0	88	1	23	2	98	3	2	4	89	5	85	6	26	7	60	8	29	9	83	10	16	11	85	12	51	13	29	14	73	15	97	16	84	17	88	18	74	19	67	20	94	21	89	22	3	23	8	24	24	25	26	26	56	27	43	28	31	29	84	30	37	31	71	32	20	33	88	34	52	35	88	36	27	37	92	38	81	39	26	40	20	41	26	42	76	43	16	44	93	45	86	46	30	47	91	48	3	49	24
	0	5	1	91	2	51	3	82	4	3	5	23	6	13	7	73	8	52	9	98	10	85	11	94	12	3	13	44	14	74	15	50	16	77	17	70	18	75	19	90	20	16	21	23	22	91	23	8	24	16	25	71	26	9	27	58	28	40	29	6	30	24	31	69	32	56	33	33	34	76	35	79	36	39	37	13	38	51	39	20	40	29	41	55	42	44	43	5	44	37	45	85	46	9	47	25	48	43	49	47
	0	17	1	42	2	33	3	87	4	16	5	34	6	46	7	47	8	67	9	40	10	60	11	69	12	75	13	1	14	17	15	77	16	64	17	93	18	66	19	86	20	58	21	10	22	90	23	68	24	66	25	36	26	25	27	66	28	74	29	7	30	7	31	34	32	8	33	62	34	88	35	45	36	14	37	34	38	12	39	5	40	61	41	29	42	57	43	49	44	81	45	78	46	60	47	16	48	80	49	88
	0	94	1	37	2	3	3	13	4	70	5	55	6	26	7	9	8	63	9	99	10	17	11	65	12	7	13	57	14	74	15	15	16	97	17	13	18	48	19	68	20	91	21	69	22	3	23	20	24	3	25	51	26	61	27	33	28	38	29	62	30	61	31	81	32	94	33	50	34	95	35	26	36	40	37	97	38	22	39	47	40	54	41	35	42	78	43	47	44	64	45	58	46	12	47	18	48	35	49	94
	0	28	1	18	2	92	3	29	4	24	5	14	6	81	7	21	8	30	9	76	10	89	11	37	12	13	13	41	14	92	15	1	16	92	17	71	18	100	19	42	20	72	21	74	22	7	23	63	24	96	25	76	26	81	27	94	28	87	29	41	30	31	31	83	32	9	33	98	34	60	35	39	36	76	37	9	38	80	39	43	40	96	41	93	42	34	43	79	44	11	45	85	46	74	47	51	48	98	49	97
	0	85	1	98	2	12	3	17	4	42	5	13	6	3	7	51	8	44	9	34	10	35	11	4	12	74	13	61	14	91	15	43	16	70	17	13	18	34	19	9	20	98	21	41	22	65	23	48	24	74	25	40	26	3	27	87	28	82	29	53	30	58	31	81	32	63	33	40	34	1	35	3	36	84	37	53	38	26	39	49	40	23	41	61	42	65	43	77	44	13	45	100	46	19	47	19	48	31	49	35
	0	90	1	17	2	38	3	77	4	39	5	81	6	96	7	87	8	5	9	67	10	18	11	48	12	67	13	25	14	33	15	6	16	18	17	62	18	67	19	89	20	89	21	23	22	70	23	75	24	53	25	86	26	51	27	62	28	84	29	16	30	84	31	49	32	58	33	37	34	14	35	53	36	11	37	6	38	68	39	98	40	5	41	1	42	39	43	66	44	63	45	58	46	28	47	98	48	61	49	24
	0	32	1	68	2	9	3	2	4	20	5	86	6	46	7	5	8	50	9	94	10	22	11	52	12	4	13	65	14	71	15	77	16	47	17	10	18	74	19	18	20	41	21	69	22	61	23	14	24	62	25	27	26	28	27	35	28	15	29	83	30	49	31	22	32	31	33	76	34	2	35	93	36	91	37	21	38	62	39	59	40	32	41	38	42	14	43	70	44	98	45	55	46	84	47	45	48	66	49	27
	0	14	1	86	2	50	3	6	4	100	5	83	6	62	7	38	8	93	9	40	10	92	11	91	12	21	13	90	14	19	15	36	16	75	17	77	18	83	19	20	20	89	21	29	22	73	23	19	24	86	25	42	26	6	27	57	28	71	29	50	30	5	31	24	32	12	33	55	34	11	35	33	36	22	37	38	38	70	39	97	40	32	41	81	42	90	43	16	44	37	45	63	46	61	47	12	48	33	49	14
	0	79	1	37	2	87	3	42	4	10	5	55	6	11	7	64	8	100	9	73	10	27	11	4	12	10	13	58	14	46	15	48	16	25	17	86	18	93	19	58	20	76	21	90	22	63	23	93	24	73	25	17	26	77	27	78	28	32	29	6	30	76	31	40	32	46	33	41	34	83	35	81	36	37	37	53	38	6	39	59	40	87	41	68	42	67	43	19	44	33	45	26	46	87	47	63	48	73	49	14
	0	54	1	77	2	27	3	93	4	52	5	37	6	38	7	17	8	41	9	75	10	12	11	60	12	98	13	67	14	33	15	13	16	77	17	78	18	6	19	6	20	33	21	78	22	5	23	72	24	26	25	10	26	32	27	65	28	4	29	77	30	21	31	83	32	14	33	77	34	30	35	71	36	10	37	3	38	16	39	1	40	50	41	93	42	89	43	55	44	91	45	84	46	70	47	50	48	37	49	18
	0	24	1	99	2	100	3	98	4	24	5	78	6	60	7	93	8	76	9	48	10	59	11	42	12	18	13	70	14	51	15	93	16	47	17	76	18	91	19	6	20	69	21	21	22	44	23	74	24	60	25	9	26	39	27	57	28	74	29	63	30	5	31	36	32	60	33	6	34	61	35	22	36	49	37	44	38	45	39	86	40	40	41	92	42	11	43	86	44	94	45	68	46	16	47	13	48	99	49	53
	0	96	1	87	2	92	3	92	4	85	5	62	6	28	7	82	8	23	9	27	10	41	11	76	12	89	13	20	14	39	15	88	16	13	17	80	18	18	19	92	20	78	21	8	22	8	23	47	24	12	25	14	26	63	27	84	28	30	29	74	30	65	31	31	32	73	33	14	34	13	35	92	36	54	37	1	38	7	39	72	40	20	41	12	42	52	43	28	44	70	45	9	46	42	47	96	48	1	49	28
	0	98	1	7	2	74	3	79	4	69	5	8	6	13	7	9	8	22	9	37	10	82	11	67	12	82	13	33	14	11	15	82	16	94	17	64	18	53	19	37	20	16	21	15	22	1	23	9	24	70	25	71	26	99	27	94	28	12	29	72	30	14	31	50	32	94	33	40	34	72	35	21	36	23	37	5	38	57	39	29	40	50	41	64	42	33	43	32	44	44	45	68	46	47	47	12	48	29	49	14
	0	4	1	20	2	82	3	87	4	33	5	88	6	39	7	72	8	96	9	16	10	46	11	43	12	86	13	54	14	40	15	5	16	28	17	59	18	76	19	9	20	83	21	8	22	9	23	12	24	15	25	64	26	4	27	34	28	65	29	53	30	44	31	15	32	49	33	98	34	41	35	3	36	78	37	99	38	90	39	11	40	53	41	70	42	100	43	30	44	97	45	77	46	4	47	79	48	19	49	18
	0	43	1	28	2	27	3	58	4	45	5	45	6	28	7	5	8	72	9	21	10	91	11	78	12	98	13	1	14	52	15	23	16	37	17	16	18	94	19	65	20	33	21	84	22	32	23	1	24	88	25	39	26	72	27	82	28	88	29	4	30	44	31	25	32	46	33	13	34	18	35	68	36	85	37	38	38	45	39	53	40	14	41	4	42	98	43	88	44	85	45	71	46	95	47	47	48	20	49	21
	0	33	1	88	2	64	3	99	4	63	5	6	6	83	7	67	8	81	9	58	10	24	11	87	12	21	13	8	14	15	15	49	16	83	17	2	18	40	19	84	20	8	21	55	22	59	23	51	24	3	25	11	26	29	27	88	28	81	29	24	30	50	31	49	32	44	33	45	34	58	35	80	36	50	37	33	38	13	39	99	40	39	41	20	42	80	43	99	44	89	45	98	46	87	47	65	48	41	49	1
	0	4	1	86	2	28	3	10	4	88	5	16	6	71	7	2	8	88	9	80	10	35	11	12	12	93	13	72	14	69	15	93	16	76	17	62	18	65	19	82	20	67	21	10	22	9	23	12	24	55	25	72	26	5	27	25	28	9	29	25	30	9	31	82	32	52	33	65	34	89	35	69	36	43	37	43	38	10	39	40	40	52	41	37	42	100	43	66	44	23	45	99	46	48	47	60	48	60	49	98
	0	51	1	5	2	89	3	65	4	96	5	1	6	81	7	6	8	51	9	24	10	35	11	34	12	98	13	41	14	44	15	53	16	44	17	34	18	23	19	66	20	73	21	33	22	47	23	16	24	41	25	46	26	24	27	80	28	14	29	56	30	36	31	53	32	21	33	4	34	82	35	15	36	52	37	84	38	23	39	62	40	23	41	28	42	24	43	37	44	14	45	48	46	22	47	97	48	15	49	59
	0	86	1	7	2	61	3	14	4	27	5	36	6	41	7	12	8	85	9	3	10	97	11	64	12	13	13	5	14	58	15	35	16	9	17	3	18	73	19	83	20	79	21	68	22	44	23	75	24	46	25	16	26	61	27	51	28	11	29	59	30	97	31	50	32	46	33	77	34	17	35	45	36	82	37	79	38	7	39	27	40	4	41	96	42	22	43	45	44	81	45	48	46	16	47	4	48	86	49	59
	0	2	1	46	2	80	3	14	4	52	5	2	6	79	7	92	8	35	9	73	10	18	11	14	12	53	13	64	14	75	15	78	16	32	17	12	18	34	19	94	20	63	21	54	22	87	23	25	24	8	25	37	26	15	27	90	28	19	29	68	30	91	31	4	32	27	33	48	34	88	35	55	36	8	37	49	38	6	39	28	40	28	41	15	42	34	43	50	44	17	45	9	46	5	47	97	48	40	49	28
	0	38	1	92	2	55	3	58	4	48	5	96	6	71	7	52	8	71	9	51	10	61	11	37	12	57	13	47	14	80	15	91	16	100	17	8	18	93	19	56	20	21	21	23	22	29	23	54	24	31	25	73	26	94	27	45	28	23	29	16	30	23	31	34	32	81	33	50	34	49	35	7	36	7	37	53	38	22	39	82	40	89	41	67	42	8	43	71	44	78	45	85	46	39	47	4	48	46	49	57
	0	7	1	66	2	24	3	17	4	21	5	45	6	66	7	98	8	60	9	85	10	75	11	99	12	6	13	95	14	85	15	5	16	30	17	68	18	95	19	80	20	65	21	94	22	91	23	87	24	94	25	84	26	3	27	7	28	28	29	41	30	86	31	49	32	73	33	23	34	22	35	87	36	82	37	16	38	77	39	58	40	58	41	91	42	65	43	6	44	59	45	6	46	1	47	64	48	6	49	11
	0	49	1	100	2	3	3	30	4	83	5	76	6	24	7	40	8	40	9	87	10	16	11	83	12	16	13	94	14	31	15	74	16	32	17	50	18	87	19	76	20	86	21	98	22	5	23	78	24	55	25	80	26	1	27	86	28	17	29	92	30	3	31	9	32	12	33	75	34	32	35	12	36	52	37	10	38	74	39	53	40	54	41	93	42	17	43	40	44	63	45	67	46	44	47	65	48	78	49	64
	0	4	1	7	2	98	3	77	4	86	5	12	6	64	7	58	8	91	9	81	10	51	11	23	12	68	13	33	14	38	15	5	16	44	17	36	18	69	19	82	20	91	21	92	22	68	23	77	24	90	25	44	26	88	27	8	28	94	29	44	30	91	31	23	32	98	33	70	34	100	35	71	36	57	37	12	38	70	39	63	40	38	41	63	42	55	43	52	44	69	45	59	46	88	47	30	48	26	49	74
	0	89	1	97	2	89	3	74	4	65	5	83	6	40	7	58	8	83	9	18	10	84	11	63	12	10	13	63	14	28	15	100	16	62	17	65	18	45	19	48	20	8	21	7	22	94	23	34	24	14	25	40	26	94	27	63	28	29	29	30	30	60	31	78	32	46	33	75	34	57	35	70	36	82	37	45	38	17	39	70	40	74	41	66	42	36	43	74	44	83	45	56	46	51	47	11	48	36	49	63
	0	47	1	39	2	70	3	94	4	57	5	17	6	44	7	9	8	49	9	21	10	39	11	22	12	24	13	72	14	62	15	49	16	50	17	3	18	17	19	83	20	16	21	92	22	21	23	83	24	93	25	29	26	65	27	14	28	16	29	93	30	59	31	80	32	29	33	59	34	7	35	14	36	68	37	67	38	95	39	50	40	65	41	15	42	99	43	64	44	92	45	61	46	37	47	69	48	96	49	45
	0	25	1	8	2	78	3	67	4	14	5	63	6	20	7	84	8	18	9	91	10	69	11	12	12	49	13	45	14	29	15	32	16	28	17	47	18	18	19	62	20	52	21	13	22	89	23	24	24	4	25	51	26	31	27	24	28	57	29	95	30	93	31	21	32	17	33	20	34	89	35	61	36	79	37	66	38	99	39	96	40	14	41	76	42	51	43	10	44	6	45	4	46	55	47	34	48	99	49	63
	0	39	1	7	2	29	3	15	4	91	5	31	6	51	7	20	8	6	9	16	10	89	11	4	12	7	13	8	14	64	15	8	16	81	17	68	18	71	19	15	20	36	21	23	22	30	23	100	24	99	25	7	26	17	27	14	28	84	29	92	30	45	31	20	32	11	33	35	34	75	35	36	36	59	37	20	38	48	39	43	40	75	41	70	42	85	43	86	44	78	45	35	46	94	47	48	48	29	49	10
	0	82	1	98	2	54	3	24	4	53	5	30	6	43	7	99	8	46	9	48	10	64	11	85	12	47	13	65	14	57	15	5	16	72	17	21	18	4	19	77	20	11	21	36	22	93	23	96	24	76	25	45	26	14	27	80	28	93	29	10	30	56	31	32	32	34	33	66	34	98	35	61	36	78	37	75	38	12	39	58	40	44	41	90	42	15	43	43	44	45	45	34	46	47	47	1	48	33	49	79
	0	55	1	88	2	63	3	49	4	9	5	79	6	80	7	100	8	93	9	75	10	5	11	47	12	29	13	9	14	82	15	35	16	34	17	96	18	5	19	83	20	27	21	34	22	44	23	43	24	26	25	49	26	37	27	54	28	97	29	37	30	6	31	82	32	62	33	42	34	34	35	75	36	68	37	81	38	96	39	82	40	65	41	3	42	31	43	5	44	60	45	41	46	15	47	84	48	46	49	95
	0	45	1	38	2	7	3	51	4	61	5	20	6	54	7	36	8	78	9	38	10	65	11	50	12	71	13	66	14	97	15	30	16	63	17	44	18	11	19	41	20	4	21	39	22	49	23	99	24	31	25	19	26	8	27	55	28	55	29	56	30	41	31	23	32	14	33	66	34	63	35	12	36	93	37	49	38	31	39	89	40	81	41	90	42	59	43	5	44	40	45	32	46	49	47	43	48	96	49	25
	0	73	1	76	2	71	3	30	4	34	5	47	6	21	7	11	8	76	9	3	10	55	11	60	12	45	13	47	14	40	15	32	16	4	17	96	18	21	19	73	20	56	21	45	22	17	23	4	24	28	25	94	26	58	27	45	28	31	29	74	30	87	31	29	32	86	33	76	34	42	35	30	36	81	37	86	38	76	39	94	40	11	41	66	42	2	43	68	44	3	45	38	46	54	47	37	48	35	49	57
	0	9	1	49	2	98	3	92	4	16	5	60	6	69	7	36	8	4	9	34	10	73	11	19	12	99	13	1	14	74	15	10	16	49	17	27	18	20	19	4	20	30	21	69	22	8	23	50	24	16	25	14	26	83	27	64	28	97	29	26	30	52	31	29	32	4	33	47	34	99	35	70	36	63	37	29	38	23	39	74	40	89	41	91	42	27	43	74	44	2	45	29	46	61	47	24	48	4	49	25
	0	51	1	43	2	73	3	26	4	6	5	88	6	49	7	100	8	70	9	100	10	19	11	78	12	52	13	18	14	34	15	52	16	69	17	71	18	4	19	71	20	76	21	80	22	57	23	74	24	66	25	37	26	73	27	39	28	62	29	38	30	3	31	39	32	46	33	94	34	53	35	44	36	90	37	40	38	86	39	88	40	74	41	18	42	76	43	15	44	23	45	11	46	13	47	62	48	90	49	37
	0	40	1	36	2	62	3	53	4	85	5	3	6	82	7	8	8	97	9	96	10	89	11	52	12	26	13	2	14	45	15	2	16	76	17	93	18	88	19	92	20	46	21	7	22	21	23	94	24	32	25	96	26	50	27	68	28	35	29	91	30	12	31	63	32	32	33	61	34	58	35	15	36	81	37	64	38	87	39	87	40	69	41	3	42	51	43	40	44	32	45	56	46	61	47	60	48	7	49	29
	0	77	1	56	2	80	3	50	4	59	5	5	6	60	7	19	8	13	9	27	10	78	11	64	12	58	13	94	14	97	15	73	16	85	17	19	18	89	19	5	20	15	21	77	22	88	23	5	24	50	25	54	26	67	27	62	28	75	29	17	30	67	31	99	32	75	33	72	34	71	35	71	36	56	37	30	38	39	39	22	40	88	41	4	42	3	43	24	44	19	45	30	46	12	47	88	48	12	49	42
	0	83	1	40	2	19	3	84	4	64	5	82	6	84	7	20	8	58	9	93	10	40	11	71	12	36	13	39	14	50	15	6	16	36	17	93	18	1	19	48	20	57	21	82	22	46	23	90	24	53	25	25	26	58	27	18	28	10	29	12	30	53	31	88	32	72	33	46	34	73	35	12	36	15	37	56	38	47	39	45	40	15	41	34	42	77	43	72	44	51	45	73	46	12	47	49	48	24	49	97
	0	3	1	41	2	10	3	14	4	51	5	52	6	54	7	36	8	7	9	59	10	82	11	38	12	66	13	87	14	95	15	65	16	71	17	69	18	63	19	88	20	27	21	8	22	30	23	88	24	80	25	21	26	7	27	16	28	18	29	22	30	18	31	34	32	90	33	92	34	2	35	73	36	67	37	34	38	17	39	40	40	70	41	7	42	77	43	51	44	55	45	97	46	28	47	1	48	26	49	64
	0	42	1	76	2	8	3	67	4	78	5	70	6	12	7	71	8	58	9	69	10	68	11	69	12	32	13	15	14	13	15	87	16	44	17	53	18	49	19	58	20	32	21	34	22	19	23	64	24	3	25	21	26	69	27	1	28	76	29	24	30	74	31	7	32	91	33	59	34	69	35	58	36	19	37	8	38	6	39	28	40	15	41	25	42	10	43	62	44	14	45	17	46	41	47	10	48	54	49	87
	0	49	1	20	2	74	3	30	4	99	5	87	6	23	7	12	8	3	9	11	10	78	11	68	12	70	13	12	14	60	15	15	16	86	17	89	18	93	19	46	20	65	21	46	22	46	23	66	24	36	25	100	26	44	27	80	28	63	29	51	30	60	31	47	32	15	33	96	34	2	35	52	36	23	37	82	38	62	39	72	40	96	41	62	42	6	43	29	44	88	45	90	46	3	47	59	48	28	49	50
	0	25	1	41	2	65	3	35	4	78	5	60	6	84	7	8	8	37	9	9	10	92	11	99	12	97	13	43	14	90	15	35	16	54	17	41	18	76	19	8	20	98	21	43	22	35	23	19	24	66	25	71	26	24	27	58	28	84	29	48	30	60	31	2	32	20	33	64	34	49	35	53	36	94	37	67	38	36	39	39	40	39	41	73	42	56	43	45	44	6	45	27	46	11	47	64	48	56	49	49
	0	11	1	74	2	71	3	51	4	48	5	71	6	94	7	18	8	95	9	32	10	75	11	77	12	44	13	88	14	69	15	2	16	33	17	12	18	38	19	34	20	21	21	70	22	27	23	4	24	7	25	80	26	39	27	86	28	11	29	88	30	11	31	44	32	54	33	44	34	76	35	16	36	13	37	35	38	61	39	60	40	36	41	31	42	54	43	78	44	34	45	23	46	44	47	53	48	100	49	74
	0	8	1	1	2	12	3	5	4	15	5	98	6	18	7	100	8	53	9	50	10	20	11	87	12	10	13	8	14	100	15	29	16	67	17	43	18	50	19	54	20	71	21	51	22	4	23	74	24	10	25	24	26	82	27	2	28	1	29	32	30	7	31	52	32	64	33	91	34	28	35	78	36	47	37	18	38	78	39	100	40	14	41	85	42	60	43	17	44	24	45	36	46	15	47	95	48	56	49	29
	0	26	1	97	2	60	3	9	4	75	5	83	6	36	7	28	8	35	9	95	10	76	11	65	12	79	13	13	14	20	15	22	16	32	17	45	18	100	19	88	20	100	21	78	22	97	23	98	24	52	25	11	26	7	27	37	28	33	29	59	30	13	31	58	32	53	33	62	34	96	35	16	36	47	37	82	38	36	39	40	40	35	41	47	42	92	43	94	44	12	45	74	46	49	47	96	48	36	49	91
	0	85	1	96	2	17	3	31	4	82	5	35	6	9	7	81	8	97	9	37	10	62	11	87	12	64	13	5	14	87	15	70	16	81	17	17	18	37	19	94	20	19	21	50	22	18	23	83	24	52	25	75	26	71	27	3	28	84	29	9	30	92	31	27	32	45	33	96	34	80	35	61	36	59	37	79	38	42	39	12	40	14	41	71	42	78	43	100	44	95	45	32	46	31	47	72	48	50	49	23
	0	83	1	45	2	5	3	87	4	17	5	3	6	41	7	79	8	95	9	21	10	12	11	41	12	1	13	92	14	55	15	5	16	63	17	70	18	25	19	54	20	55	21	67	22	60	23	93	24	27	25	69	26	48	27	91	28	33	29	43	30	70	31	8	32	42	33	65	34	19	35	19	36	60	37	81	38	31	39	88	40	89	41	100	42	81	43	65	44	9	45	48	46	25	47	3	48	60	49	60
	0	86	1	23	2	49	3	86	4	21	5	67	6	27	7	17	8	25	9	23	10	85	11	86	12	41	13	10	14	94	15	81	16	95	17	54	18	70	19	73	20	72	21	1	22	32	23	63	24	96	25	42	26	6	27	88	28	96	29	37	30	83	31	38	32	54	33	88	34	20	35	85	36	66	37	75	38	64	39	17	40	83	41	59	42	27	43	30	44	96	45	31	46	37	47	25	48	75	49	37
	0	66	1	6	2	99	3	30	4	69	5	85	6	18	7	20	8	28	9	27	10	43	11	15	12	66	13	9	14	49	15	89	16	59	17	57	18	46	19	10	20	97	21	95	22	40	23	18	24	41	25	30	26	1	27	37	28	90	29	28	30	9	31	53	32	60	33	87	34	31	35	1	36	19	37	92	38	69	39	39	40	57	41	12	42	71	43	11	44	64	45	82	46	1	47	5	48	52	49	71
	0	95	1	79	2	53	3	29	4	69	5	8	6	56	7	69	8	55	9	60	10	92	11	26	12	54	13	28	14	62	15	99	16	67	17	53	18	71	19	63	20	25	21	27	22	19	23	11	24	23	25	62	26	50	27	67	28	46	29	57	30	81	31	73	32	30	33	6	34	30	35	48	36	3	37	26	38	47	39	55	40	88	41	93	42	3	43	54	44	75	45	24	46	77	47	1	48	91	49	42
	0	83	1	28	2	24	3	1	4	85	5	21	6	69	7	70	8	21	9	74	10	27	11	1	12	22	13	86	14	51	15	27	16	98	17	31	18	31	19	59	20	34	21	24	22	65	23	95	24	2	25	48	26	44	27	44	28	4	29	28	30	70	31	35	32	82	33	67	34	58	35	65	36	74	37	68	38	17	39	99	40	90	41	18	42	96	43	35	44	49	45	9	46	40	47	91	48	95	49	12
	0	100	1	83	2	81	3	38	4	83	5	88	6	91	7	47	8	44	9	29	10	38	11	93	12	52	13	15	14	70	15	13	16	79	17	17	18	47	19	99	20	3	21	81	22	93	23	11	24	13	25	95	26	28	27	17	28	63	29	64	30	31	31	74	32	16	33	61	34	98	35	85	36	72	37	59	38	88	39	92	40	62	41	60	42	69	43	85	44	68	45	78	46	14	47	51	48	97	49	39
	0	13	1	94	2	1	3	7	4	86	5	71	6	47	7	55	8	23	9	62	10	68	11	23	12	84	13	51	14	43	15	48	16	42	17	81	18	94	19	59	20	37	21	24	22	95	23	57	24	83	25	68	26	35	27	34	28	55	29	17	30	79	31	4	32	25	33	54	34	13	35	37	36	46	37	15	38	71	39	30	40	92	41	73	42	85	43	61	44	5	45	31	46	1	47	86	48	12	49	66
	0	45	1	2	2	96	3	87	4	47	5	77	6	60	7	86	8	48	9	9	10	2	11	99	12	49	13	75	14	81	15	9	16	76	17	91	18	67	19	61	20	69	21	74	22	88	23	55	24	30	25	84	26	14	27	51	28	70	29	6	30	55	31	9	32	53	33	67	34	49	35	26	36	30	37	20	38	78	39	56	40	88	41	39	42	36	43	34	44	90	45	4	46	24	47	17	48	60	49	56
	0	67	1	31	2	33	3	78	4	60	5	90	6	97	7	14	8	2	9	2	10	85	11	31	12	62	13	5	14	80	15	97	16	96	17	86	18	64	19	21	20	7	21	74	22	19	23	80	24	8	25	14	26	44	27	30	28	45	29	60	30	68	31	82	32	83	33	48	34	60	35	73	36	53	37	37	38	68	39	84	40	28	41	25	42	42	43	68	44	71	45	75	46	19	47	99	48	61	49	17
	0	77	1	56	2	15	3	12	4	85	5	96	6	38	7	82	8	7	9	82	10	77	11	47	12	35	13	82	14	72	15	33	16	58	17	31	18	6	19	30	20	3	21	44	22	25	23	13	24	92	25	19	26	62	27	67	28	96	29	45	30	84	31	67	32	4	33	42	34	62	35	17	36	16	37	68	38	17	39	30	40	37	41	80	42	1	43	15	44	28	45	34	46	11	47	14	48	40	49	60
	0	54	1	82	2	49	3	56	4	94	5	11	6	46	7	69	8	65	9	54	10	72	11	68	12	30	13	88	14	88	15	30	16	8	17	14	18	24	19	92	20	8	21	4	22	48	23	31	24	41	25	26	26	50	27	81	28	100	29	17	30	30	31	10	32	27	33	79	34	32	35	98	36	6	37	14	38	72	39	97	40	50	41	39	42	38	43	68	44	81	45	33	46	81	47	15	48	5	49	6
	0	2	1	77	2	42	3	1	4	11	5	31	6	67	7	70	8	33	9	28	10	55	11	70	12	57	13	67	14	50	15	87	16	64	17	59	18	3	19	70	20	95	21	69	22	37	23	49	24	20	25	8	26	40	27	56	28	42	29	29	30	100	31	68	32	27	33	44	34	21	35	69	36	55	37	66	38	96	39	62	40	44	41	47	42	15	43	4	44	59	45	58	46	44	47	46	48	38	49	45
	0	98	1	79	2	98	3	39	4	88	5	38	6	76	7	16	8	31	9	12	10	37	11	43	12	37	13	57	14	59	15	32	16	18	17	9	18	69	19	10	20	87	21	45	22	83	23	70	24	39	25	51	26	81	27	50	28	25	29	76	30	31	31	76	32	73	33	91	34	25	35	52	36	13	37	86	38	97	39	83	40	99	41	60	42	40	43	66	44	56	45	4	46	42	47	92	48	76	49	72
	0	98	1	28	2	49	3	88	4	82	5	97	6	6	7	42	8	77	9	46	10	4	11	69	12	1	13	83	14	82	15	8	16	72	17	41	18	64	19	100	20	5	21	64	22	7	23	57	24	35	25	49	26	89	27	15	28	1	29	87	30	7	31	60	32	44	33	73	34	31	35	86	36	5	37	90	38	16	39	14	40	8	41	91	42	89	43	97	44	90	45	15	46	47	47	85	48	98	49	29
	0	42	1	15	2	58	3	79	4	40	5	65	6	11	7	80	8	66	9	75	10	43	11	98	12	95	13	30	14	69	15	85	16	31	17	61	18	50	19	75	20	89	21	2	22	44	23	67	24	81	25	7	26	24	27	32	28	62	29	27	30	17	31	27	32	91	33	91	34	44	35	10	36	2	37	46	38	66	39	86	40	12	41	44	42	60	43	19	44	94	45	86	46	91	47	96	48	92	49	62
	0	49	1	43	2	64	3	45	4	61	5	97	6	77	7	23	8	9	9	10	10	92	11	90	12	2	13	35	14	1	15	14	16	87	17	6	18	20	19	64	20	7	21	34	22	47	23	61	24	27	25	55	26	29	27	87	28	87	29	27	30	100	31	64	32	64	33	49	34	1	35	81	36	44	37	42	38	70	39	47	40	37	41	38	42	70	43	84	44	82	45	43	46	7	47	99	48	39	49	79
	0	39	1	82	2	46	3	29	4	87	5	38	6	99	7	29	8	92	9	42	10	91	11	86	12	89	13	69	14	91	15	10	16	83	17	52	18	86	19	1	20	49	21	54	22	79	23	20	24	1	25	69	26	48	27	30	28	89	29	85	30	90	31	3	32	24	33	70	34	5	35	15	36	41	37	67	38	17	39	76	40	50	41	12	42	94	43	70	44	37	45	6	46	61	47	10	48	9	49	1
	0	86	1	14	2	95	3	99	4	94	5	73	6	59	7	56	8	43	9	63	10	74	11	38	12	59	13	19	14	62	15	94	16	14	17	77	18	15	19	14	20	3	21	45	22	36	23	10	24	48	25	69	26	67	27	28	28	34	29	96	30	1	31	71	32	53	33	59	34	89	35	12	36	18	37	28	38	91	39	8	40	73	41	99	42	32	43	53	44	100	45	30	46	59	47	24	48	9	49	38
	0	11	1	23	2	61	3	1	4	57	5	99	6	60	7	57	8	48	9	18	10	5	11	78	12	100	13	8	14	3	15	54	16	3	17	100	18	74	19	31	20	10	21	41	22	99	23	84	24	80	25	48	26	99	27	5	28	42	29	33	30	36	31	58	32	26	33	13	34	81	35	20	36	88	37	96	38	95	39	100	40	95	41	83	42	2	43	31	44	69	45	60	46	60	47	54	48	6	49	45
	0	66	1	42	2	4	3	21	4	40	5	52	6	80	7	70	8	74	9	75	10	58	11	93	12	46	13	39	14	50	15	82	16	33	17	94	18	74	19	66	20	77	21	53	22	65	23	58	24	85	25	95	26	90	27	75	28	54	29	54	30	64	31	9	32	81	33	35	34	28	35	65	36	74	37	28	38	39	39	91	40	78	41	36	42	74	43	78	44	1	45	22	46	72	47	3	48	70	49	30
	0	33	1	30	2	87	3	58	4	65	5	4	6	47	7	71	8	65	9	3	10	27	11	91	12	36	13	28	14	90	15	97	16	9	17	44	18	36	19	24	20	8	21	12	22	95	23	48	24	79	25	66	26	68	27	84	28	74	29	26	30	29	31	47	32	50	33	57	34	64	35	49	36	45	37	9	38	14	39	28	40	17	41	97	42	24	43	36	44	78	45	14	46	45	47	30	48	43	49	78
	0	18	1	43	2	87	3	58	4	43	5	35	6	81	7	33	8	25	9	43	10	33	11	76	12	30	13	78	14	83	15	69	16	5	17	46	18	99	19	87	20	44	21	96	22	90	23	10	24	1	25	3	26	39	27	58	28	82	29	50	30	97	31	40	32	71	33	75	34	17	35	82	36	70	37	86	38	6	39	59	40	54	41	58	42	23	43	58	44	74	45	72	46	59	47	41	48	64	49	62
	0	68	1	79	2	31	3	71	4	47	5	98	6	21	7	43	8	65	9	25	10	20	11	87	12	9	13	55	14	5	15	1	16	88	17	62	18	62	19	53	20	6	21	25	22	48	23	24	24	12	25	49	26	46	27	91	28	75	29	95	30	54	31	94	32	39	33	52	34	96	35	12	36	71	37	16	38	54	39	47	40	98	41	58	42	59	43	84	44	86	45	97	46	85	47	91	48	32	49	4
	0	32	1	52	2	47	3	13	4	6	5	77	6	64	7	7	8	14	9	11	10	99	11	10	12	46	13	33	14	42	15	100	16	99	17	42	18	68	19	23	20	79	21	45	22	74	23	77	24	85	25	2	26	7	27	95	28	35	29	1	30	29	31	42	32	30	33	63	34	20	35	7	36	35	37	90	38	37	39	64	40	29	41	21	42	69	43	13	44	66	45	55	46	55	47	44	48	28	49	49
	0	61	1	78	2	82	3	5	4	24	5	77	6	63	7	10	8	19	9	26	10	37	11	80	12	3	13	32	14	37	15	31	16	34	17	93	18	51	19	78	20	86	21	29	22	24	23	27	24	93	25	84	26	1	27	29	28	98	29	31	30	7	31	83	32	94	33	44	34	57	35	36	36	76	37	32	38	44	39	96	40	42	41	23	42	32	43	65	44	24	45	61	46	67	47	64	48	20	49	57
	0	76	1	91	2	61	3	88	4	14	5	46	6	51	7	55	8	95	9	8	10	40	11	34	12	91	13	62	14	35	15	83	16	6	17	84	18	51	19	89	20	59	21	59	22	63	23	66	24	17	25	79	26	6	27	41	28	67	29	35	30	27	31	89	32	42	33	23	34	7	35	3	36	100	37	11	38	92	39	7	40	50	41	40	42	93	43	53	44	68	45	63	46	66	47	59	48	39	49	35
	0	68	1	75	2	26	3	15	4	43	5	89	6	46	7	39	8	9	9	10	10	18	11	81	12	25	13	79	14	87	15	4	16	64	17	14	18	63	19	68	20	34	21	76	22	24	23	57	24	15	25	16	26	61	27	31	28	95	29	38	30	73	31	15	32	39	33	91	34	41	35	91	36	11	37	78	38	34	39	48	40	40	41	33	42	31	43	2	44	7	45	18	46	57	47	3	48	67	49	34
	0	66	1	77	2	68	3	47	4	34	5	83	6	8	7	75	8	22	9	74	10	48	11	89	12	34	13	88	14	72	15	17	16	86	17	30	18	66	19	69	20	52	21	98	22	49	23	2	24	53	25	62	26	82	27	100	28	7	29	28	30	48	31	57	32	59	33	13	34	53	35	58	36	56	37	31	38	22	39	11	40	39	41	63	42	69	43	79	44	54	45	56	46	72	47	8	48	24	49	89
	0	79	1	51	2	28	3	71	4	32	5	34	6	61	7	92	8	83	9	20	10	98	11	28	12	32	13	51	14	70	15	65	16	19	17	98	18	23	19	100	20	50	21	29	22	32	23	34	24	28	25	80	26	75	27	63	28	37	29	94	30	3	31	38	32	90	33	62	34	48	35	38	36	30	37	75	38	66	39	82	40	61	41	73	42	1	43	90	44	41	45	61	46	14	47	35	48	69	49	7
	0	25	1	83	2	31	3	64	4	52	5	86	6	9	7	64	8	45	9	89	10	61	11	86	12	50	13	61	14	11	15	95	16	58	17	58	18	31	19	96	20	13	21	92	22	88	23	59	24	93	25	39	26	92	27	9	28	85	29	40	30	71	31	78	32	9	33	57	34	49	35	74	36	85	37	85	38	21	39	5	40	21	41	55	42	33	43	68	44	80	45	59	46	21	47	93	48	60	49	82
	0	65	1	95	2	78	3	40	4	57	5	77	6	61	7	40	8	98	9	93	10	62	11	11	12	68	13	55	14	84	15	92	16	35	17	45	18	50	19	58	20	91	21	78	22	68	23	20	24	39	25	100	26	87	27	42	28	74	29	50	30	14	31	46	32	12	33	95	34	71	35	13	36	81	37	28	38	96	39	97	40	65	41	87	42	8	43	92	44	72	45	32	46	12	47	45	48	64	49	91
	0	97	1	97	2	67	3	60	4	57	5	84	6	59	7	23	8	48	9	38	10	89	11	12	12	37	13	77	14	93	15	49	16	34	17	60	18	92	19	14	20	100	21	53	22	96	23	44	24	66	25	42	26	63	27	56	28	15	29	62	30	55	31	50	32	9	33	58	34	17	35	30	36	69	37	82	38	67	39	49	40	25	41	89	42	60	43	77	44	5	45	92	46	77	47	33	48	41	49	93
	0	43	1	41	2	82	3	91	4	90	5	90	6	63	7	34	8	94	9	27	10	73	11	79	12	75	13	88	14	5	15	61	16	29	17	67	18	92	19	93	20	35	21	70	22	60	23	48	24	48	25	94	26	53	27	96	28	76	29	52	30	2	31	91	32	10	33	13	34	59	35	32	36	40	37	31	38	9	39	56	40	89	41	93	42	23	43	22	44	34	45	98	46	32	47	91	48	14	49	54
	0	20	1	31	2	29	3	54	4	81	5	86	6	87	7	63	8	71	9	84	10	49	11	36	12	56	13	93	14	85	15	38	16	55	17	35	18	34	19	48	20	97	21	8	22	38	23	57	24	61	25	3	26	88	27	99	28	72	29	96	30	98	31	73	32	58	33	52	34	10	35	46	36	96	37	84	38	79	39	38	40	8	41	37	42	1	43	43	44	78	45	7	46	82	47	26	48	4	49	100
	0	57	1	98	2	3	3	6	4	7	5	72	6	40	7	25	8	40	9	36	10	42	11	88	12	33	13	10	14	17	15	50	16	35	17	66	18	98	19	41	20	98	21	22	22	72	23	30	24	81	25	56	26	74	27	100	28	37	29	86	30	43	31	66	32	88	33	15	34	84	35	78	36	27	37	42	38	70	39	81	40	37	41	81	42	89	43	44	44	88	45	50	46	16	47	56	48	56	49	11
	0	60	1	67	2	86	3	70	4	26	5	23	6	82	7	85	8	82	9	7	10	5	11	31	12	23	13	10	14	1	15	10	16	83	17	68	18	3	19	23	20	21	21	52	22	69	23	32	24	93	25	4	26	53	27	82	28	81	29	44	30	20	31	56	32	41	33	88	34	59	35	89	36	95	37	66	38	46	39	68	40	75	41	25	42	60	43	75	44	99	45	48	46	67	47	71	48	22	49	33
	0	9	1	24	2	18	3	6	4	76	5	16	6	67	7	74	8	38	9	94	10	48	11	25	12	69	13	51	14	80	15	43	16	100	17	39	18	58	19	99	20	57	21	68	22	58	23	16	24	98	25	32	26	33	27	36	28	50	29	60	30	8	31	44	32	89	33	3	34	47	35	4	36	39	37	83	38	59	39	20	40	74	41	79	42	59	43	47	44	43	45	24	46	2	47	86	48	64	49	29
	0	53	1	52	2	45	3	75	4	69	5	5	6	35	7	20	8	99	9	69	10	12	11	20	12	32	13	88	14	58	15	72	16	49	17	93	18	87	19	12	20	47	21	77	22	12	23	28	24	64	25	1	26	73	27	77	28	12	29	83	30	75	31	21	32	77	33	41	34	87	35	6	36	77	37	82	38	7	39	57	40	74	41	79	42	8	43	66	44	66	45	63	46	1	47	93	48	23	49	11
	0	94	1	8	2	42	3	41	4	23	5	35	6	22	7	15	8	88	9	92	10	99	11	18	12	29	13	28	14	83	15	73	16	4	17	4	18	87	19	1	20	71	21	62	22	46	23	41	24	90	25	92	26	65	27	83	28	74	29	81	30	29	31	84	32	78	33	3	34	90	35	73	36	99	37	97	38	98	39	56	40	13	41	25	42	34	43	84	44	92	45	15	46	83	47	44	48	62	49	38
	0	33	1	80	2	4	3	58	4	11	5	66	6	3	7	68	8	66	9	76	10	1	11	100	12	81	13	28	14	3	15	53	16	68	17	97	18	52	19	10	20	67	21	30	22	67	23	9	24	73	25	92	26	98	27	99	28	46	29	38	30	72	31	4	32	86	33	100	34	1	35	67	36	69	37	4	38	91	39	41	40	91	41	83	42	79	43	68	44	53	45	46	46	79	47	45	48	86	49	4
	0	15	1	74	2	9	3	83	4	63	5	55	6	51	7	65	8	55	9	47	10	100	11	31	12	93	13	27	14	46	15	8	16	82	17	13	18	33	19	46	20	89	21	35	22	44	23	60	24	74	25	54	26	76	27	32	28	61	29	89	30	88	31	44	32	39	33	89	34	14	35	99	36	12	37	49	38	90	39	42	40	38	41	78	42	30	43	84	44	26	45	54	46	49	47	14	48	84	49	24
	0	20	1	20	2	31	3	48	4	10	5	78	6	22	7	77	8	39	9	68	10	48	11	22	12	49	13	37	14	98	15	56	16	80	17	2	18	19	19	54	20	92	21	74	22	94	23	65	24	79	25	50	26	19	27	62	28	61	29	92	30	64	31	27	32	56	33	95	34	44	35	57	36	59	37	19	38	31	39	11	40	89	41	27	42	85	43	9	44	78	45	62	46	84	47	79	48	11	49	54
	0	84	1	10	2	42	3	26	4	41	5	30	6	47	7	70	8	65	9	54	10	83	11	79	12	1	13	50	14	76	15	78	16	51	17	16	18	44	19	81	20	78	21	78	22	30	23	69	24	65	25	41	26	17	27	66	28	12	29	64	30	20	31	57	32	4	33	32	34	10	35	80	36	65	37	46	38	92	39	74	40	2	41	58	42	48	43	79	44	94	45	25	46	21	47	15	48	71	49	54
	0	98	1	78	2	10	3	53	4	26	5	43	6	21	7	34	8	39	9	57	10	16	11	16	12	28	13	52	14	68	15	14	16	47	17	29	18	25	19	40	20	33	21	81	22	14	23	31	24	21	25	58	26	62	27	85	28	40	29	91	30	17	31	76	32	41	33	34	34	45	35	63	36	95	37	88	38	37	39	34	40	53	41	8	42	48	43	45	44	64	45	18	46	64	47	25	48	86	49	81
	0	47	1	88	2	41	3	100	4	30	5	54	6	100	7	45	8	43	9	63	10	91	11	30	12	99	13	65	14	72	15	90	16	70	17	85	18	17	19	33	20	38	21	11	22	98	23	58	24	85	25	59	26	63	27	74	28	73	29	11	30	45	31	58	32	32	33	21	34	50	35	28	36	24	37	36	38	19	39	36	40	99	41	95	42	40	43	96	44	20	45	82	46	74	47	100	48	46	49	51
	0	26	1	93	2	96	3	61	4	46	5	7	6	19	7	70	8	70	9	79	10	72	11	94	12	23	13	97	14	46	15	18	16	50	17	51	18	16	19	13	20	40	21	88	22	7	23	17	24	58	25	91	26	81	27	60	28	14	29	33	30	100	31	40	32	18	33	76	34	28	35	8	36	4	37	22	38	68	39	92	40	36	41	29	42	34	43	74	44	3	45	47	46	29	47	11	48	87	49	44
	0	71	1	46	2	60	3	25	4	70	5	69	6	28	7	58	8	76	9	13	10	41	11	70	12	30	13	86	14	43	15	75	16	98	17	2	18	10	19	31	20	66	21	38	22	21	23	60	24	26	25	25	26	50	27	73	28	91	29	84	30	67	31	73	32	98	33	24	34	10	35	32	36	7	37	91	38	37	39	75	40	96	41	29	42	87	43	9	44	8	45	73	46	10	47	75	48	13	49	21
	0	36	1	28	2	68	3	24	4	94	5	47	6	11	7	1	8	13	9	54	10	10	11	72	12	54	13	91	14	54	15	62	16	52	17	62	18	59	19	25	20	82	21	63	22	26	23	74	24	66	25	58	26	72	27	37	28	87	29	50	30	25	31	67	32	84	33	71	34	51	35	69	36	28	37	4	38	47	39	29	40	23	41	82	42	37	43	61	44	68	45	41	46	39	47	2	48	82	49	27
	0	88	1	13	2	67	3	81	4	47	5	89	6	75	7	44	8	33	9	65	10	99	11	60	12	34	13	70	14	92	15	82	16	11	17	90	18	8	19	85	20	87	21	15	22	92	23	64	24	92	25	91	26	89	27	54	28	99	29	11	30	27	31	8	32	74	33	1	34	4	35	27	36	35	37	94	38	95	39	4	40	70	41	97	42	28	43	59	44	84	45	87	46	30	47	46	48	65	49	10
	0	24	1	82	2	82	3	41	4	19	5	19	6	64	7	50	8	53	9	51	10	25	11	85	12	49	13	47	14	20	15	36	16	14	17	36	18	62	19	84	20	89	21	92	22	34	23	23	24	15	25	85	26	63	27	1	28	100	29	14	30	49	31	49	32	74	33	26	34	74	35	65	36	82	37	83	38	16	39	81	40	54	41	42	42	56	43	44	44	42	45	50	46	48	47	64	48	23	49	86
	0	95	1	29	2	2	3	73	4	47	5	85	6	59	7	68	8	5	9	21	10	38	11	99	12	21	13	33	14	67	15	88	16	3	17	22	18	44	19	5	20	78	21	76	22	44	23	25	24	71	25	37	26	32	27	90	28	100	29	37	30	68	31	90	32	96	33	79	34	64	35	29	36	99	37	77	38	15	39	28	40	91	41	84	42	11	43	80	44	59	45	85	46	15	47	77	48	5	49	24
	0	49	1	47	2	52	3	80	4	35	5	90	6	100	7	38	8	79	9	100	10	38	11	5	12	91	13	4	14	21	15	58	16	85	17	54	18	52	19	44	20	97	21	70	22	46	23	51	24	21	25	98	26	60	27	34	28	42	29	41	30	9	31	59	32	25	33	86	34	8	35	88	36	93	37	12	38	14	39	47	40	75	41	81	42	47	43	20	44	44	45	19	46	25	47	68	48	60	49	58
	0	38	1	83	2	78	3	92	4	40	5	13	6	100	7	60	8	43	9	8	10	76	11	69	12	40	13	90	14	84	15	13	16	90	17	49	18	45	19	59	20	32	21	94	22	45	23	95	24	29	25	38	26	85	27	69	28	55	29	86	30	67	31	63	32	60	33	43	34	87	35	80	36	88	37	85	38	17	39	36	40	46	41	37	42	57	43	86	44	20	45	61	46	19	47	33	48	10	49	61
	0	74	1	84	2	16	3	30	4	48	5	69	6	8	7	13	8	82	9	23	10	55	11	66	12	64	13	6	14	88	15	24	16	12	17	8	18	52	19	10	20	69	21	60	22	27	23	52	24	29	25	59	26	65	27	88	28	5	29	65	30	49	31	76	32	21	33	33	34	76	35	38	36	74	37	95	38	28	39	4	40	9	41	94	42	62	43	41	44	95	45	38	46	68	47	77	48	97	49	39
	0	37	1	56	2	90	3	30	4	67	5	86	6	46	7	92	8	85	9	65	10	3	11	42	12	62	13	96	14	85	15	39	16	66	17	24	18	47	19	28	20	53	21	69	22	48	23	29	24	12	25	17	26	85	27	25	28	11	29	5	30	46	31	28	32	97	33	19	34	44	35	9	36	64	37	75	38	70	39	30	40	88	41	64	42	54	43	11	44	71	45	74	46	24	47	24	48	85	49	23
	0	22	1	88	2	68	3	69	4	89	5	17	6	34	7	79	8	43	9	45	10	100	11	63	12	19	13	15	14	26	15	21	16	29	17	23	18	39	19	55	20	69	21	54	22	75	23	32	24	82	25	34	26	71	27	16	28	52	29	99	30	76	31	93	32	90	33	58	34	78	35	66	36	31	37	86	38	52	39	87	40	60	41	92	42	91	43	57	44	36	45	31	46	68	47	10	48	76	49	63
	0	31	1	63	2	20	3	87	4	44	5	93	6	96	7	86	8	24	9	79	10	42	11	65	12	31	13	24	14	72	15	85	16	7	17	24	18	79	19	2	20	85	21	79	22	9	23	74	24	6	25	45	26	72	27	97	28	10	29	63	30	48	31	84	32	100	33	39	34	9	35	91	36	87	37	48	38	86	39	55	40	66	41	72	42	25	43	11	44	84	45	27	46	24	47	81	48	2	49	7
	0	46	1	71	2	51	3	69	4	48	5	11	6	41	7	36	8	63	9	22	10	85	11	80	12	41	13	3	14	28	15	24	16	27	17	64	18	93	19	73	20	24	21	46	22	100	23	55	24	87	25	17	26	17	27	43	28	31	29	23	30	29	31	83	32	55	33	37	34	58	35	46	36	16	37	38	38	59	39	91	40	100	41	3	42	72	43	89	44	84	45	4	46	15	47	61	48	75	49	47
	0	44	1	22	2	67	3	76	4	2	5	40	6	76	7	49	8	53	9	38	10	16	11	49	12	73	13	20	14	35	15	84	16	13	17	78	18	35	19	7	20	96	21	24	22	33	23	28	24	93	25	47	26	40	27	34	28	84	29	94	30	61	31	17	32	19	33	27	34	54	35	77	36	16	37	89	38	96	39	64	40	66	41	6	42	32	43	63	44	41	45	87	46	22	47	35	48	18	49	9
	0	11	1	79	2	57	3	97	4	70	5	74	6	17	7	33	8	2	9	3	10	74	11	68	12	1	13	92	14	92	15	92	16	7	17	93	18	59	19	18	20	8	21	9	22	71	23	66	24	63	25	33	26	60	27	57	28	61	29	51	30	68	31	59	32	31	33	33	34	19	35	26	36	77	37	5	38	59	39	57	40	99	41	86	42	49	43	30	44	18	45	28	46	33	47	3	48	29	49	86
	0	15	1	92	2	31	3	18	4	30	5	65	6	31	7	92	8	77	9	3	10	6	11	34	12	56	13	24	14	67	15	60	16	25	17	79	18	76	19	75	20	77	21	53	22	90	23	23	24	91	25	30	26	45	27	20	28	5	29	18	30	8	31	28	32	42	33	31	34	42	35	15	36	50	37	76	38	85	39	35	40	60	41	98	42	15	43	23	44	68	45	77	46	72	47	67	48	94	49	74
	0	50	1	30	2	77	3	81	4	69	5	15	6	1	7	18	8	21	9	4	10	68	11	75	12	14	13	7	14	65	15	4	16	78	17	13	18	84	19	97	20	10	21	22	22	95	23	20	24	59	25	97	26	87	27	68	28	83	29	72	30	11	31	82	32	36	33	100	34	9	35	30	36	61	37	31	38	4	39	46	40	92	41	51	42	78	43	86	44	100	45	25	46	81	47	30	48	30	49	13
	0	29	1	55	2	25	3	77	4	92	5	45	6	13	7	75	8	91	9	25	10	19	11	10	12	34	13	24	14	33	15	7	16	68	17	13	18	26	19	1	20	42	21	67	22	15	23	76	24	86	25	41	26	1	27	98	28	58	29	85	30	50	31	8	32	27	33	3	34	79	35	89	36	78	37	54	38	61	39	13	40	53	41	48	42	81	43	29	44	89	45	74	46	94	47	63	48	95	49	73
	0	55	1	21	2	79	3	36	4	51	5	30	6	35	7	7	8	37	9	56	10	32	11	90	12	46	13	77	14	69	15	19	16	54	17	10	18	2	19	26	20	94	21	8	22	42	23	19	24	56	25	90	26	74	27	57	28	32	29	66	30	75	31	75	32	72	33	49	34	99	35	10	36	72	37	3	38	69	39	25	40	8	41	43	42	11	43	23	44	84	45	90	46	86	47	9	48	68	49	55
	0	34	1	45	2	12	3	94	4	20	5	93	6	10	7	71	8	58	9	50	10	17	11	6	12	40	13	14	14	34	15	10	16	5	17	48	18	55	19	25	20	23	21	16	22	98	23	17	24	73	25	10	26	89	27	5	28	59	29	5	30	67	31	6	32	61	33	94	34	23	35	47	36	48	37	3	38	94	39	60	40	77	41	80	42	77	43	60	44	67	45	10	46	32	47	90	48	22	49	8
	0	88	1	65	2	28	3	75	4	75	5	51	6	67	7	31	8	42	9	68	10	11	11	66	12	34	13	7	14	95	15	59	16	42	17	79	18	79	19	57	20	42	21	62	22	40	23	27	24	99	25	95	26	77	27	11	28	88	29	42	30	96	31	53	32	64	33	31	34	13	35	74	36	88	37	30	38	11	39	15	40	84	41	17	42	12	43	78	44	84	45	66	46	65	47	27	48	91	49	44
Reldue
-1	11093	-1	1
-1	7947	-1	1
-1	12100	-1	1
-1	16158	-1	1
-1	5623	-1	1
-1	4900	-1	1
-1	5307	-1	1
-1	11792	-1	1
-1	7310	-1	1
-1	15241	-1	1
-1	10318	-1	1
-1	13646	-1	1
-1	15311	-1	1
-1	8338	-1	1
-1	14474	-1	1
-1	12182	-1	1
-1	16546	-1	1
-1	11210	-1	1
-1	12237	-1	1
-1	9772	-1	1
-1	15794	-1	1
-1	8498	-1	1
-1	3137	-1	1
-1	13318	-1	1
-1	13189	-1	1
-1	9442	-1	1
-1	10911	-1	1
-1	9973	-1	1
-1	4719	-1	1
-1	14825	-1	1
-1	1704	-1	1
-1	6339	-1	1
-1	8334	-1	1
-1	4558	-1	1
-1	13004	-1	1
-1	15737	-1	1
-1	14688	-1	1
-1	9025	-1	1
-1	10329	-1	1
-1	4814	-1	1
-1	11002	-1	1
-1	8648	-1	1
-1	6001	-1	1
-1	14253	-1	1
-1	15451	-1	1
-1	8855	-1	1
-1	10753	-1	1
-1	11835	-1	1
-1	1842	-1	1
-1	11897	-1	1
-1	7011	-1	1
-1	7416	-1	1
-1	12851	-1	1
-1	10029	-1	1
-1	13665	-1	1
-1	11115	-1	1
-1	11434	-1	1
-1	5582	-1	1
-1	8869	-1	1
-1	3397	-1	1
-1	6685	-1	1
-1	5860	-1	1
-1	3365	-1	1
-1	12782	-1	1
-1	11453	-1	1
-1	6043	-1	1
-1	7818	-1	1
-1	16854	-1	1
-1	7110	-1	1
-1	7870	-1	1
-1	10076	-1	1
-1	15682	-1	1
-1	2572	-1	1
-1	2819	-1	1
-1	5280	-1	1
-1	16356	-1	1
-1	2098	-1	1
-1	5928	-1	1
-1	2782	-1	1
-1	9026	-1	1
-1	7355	-1	1
-1	15252	-1	1
-1	14422	-1	1
-1	3291	-1	1
-1	14158	-1	1
-1	6127	-1	1
-1	1848	-1	1
-1	13389	-1	1
-1	14205	-1	1
-1	11828	-1	1
-1	10103	-1	1
-1	7278	-1	1
-1	15962	-1	1
-1	8205	-1	1
-1	12167	-1	1
-1	7502	-1	1
-1	10559	-1	1
-1	14769	-1	1
-1	6461	-1	1
-1	13436	-1	1
-1	12016	-1	1
-1	14629	-1	1
-1	7177	-1	1
-1	1882	-1	1
-1	13215	-1	1
-1	5941	-1	1
-1	16452	-1	1
-1	5784	-1	1
-1	9959	-1	1
-1	9932	-1	1
-1	9806	-1	1
-1	13605	-1	1
-1	3639	-1	1
-1	2648	-1	1
-1	16194	-1	1
-1	3919	-1	1
-1	4334	-1	1
-1	2431	-1	1
-1	9305	-1	1
-1	3657	-1	1
-1	13948	-1	1
-1	11532	-1	1
-1	6236	-1	1
-1	16200	-1	1
-1	3552	-1	1
-1	5484	-1	1
-1	5728	-1	1
-1	7188	-1	1
-1	10396	-1	1
-1	14148	-1	1
-1	16211	-1	1
-1	1566	-1	1
-1	7909	-1	1
-1	4346	-1	1
-1	13141	-1	1
-1	11354	-1	1
-1	4309	-1	1
-1	14921	-1	1
-1	6788	-1	1
-1	8913	-1	1
-1	15436	-1	1
-1	16126	-1	1
-1	6202	-1	1
-1	10710	-1	1
-1	6595	-1	1
-1	13283	-1	1
-1	6769	-1	1
-1	2625	-1	1
-1	9507	-1	1
-1	12494	-1	1
-1	9754	-1	1
-1	9826	-1	1
-1	10071	-1	1
-1	7481	-1	1
-1	9285	-1	1
-1	3873	-1	1
-1	5001	-1	1
-1	12270	-1	1
-1	8932	-1	1
-1	3815	-1	1
-1	14988	-1	1
-1	14706	-1	1
-1	10996	-1	1
-1	10199	-1	1
-1	14799	-1	1
-1	6052	-1	1
-1	2284	-1	1
-1	13578	-1	1
-1	5612	-1	1
-1	15392	-1	1
-1	10019	-1	1
-1	15887	-1	1
-1	13406	-1	1
-1	4653	-1	1
-1	13616	-1	1
-1	6833	-1	1
-1	16049	-1	1
-1	5975	-1	1
-1	8663	-1	1
-1	10249	-1	1
-1	5180	-1	1
-1	11721	-1	1
-1	16502	-1	1
-1	12054	-1	1
-1	8936	-1	1
-1	6543	-1	1
-1	5595	-1	1
-1	15268	-1	1
-1	12907	-1	1
-1	12666	-1	1
-1	1794	-1	1
-1	10713	-1	1
-1	12285	-1	1
-1	8013	-1	1
-1	8171	-1	1
-1	9027	-1	1
-1	2069	-1	1
-1	10627	-1	1
-1	3870	-1	1
-1	7070	-1	1
-1	7770	-1	1
-1	12421	-1	1
-1	3492	-1	1
-1	11335	-1	1
-1	1865	-1	1
-1	1966	-1	1
-1	8824	-1	1
-1	14462	-1	1
-1	15751	-1	1
-1	12726	-1	1
-1	11038	-1	1
-1	9079	-1	1
-1	8364	-1	1
-1	14146	-1	1
-1	5665	-1	1
-1	4175	-1	1
-1	8510	-1	1
-1	4305	-1	1
-1	1904	-1	1
-1	13059	-1	1
-1	7630	-1	1
-1	6370	-1	1
-1	11598	-1	1
-1	16498	-1	1
-1	4871	-1	1
-1	12753	-1	1
-1	7098	-1	1
-1	15968	-1	1
-1	11323	-1	1
-1	16870	-1	1
-1	9971	-1	1
-1	4017	-1	1
-1	8390	-1	1
-1	15153	-1	1
-1	15659	-1	1
-1	5076	-1	1
-1	12640	-1	1
-1	4043	-1	1
-1	15871	-1	1
-1	6019	-1	1
-1	4087	-1	1
-1	15867	-1	1
-1	15775	-1	1
-1	14274	-1	1
-1	16155	-1	1
-1	11010	-1	1
-1	8307	-1	1
-1	9057	-1	1
-1	13718	-1	1
-1	15793	-1	1
LBCmax: 15355
