250  50
	0	52	1	8	2	77	3	92	4	84	5	62	6	81	7	97	8	73	9	31	10	54	11	92	12	77	13	73	14	37	15	64	16	10	17	81	18	73	19	23	20	31	21	89	22	6	23	38	24	58	25	16	26	40	27	32	28	4	29	4	30	61	31	9	32	42	33	27	34	43	35	16	36	56	37	97	38	8	39	46	40	29	41	90	42	3	43	65	44	73	45	60	46	19	47	90	48	15	49	23
	0	54	1	65	2	73	3	30	4	6	5	13	6	3	7	49	8	52	9	56	10	96	11	34	12	25	13	29	14	53	15	60	16	25	17	42	18	73	19	30	20	6	21	56	22	20	23	98	24	37	25	68	26	75	27	64	28	17	29	45	30	67	31	31	32	1	33	38	34	47	35	28	36	65	37	57	38	62	39	44	40	13	41	5	42	19	43	25	44	17	45	98	46	62	47	29	48	20	49	6
	0	3	1	41	2	64	3	12	4	68	5	89	6	18	7	58	8	64	9	23	10	6	11	30	12	66	13	40	14	81	15	9	16	83	17	63	18	76	19	73	20	54	21	25	22	29	23	46	24	89	25	90	26	89	27	13	28	42	29	34	30	13	31	59	32	84	33	62	34	31	35	91	36	36	37	26	38	44	39	60	40	39	41	76	42	67	43	88	44	8	45	62	46	44	47	62	48	78	49	70
	0	90	1	59	2	41	3	42	4	39	5	8	6	41	7	44	8	1	9	12	10	59	11	49	12	69	13	64	14	27	15	78	16	11	17	57	18	34	19	96	20	44	21	59	22	22	23	62	24	87	25	99	26	82	27	87	28	21	29	92	30	3	31	31	32	18	33	96	34	31	35	73	36	12	37	85	38	30	39	2	40	20	41	68	42	77	43	28	44	36	45	100	46	10	47	22	48	68	49	63
	0	18	1	16	2	83	3	7	4	52	5	25	6	63	7	82	8	74	9	80	10	25	11	11	12	97	13	84	14	25	15	60	16	76	17	21	18	54	19	35	20	32	21	82	22	21	23	96	24	53	25	98	26	44	27	60	28	83	29	83	30	23	31	52	32	90	33	27	34	53	35	17	36	92	37	6	38	100	39	97	40	65	41	82	42	56	43	41	44	71	45	15	46	37	47	11	48	76	49	14
	0	2	1	79	2	45	3	3	4	87	5	50	6	43	7	66	8	8	9	50	10	67	11	97	12	54	13	57	14	94	15	96	16	85	17	69	18	22	19	51	20	10	21	40	22	31	23	13	24	93	25	23	26	4	27	63	28	38	29	2	30	73	31	11	32	24	33	3	34	84	35	87	36	10	37	20	38	94	39	12	40	24	41	90	42	53	43	55	44	99	45	96	46	23	47	18	48	39	49	6
	0	44	1	6	2	12	3	49	4	43	5	67	6	99	7	9	8	47	9	19	10	66	11	72	12	58	13	93	14	24	15	57	16	86	17	54	18	89	19	40	20	51	21	95	22	72	23	16	24	99	25	99	26	51	27	82	28	14	29	16	30	9	31	34	32	82	33	20	34	34	35	100	36	69	37	17	38	20	39	65	40	21	41	26	42	21	43	50	44	65	45	71	46	36	47	55	48	10	49	30
	0	29	1	78	2	52	3	51	4	13	5	76	6	39	7	20	8	64	9	12	10	47	11	36	12	22	13	24	14	76	15	42	16	12	17	7	18	71	19	10	20	84	21	72	22	17	23	77	24	59	25	56	26	73	27	80	28	30	29	75	30	31	31	39	32	45	33	46	34	34	35	91	36	94	37	32	38	73	39	65	40	46	41	74	42	51	43	53	44	37	45	12	46	90	47	23	48	88	49	25
	0	6	1	71	2	4	3	26	4	98	5	17	6	94	7	97	8	7	9	83	10	5	11	59	12	49	13	8	14	60	15	90	16	26	17	2	18	41	19	62	20	73	21	28	22	67	23	46	24	99	25	68	26	47	27	97	28	6	29	15	30	15	31	46	32	26	33	2	34	72	35	34	36	94	37	44	38	97	39	69	40	38	41	69	42	96	43	13	44	81	45	66	46	4	47	99	48	53	49	50
	0	66	1	57	2	82	3	58	4	51	5	93	6	8	7	8	8	76	9	41	10	29	11	74	12	50	13	3	14	81	15	80	16	67	17	20	18	8	19	5	20	99	21	59	22	82	23	55	24	69	25	8	26	66	27	43	28	14	29	100	30	36	31	75	32	62	33	21	34	10	35	54	36	83	37	71	38	42	39	28	40	83	41	73	42	82	43	55	44	61	45	67	46	13	47	60	48	49	49	20
	0	12	1	1	2	87	3	39	4	99	5	83	6	23	7	77	8	62	9	70	10	35	11	58	12	92	13	95	14	5	15	74	16	42	17	66	18	3	19	24	20	9	21	8	22	58	23	83	24	8	25	15	26	22	27	48	28	61	29	73	30	59	31	87	32	50	33	83	34	5	35	76	36	95	37	20	38	91	39	19	40	50	41	81	42	22	43	77	44	31	45	6	46	55	47	49	48	29	49	96
	0	11	1	85	2	64	3	56	4	25	5	26	6	72	7	14	8	16	9	95	10	58	11	26	12	24	13	84	14	34	15	54	16	58	17	20	18	23	19	64	20	37	21	97	22	28	23	11	24	36	25	2	26	61	27	77	28	53	29	92	30	96	31	100	32	64	33	76	34	5	35	5	36	41	37	23	38	59	39	11	40	33	41	97	42	36	43	5	44	52	45	92	46	47	47	69	48	5	49	15
	0	79	1	36	2	60	3	36	4	16	5	95	6	46	7	16	8	82	9	56	10	24	11	65	12	36	13	81	14	77	15	10	16	77	17	15	18	94	19	56	20	74	21	70	22	70	23	81	24	17	25	68	26	34	27	3	28	45	29	34	30	66	31	91	32	5	33	85	34	89	35	28	36	54	37	72	38	28	39	40	40	94	41	67	42	76	43	44	44	12	45	98	46	21	47	86	48	70	49	74
	0	6	1	73	2	41	3	53	4	34	5	14	6	22	7	55	8	44	9	25	10	50	11	8	12	18	13	68	14	90	15	85	16	89	17	27	18	2	19	81	20	67	21	36	22	87	23	10	24	99	25	17	26	60	27	59	28	28	29	94	30	19	31	94	32	33	33	86	34	7	35	26	36	38	37	1	38	67	39	78	40	38	41	78	42	57	43	99	44	93	45	55	46	65	47	39	48	56	49	51
	0	42	1	63	2	56	3	4	4	51	5	64	6	66	7	89	8	83	9	23	10	86	11	13	12	5	13	17	14	62	15	71	16	36	17	56	18	3	19	87	20	61	21	28	22	57	23	100	24	30	25	68	26	85	27	50	28	9	29	75	30	18	31	84	32	74	33	60	34	96	35	82	36	68	37	81	38	33	39	76	40	56	41	3	42	41	43	10	44	54	45	8	46	14	47	66	48	17	49	11
	0	59	1	56	2	12	3	72	4	23	5	38	6	5	7	27	8	44	9	41	10	45	11	48	12	37	13	72	14	20	15	18	16	94	17	50	18	17	19	91	20	39	21	10	22	25	23	62	24	96	25	42	26	36	27	61	28	41	29	77	30	54	31	60	32	44	33	29	34	19	35	54	36	41	37	57	38	87	39	42	40	77	41	4	42	43	43	39	44	9	45	25	46	21	47	80	48	66	49	24
	0	72	1	2	2	6	3	36	4	5	5	14	6	14	7	55	8	68	9	95	10	30	11	70	12	74	13	76	14	100	15	70	16	79	17	94	18	98	19	34	20	52	21	27	22	50	23	4	24	16	25	57	26	60	27	20	28	39	29	96	30	36	31	60	32	2	33	97	34	38	35	15	36	82	37	27	38	13	39	83	40	12	41	57	42	99	43	78	44	26	45	32	46	82	47	79	48	85	49	87
	0	67	1	61	2	45	3	50	4	86	5	95	6	23	7	35	8	52	9	94	10	56	11	13	12	36	13	54	14	71	15	36	16	22	17	20	18	11	19	18	20	72	21	51	22	75	23	20	24	1	25	97	26	76	27	1	28	50	29	96	30	23	31	9	32	100	33	44	34	83	35	29	36	66	37	21	38	71	39	34	40	76	41	50	42	76	43	82	44	5	45	41	46	40	47	56	48	28	49	39
	0	20	1	56	2	25	3	71	4	9	5	82	6	20	7	87	8	11	9	61	10	73	11	99	12	77	13	7	14	34	15	2	16	53	17	35	18	30	19	14	20	7	21	44	22	59	23	57	24	20	25	55	26	90	27	94	28	63	29	68	30	10	31	73	32	5	33	63	34	64	35	46	36	13	37	71	38	73	39	71	40	41	41	89	42	25	43	8	44	22	45	10	46	88	47	70	48	10	49	89
	0	74	1	97	2	28	3	77	4	60	5	44	6	32	7	85	8	46	9	25	10	91	11	64	12	2	13	39	14	33	15	11	16	42	17	67	18	28	19	37	20	10	21	39	22	93	23	63	24	92	25	78	26	34	27	19	28	64	29	95	30	83	31	65	32	53	33	79	34	75	35	75	36	70	37	8	38	76	39	28	40	37	41	87	42	69	43	9	44	24	45	66	46	41	47	24	48	66	49	14
	0	44	1	61	2	14	3	41	4	15	5	66	6	64	7	7	8	80	9	14	10	48	11	39	12	69	13	88	14	79	15	60	16	34	17	5	18	14	19	7	20	36	21	40	22	32	23	70	24	39	25	47	26	77	27	99	28	37	29	79	30	2	31	55	32	93	33	49	34	2	35	96	36	78	37	79	38	42	39	29	40	24	41	51	42	6	43	78	44	35	45	35	46	23	47	29	48	35	49	61
	0	48	1	65	2	15	3	79	4	10	5	3	6	37	7	95	8	45	9	96	10	99	11	3	12	75	13	50	14	55	15	31	16	21	17	82	18	70	19	87	20	33	21	19	22	24	23	63	24	90	25	3	26	21	27	33	28	12	29	65	30	55	31	63	32	63	33	69	34	38	35	5	36	58	37	56	38	94	39	51	40	94	41	28	42	75	43	74	44	67	45	46	46	55	47	68	48	53	49	44
	0	1	1	75	2	52	3	90	4	36	5	59	6	33	7	18	8	33	9	63	10	32	11	33	12	17	13	59	14	81	15	70	16	50	17	79	18	69	19	37	20	38	21	87	22	75	23	83	24	84	25	23	26	18	27	78	28	61	29	44	30	13	31	92	32	1	33	29	34	21	35	95	36	9	37	25	38	50	39	40	40	52	41	55	42	28	43	90	44	87	45	22	46	59	47	85	48	16	49	64
	0	46	1	92	2	91	3	51	4	19	5	59	6	15	7	32	8	25	9	74	10	89	11	72	12	46	13	97	14	20	15	40	16	73	17	25	18	87	19	22	20	42	21	3	22	26	23	92	24	100	25	80	26	78	27	52	28	84	29	92	30	21	31	25	32	98	33	7	34	71	35	70	36	44	37	73	38	27	39	34	40	43	41	46	42	99	43	90	44	34	45	95	46	28	47	96	48	45	49	10
	0	12	1	91	2	89	3	52	4	74	5	9	6	9	7	38	8	48	9	76	10	78	11	36	12	70	13	28	14	42	15	8	16	90	17	45	18	45	19	51	20	49	21	15	22	87	23	99	24	96	25	62	26	88	27	89	28	16	29	90	30	84	31	20	32	18	33	45	34	56	35	49	36	86	37	92	38	70	39	87	40	100	41	48	42	94	43	23	44	91	45	40	46	4	47	58	48	57	49	55
	0	6	1	37	2	82	3	12	4	26	5	25	6	31	7	81	8	54	9	42	10	97	11	15	12	44	13	65	14	37	15	78	16	91	17	66	18	22	19	77	20	60	21	40	22	83	23	47	24	20	25	27	26	29	27	30	28	18	29	62	30	75	31	55	32	89	33	87	34	95	35	12	36	89	37	7	38	100	39	64	40	11	41	83	42	100	43	67	44	87	45	91	46	94	47	58	48	24	49	94
	0	13	1	55	2	10	3	96	4	90	5	79	6	76	7	81	8	52	9	69	10	23	11	60	12	43	13	78	14	40	15	72	16	29	17	56	18	64	19	14	20	45	21	57	22	69	23	5	24	78	25	40	26	83	27	85	28	12	29	29	30	68	31	35	32	58	33	66	34	11	35	48	36	60	37	78	38	13	39	88	40	44	41	30	42	70	43	35	44	55	45	32	46	91	47	76	48	95	49	34
	0	95	1	8	2	52	3	31	4	72	5	65	6	3	7	34	8	9	9	74	10	7	11	14	12	18	13	5	14	30	15	1	16	13	17	73	18	78	19	4	20	17	21	10	22	16	23	86	24	13	25	7	26	2	27	1	28	52	29	97	30	73	31	91	32	84	33	36	34	54	35	82	36	97	37	84	38	68	39	48	40	52	41	22	42	91	43	10	44	54	45	35	46	69	47	5	48	20	49	41
	0	74	1	41	2	7	3	75	4	92	5	12	6	19	7	36	8	66	9	47	10	18	11	50	12	16	13	19	14	91	15	36	16	28	17	37	18	54	19	47	20	85	21	84	22	4	23	34	24	72	25	93	26	37	27	70	28	87	29	73	30	97	31	9	32	22	33	4	34	32	35	76	36	23	37	85	38	59	39	19	40	30	41	8	42	69	43	60	44	45	45	67	46	34	47	36	48	96	49	46
	0	85	1	3	2	86	3	43	4	67	5	51	6	53	7	15	8	11	9	69	10	65	11	52	12	66	13	24	14	43	15	31	16	78	17	69	18	75	19	85	20	12	21	94	22	68	23	99	24	63	25	69	26	52	27	30	28	89	29	52	30	27	31	86	32	65	33	65	34	27	35	31	36	49	37	57	38	31	39	1	40	2	41	5	42	57	43	40	44	6	45	20	46	2	47	88	48	59	49	73
	0	37	1	90	2	68	3	39	4	50	5	11	6	46	7	32	8	99	9	59	10	90	11	89	12	33	13	61	14	1	15	11	16	79	17	52	18	67	19	73	20	100	21	58	22	23	23	64	24	83	25	88	26	55	27	24	28	11	29	67	30	27	31	74	32	19	33	83	34	21	35	69	36	44	37	11	38	42	39	17	40	19	41	53	42	27	43	41	44	75	45	2	46	35	47	82	48	38	49	15
	0	46	1	58	2	49	3	67	4	63	5	48	6	38	7	96	8	8	9	49	10	26	11	88	12	62	13	19	14	49	15	47	16	75	17	38	18	9	19	45	20	62	21	7	22	15	23	66	24	50	25	92	26	54	27	67	28	41	29	82	30	17	31	29	32	18	33	13	34	62	35	84	36	1	37	73	38	84	39	18	40	18	41	96	42	49	43	95	44	80	45	21	46	77	47	66	48	41	49	41
	0	4	1	33	2	97	3	1	4	60	5	2	6	65	7	13	8	22	9	38	10	24	11	83	12	51	13	4	14	24	15	75	16	17	17	45	18	93	19	66	20	55	21	59	22	96	23	60	24	26	25	62	26	28	27	57	28	72	29	27	30	38	31	9	32	80	33	72	34	22	35	8	36	98	37	15	38	39	39	67	40	72	41	28	42	24	43	16	44	96	45	52	46	10	47	22	48	91	49	59
	0	80	1	72	2	54	3	74	4	11	5	19	6	49	7	86	8	88	9	66	10	25	11	18	12	94	13	17	14	84	15	36	16	94	17	55	18	42	19	13	20	92	21	3	22	43	23	71	24	13	25	81	26	25	27	86	28	34	29	70	30	52	31	15	32	88	33	47	34	56	35	72	36	89	37	45	38	56	39	93	40	73	41	53	42	45	43	28	44	42	45	73	46	59	47	77	48	54	49	80
	0	78	1	54	2	6	3	61	4	23	5	32	6	95	7	37	8	35	9	23	10	59	11	76	12	65	13	75	14	22	15	64	16	4	17	12	18	14	19	97	20	31	21	34	22	28	23	88	24	65	25	48	26	26	27	29	28	43	29	21	30	25	31	37	32	59	33	49	34	19	35	71	36	40	37	1	38	9	39	11	40	42	41	78	42	55	43	33	44	93	45	81	46	72	47	7	48	14	49	5
	0	29	1	21	2	100	3	88	4	34	5	2	6	34	7	71	8	96	9	74	10	68	11	71	12	13	13	94	14	10	15	59	16	27	17	48	18	71	19	95	20	25	21	93	22	82	23	70	24	3	25	75	26	90	27	49	28	11	29	76	30	71	31	14	32	34	33	57	34	38	35	60	36	1	37	93	38	24	39	91	40	9	41	35	42	65	43	8	44	7	45	32	46	27	47	97	48	83	49	1
	0	36	1	56	2	45	3	36	4	11	5	20	6	89	7	75	8	7	9	73	10	93	11	85	12	30	13	52	14	86	15	30	16	64	17	81	18	74	19	22	20	26	21	4	22	32	23	80	24	55	25	90	26	78	27	46	28	74	29	29	30	100	31	26	32	3	33	54	34	7	35	59	36	6	37	48	38	9	39	45	40	92	41	23	42	57	43	61	44	16	45	84	46	100	47	54	48	41	49	8
	0	32	1	12	2	54	3	6	4	39	5	16	6	60	7	48	8	81	9	47	10	89	11	70	12	47	13	5	14	83	15	86	16	78	17	43	18	64	19	77	20	64	21	36	22	85	23	46	24	24	25	45	26	26	27	29	28	51	29	36	30	78	31	28	32	83	33	54	34	38	35	97	36	11	37	87	38	92	39	94	40	53	41	58	42	76	43	89	44	50	45	15	46	33	47	74	48	62	49	34
	0	3	1	33	2	66	3	37	4	25	5	65	6	97	7	95	8	25	9	56	10	70	11	68	12	32	13	50	14	72	15	100	16	31	17	77	18	38	19	79	20	63	21	14	22	15	23	16	24	12	25	6	26	96	27	18	28	56	29	68	30	91	31	42	32	60	33	41	34	32	35	78	36	43	37	79	38	63	39	79	40	50	41	83	42	45	43	32	44	1	45	13	46	75	47	67	48	7	49	48
	0	17	1	14	2	76	3	71	4	68	5	75	6	44	7	90	8	27	9	65	10	98	11	43	12	34	13	42	14	93	15	29	16	90	17	27	18	68	19	66	20	91	21	81	22	9	23	83	24	23	25	1	26	31	27	80	28	99	29	37	30	58	31	13	32	52	33	56	34	34	35	3	36	99	37	98	38	89	39	65	40	44	41	98	42	54	43	3	44	90	45	71	46	81	47	26	48	72	49	90
	0	22	1	77	2	33	3	99	4	78	5	80	6	9	7	34	8	13	9	43	10	86	11	54	12	99	13	78	14	57	15	6	16	30	17	29	18	76	19	68	20	35	21	6	22	5	23	47	24	61	25	76	26	93	27	32	28	23	29	63	30	20	31	14	32	24	33	43	34	24	35	46	36	5	37	49	38	65	39	82	40	82	41	19	42	12	43	28	44	62	45	49	46	52	47	4	48	56	49	40
	0	51	1	76	2	38	3	37	4	27	5	32	6	4	7	19	8	9	9	90	10	37	11	73	12	85	13	85	14	87	15	70	16	82	17	47	18	7	19	15	20	12	21	83	22	20	23	51	24	82	25	32	26	2	27	35	28	66	29	31	30	99	31	6	32	57	33	33	34	27	35	37	36	84	37	60	38	10	39	12	40	35	41	78	42	63	43	90	44	23	45	26	46	21	47	39	48	6	49	42
	0	73	1	58	2	27	3	65	4	54	5	11	6	38	7	4	8	94	9	44	10	34	11	5	12	41	13	72	14	12	15	59	16	100	17	34	18	8	19	29	20	55	21	65	22	3	23	88	24	60	25	48	26	99	27	1	28	30	29	11	30	82	31	86	32	62	33	7	34	47	35	46	36	55	37	95	38	51	39	45	40	32	41	89	42	2	43	84	44	58	45	62	46	15	47	91	48	26	49	8
	0	88	1	25	2	58	3	14	4	78	5	79	6	8	7	86	8	87	9	12	10	13	11	21	12	74	13	47	14	1	15	43	16	65	17	30	18	41	19	27	20	28	21	21	22	31	23	83	24	21	25	66	26	22	27	73	28	49	29	80	30	44	31	92	32	72	33	24	34	83	35	20	36	57	37	75	38	7	39	42	40	67	41	1	42	66	43	81	44	32	45	8	46	90	47	99	48	33	49	13
	0	74	1	57	2	6	3	61	4	27	5	39	6	51	7	86	8	2	9	82	10	80	11	89	12	63	13	69	14	67	15	91	16	41	17	72	18	69	19	61	20	79	21	55	22	29	23	48	24	79	25	81	26	87	27	63	28	98	29	59	30	60	31	80	32	62	33	63	34	58	35	59	36	75	37	73	38	58	39	19	40	59	41	41	42	54	43	97	44	62	45	74	46	33	47	78	48	88	49	85
	0	76	1	87	2	63	3	69	4	67	5	73	6	37	7	85	8	54	9	25	10	66	11	59	12	13	13	2	14	59	15	46	16	86	17	72	18	51	19	4	20	20	21	79	22	53	23	79	24	4	25	96	26	91	27	94	28	94	29	29	30	24	31	99	32	76	33	70	34	22	35	25	36	87	37	35	38	21	39	35	40	31	41	17	42	3	43	87	44	17	45	43	46	62	47	37	48	29	49	22
	0	53	1	51	2	18	3	20	4	37	5	100	6	43	7	94	8	71	9	68	10	28	11	75	12	96	13	85	14	94	15	88	16	36	17	70	18	1	19	32	20	7	21	51	22	98	23	79	24	89	25	82	26	55	27	53	28	15	29	93	30	55	31	95	32	95	33	33	34	43	35	34	36	60	37	87	38	68	39	10	40	91	41	84	42	71	43	38	44	94	45	35	46	94	47	83	48	7	49	49
	0	29	1	99	2	68	3	26	4	17	5	62	6	75	7	34	8	67	9	73	10	8	11	97	12	67	13	42	14	16	15	74	16	95	17	52	18	66	19	98	20	59	21	80	22	13	23	85	24	18	25	26	26	56	27	72	28	68	29	62	30	58	31	11	32	97	33	13	34	70	35	34	36	34	37	33	38	81	39	85	40	52	41	33	42	75	43	57	44	100	45	75	46	73	47	98	48	80	49	45
	0	94	1	67	2	77	3	51	4	68	5	64	6	20	7	40	8	63	9	43	10	43	11	97	12	30	13	5	14	43	15	90	16	74	17	22	18	79	19	73	20	100	21	30	22	66	23	50	24	96	25	11	26	23	27	74	28	42	29	28	30	12	31	21	32	80	33	8	34	67	35	88	36	57	37	64	38	90	39	66	40	44	41	23	42	80	43	23	44	87	45	82	46	8	47	82	48	39	49	15
	0	63	1	78	2	93	3	14	4	23	5	33	6	95	7	20	8	36	9	79	10	23	11	94	12	14	13	31	14	53	15	6	16	58	17	66	18	52	19	83	20	93	21	82	22	70	23	13	24	69	25	38	26	11	27	96	28	44	29	84	30	17	31	13	32	79	33	55	34	91	35	32	36	94	37	77	38	44	39	75	40	74	41	98	42	33	43	22	44	15	45	61	46	38	47	28	48	59	49	76
	0	95	1	67	2	56	3	55	4	60	5	40	6	37	7	5	8	7	9	99	10	10	11	26	12	56	13	96	14	5	15	28	16	97	17	35	18	10	19	69	20	57	21	91	22	2	23	99	24	10	25	43	26	54	27	37	28	58	29	14	30	66	31	24	32	98	33	17	34	62	35	38	36	78	37	58	38	40	39	53	40	97	41	49	42	74	43	81	44	100	45	18	46	1	47	34	48	84	49	22
	0	58	1	83	2	96	3	10	4	20	5	19	6	15	7	89	8	75	9	26	10	27	11	82	12	53	13	29	14	44	15	82	16	54	17	77	18	30	19	48	20	71	21	72	22	26	23	3	24	8	25	59	26	87	27	10	28	10	29	24	30	93	31	44	32	83	33	83	34	67	35	1	36	60	37	54	38	24	39	93	40	33	41	32	42	56	43	27	44	80	45	23	46	86	47	65	48	29	49	4
	0	73	1	17	2	53	3	18	4	57	5	19	6	96	7	8	8	52	9	78	10	57	11	62	12	39	13	4	14	88	15	22	16	21	17	60	18	87	19	68	20	39	21	90	22	89	23	100	24	54	25	19	26	90	27	54	28	47	29	19	30	45	31	43	32	4	33	99	34	41	35	10	36	76	37	59	38	28	39	18	40	23	41	8	42	51	43	29	44	4	45	58	46	35	47	41	48	56	49	8
	0	99	1	87	2	79	3	16	4	12	5	12	6	21	7	6	8	6	9	82	10	20	11	52	12	16	13	4	14	69	15	54	16	25	17	31	18	88	19	83	20	1	21	15	22	26	23	61	24	82	25	17	26	42	27	11	28	40	29	72	30	14	31	95	32	27	33	1	34	84	35	8	36	79	37	89	38	55	39	11	40	36	41	85	42	71	43	18	44	16	45	87	46	57	47	70	48	28	49	29
	0	17	1	57	2	23	3	66	4	80	5	73	6	24	7	34	8	78	9	21	10	82	11	34	12	82	13	96	14	34	15	65	16	15	17	7	18	74	19	94	20	49	21	36	22	71	23	49	24	32	25	28	26	75	27	84	28	4	29	59	30	3	31	16	32	9	33	44	34	5	35	78	36	1	37	58	38	35	39	100	40	6	41	98	42	95	43	37	44	93	45	12	46	16	47	97	48	51	49	53
	0	90	1	26	2	90	3	57	4	83	5	80	6	8	7	40	8	80	9	71	10	90	11	62	12	39	13	68	14	30	15	12	16	70	17	93	18	99	19	7	20	54	21	53	22	91	23	2	24	70	25	79	26	26	27	71	28	2	29	81	30	94	31	89	32	27	33	24	34	62	35	29	36	30	37	94	38	75	39	68	40	78	41	17	42	41	43	45	44	57	45	24	46	67	47	30	48	47	49	96
	0	80	1	86	2	3	3	40	4	66	5	47	6	58	7	47	8	3	9	29	10	54	11	63	12	66	13	59	14	93	15	66	16	43	17	80	18	49	19	24	20	77	21	73	22	73	23	79	24	27	25	2	26	8	27	87	28	25	29	67	30	73	31	11	32	45	33	40	34	88	35	26	36	39	37	95	38	66	39	17	40	94	41	67	42	67	43	53	44	8	45	8	46	5	47	71	48	7	49	20
	0	62	1	14	2	29	3	72	4	27	5	2	6	66	7	51	8	80	9	27	10	32	11	94	12	93	13	97	14	91	15	89	16	96	17	88	18	84	19	63	20	61	21	55	22	12	23	93	24	68	25	27	26	82	27	85	28	87	29	93	30	24	31	29	32	74	33	24	34	19	35	29	36	58	37	21	38	20	39	40	40	91	41	74	42	34	43	85	44	59	45	57	46	10	47	28	48	99	49	18
	0	48	1	18	2	64	3	14	4	18	5	42	6	17	7	24	8	70	9	37	10	69	11	29	12	57	13	70	14	71	15	28	16	1	17	64	18	45	19	60	20	94	21	42	22	93	23	24	24	100	25	14	26	32	27	31	28	89	29	32	30	50	31	21	32	46	33	79	34	58	35	39	36	15	37	74	38	9	39	47	40	76	41	16	42	91	43	13	44	67	45	77	46	25	47	14	48	2	49	46
	0	21	1	32	2	42	3	54	4	70	5	39	6	16	7	58	8	80	9	97	10	9	11	49	12	85	13	18	14	65	15	15	16	81	17	62	18	54	19	77	20	67	21	62	22	20	23	72	24	100	25	18	26	8	27	65	28	87	29	84	30	19	31	96	32	81	33	39	34	62	35	5	36	41	37	41	38	91	39	94	40	80	41	73	42	50	43	8	44	24	45	42	46	62	47	49	48	31	49	4
	0	30	1	66	2	52	3	2	4	48	5	60	6	52	7	58	8	32	9	22	10	94	11	53	12	19	13	86	14	75	15	72	16	96	17	46	18	54	19	19	20	53	21	1	22	15	23	17	24	84	25	9	26	70	27	42	28	65	29	55	30	61	31	76	32	84	33	81	34	55	35	60	36	22	37	35	38	8	39	83	40	84	41	16	42	64	43	51	44	39	45	41	46	11	47	11	48	32	49	55
	0	93	1	26	2	51	3	61	4	77	5	24	6	79	7	33	8	5	9	79	10	70	11	56	12	85	13	78	14	2	15	90	16	100	17	97	18	27	19	53	20	41	21	85	22	5	23	88	24	99	25	23	26	87	27	36	28	56	29	26	30	5	31	40	32	73	33	77	34	53	35	55	36	65	37	30	38	100	39	37	40	100	41	29	42	46	43	30	44	73	45	99	46	15	47	87	48	44	49	35
	0	66	1	72	2	28	3	92	4	31	5	59	6	81	7	27	8	41	9	99	10	34	11	75	12	93	13	32	14	44	15	53	16	50	17	68	18	88	19	10	20	5	21	51	22	3	23	82	24	30	25	5	26	52	27	15	28	100	29	91	30	77	31	63	32	63	33	53	34	55	35	75	36	94	37	23	38	79	39	34	40	49	41	9	42	27	43	5	44	20	45	89	46	87	47	98	48	51	49	84
	0	59	1	76	2	48	3	87	4	49	5	43	6	32	7	61	8	9	9	96	10	78	11	51	12	23	13	31	14	65	15	56	16	17	17	41	18	20	19	54	20	42	21	32	22	29	23	96	24	74	25	52	26	57	27	98	28	15	29	21	30	85	31	93	32	3	33	81	34	80	35	28	36	53	37	30	38	29	39	28	40	87	41	95	42	17	43	40	44	36	45	55	46	35	47	45	48	16	49	37
	0	34	1	100	2	3	3	20	4	71	5	42	6	74	7	43	8	17	9	70	10	76	11	94	12	3	13	81	14	50	15	17	16	45	17	39	18	15	19	75	20	71	21	90	22	88	23	58	24	30	25	58	26	6	27	15	28	59	29	83	30	61	31	48	32	51	33	87	34	77	35	12	36	34	37	81	38	81	39	91	40	62	41	44	42	49	43	55	44	75	45	39	46	38	47	14	48	83	49	57
	0	16	1	25	2	78	3	80	4	70	5	20	6	73	7	32	8	52	9	54	10	43	11	37	12	69	13	1	14	85	15	18	16	62	17	37	18	48	19	98	20	9	21	100	22	96	23	84	24	48	25	3	26	93	27	59	28	14	29	41	30	30	31	97	32	21	33	40	34	38	35	86	36	52	37	3	38	51	39	14	40	30	41	80	42	13	43	75	44	67	45	58	46	43	47	70	48	39	49	38
	0	11	1	30	2	29	3	63	4	70	5	82	6	18	7	3	8	67	9	35	10	32	11	8	12	17	13	53	14	77	15	94	16	13	17	44	18	9	19	20	20	12	21	86	22	26	23	65	24	15	25	65	26	87	27	24	28	31	29	100	30	72	31	71	32	95	33	64	34	70	35	62	36	82	37	57	38	36	39	84	40	29	41	61	42	54	43	62	44	70	45	92	46	14	47	76	48	31	49	43
	0	71	1	71	2	50	3	53	4	61	5	45	6	15	7	79	8	70	9	41	10	46	11	38	12	8	13	6	14	39	15	41	16	18	17	67	18	71	19	52	20	15	21	40	22	31	23	33	24	50	25	90	26	11	27	60	28	46	29	89	30	95	31	24	32	32	33	48	34	3	35	48	36	85	37	19	38	2	39	88	40	64	41	90	42	83	43	94	44	76	45	29	46	55	47	52	48	19	49	38
	0	25	1	40	2	97	3	26	4	44	5	50	6	99	7	18	8	57	9	78	10	68	11	49	12	74	13	79	14	38	15	29	16	56	17	31	18	85	19	51	20	81	21	66	22	28	23	91	24	30	25	51	26	88	27	38	28	24	29	41	30	73	31	25	32	76	33	18	34	60	35	65	36	62	37	12	38	84	39	10	40	19	41	44	42	60	43	88	44	11	45	52	46	96	47	84	48	39	49	88
	0	79	1	70	2	81	3	89	4	24	5	4	6	74	7	73	8	39	9	45	10	97	11	100	12	42	13	64	14	1	15	11	16	13	17	40	18	97	19	18	20	100	21	71	22	5	23	34	24	81	25	49	26	16	27	38	28	71	29	68	30	28	31	32	32	17	33	67	34	49	35	33	36	25	37	27	38	94	39	97	40	8	41	78	42	95	43	78	44	42	45	84	46	23	47	69	48	99	49	2
	0	81	1	73	2	47	3	44	4	18	5	98	6	78	7	92	8	72	9	85	10	83	11	30	12	41	13	2	14	84	15	99	16	54	17	78	18	12	19	98	20	65	21	37	22	54	23	78	24	12	25	71	26	51	27	100	28	10	29	70	30	92	31	62	32	69	33	81	34	35	35	11	36	56	37	65	38	76	39	90	40	30	41	89	42	12	43	5	44	45	45	64	46	96	47	86	48	85	49	3
	0	71	1	94	2	59	3	85	4	22	5	99	6	8	7	28	8	1	9	17	10	75	11	19	12	100	13	99	14	35	15	47	16	80	17	92	18	12	19	39	20	86	21	30	22	13	23	3	24	96	25	16	26	52	27	10	28	2	29	12	30	49	31	90	32	99	33	30	34	40	35	8	36	38	37	10	38	17	39	51	40	84	41	30	42	77	43	45	44	65	45	54	46	71	47	78	48	8	49	49
	0	75	1	1	2	100	3	12	4	15	5	26	6	31	7	79	8	16	9	59	10	85	11	25	12	76	13	22	14	99	15	61	16	72	17	51	18	10	19	95	20	43	21	91	22	49	23	22	24	19	25	6	26	60	27	32	28	92	29	85	30	49	31	81	32	30	33	8	34	94	35	52	36	98	37	12	38	68	39	96	40	40	41	56	42	59	43	38	44	16	45	83	46	82	47	81	48	10	49	35
	0	31	1	51	2	57	3	53	4	3	5	65	6	52	7	86	8	91	9	3	10	33	11	76	12	45	13	26	14	54	15	96	16	26	17	80	18	95	19	66	20	20	21	59	22	71	23	75	24	72	25	28	26	38	27	61	28	68	29	22	30	6	31	56	32	76	33	89	34	4	35	91	36	10	37	21	38	70	39	96	40	97	41	99	42	50	43	65	44	43	45	61	46	24	47	74	48	38	49	38
	0	10	1	45	2	55	3	49	4	1	5	12	6	5	7	34	8	33	9	42	10	83	11	58	12	7	13	90	14	2	15	34	16	97	17	14	18	94	19	40	20	12	21	71	22	51	23	20	24	16	25	65	26	99	27	3	28	9	29	29	30	53	31	83	32	18	33	55	34	98	35	35	36	67	37	94	38	72	39	62	40	10	41	17	42	62	43	98	44	57	45	87	46	49	47	26	48	21	49	79
	0	35	1	62	2	64	3	75	4	57	5	25	6	28	7	91	8	77	9	7	10	74	11	27	12	79	13	88	14	63	15	56	16	36	17	78	18	52	19	72	20	17	21	79	22	1	23	76	24	48	25	93	26	93	27	73	28	40	29	18	30	30	31	97	32	70	33	15	34	55	35	100	36	53	37	41	38	1	39	60	40	48	41	68	42	80	43	6	44	4	45	37	46	59	47	59	48	9	49	24
	0	85	1	25	2	22	3	20	4	56	5	13	6	90	7	33	8	49	9	53	10	83	11	77	12	50	13	30	14	96	15	17	16	63	17	60	18	9	19	58	20	72	21	90	22	92	23	20	24	82	25	85	26	1	27	30	28	91	29	27	30	18	31	11	32	39	33	57	34	96	35	80	36	48	37	20	38	47	39	44	40	52	41	7	42	64	43	85	44	75	45	90	46	67	47	75	48	9	49	99
	0	29	1	30	2	97	3	1	4	95	5	36	6	33	7	56	8	26	9	80	10	15	11	74	12	20	13	66	14	33	15	99	16	86	17	20	18	66	19	94	20	85	21	95	22	27	23	92	24	57	25	38	26	70	27	43	28	95	29	84	30	57	31	88	32	49	33	73	34	53	35	16	36	52	37	27	38	78	39	90	40	16	41	16	42	57	43	64	44	31	45	4	46	30	47	11	48	68	49	65
	0	25	1	33	2	78	3	92	4	93	5	40	6	15	7	45	8	72	9	4	10	48	11	29	12	21	13	22	14	37	15	71	16	37	17	56	18	66	19	44	20	60	21	34	22	92	23	78	24	12	25	17	26	24	27	29	28	41	29	76	30	53	31	5	32	55	33	34	34	7	35	80	36	65	37	62	38	76	39	30	40	87	41	43	42	55	43	85	44	58	45	24	46	95	47	69	48	67	49	46
	0	48	1	77	2	14	3	10	4	58	5	23	6	46	7	99	8	31	9	34	10	19	11	5	12	84	13	92	14	9	15	98	16	62	17	43	18	52	19	45	20	59	21	31	22	91	23	77	24	100	25	14	26	69	27	43	28	58	29	77	30	79	31	13	32	16	33	55	34	75	35	18	36	100	37	21	38	96	39	32	40	40	41	3	42	66	43	37	44	37	45	43	46	60	47	28	48	40	49	6
	0	59	1	52	2	68	3	99	4	30	5	80	6	26	7	68	8	3	9	56	10	93	11	69	12	33	13	84	14	96	15	47	16	70	17	36	18	88	19	55	20	70	21	88	22	99	23	6	24	26	25	35	26	20	27	39	28	2	29	26	30	46	31	31	32	87	33	21	34	89	35	1	36	22	37	72	38	34	39	89	40	52	41	65	42	1	43	84	44	7	45	89	46	21	47	58	48	21	49	15
	0	74	1	23	2	43	3	89	4	12	5	5	6	90	7	90	8	76	9	26	10	47	11	98	12	92	13	19	14	32	15	70	16	89	17	17	18	55	19	29	20	83	21	6	22	55	23	99	24	13	25	24	26	98	27	58	28	34	29	36	30	47	31	85	32	92	33	37	34	64	35	11	36	41	37	49	38	94	39	19	40	77	41	13	42	30	43	50	44	99	45	11	46	84	47	91	48	20	49	40
	0	85	1	75	2	88	3	39	4	96	5	13	6	97	7	55	8	27	9	24	10	84	11	66	12	63	13	52	14	61	15	24	16	51	17	80	18	7	19	76	20	19	21	68	22	33	23	73	24	5	25	91	26	97	27	87	28	30	29	54	30	17	31	78	32	41	33	90	34	25	35	96	36	3	37	91	38	50	39	7	40	33	41	20	42	29	43	71	44	76	45	99	46	80	47	23	48	91	49	74
	0	87	1	15	2	92	3	5	4	82	5	44	6	47	7	30	8	21	9	66	10	52	11	4	12	96	13	54	14	20	15	100	16	24	17	74	18	51	19	40	20	3	21	74	22	74	23	83	24	33	25	16	26	91	27	86	28	33	29	88	30	43	31	24	32	18	33	82	34	85	35	28	36	97	37	27	38	49	39	79	40	14	41	6	42	27	43	63	44	56	45	5	46	93	47	88	48	76	49	60
	0	59	1	96	2	22	3	16	4	32	5	49	6	70	7	3	8	9	9	47	10	87	11	89	12	36	13	10	14	94	15	84	16	15	17	61	18	84	19	87	20	28	21	51	22	30	23	3	24	26	25	32	26	81	27	79	28	97	29	84	30	28	31	30	32	92	33	22	34	3	35	55	36	6	37	58	38	20	39	73	40	23	41	95	42	90	43	7	44	69	45	65	46	65	47	15	48	44	49	54
	0	82	1	55	2	18	3	59	4	28	5	94	6	18	7	85	8	36	9	42	10	41	11	72	12	86	13	47	14	60	15	4	16	76	17	78	18	16	19	48	20	72	21	7	22	24	23	19	24	74	25	38	26	11	27	74	28	41	29	60	30	81	31	83	32	61	33	23	34	75	35	20	36	74	37	54	38	66	39	74	40	69	41	72	42	6	43	88	44	13	45	65	46	19	47	60	48	3	49	34
	0	5	1	63	2	23	3	24	4	98	5	84	6	54	7	93	8	2	9	72	10	90	11	91	12	78	13	53	14	26	15	49	16	75	17	52	18	46	19	96	20	27	21	29	22	10	23	62	24	41	25	18	26	30	27	28	28	70	29	29	30	81	31	40	32	32	33	45	34	77	35	83	36	26	37	32	38	27	39	97	40	52	41	47	42	35	43	71	44	34	45	92	46	14	47	56	48	15	49	74
	0	25	1	75	2	56	3	54	4	75	5	17	6	67	7	1	8	16	9	67	10	58	11	80	12	36	13	73	14	80	15	39	16	45	17	83	18	83	19	82	20	73	21	87	22	41	23	38	24	61	25	52	26	93	27	57	28	93	29	29	30	12	31	5	32	3	33	82	34	100	35	31	36	59	37	59	38	73	39	26	40	7	41	2	42	76	43	8	44	31	45	76	46	49	47	92	48	48	49	58
	0	42	1	30	2	55	3	18	4	20	5	36	6	7	7	72	8	44	9	32	10	68	11	18	12	1	13	70	14	78	15	49	16	5	17	19	18	42	19	23	20	20	21	35	22	98	23	43	24	59	25	35	26	60	27	57	28	63	29	52	30	13	31	87	32	69	33	45	34	20	35	54	36	9	37	82	38	72	39	63	40	21	41	25	42	72	43	37	44	41	45	91	46	57	47	46	48	10	49	53
	0	85	1	56	2	40	3	20	4	41	5	90	6	91	7	7	8	48	9	86	10	64	11	68	12	76	13	82	14	26	15	78	16	95	17	78	18	1	19	71	20	12	21	41	22	5	23	74	24	74	25	64	26	9	27	93	28	55	29	82	30	49	31	44	32	35	33	22	34	34	35	27	36	47	37	31	38	98	39	100	40	55	41	99	42	14	43	92	44	79	45	100	46	71	47	52	48	92	49	84
	0	56	1	47	2	41	3	16	4	19	5	40	6	76	7	40	8	2	9	5	10	94	11	6	12	54	13	80	14	19	15	98	16	74	17	51	18	83	19	41	20	53	21	15	22	74	23	94	24	96	25	76	26	76	27	31	28	56	29	69	30	6	31	80	32	6	33	9	34	31	35	82	36	35	37	12	38	10	39	73	40	40	41	53	42	3	43	6	44	48	45	26	46	48	47	74	48	1	49	40
	0	75	1	88	2	74	3	78	4	30	5	35	6	15	7	75	8	23	9	10	10	30	11	7	12	14	13	90	14	54	15	3	16	11	17	27	18	68	19	8	20	43	21	32	22	60	23	69	24	20	25	9	26	53	27	23	28	15	29	55	30	29	31	93	32	6	33	27	34	25	35	44	36	81	37	49	38	92	39	44	40	88	41	6	42	36	43	21	44	75	45	51	46	73	47	30	48	69	49	24
	0	79	1	68	2	75	3	52	4	22	5	84	6	92	7	79	8	85	9	88	10	96	11	61	12	39	13	60	14	18	15	2	16	13	17	94	18	18	19	28	20	73	21	41	22	45	23	30	24	13	25	41	26	32	27	14	28	4	29	42	30	51	31	38	32	74	33	63	34	37	35	31	36	4	37	31	38	72	39	23	40	56	41	17	42	51	43	25	44	85	45	46	46	11	47	46	48	94	49	35
	0	63	1	26	2	22	3	25	4	77	5	31	6	94	7	75	8	11	9	44	10	61	11	42	12	58	13	20	14	6	15	86	16	95	17	31	18	6	19	45	20	20	21	82	22	71	23	80	24	22	25	94	26	90	27	2	28	40	29	81	30	66	31	100	32	74	33	63	34	23	35	56	36	74	37	98	38	10	39	7	40	20	41	19	42	28	43	84	44	53	45	14	46	70	47	62	48	47	49	79
	0	48	1	62	2	6	3	42	4	34	5	25	6	33	7	28	8	47	9	35	10	21	11	19	12	73	13	51	14	40	15	22	16	82	17	97	18	34	19	59	20	84	21	97	22	50	23	34	24	58	25	75	26	54	27	50	28	9	29	37	30	23	31	65	32	70	33	20	34	7	35	23	36	40	37	74	38	91	39	4	40	21	41	1	42	26	43	61	44	6	45	73	46	82	47	52	48	23	49	10
	0	63	1	79	2	37	3	85	4	75	5	96	6	75	7	72	8	37	9	48	10	11	11	88	12	87	13	44	14	32	15	59	16	7	17	86	18	84	19	30	20	88	21	10	22	46	23	9	24	86	25	96	26	1	27	81	28	57	29	63	30	92	31	62	32	74	33	64	34	84	35	82	36	53	37	26	38	74	39	85	40	36	41	17	42	8	43	15	44	34	45	34	46	15	47	19	48	100	49	32
	0	52	1	70	2	96	3	50	4	26	5	20	6	88	7	2	8	36	9	14	10	50	11	31	12	54	13	19	14	89	15	59	16	35	17	79	18	21	19	59	20	19	21	75	22	45	23	55	24	79	25	49	26	94	27	19	28	20	29	43	30	85	31	100	32	29	33	46	34	72	35	42	36	36	37	45	38	80	39	47	40	39	41	39	42	83	43	97	44	97	45	50	46	37	47	47	48	97	49	45
	0	4	1	45	2	45	3	54	4	12	5	50	6	47	7	42	8	29	9	45	10	68	11	75	12	70	13	68	14	92	15	89	16	54	17	16	18	21	19	47	20	65	21	88	22	80	23	49	24	8	25	64	26	27	27	24	28	54	29	51	30	71	31	21	32	6	33	48	34	58	35	86	36	45	37	78	38	81	39	77	40	33	41	22	42	1	43	62	44	72	45	53	46	16	47	6	48	63	49	20
	0	96	1	42	2	4	3	71	4	76	5	64	6	13	7	99	8	69	9	12	10	87	11	34	12	52	13	28	14	15	15	45	16	34	17	88	18	11	19	3	20	95	21	61	22	33	23	26	24	81	25	49	26	14	27	11	28	69	29	81	30	5	31	11	32	49	33	95	34	17	35	31	36	88	37	30	38	16	39	35	40	73	41	89	42	87	43	96	44	34	45	63	46	2	47	27	48	17	49	25
	0	31	1	81	2	48	3	30	4	91	5	96	6	90	7	87	8	28	9	39	10	16	11	72	12	67	13	65	14	33	15	24	16	82	17	91	18	24	19	20	20	68	21	67	22	4	23	28	24	15	25	76	26	3	27	99	28	21	29	2	30	26	31	17	32	89	33	54	34	46	35	44	36	99	37	35	38	31	39	24	40	53	41	70	42	17	43	18	44	18	45	68	46	77	47	99	48	33	49	64
	0	36	1	33	2	54	3	57	4	50	5	6	6	40	7	54	8	41	9	86	10	8	11	87	12	45	13	34	14	22	15	56	16	37	17	92	18	84	19	9	20	26	21	15	22	37	23	77	24	28	25	31	26	11	27	23	28	76	29	42	30	63	31	53	32	22	33	96	34	92	35	27	36	21	37	100	38	37	39	48	40	27	41	50	42	82	43	18	44	32	45	98	46	27	47	8	48	18	49	86
	0	3	1	50	2	19	3	10	4	34	5	75	6	98	7	100	8	82	9	45	10	99	11	24	12	23	13	49	14	24	15	60	16	31	17	66	18	43	19	89	20	90	21	15	22	33	23	94	24	46	25	42	26	14	27	82	28	60	29	21	30	30	31	69	32	48	33	53	34	73	35	67	36	7	37	13	38	73	39	92	40	50	41	64	42	81	43	70	44	21	45	31	46	32	47	6	48	54	49	26
	0	66	1	55	2	92	3	51	4	28	5	97	6	84	7	22	8	88	9	12	10	31	11	93	12	57	13	7	14	44	15	78	16	73	17	41	18	27	19	84	20	94	21	49	22	16	23	26	24	30	25	56	26	24	27	69	28	78	29	38	30	78	31	24	32	59	33	80	34	41	35	91	36	75	37	16	38	64	39	32	40	23	41	64	42	13	43	15	44	32	45	94	46	48	47	47	48	21	49	91
	0	73	1	16	2	98	3	91	4	64	5	86	6	26	7	8	8	57	9	22	10	41	11	89	12	51	13	39	14	10	15	48	16	45	17	10	18	34	19	84	20	37	21	64	22	57	23	65	24	32	25	63	26	31	27	51	28	50	29	48	30	44	31	77	32	30	33	79	34	17	35	14	36	61	37	19	38	15	39	7	40	100	41	36	42	47	43	17	44	53	45	17	46	30	47	45	48	19	49	22
	0	59	1	8	2	36	3	22	4	97	5	97	6	75	7	6	8	76	9	25	10	73	11	33	12	85	13	59	14	93	15	80	16	76	17	90	18	56	19	9	20	17	21	82	22	94	23	49	24	63	25	9	26	100	27	66	28	49	29	56	30	87	31	77	32	100	33	76	34	77	35	24	36	23	37	89	38	85	39	97	40	34	41	90	42	72	43	17	44	9	45	100	46	63	47	66	48	100	49	68
	0	83	1	58	2	20	3	16	4	37	5	84	6	6	7	75	8	39	9	58	10	16	11	72	12	78	13	69	14	1	15	49	16	59	17	1	18	84	19	25	20	64	21	84	22	17	23	45	24	35	25	79	26	3	27	66	28	51	29	24	30	4	31	74	32	56	33	79	34	84	35	41	36	83	37	58	38	36	39	54	40	48	41	30	42	3	43	83	44	32	45	27	46	3	47	67	48	63	49	1
	0	99	1	40	2	72	3	99	4	85	5	18	6	85	7	64	8	71	9	22	10	74	11	78	12	3	13	10	14	74	15	2	16	38	17	44	18	46	19	74	20	57	21	12	22	42	23	82	24	99	25	79	26	95	27	22	28	41	29	44	30	56	31	84	32	58	33	18	34	24	35	66	36	39	37	62	38	74	39	79	40	39	41	35	42	56	43	93	44	4	45	54	46	18	47	67	48	83	49	60
	0	97	1	23	2	22	3	40	4	65	5	80	6	17	7	55	8	22	9	61	10	47	11	72	12	83	13	25	14	21	15	98	16	97	17	97	18	28	19	56	20	91	21	95	22	55	23	76	24	32	25	72	26	11	27	63	28	51	29	33	30	87	31	79	32	65	33	89	34	25	35	55	36	95	37	52	38	88	39	5	40	73	41	93	42	46	43	21	44	75	45	12	46	18	47	68	48	23	49	94
	0	46	1	8	2	53	3	49	4	84	5	13	6	43	7	57	8	23	9	67	10	21	11	69	12	92	13	39	14	37	15	42	16	8	17	4	18	44	19	91	20	63	21	26	22	20	23	4	24	59	25	35	26	45	27	47	28	49	29	70	30	92	31	46	32	32	33	49	34	15	35	40	36	14	37	21	38	36	39	29	40	34	41	75	42	56	43	61	44	8	45	33	46	56	47	41	48	59	49	56
	0	55	1	54	2	15	3	17	4	40	5	21	6	5	7	36	8	89	9	47	10	86	11	95	12	53	13	33	14	71	15	40	16	61	17	33	18	52	19	72	20	69	21	9	22	33	23	71	24	70	25	6	26	17	27	3	28	26	29	36	30	9	31	11	32	6	33	62	34	36	35	75	36	18	37	7	38	95	39	23	40	86	41	44	42	70	43	87	44	12	45	23	46	92	47	67	48	9	49	55
	0	25	1	42	2	6	3	56	4	6	5	19	6	56	7	18	8	70	9	44	10	6	11	65	12	35	13	91	14	5	15	100	16	39	17	4	18	47	19	68	20	36	21	69	22	96	23	82	24	13	25	41	26	33	27	75	28	70	29	42	30	11	31	99	32	81	33	7	34	19	35	70	36	32	37	55	38	93	39	24	40	88	41	2	42	15	43	54	44	61	45	49	46	96	47	16	48	56	49	4
	0	29	1	46	2	32	3	26	4	65	5	19	6	95	7	5	8	39	9	34	10	26	11	6	12	49	13	20	14	89	15	47	16	88	17	86	18	87	19	94	20	41	21	64	22	64	23	74	24	27	25	20	26	54	27	62	28	52	29	25	30	42	31	82	32	73	33	24	34	79	35	23	36	20	37	29	38	71	39	76	40	7	41	36	42	25	43	22	44	41	45	39	46	37	47	42	48	2	49	83
	0	41	1	28	2	44	3	94	4	60	5	10	6	77	7	68	8	27	9	34	10	83	11	4	12	70	13	42	14	96	15	22	16	72	17	64	18	69	19	99	20	61	21	5	22	77	23	6	24	78	25	84	26	36	27	40	28	33	29	72	30	55	31	75	32	61	33	24	34	29	35	82	36	9	37	11	38	56	39	92	40	40	41	95	42	28	43	93	44	33	45	92	46	21	47	100	48	100	49	29
	0	7	1	29	2	60	3	94	4	43	5	58	6	42	7	12	8	16	9	72	10	8	11	22	12	51	13	18	14	8	15	26	16	4	17	12	18	13	19	28	20	13	21	75	22	96	23	3	24	62	25	98	26	47	27	40	28	81	29	59	30	46	31	77	32	8	33	36	34	29	35	94	36	58	37	94	38	18	39	49	40	96	41	46	42	10	43	76	44	1	45	5	46	39	47	56	48	61	49	81
	0	46	1	67	2	55	3	90	4	44	5	41	6	91	7	89	8	46	9	99	10	17	11	36	12	90	13	41	14	31	15	47	16	2	17	12	18	34	19	6	20	53	21	69	22	24	23	40	24	9	25	20	26	25	27	70	28	5	29	10	30	76	31	99	32	52	33	81	34	47	35	98	36	79	37	20	38	53	39	99	40	84	41	79	42	77	43	9	44	6	45	32	46	17	47	7	48	84	49	3
	0	38	1	76	2	39	3	70	4	81	5	93	6	96	7	42	8	50	9	84	10	54	11	63	12	5	13	93	14	44	15	78	16	11	17	50	18	41	19	77	20	22	21	25	22	37	23	94	24	15	25	95	26	65	27	38	28	90	29	72	30	48	31	75	32	98	33	73	34	14	35	77	36	79	37	11	38	80	39	31	40	9	41	58	42	29	43	66	44	89	45	1	46	7	47	18	48	28	49	85
	0	16	1	75	2	2	3	29	4	100	5	59	6	97	7	48	8	31	9	23	10	57	11	15	12	39	13	87	14	97	15	56	16	60	17	42	18	65	19	62	20	92	21	80	22	46	23	42	24	68	25	46	26	51	27	77	28	94	29	9	30	36	31	31	32	32	33	4	34	30	35	38	36	90	37	92	38	93	39	64	40	66	41	26	42	7	43	20	44	71	45	51	46	78	47	74	48	7	49	43
	0	18	1	78	2	84	3	80	4	11	5	26	6	3	7	5	8	98	9	89	10	32	11	14	12	30	13	8	14	67	15	82	16	77	17	40	18	42	19	10	20	82	21	76	22	24	23	65	24	12	25	86	26	29	27	28	28	41	29	63	30	26	31	85	32	50	33	57	34	27	35	24	36	62	37	38	38	63	39	25	40	17	41	17	42	15	43	46	44	66	45	20	46	42	47	50	48	46	49	89
	0	14	1	34	2	52	3	57	4	58	5	34	6	29	7	29	8	68	9	34	10	43	11	51	12	38	13	100	14	6	15	59	16	12	17	10	18	65	19	44	20	72	21	63	22	81	23	58	24	8	25	69	26	55	27	64	28	23	29	79	30	74	31	3	32	81	33	84	34	97	35	19	36	14	37	2	38	95	39	74	40	15	41	33	42	100	43	51	44	6	45	45	46	63	47	10	48	51	49	35
	0	94	1	52	2	50	3	51	4	45	5	22	6	48	7	1	8	65	9	25	10	21	11	65	12	28	13	65	14	41	15	85	16	21	17	12	18	33	19	16	20	30	21	65	22	65	23	42	24	86	25	69	26	40	27	5	28	31	29	97	30	76	31	96	32	30	33	6	34	11	35	100	36	44	37	31	38	41	39	9	40	25	41	77	42	94	43	30	44	12	45	20	46	11	47	60	48	33	49	27
	0	53	1	99	2	39	3	56	4	85	5	31	6	32	7	99	8	93	9	92	10	54	11	75	12	41	13	95	14	63	15	92	16	64	17	96	18	100	19	24	20	62	21	12	22	19	23	83	24	44	25	25	26	58	27	78	28	29	29	36	30	52	31	92	32	6	33	52	34	8	35	17	36	10	37	20	38	26	39	21	40	67	41	42	42	7	43	60	44	18	45	33	46	90	47	33	48	15	49	2
	0	15	1	53	2	59	3	82	4	90	5	94	6	19	7	25	8	36	9	13	10	53	11	40	12	4	13	76	14	21	15	50	16	6	17	32	18	48	19	80	20	15	21	9	22	7	23	21	24	100	25	33	26	100	27	14	28	16	29	90	30	64	31	58	32	74	33	83	34	48	35	41	36	39	37	52	38	12	39	33	40	44	41	64	42	62	43	2	44	22	45	86	46	19	47	46	48	85	49	100
	0	76	1	35	2	5	3	23	4	3	5	18	6	73	7	40	8	1	9	43	10	54	11	67	12	7	13	81	14	48	15	94	16	17	17	64	18	25	19	87	20	61	21	77	22	16	23	32	24	54	25	53	26	50	27	68	28	20	29	71	30	81	31	32	32	42	33	60	34	57	35	12	36	92	37	52	38	1	39	90	40	54	41	26	42	24	43	3	44	36	45	62	46	85	47	81	48	24	49	77
	0	64	1	18	2	50	3	14	4	18	5	85	6	48	7	25	8	35	9	7	10	37	11	29	12	10	13	54	14	63	15	82	16	91	17	16	18	54	19	66	20	91	21	56	22	14	23	73	24	55	25	79	26	35	27	71	28	22	29	52	30	97	31	55	32	30	33	54	34	7	35	26	36	47	37	51	38	83	39	51	40	37	41	27	42	80	43	4	44	74	45	7	46	27	47	78	48	87	49	61
	0	16	1	30	2	84	3	75	4	55	5	92	6	84	7	12	8	87	9	54	10	75	11	28	12	33	13	30	14	55	15	92	16	8	17	21	18	37	19	27	20	19	21	69	22	19	23	92	24	52	25	54	26	56	27	44	28	93	29	79	30	79	31	66	32	51	33	43	34	51	35	49	36	72	37	94	38	53	39	62	40	70	41	34	42	42	43	46	44	2	45	80	46	28	47	18	48	71	49	35
	0	49	1	70	2	36	3	13	4	54	5	4	6	53	7	16	8	21	9	34	10	90	11	65	12	62	13	35	14	74	15	27	16	99	17	44	18	80	19	94	20	16	21	25	22	54	23	10	24	8	25	57	26	42	27	39	28	99	29	7	30	62	31	30	32	83	33	2	34	34	35	24	36	25	37	5	38	79	39	2	40	19	41	59	42	16	43	70	44	86	45	65	46	50	47	32	48	66	49	89
	0	14	1	5	2	31	3	38	4	9	5	56	6	38	7	24	8	63	9	89	10	70	11	25	12	90	13	93	14	67	15	11	16	34	17	42	18	18	19	75	20	19	21	1	22	82	23	16	24	42	25	77	26	62	27	38	28	85	29	36	30	23	31	78	32	30	33	43	34	67	35	74	36	96	37	26	38	79	39	26	40	44	41	65	42	7	43	25	44	11	45	41	46	64	47	47	48	76	49	8
	0	31	1	35	2	59	3	77	4	25	5	14	6	6	7	23	8	56	9	28	10	33	11	41	12	75	13	68	14	5	15	25	16	99	17	49	18	75	19	48	20	62	21	55	22	34	23	56	24	30	25	49	26	26	27	15	28	69	29	25	30	23	31	65	32	68	33	41	34	80	35	73	36	43	37	79	38	19	39	95	40	93	41	98	42	93	43	78	44	57	45	81	46	33	47	72	48	9	49	15
	0	98	1	26	2	2	3	19	4	55	5	98	6	18	7	30	8	82	9	82	10	12	11	23	12	54	13	59	14	40	15	93	16	58	17	8	18	19	19	49	20	61	21	33	22	57	23	98	24	8	25	3	26	40	27	4	28	33	29	3	30	89	31	65	32	14	33	44	34	95	35	37	36	97	37	81	38	8	39	88	40	69	41	38	42	52	43	85	44	72	45	36	46	68	47	27	48	64	49	77
	0	15	1	77	2	83	3	26	4	87	5	69	6	67	7	99	8	27	9	85	10	41	11	41	12	38	13	30	14	68	15	60	16	20	17	44	18	19	19	47	20	93	21	33	22	24	23	4	24	84	25	18	26	99	27	44	28	80	29	20	30	67	31	51	32	76	33	29	34	5	35	17	36	81	37	40	38	4	39	75	40	52	41	39	42	14	43	9	44	62	45	81	46	100	47	7	48	40	49	89
	0	54	1	90	2	27	3	63	4	30	5	28	6	35	7	91	8	78	9	32	10	10	11	85	12	26	13	78	14	32	15	86	16	19	17	100	18	97	19	30	20	100	21	68	22	84	23	44	24	30	25	34	26	76	27	27	28	43	29	99	30	100	31	35	32	3	33	52	34	19	35	67	36	13	37	84	38	64	39	42	40	71	41	53	42	3	43	77	44	1	45	84	46	93	47	43	48	86	49	19
	0	48	1	46	2	80	3	41	4	23	5	42	6	86	7	41	8	1	9	16	10	28	11	22	12	27	13	58	14	38	15	32	16	38	17	22	18	47	19	73	20	63	21	67	22	61	23	57	24	9	25	89	26	44	27	69	28	54	29	9	30	39	31	73	32	6	33	85	34	13	35	81	36	4	37	40	38	2	39	60	40	68	41	37	42	81	43	42	44	33	45	50	46	100	47	75	48	8	49	95
	0	49	1	23	2	57	3	32	4	52	5	1	6	87	7	53	8	3	9	13	10	93	11	6	12	79	13	9	14	1	15	32	16	16	17	7	18	92	19	6	20	15	21	20	22	14	23	15	24	22	25	100	26	10	27	15	28	2	29	81	30	15	31	39	32	83	33	87	34	5	35	62	36	68	37	39	38	4	39	40	40	21	41	68	42	69	43	72	44	79	45	27	46	20	47	62	48	49	49	59
	0	88	1	76	2	84	3	54	4	86	5	17	6	68	7	13	8	35	9	73	10	27	11	2	12	98	13	99	14	57	15	47	16	97	17	49	18	51	19	30	20	35	21	61	22	37	23	66	24	24	25	58	26	82	27	79	28	8	29	40	30	18	31	6	32	23	33	48	34	89	35	94	36	37	37	47	38	29	39	77	40	68	41	56	42	27	43	40	44	57	45	10	46	26	47	9	48	57	49	49
	0	67	1	31	2	61	3	64	4	85	5	15	6	85	7	29	8	1	9	68	10	68	11	16	12	76	13	45	14	62	15	84	16	28	17	75	18	27	19	50	20	12	21	61	22	50	23	12	24	26	25	47	26	49	27	92	28	88	29	8	30	41	31	82	32	100	33	4	34	73	35	39	36	95	37	99	38	60	39	63	40	19	41	49	42	61	43	35	44	19	45	97	46	3	47	11	48	22	49	33
	0	26	1	7	2	20	3	13	4	6	5	2	6	17	7	30	8	89	9	57	10	88	11	4	12	38	13	29	14	56	15	11	16	70	17	12	18	91	19	78	20	39	21	55	22	90	23	27	24	7	25	26	26	90	27	11	28	77	29	20	30	11	31	7	32	12	33	41	34	49	35	57	36	43	37	1	38	65	39	47	40	50	41	7	42	17	43	83	44	70	45	40	46	59	47	14	48	56	49	51
	0	93	1	91	2	97	3	12	4	39	5	61	6	81	7	9	8	76	9	61	10	48	11	64	12	54	13	36	14	68	15	13	16	93	17	94	18	52	19	99	20	3	21	4	22	61	23	29	24	8	25	59	26	93	27	25	28	54	29	81	30	45	31	60	32	16	33	50	34	91	35	55	36	58	37	61	38	17	39	94	40	9	41	51	42	10	43	62	44	34	45	60	46	87	47	23	48	39	49	1
	0	5	1	98	2	36	3	63	4	11	5	4	6	44	7	72	8	93	9	61	10	8	11	77	12	60	13	84	14	71	15	46	16	60	17	19	18	14	19	86	20	9	21	79	22	69	23	8	24	94	25	98	26	50	27	22	28	69	29	11	30	70	31	32	32	60	33	18	34	39	35	36	36	47	37	99	38	49	39	89	40	92	41	86	42	8	43	70	44	28	45	7	46	63	47	47	48	26	49	54
	0	42	1	49	2	5	3	51	4	77	5	86	6	61	7	18	8	25	9	67	10	24	11	54	12	65	13	16	14	55	15	88	16	57	17	85	18	71	19	70	20	94	21	3	22	42	23	6	24	58	25	31	26	88	27	52	28	95	29	95	30	95	31	23	32	45	33	15	34	13	35	85	36	4	37	68	38	7	39	32	40	99	41	40	42	65	43	69	44	98	45	62	46	11	47	54	48	6	49	25
	0	46	1	63	2	97	3	33	4	30	5	87	6	87	7	31	8	83	9	81	10	62	11	11	12	55	13	5	14	1	15	99	16	100	17	49	18	64	19	61	20	57	21	16	22	35	23	89	24	18	25	14	26	38	27	51	28	33	29	77	30	71	31	23	32	91	33	13	34	19	35	26	36	74	37	62	38	41	39	43	40	67	41	93	42	57	43	92	44	76	45	90	46	55	47	69	48	88	49	95
	0	15	1	1	2	73	3	9	4	14	5	61	6	14	7	83	8	49	9	44	10	8	11	30	12	8	13	96	14	83	15	44	16	66	17	55	18	26	19	26	20	88	21	42	22	1	23	30	24	65	25	10	26	13	27	86	28	23	29	42	30	59	31	67	32	63	33	47	34	48	35	13	36	41	37	9	38	93	39	11	40	92	41	78	42	6	43	100	44	45	45	15	46	58	47	69	48	92	49	19
	0	71	1	41	2	15	3	4	4	51	5	71	6	71	7	16	8	1	9	10	10	92	11	90	12	52	13	98	14	57	15	88	16	8	17	96	18	36	19	82	20	1	21	71	22	21	23	66	24	80	25	90	26	76	27	1	28	8	29	90	30	94	31	44	32	26	33	29	34	31	35	6	36	96	37	33	38	52	39	36	40	60	41	98	42	19	43	34	44	63	45	10	46	93	47	38	48	11	49	89
	0	45	1	36	2	93	3	77	4	87	5	96	6	66	7	15	8	70	9	25	10	85	11	98	12	15	13	82	14	41	15	78	16	63	17	28	18	17	19	73	20	80	21	72	22	93	23	96	24	30	25	48	26	47	27	13	28	11	29	38	30	50	31	87	32	29	33	25	34	33	35	79	36	36	37	37	38	82	39	6	40	64	41	12	42	95	43	73	44	43	45	13	46	99	47	42	48	61	49	51
	0	8	1	87	2	25	3	5	4	83	5	68	6	24	7	56	8	17	9	6	10	98	11	55	12	47	13	50	14	74	15	5	16	90	17	68	18	8	19	29	20	29	21	7	22	66	23	38	24	7	25	85	26	12	27	43	28	16	29	37	30	94	31	57	32	68	33	12	34	49	35	90	36	99	37	90	38	69	39	35	40	42	41	79	42	85	43	83	44	61	45	99	46	82	47	36	48	44	49	75
	0	40	1	93	2	92	3	75	4	53	5	31	6	44	7	91	8	1	9	3	10	40	11	42	12	50	13	30	14	4	15	21	16	13	17	60	18	91	19	50	20	1	21	13	22	52	23	9	24	48	25	43	26	81	27	24	28	79	29	76	30	81	31	67	32	64	33	24	34	37	35	82	36	74	37	68	38	88	39	40	40	34	41	52	42	53	43	3	44	40	45	55	46	31	47	27	48	69	49	24
	0	93	1	54	2	31	3	71	4	31	5	63	6	10	7	81	8	31	9	76	10	10	11	87	12	95	13	54	14	6	15	96	16	15	17	16	18	47	19	81	20	79	21	67	22	81	23	76	24	69	25	27	26	93	27	20	28	72	29	83	30	69	31	68	32	21	33	20	34	36	35	38	36	23	37	97	38	36	39	71	40	66	41	69	42	39	43	31	44	87	45	81	46	90	47	56	48	58	49	75
	0	62	1	52	2	14	3	98	4	57	5	86	6	35	7	88	8	60	9	14	10	59	11	81	12	56	13	54	14	73	15	81	16	65	17	99	18	31	19	57	20	41	21	14	22	74	23	84	24	51	25	75	26	68	27	35	28	32	29	30	30	81	31	76	32	77	33	14	34	49	35	48	36	22	37	21	38	31	39	21	40	10	41	26	42	29	43	51	44	72	45	21	46	32	47	81	48	39	49	87
	0	12	1	76	2	82	3	37	4	76	5	65	6	53	7	82	8	55	9	41	10	45	11	22	12	82	13	45	14	22	15	53	16	97	17	19	18	80	19	47	20	69	21	28	22	36	23	49	24	29	25	62	26	51	27	84	28	61	29	83	30	46	31	88	32	85	33	77	34	62	35	91	36	27	37	18	38	71	39	21	40	73	41	63	42	38	43	8	44	43	45	25	46	97	47	4	48	30	49	6
	0	84	1	54	2	95	3	74	4	48	5	75	6	14	7	24	8	25	9	36	10	9	11	60	12	47	13	40	14	25	15	72	16	30	17	58	18	13	19	16	20	50	21	61	22	55	23	4	24	15	25	45	26	26	27	74	28	72	29	57	30	75	31	89	32	29	33	61	34	87	35	86	36	77	37	100	38	45	39	84	40	20	41	44	42	6	43	1	44	71	45	32	46	63	47	63	48	79	49	44
	0	55	1	94	2	58	3	73	4	43	5	7	6	74	7	64	8	80	9	61	10	87	11	51	12	20	13	39	14	57	15	12	16	56	17	59	18	76	19	20	20	92	21	28	22	56	23	55	24	65	25	8	26	21	27	4	28	91	29	41	30	48	31	82	32	3	33	53	34	82	35	29	36	85	37	53	38	9	39	75	40	33	41	71	42	54	43	77	44	9	45	17	46	54	47	79	48	47	49	48
	0	16	1	33	2	33	3	83	4	53	5	89	6	80	7	99	8	65	9	48	10	57	11	84	12	22	13	31	14	45	15	56	16	27	17	3	18	37	19	62	20	10	21	61	22	97	23	4	24	53	25	79	26	44	27	70	28	53	29	60	30	35	31	75	32	90	33	39	34	54	35	14	36	20	37	45	38	33	39	4	40	47	41	9	42	67	43	60	44	30	45	78	46	98	47	32	48	24	49	70
	0	65	1	94	2	61	3	84	4	68	5	70	6	35	7	51	8	86	9	38	10	31	11	79	12	31	13	25	14	11	15	39	16	47	17	25	18	66	19	98	20	82	21	68	22	77	23	82	24	86	25	29	26	49	27	34	28	13	29	71	30	18	31	6	32	39	33	47	34	43	35	82	36	23	37	99	38	23	39	39	40	52	41	46	42	10	43	86	44	76	45	47	46	12	47	36	48	14	49	58
	0	94	1	99	2	74	3	49	4	37	5	13	6	34	7	35	8	97	9	40	10	73	11	32	12	79	13	92	14	42	15	59	16	32	17	70	18	23	19	30	20	9	21	41	22	18	23	12	24	59	25	60	26	46	27	54	28	45	29	33	30	64	31	96	32	1	33	75	34	34	35	21	36	79	37	1	38	92	39	15	40	40	41	62	42	95	43	33	44	94	45	6	46	59	47	7	48	97	49	40
	0	12	1	18	2	55	3	6	4	18	5	40	6	91	7	5	8	48	9	24	10	85	11	37	12	13	13	61	14	82	15	33	16	74	17	71	18	27	19	96	20	97	21	93	22	91	23	91	24	29	25	60	26	73	27	30	28	87	29	6	30	5	31	58	32	16	33	33	34	93	35	34	36	43	37	25	38	65	39	51	40	24	41	97	42	26	43	55	44	86	45	11	46	24	47	51	48	85	49	100
	0	72	1	99	2	45	3	83	4	4	5	46	6	56	7	60	8	45	9	48	10	29	11	10	12	18	13	70	14	44	15	57	16	26	17	79	18	42	19	50	20	84	21	55	22	47	23	80	24	82	25	97	26	16	27	47	28	12	29	89	30	43	31	22	32	78	33	64	34	88	35	88	36	82	37	73	38	92	39	45	40	59	41	43	42	97	43	15	44	92	45	96	46	87	47	88	48	28	49	43
	0	22	1	87	2	97	3	2	4	24	5	41	6	88	7	72	8	42	9	6	10	25	11	80	12	6	13	68	14	78	15	95	16	37	17	100	18	71	19	45	20	84	21	93	22	86	23	4	24	9	25	52	26	78	27	33	28	22	29	37	30	43	31	83	32	48	33	97	34	100	35	1	36	93	37	14	38	98	39	93	40	13	41	68	42	38	43	35	44	16	45	80	46	76	47	49	48	61	49	100
	0	63	1	59	2	14	3	44	4	14	5	17	6	93	7	94	8	25	9	56	10	4	11	29	12	84	13	6	14	42	15	32	16	32	17	90	18	27	19	96	20	88	21	73	22	84	23	47	24	20	25	42	26	97	27	15	28	46	29	33	30	86	31	57	32	97	33	41	34	94	35	1	36	55	37	71	38	83	39	52	40	75	41	15	42	75	43	4	44	35	45	69	46	85	47	30	48	79	49	32
	0	30	1	50	2	53	3	28	4	19	5	99	6	37	7	63	8	55	9	45	10	32	11	6	12	97	13	32	14	55	15	43	16	70	17	35	18	39	19	59	20	22	21	76	22	66	23	37	24	58	25	15	26	51	27	83	28	16	29	20	30	71	31	16	32	40	33	100	34	9	35	74	36	90	37	19	38	50	39	40	40	80	41	56	42	50	43	80	44	36	45	71	46	64	47	43	48	23	49	78
	0	17	1	72	2	59	3	54	4	30	5	26	6	59	7	29	8	57	9	11	10	29	11	21	12	83	13	60	14	28	15	37	16	93	17	30	18	75	19	41	20	15	21	90	22	44	23	47	24	84	25	17	26	3	27	12	28	100	29	45	30	62	31	26	32	61	33	4	34	54	35	16	36	98	37	62	38	66	39	28	40	48	41	64	42	80	43	38	44	37	45	7	46	96	47	14	48	60	49	16
	0	61	1	37	2	82	3	5	4	3	5	31	6	89	7	32	8	56	9	82	10	80	11	82	12	34	13	40	14	62	15	52	16	72	17	28	18	92	19	3	20	52	21	7	22	89	23	9	24	79	25	67	26	99	27	26	28	82	29	50	30	88	31	53	32	45	33	20	34	98	35	57	36	95	37	37	38	91	39	88	40	10	41	95	42	68	43	11	44	16	45	45	46	32	47	12	48	87	49	97
	0	31	1	81	2	70	3	77	4	17	5	60	6	96	7	94	8	82	9	14	10	53	11	25	12	74	13	64	14	27	15	40	16	5	17	92	18	39	19	5	20	86	21	5	22	38	23	57	24	75	25	16	26	18	27	31	28	3	29	83	30	80	31	68	32	31	33	6	34	58	35	60	36	37	37	88	38	58	39	92	40	41	41	94	42	12	43	87	44	35	45	74	46	19	47	86	48	40	49	32
	0	41	1	91	2	41	3	51	4	72	5	60	6	54	7	10	8	82	9	49	10	29	11	66	12	41	13	26	14	1	15	65	16	36	17	96	18	25	19	9	20	52	21	24	22	80	23	14	24	92	25	45	26	9	27	9	28	39	29	89	30	36	31	79	32	87	33	66	34	91	35	45	36	100	37	87	38	5	39	29	40	86	41	18	42	81	43	63	44	68	45	94	46	45	47	22	48	6	49	35
	0	30	1	97	2	18	3	42	4	46	5	51	6	62	7	73	8	53	9	97	10	13	11	16	12	20	13	8	14	45	15	14	16	44	17	60	18	71	19	10	20	75	21	38	22	38	23	18	24	53	25	77	26	64	27	34	28	66	29	14	30	56	31	43	32	66	33	74	34	59	35	87	36	33	37	8	38	21	39	9	40	47	41	66	42	76	43	74	44	16	45	72	46	68	47	31	48	76	49	19
	0	87	1	89	2	53	3	28	4	78	5	95	6	59	7	13	8	43	9	49	10	57	11	60	12	52	13	100	14	22	15	13	16	32	17	90	18	78	19	13	20	3	21	57	22	89	23	48	24	68	25	9	26	42	27	100	28	90	29	31	30	36	31	98	32	12	33	74	34	76	35	16	36	83	37	57	38	32	39	78	40	26	41	80	42	11	43	51	44	46	45	2	46	56	47	41	48	54	49	70
	0	65	1	22	2	72	3	81	4	98	5	76	6	39	7	7	8	11	9	100	10	31	11	38	12	42	13	22	14	65	15	3	16	25	17	45	18	58	19	79	20	27	21	80	22	40	23	4	24	13	25	57	26	73	27	54	28	95	29	34	30	99	31	35	32	23	33	18	34	29	35	12	36	13	37	83	38	47	39	92	40	33	41	52	42	89	43	95	44	80	45	70	46	26	47	5	48	27	49	88
	0	44	1	97	2	18	3	28	4	23	5	43	6	46	7	24	8	49	9	81	10	38	11	22	12	100	13	82	14	26	15	9	16	3	17	45	18	94	19	4	20	56	21	27	22	11	23	17	24	49	25	53	26	10	27	72	28	29	29	97	30	53	31	39	32	13	33	13	34	99	35	35	36	19	37	53	38	86	39	74	40	75	41	17	42	53	43	86	44	45	45	97	46	95	47	30	48	60	49	39
	0	20	1	77	2	41	3	15	4	47	5	30	6	76	7	83	8	61	9	8	10	69	11	84	12	20	13	24	14	72	15	92	16	87	17	13	18	78	19	32	20	6	21	7	22	31	23	13	24	80	25	57	26	83	27	57	28	93	29	44	30	95	31	15	32	93	33	41	34	81	35	97	36	34	37	4	38	19	39	65	40	31	41	13	42	97	43	61	44	92	45	92	46	58	47	65	48	15	49	76
	0	62	1	16	2	73	3	97	4	85	5	34	6	27	7	18	8	19	9	26	10	31	11	39	12	40	13	60	14	32	15	36	16	66	17	54	18	62	19	27	20	11	21	97	22	90	23	68	24	22	25	13	26	76	27	20	28	43	29	24	30	40	31	40	32	37	33	79	34	50	35	97	36	84	37	58	38	73	39	6	40	16	41	57	42	65	43	29	44	57	45	26	46	78	47	3	48	91	49	5
	0	18	1	65	2	66	3	89	4	77	5	12	6	12	7	12	8	25	9	12	10	31	11	28	12	39	13	24	14	79	15	36	16	96	17	36	18	59	19	77	20	70	21	6	22	95	23	93	24	95	25	57	26	41	27	26	28	93	29	85	30	60	31	9	32	82	33	59	34	81	35	66	36	3	37	31	38	91	39	21	40	38	41	96	42	59	43	98	44	6	45	45	46	70	47	40	48	63	49	18
	0	25	1	99	2	36	3	57	4	35	5	66	6	67	7	91	8	20	9	40	10	58	11	29	12	87	13	64	14	31	15	28	16	36	17	65	18	48	19	65	20	42	21	91	22	58	23	31	24	96	25	20	26	60	27	25	28	3	29	83	30	2	31	27	32	76	33	42	34	63	35	49	36	73	37	96	38	73	39	25	40	56	41	11	42	75	43	80	44	91	45	6	46	36	47	68	48	95	49	40
	0	63	1	4	2	6	3	62	4	75	5	98	6	45	7	43	8	36	9	87	10	75	11	97	12	55	13	19	14	94	15	43	16	11	17	23	18	3	19	94	20	50	21	81	22	42	23	44	24	65	25	86	26	99	27	12	28	63	29	50	30	3	31	57	32	68	33	89	34	80	35	64	36	23	37	7	38	40	39	83	40	92	41	53	42	94	43	52	44	63	45	31	46	40	47	50	48	11	49	72
	0	77	1	58	2	80	3	6	4	6	5	13	6	72	7	96	8	47	9	97	10	76	11	23	12	89	13	98	14	54	15	16	16	22	17	15	18	82	19	95	20	52	21	16	22	6	23	49	24	73	25	57	26	60	27	73	28	60	29	26	30	65	31	41	32	6	33	76	34	89	35	75	36	6	37	50	38	58	39	63	40	79	41	13	42	31	43	10	44	64	45	56	46	84	47	29	48	46	49	23
	0	76	1	23	2	79	3	86	4	76	5	3	6	35	7	61	8	77	9	34	10	80	11	47	12	45	13	25	14	57	15	26	16	52	17	88	18	34	19	56	20	7	21	39	22	44	23	56	24	81	25	14	26	23	27	41	28	89	29	25	30	22	31	84	32	77	33	82	34	56	35	97	36	19	37	42	38	10	39	52	40	38	41	78	42	13	43	4	44	91	45	73	46	56	47	73	48	85	49	74
	0	17	1	94	2	20	3	77	4	3	5	55	6	75	7	12	8	43	9	75	10	72	11	53	12	81	13	84	14	99	15	87	16	50	17	21	18	75	19	97	20	35	21	57	22	65	23	47	24	51	25	3	26	18	27	83	28	87	29	73	30	52	31	87	32	12	33	90	34	23	35	35	36	22	37	84	38	55	39	59	40	84	41	96	42	4	43	12	44	10	45	98	46	4	47	80	48	59	49	91
	0	1	1	99	2	57	3	40	4	74	5	58	6	70	7	63	8	7	9	7	10	91	11	69	12	62	13	7	14	10	15	37	16	59	17	69	18	76	19	51	20	60	21	85	22	88	23	55	24	28	25	54	26	54	27	89	28	99	29	31	30	16	31	6	32	78	33	82	34	29	35	7	36	76	37	5	38	31	39	16	40	11	41	46	42	68	43	96	44	69	45	41	46	34	47	89	48	92	49	38
	0	46	1	7	2	25	3	99	4	80	5	17	6	59	7	82	8	17	9	10	10	33	11	35	12	87	13	29	14	5	15	81	16	11	17	2	18	77	19	60	20	74	21	9	22	54	23	55	24	73	25	75	26	72	27	23	28	40	29	67	30	8	31	2	32	24	33	39	34	79	35	85	36	70	37	61	38	78	39	51	40	59	41	3	42	6	43	14	44	68	45	85	46	1	47	31	48	74	49	7
	0	80	1	70	2	24	3	5	4	29	5	39	6	22	7	17	8	15	9	13	10	19	11	52	12	10	13	25	14	7	15	75	16	46	17	3	18	49	19	80	20	41	21	67	22	99	23	99	24	58	25	16	26	90	27	65	28	6	29	70	30	94	31	44	32	82	33	59	34	90	35	77	36	1	37	55	38	88	39	25	40	88	41	99	42	91	43	94	44	25	45	69	46	100	47	82	48	47	49	91
	0	90	1	81	2	70	3	88	4	14	5	18	6	77	7	17	8	17	9	25	10	82	11	38	12	55	13	75	14	76	15	27	16	61	17	16	18	2	19	12	20	1	21	86	22	28	23	93	24	13	25	3	26	97	27	100	28	18	29	65	30	96	31	62	32	50	33	87	34	61	35	24	36	37	37	69	38	97	39	18	40	45	41	81	42	8	43	76	44	51	45	99	46	49	47	52	48	10	49	25
	0	39	1	69	2	48	3	79	4	13	5	37	6	70	7	56	8	93	9	84	10	82	11	69	12	5	13	7	14	68	15	32	16	78	17	34	18	62	19	50	20	94	21	48	22	3	23	18	24	86	25	27	26	81	27	57	28	85	29	87	30	94	31	22	32	85	33	39	34	78	35	73	36	70	37	96	38	85	39	92	40	98	41	91	42	22	43	77	44	78	45	93	46	68	47	66	48	55	49	32
	0	37	1	48	2	94	3	62	4	53	5	82	6	36	7	35	8	54	9	25	10	62	11	63	12	52	13	37	14	87	15	85	16	92	17	24	18	70	19	63	20	9	21	14	22	20	23	89	24	73	25	13	26	18	27	64	28	54	29	52	30	100	31	82	32	71	33	40	34	64	35	41	36	89	37	83	38	2	39	44	40	86	41	21	42	54	43	86	44	4	45	17	46	58	47	21	48	52	49	77
	0	29	1	59	2	30	3	91	4	85	5	50	6	81	7	37	8	21	9	39	10	15	11	69	12	86	13	99	14	29	15	91	16	19	17	93	18	39	19	97	20	43	21	4	22	100	23	2	24	31	25	40	26	56	27	21	28	86	29	14	30	79	31	67	32	10	33	29	34	65	35	55	36	40	37	48	38	100	39	51	40	78	41	15	42	20	43	7	44	60	45	51	46	35	47	56	48	18	49	53
	0	64	1	63	2	44	3	62	4	28	5	62	6	56	7	85	8	94	9	23	10	26	11	82	12	50	13	20	14	19	15	46	16	68	17	2	18	52	19	56	20	88	21	95	22	77	23	66	24	25	25	73	26	38	27	56	28	69	29	77	30	66	31	81	32	56	33	83	34	6	35	68	36	9	37	37	38	90	39	57	40	90	41	11	42	5	43	94	44	98	45	46	46	9	47	11	48	21	49	91
	0	10	1	52	2	15	3	48	4	1	5	41	6	65	7	86	8	7	9	84	10	71	11	88	12	13	13	66	14	41	15	25	16	52	17	75	18	91	19	100	20	88	21	70	22	95	23	86	24	18	25	72	26	19	27	49	28	77	29	48	30	44	31	46	32	21	33	12	34	57	35	27	36	26	37	66	38	59	39	80	40	23	41	58	42	38	43	9	44	53	45	22	46	78	47	20	48	26	49	37
	0	29	1	63	2	100	3	12	4	45	5	65	6	35	7	88	8	61	9	20	10	66	11	10	12	84	13	57	14	14	15	17	16	97	17	90	18	27	19	45	20	10	21	4	22	15	23	51	24	24	25	52	26	29	27	89	28	59	29	62	30	90	31	8	32	85	33	79	34	72	35	51	36	59	37	77	38	91	39	67	40	34	41	38	42	65	43	77	44	27	45	75	46	37	47	46	48	27	49	34
	0	71	1	57	2	3	3	19	4	78	5	87	6	42	7	16	8	26	9	35	10	8	11	12	12	30	13	45	14	30	15	37	16	45	17	28	18	38	19	66	20	94	21	84	22	5	23	73	24	8	25	54	26	87	27	16	28	59	29	83	30	47	31	92	32	22	33	58	34	5	35	100	36	82	37	44	38	61	39	90	40	74	41	53	42	82	43	93	44	48	45	5	46	43	47	68	48	55	49	64
	0	66	1	91	2	23	3	66	4	96	5	83	6	72	7	73	8	13	9	61	10	71	11	11	12	65	13	41	14	40	15	81	16	67	17	40	18	63	19	49	20	10	21	51	22	52	23	66	24	71	25	92	26	70	27	50	28	10	29	40	30	35	31	54	32	10	33	24	34	26	35	92	36	90	37	16	38	84	39	93	40	86	41	54	42	80	43	16	44	95	45	92	46	78	47	34	48	22	49	40
	0	32	1	83	2	76	3	68	4	80	5	18	6	98	7	60	8	40	9	40	10	24	11	62	12	10	13	70	14	20	15	50	16	20	17	93	18	28	19	8	20	11	21	99	22	21	23	4	24	17	25	85	26	60	27	99	28	87	29	4	30	86	31	21	32	65	33	75	34	100	35	95	36	26	37	84	38	18	39	13	40	23	41	38	42	89	43	80	44	3	45	62	46	29	47	71	48	96	49	52
	0	6	1	84	2	69	3	4	4	64	5	84	6	33	7	6	8	91	9	53	10	10	11	53	12	58	13	13	14	13	15	10	16	86	17	77	18	2	19	65	20	20	21	31	22	5	23	8	24	12	25	80	26	33	27	56	28	51	29	100	30	12	31	100	32	80	33	60	34	18	35	45	36	96	37	29	38	98	39	70	40	28	41	84	42	90	43	19	44	21	45	65	46	95	47	22	48	92	49	49
	0	66	1	87	2	25	3	56	4	91	5	17	6	13	7	88	8	11	9	52	10	86	11	66	12	98	13	24	14	63	15	37	16	64	17	88	18	29	19	40	20	3	21	69	22	15	23	62	24	60	25	19	26	38	27	34	28	1	29	96	30	36	31	34	32	22	33	2	34	88	35	98	36	8	37	32	38	16	39	67	40	47	41	31	42	13	43	12	44	53	45	61	46	27	47	11	48	58	49	25
	0	8	1	83	2	58	3	96	4	8	5	96	6	52	7	43	8	57	9	98	10	90	11	70	12	92	13	44	14	18	15	92	16	94	17	27	18	1	19	23	20	55	21	21	22	43	23	47	24	97	25	93	26	49	27	98	28	99	29	61	30	95	31	73	32	12	33	86	34	96	35	45	36	68	37	34	38	92	39	61	40	8	41	43	42	93	43	33	44	93	45	80	46	47	47	63	48	64	49	80
	0	37	1	59	2	70	3	92	4	98	5	31	6	84	7	81	8	25	9	75	10	67	11	59	12	17	13	77	14	52	15	42	16	69	17	14	18	66	19	62	20	2	21	18	22	5	23	73	24	10	25	26	26	30	27	33	28	50	29	46	30	50	31	57	32	4	33	13	34	10	35	62	36	8	37	94	38	5	39	60	40	92	41	84	42	75	43	64	44	11	45	9	46	71	47	8	48	47	49	1
	0	78	1	6	2	99	3	36	4	43	5	4	6	12	7	40	8	51	9	82	10	9	11	3	12	38	13	20	14	8	15	59	16	32	17	50	18	60	19	19	20	70	21	29	22	31	23	68	24	26	25	26	26	9	27	66	28	47	29	4	30	24	31	4	32	91	33	31	34	94	35	11	36	100	37	67	38	41	39	20	40	62	41	95	42	55	43	20	44	45	45	99	46	78	47	73	48	100	49	16
	0	40	1	68	2	76	3	1	4	93	5	21	6	79	7	83	8	88	9	72	10	89	11	17	12	13	13	25	14	98	15	42	16	95	17	21	18	39	19	7	20	9	21	61	22	28	23	30	24	64	25	8	26	22	27	85	28	60	29	31	30	87	31	59	32	29	33	78	34	99	35	2	36	1	37	89	38	53	39	61	40	71	41	80	42	39	43	94	44	47	45	67	46	100	47	80	48	5	49	15
	0	3	1	83	2	96	3	9	4	69	5	33	6	54	7	7	8	54	9	35	10	23	11	11	12	72	13	17	14	1	15	66	16	1	17	74	18	47	19	70	20	23	21	77	22	26	23	65	24	72	25	49	26	78	27	35	28	6	29	29	30	23	31	22	32	20	33	67	34	56	35	64	36	67	37	41	38	92	39	83	40	57	41	69	42	56	43	95	44	43	45	65	46	27	47	21	48	26	49	71
	0	92	1	14	2	23	3	35	4	66	5	33	6	97	7	60	8	81	9	33	10	32	11	9	12	40	13	46	14	99	15	47	16	10	17	74	18	57	19	77	20	90	21	28	22	79	23	70	24	68	25	63	26	96	27	21	28	74	29	12	30	98	31	62	32	69	33	20	34	44	35	31	36	51	37	14	38	54	39	68	40	49	41	69	42	3	43	81	44	47	45	68	46	33	47	24	48	52	49	43
	0	36	1	56	2	2	3	62	4	4	5	88	6	87	7	99	8	35	9	37	10	2	11	83	12	29	13	31	14	82	15	42	16	35	17	47	18	83	19	65	20	16	21	78	22	97	23	53	24	52	25	44	26	26	27	46	28	98	29	13	30	44	31	22	32	56	33	80	34	32	35	29	36	46	37	35	38	64	39	87	40	70	41	9	42	69	43	55	44	9	45	75	46	3	47	83	48	3	49	56
	0	12	1	70	2	90	3	59	4	60	5	95	6	19	7	37	8	58	9	14	10	52	11	42	12	21	13	17	14	29	15	42	16	25	17	3	18	53	19	87	20	67	21	14	22	20	23	70	24	25	25	25	26	13	27	4	28	76	29	98	30	13	31	18	32	32	33	39	34	16	35	45	36	92	37	7	38	51	39	36	40	18	41	82	42	37	43	56	44	85	45	83	46	23	47	21	48	74	49	80
	0	6	1	85	2	87	3	67	4	13	5	90	6	20	7	67	8	99	9	45	10	16	11	96	12	88	13	86	14	85	15	9	16	64	17	33	18	69	19	3	20	4	21	58	22	74	23	39	24	75	25	11	26	11	27	29	28	64	29	89	30	16	31	87	32	17	33	33	34	35	35	36	36	84	37	81	38	95	39	32	40	7	41	36	42	5	43	33	44	7	45	97	46	54	47	45	48	41	49	86
	0	86	1	97	2	43	3	59	4	92	5	47	6	74	7	80	8	44	9	13	10	37	11	5	12	35	13	76	14	34	15	100	16	41	17	13	18	74	19	94	20	88	21	47	22	61	23	31	24	100	25	21	26	10	27	81	28	70	29	34	30	83	31	28	32	58	33	7	34	38	35	34	36	34	37	48	38	24	39	46	40	97	41	48	42	84	43	15	44	59	45	24	46	35	47	18	48	55	49	89
	0	34	1	17	2	32	3	16	4	66	5	97	6	24	7	21	8	92	9	56	10	9	11	95	12	62	13	50	14	23	15	51	16	69	17	16	18	54	19	58	20	97	21	11	22	57	23	94	24	6	25	58	26	60	27	37	28	33	29	85	30	50	31	59	32	23	33	79	34	57	35	19	36	11	37	17	38	73	39	46	40	7	41	28	42	93	43	71	44	80	45	6	46	37	47	49	48	23	49	78
	0	4	1	71	2	48	3	87	4	77	5	67	6	58	7	61	8	58	9	45	10	71	11	61	12	17	13	19	14	6	15	47	16	85	17	12	18	68	19	84	20	13	21	61	22	67	23	92	24	87	25	30	26	73	27	12	28	76	29	22	30	94	31	31	32	31	33	57	34	15	35	2	36	85	37	32	38	58	39	37	40	17	41	8	42	27	43	72	44	68	45	65	46	57	47	27	48	36	49	30
	0	91	1	10	2	78	3	83	4	41	5	34	6	4	7	70	8	11	9	52	10	38	11	94	12	85	13	27	14	76	15	62	16	19	17	98	18	75	19	6	20	79	21	92	22	46	23	9	24	12	25	5	26	36	27	96	28	57	29	65	30	25	31	82	32	17	33	18	34	76	35	79	36	57	37	28	38	100	39	13	40	95	41	70	42	39	43	89	44	7	45	56	46	76	47	10	48	64	49	31
	0	15	1	58	2	51	3	19	4	100	5	60	6	69	7	14	8	72	9	14	10	96	11	44	12	61	13	54	14	68	15	46	16	82	17	70	18	99	19	37	20	78	21	9	22	59	23	78	24	19	25	33	26	79	27	46	28	65	29	1	30	36	31	69	32	40	33	8	34	65	35	100	36	79	37	98	38	73	39	17	40	49	41	19	42	72	43	90	44	49	45	10	46	44	47	45	48	43	49	26
	0	11	1	12	2	85	3	34	4	71	5	49	6	34	7	53	8	25	9	65	10	69	11	10	12	4	13	98	14	57	15	28	16	65	17	7	18	29	19	88	20	34	21	94	22	62	23	16	24	88	25	63	26	91	27	90	28	33	29	81	30	77	31	69	32	92	33	95	34	15	35	89	36	31	37	21	38	63	39	80	40	81	41	22	42	12	43	92	44	21	45	15	46	44	47	42	48	58	49	1
	0	39	1	20	2	92	3	90	4	23	5	9	6	59	7	67	8	81	9	9	10	2	11	35	12	70	13	74	14	3	15	16	16	6	17	5	18	72	19	97	20	5	21	44	22	87	23	60	24	12	25	74	26	21	27	33	28	49	29	23	30	6	31	32	32	47	33	11	34	23	35	15	36	66	37	5	38	4	39	41	40	10	41	60	42	3	43	100	44	81	45	67	46	59	47	94	48	41	49	37
	0	60	1	43	2	78	3	78	4	94	5	68	6	83	7	65	8	22	9	76	10	88	11	100	12	29	13	38	14	33	15	7	16	33	17	43	18	46	19	12	20	53	21	65	22	66	23	13	24	70	25	85	26	37	27	26	28	34	29	37	30	50	31	67	32	93	33	89	34	23	35	15	36	59	37	67	38	34	39	45	40	25	41	86	42	51	43	50	44	5	45	47	46	23	47	76	48	62	49	9
	0	36	1	41	2	40	3	59	4	29	5	13	6	20	7	11	8	36	9	78	10	60	11	44	12	6	13	3	14	3	15	30	16	99	17	90	18	46	19	22	20	70	21	74	22	12	23	16	24	95	25	3	26	69	27	75	28	91	29	17	30	84	31	17	32	32	33	1	34	12	35	79	36	77	37	83	38	52	39	16	40	48	41	4	42	27	43	99	44	30	45	82	46	53	47	24	48	85	49	42
	0	29	1	36	2	89	3	88	4	51	5	35	6	49	7	39	8	16	9	30	10	53	11	53	12	3	13	31	14	49	15	7	16	18	17	24	18	82	19	23	20	50	21	48	22	10	23	37	24	82	25	79	26	86	27	65	28	41	29	94	30	81	31	9	32	90	33	49	34	87	35	100	36	90	37	25	38	13	39	93	40	98	41	5	42	71	43	34	44	59	45	81	46	21	47	72	48	20	49	29
	0	11	1	7	2	79	3	73	4	33	5	60	6	32	7	49	8	84	9	41	10	97	11	26	12	9	13	30	14	15	15	42	16	54	17	97	18	61	19	82	20	55	21	48	22	22	23	85	24	53	25	36	26	22	27	61	28	6	29	13	30	84	31	68	32	28	33	87	34	86	35	69	36	96	37	9	38	39	39	61	40	80	41	24	42	84	43	71	44	10	45	48	46	2	47	35	48	76	49	46
	0	78	1	18	2	16	3	39	4	57	5	43	6	53	7	63	8	96	9	29	10	78	11	48	12	86	13	57	14	91	15	93	16	3	17	28	18	48	19	69	20	24	21	59	22	74	23	57	24	96	25	44	26	44	27	6	28	55	29	86	30	34	31	88	32	39	33	56	34	6	35	55	36	28	37	41	38	70	39	46	40	19	41	5	42	34	43	94	44	9	45	49	46	53	47	29	48	43	49	57
	0	10	1	79	2	66	3	74	4	14	5	6	6	62	7	23	8	92	9	49	10	87	11	94	12	3	13	43	14	23	15	34	16	4	17	35	18	17	19	31	20	46	21	40	22	59	23	76	24	91	25	74	26	44	27	35	28	63	29	78	30	4	31	77	32	72	33	29	34	2	35	27	36	89	37	68	38	43	39	52	40	57	41	24	42	16	43	95	44	56	45	4	46	95	47	7	48	61	49	69
	0	64	1	53	2	70	3	28	4	20	5	92	6	86	7	8	8	89	9	48	10	66	11	98	12	64	13	22	14	95	15	61	16	27	17	28	18	38	19	63	20	34	21	37	22	61	23	78	24	70	25	65	26	59	27	44	28	100	29	39	30	99	31	100	32	69	33	36	34	79	35	20	36	37	37	67	38	76	39	22	40	52	41	57	42	100	43	24	44	86	45	40	46	11	47	67	48	91	49	75
	0	41	1	40	2	60	3	50	4	47	5	61	6	86	7	18	8	74	9	11	10	67	11	13	12	8	13	21	14	87	15	98	16	50	17	52	18	78	19	79	20	38	21	40	22	47	23	72	24	1	25	67	26	15	27	96	28	20	29	92	30	7	31	58	32	27	33	72	34	81	35	25	36	76	37	24	38	6	39	10	40	59	41	30	42	6	43	22	44	50	45	77	46	32	47	48	48	10	49	87
	0	43	1	70	2	70	3	90	4	96	5	41	6	99	7	15	8	79	9	64	10	94	11	31	12	41	13	52	14	68	15	60	16	89	17	61	18	32	19	21	20	82	21	32	22	67	23	2	24	13	25	76	26	57	27	65	28	77	29	81	30	28	31	14	32	67	33	46	34	91	35	100	36	28	37	53	38	19	39	33	40	89	41	38	42	75	43	34	44	19	45	24	46	83	47	33	48	11	49	22
	0	18	1	4	2	71	3	18	4	45	5	5	6	64	7	98	8	31	9	34	10	50	11	84	12	20	13	49	14	15	15	77	16	40	17	99	18	83	19	33	20	82	21	63	22	37	23	20	24	76	25	98	26	25	27	29	28	33	29	43	30	2	31	35	32	59	33	31	34	42	35	37	36	37	37	94	38	19	39	24	40	45	41	84	42	39	43	31	44	47	45	34	46	89	47	97	48	74	49	20
	0	5	1	48	2	4	3	21	4	1	5	31	6	79	7	75	8	99	9	11	10	29	11	73	12	56	13	91	14	97	15	58	16	69	17	1	18	82	19	99	20	21	21	6	22	42	23	66	24	90	25	85	26	15	27	38	28	18	29	6	30	73	31	96	32	47	33	1	34	97	35	3	36	39	37	3	38	38	39	66	40	43	41	4	42	24	43	28	44	94	45	45	46	98	47	44	48	34	49	59
	0	14	1	28	2	96	3	9	4	34	5	84	6	5	7	100	8	77	9	57	10	70	11	64	12	37	13	62	14	72	15	38	16	66	17	79	18	93	19	85	20	75	21	26	22	11	23	30	24	17	25	44	26	73	27	18	28	45	29	51	30	27	31	99	32	62	33	66	34	52	35	12	36	5	37	91	38	46	39	18	40	28	41	12	42	40	43	100	44	85	45	53	46	48	47	41	48	14	49	97
	0	88	1	36	2	84	3	61	4	20	5	100	6	53	7	79	8	83	9	91	10	44	11	40	12	46	13	48	14	51	15	72	16	79	17	8	18	9	19	95	20	31	21	69	22	12	23	53	24	61	25	2	26	57	27	8	28	52	29	32	30	39	31	80	32	32	33	32	34	29	35	27	36	41	37	15	38	21	39	22	40	46	41	14	42	21	43	74	44	97	45	74	46	100	47	85	48	53	49	5
	0	69	1	53	2	37	3	73	4	15	5	54	6	94	7	26	8	14	9	66	10	69	11	72	12	32	13	29	14	15	15	62	16	44	17	32	18	5	19	64	20	58	21	85	22	15	23	98	24	20	25	19	26	93	27	81	28	26	29	19	30	29	31	23	32	81	33	75	34	97	35	40	36	70	37	17	38	38	39	91	40	37	41	68	42	92	43	60	44	83	45	22	46	10	47	31	48	34	49	38
	0	100	1	27	2	43	3	8	4	80	5	17	6	7	7	42	8	57	9	14	10	37	11	62	12	48	13	99	14	8	15	21	16	5	17	68	18	57	19	70	20	20	21	79	22	26	23	57	24	20	25	37	26	73	27	12	28	74	29	55	30	74	31	55	32	73	33	69	34	2	35	59	36	60	37	13	38	69	39	12	40	17	41	57	42	42	43	84	44	31	45	82	46	87	47	3	48	9	49	43
	0	97	1	70	2	2	3	37	4	3	5	77	6	61	7	80	8	82	9	29	10	44	11	65	12	8	13	48	14	27	15	50	16	7	17	30	18	9	19	89	20	12	21	97	22	10	23	33	24	40	25	27	26	84	27	35	28	22	29	87	30	18	31	43	32	60	33	95	34	79	35	75	36	9	37	74	38	33	39	7	40	84	41	80	42	43	43	9	44	53	45	30	46	23	47	13	48	73	49	41
	0	13	1	12	2	62	3	70	4	82	5	3	6	28	7	10	8	96	9	36	10	88	11	87	12	97	13	32	14	61	15	56	16	79	17	69	18	7	19	94	20	58	21	74	22	47	23	49	24	75	25	44	26	93	27	68	28	82	29	94	30	63	31	38	32	90	33	14	34	68	35	3	36	84	37	69	38	98	39	32	40	36	41	77	42	32	43	71	44	70	45	64	46	58	47	86	48	62	49	58
	0	78	1	87	2	68	3	76	4	37	5	95	6	27	7	45	8	86	9	80	10	80	11	17	12	83	13	95	14	92	15	93	16	96	17	71	18	77	19	69	20	38	21	65	22	58	23	64	24	71	25	57	26	18	27	84	28	56	29	47	30	21	31	44	32	26	33	3	34	3	35	48	36	12	37	56	38	69	39	100	40	57	41	36	42	53	43	95	44	87	45	9	46	5	47	7	48	35	49	51
	0	30	1	84	2	29	3	59	4	99	5	16	6	89	7	16	8	80	9	24	10	5	11	26	12	82	13	94	14	73	15	94	16	9	17	63	18	29	19	43	20	55	21	11	22	3	23	57	24	93	25	30	26	71	27	9	28	44	29	80	30	91	31	19	32	19	33	31	34	49	35	40	36	79	37	67	38	46	39	70	40	53	41	5	42	1	43	37	44	3	45	41	46	62	47	13	48	42	49	35
	0	37	1	47	2	20	3	92	4	92	5	15	6	52	7	13	8	79	9	45	10	61	11	2	12	94	13	56	14	28	15	68	16	72	17	12	18	99	19	65	20	66	21	92	22	90	23	38	24	83	25	21	26	77	27	78	28	57	29	16	30	65	31	14	32	82	33	34	34	81	35	76	36	60	37	35	38	38	39	24	40	99	41	98	42	38	43	23	44	93	45	42	46	48	47	90	48	66	49	53
	0	44	1	72	2	49	3	7	4	6	5	23	6	40	7	46	8	27	9	66	10	41	11	59	12	47	13	91	14	6	15	46	16	42	17	4	18	15	19	92	20	16	21	33	22	65	23	72	24	91	25	61	26	55	27	60	28	79	29	33	30	94	31	20	32	81	33	65	34	62	35	91	36	69	37	48	38	100	39	6	40	11	41	28	42	19	43	100	44	69	45	96	46	45	47	4	48	85	49	36
	0	36	1	14	2	12	3	97	4	55	5	100	6	69	7	96	8	71	9	93	10	28	11	71	12	16	13	45	14	63	15	33	16	43	17	73	18	9	19	91	20	42	21	20	22	18	23	50	24	16	25	100	26	15	27	98	28	29	29	2	30	78	31	44	32	70	33	79	34	7	35	64	36	94	37	41	38	52	39	72	40	50	41	27	42	10	43	17	44	86	45	38	46	21	47	80	48	100	49	32
	0	10	1	19	2	86	3	37	4	72	5	85	6	75	7	19	8	81	9	5	10	87	11	14	12	71	13	13	14	36	15	18	16	42	17	71	18	52	19	80	20	56	21	97	22	22	23	50	24	49	25	24	26	53	27	84	28	72	29	25	30	13	31	100	32	17	33	89	34	1	35	29	36	28	37	47	38	63	39	20	40	67	41	64	42	41	43	88	44	95	45	45	46	22	47	14	48	12	49	43
	0	42	1	29	2	27	3	45	4	37	5	49	6	76	7	84	8	63	9	46	10	14	11	100	12	29	13	60	14	31	15	44	16	99	17	97	18	74	19	18	20	64	21	68	22	83	23	61	24	8	25	50	26	67	27	53	28	90	29	99	30	75	31	94	32	27	33	26	34	45	35	52	36	66	37	15	38	28	39	27	40	56	41	61	42	31	43	51	44	70	45	45	46	12	47	20	48	37	49	68
	0	33	1	39	2	84	3	28	4	48	5	20	6	1	7	2	8	85	9	66	10	66	11	59	12	43	13	28	14	10	15	37	16	22	17	18	18	99	19	40	20	53	21	22	22	67	23	47	24	85	25	40	26	24	27	42	28	76	29	39	30	19	31	95	32	56	33	19	34	50	35	69	36	87	37	6	38	29	39	22	40	29	41	27	42	53	43	30	44	88	45	38	46	43	47	53	48	5	49	8
	0	49	1	17	2	4	3	79	4	28	5	95	6	25	7	39	8	51	9	88	10	99	11	13	12	93	13	58	14	33	15	30	16	7	17	59	18	32	19	23	20	94	21	67	22	63	23	91	24	19	25	1	26	38	27	5	28	22	29	92	30	71	31	52	32	46	33	41	34	43	35	44	36	64	37	73	38	81	39	39	40	81	41	72	42	13	43	44	44	53	45	62	46	81	47	8	48	22	49	70
	0	24	1	12	2	97	3	68	4	35	5	30	6	5	7	12	8	79	9	100	10	89	11	99	12	31	13	41	14	41	15	9	16	41	17	6	18	97	19	26	20	66	21	41	22	17	23	35	24	8	25	22	26	38	27	43	28	55	29	51	30	82	31	72	32	13	33	55	34	30	35	32	36	73	37	28	38	22	39	54	40	57	41	84	42	29	43	45	44	29	45	33	46	8	47	18	48	75	49	88
	0	44	1	76	2	76	3	63	4	27	5	69	6	34	7	27	8	33	9	57	10	38	11	25	12	94	13	41	14	54	15	72	16	84	17	46	18	89	19	83	20	51	21	69	22	73	23	5	24	76	25	28	26	43	27	49	28	39	29	69	30	31	31	58	32	17	33	22	34	88	35	34	36	53	37	18	38	96	39	26	40	67	41	93	42	50	43	57	44	87	45	52	46	13	47	23	48	43	49	71
	0	79	1	10	2	44	3	53	4	88	5	100	6	7	7	73	8	81	9	74	10	46	11	61	12	2	13	18	14	23	15	38	16	66	17	100	18	8	19	77	20	59	21	78	22	15	23	63	24	40	25	40	26	7	27	81	28	61	29	7	30	88	31	44	32	21	33	34	34	22	35	52	36	19	37	98	38	43	39	30	40	86	41	57	42	62	43	99	44	88	45	12	46	66	47	75	48	53	49	20
	0	73	1	93	2	44	3	29	4	98	5	5	6	94	7	29	8	23	9	7	10	79	11	60	12	94	13	80	14	75	15	96	16	77	17	63	18	43	19	14	20	54	21	77	22	32	23	11	24	41	25	87	26	100	27	21	28	42	29	62	30	76	31	67	32	99	33	64	34	30	35	14	36	81	37	86	38	26	39	45	40	24	41	10	42	54	43	59	44	31	45	72	46	85	47	52	48	71	49	35
	0	92	1	53	2	53	3	18	4	29	5	13	6	56	7	29	8	53	9	68	10	47	11	3	12	45	13	27	14	10	15	41	16	56	17	58	18	75	19	98	20	88	21	72	22	18	23	71	24	82	25	21	26	66	27	85	28	77	29	70	30	38	31	69	32	59	33	9	34	98	35	83	36	16	37	5	38	2	39	34	40	73	41	11	42	68	43	78	44	52	45	2	46	99	47	24	48	17	49	76
	0	37	1	60	2	60	3	58	4	35	5	75	6	67	7	99	8	60	9	65	10	60	11	33	12	80	13	18	14	92	15	67	16	93	17	31	18	68	19	91	20	93	21	10	22	91	23	51	24	90	25	46	26	74	27	6	28	28	29	68	30	64	31	69	32	68	33	17	34	58	35	16	36	23	37	5	38	19	39	88	40	69	41	33	42	26	43	39	44	70	45	86	46	98	47	97	48	88	49	44
	0	90	1	43	2	63	3	69	4	47	5	26	6	91	7	41	8	69	9	70	10	31	11	76	12	11	13	30	14	15	15	42	16	30	17	22	18	54	19	49	20	58	21	21	22	46	23	86	24	50	25	99	26	52	27	27	28	43	29	62	30	76	31	34	32	22	33	92	34	67	35	22	36	91	37	14	38	46	39	73	40	77	41	36	42	12	43	5	44	24	45	40	46	71	47	33	48	55	49	17
	0	16	1	93	2	11	3	70	4	39	5	97	6	90	7	38	8	40	9	49	10	48	11	12	12	98	13	36	14	35	15	37	16	80	17	83	18	77	19	30	20	26	21	30	22	24	23	61	24	44	25	62	26	32	27	69	28	72	29	15	30	49	31	5	32	20	33	27	34	12	35	45	36	88	37	19	38	85	39	96	40	19	41	10	42	94	43	87	44	40	45	14	46	35	47	38	48	98	49	67
	0	69	1	30	2	96	3	76	4	14	5	17	6	72	7	8	8	17	9	75	10	2	11	40	12	56	13	55	14	97	15	43	16	4	17	97	18	34	19	77	20	59	21	25	22	42	23	21	24	19	25	15	26	31	27	59	28	60	29	23	30	38	31	90	32	39	33	9	34	16	35	50	36	39	37	90	38	12	39	53	40	22	41	7	42	89	43	87	44	56	45	100	46	98	47	32	48	37	49	15
	0	8	1	75	2	18	3	94	4	34	5	43	6	20	7	13	8	47	9	87	10	79	11	80	12	34	13	72	14	65	15	1	16	42	17	71	18	71	19	79	20	47	21	59	22	47	23	2	24	6	25	60	26	61	27	36	28	95	29	90	30	69	31	27	32	39	33	94	34	51	35	84	36	91	37	90	38	49	39	90	40	11	41	41	42	97	43	63	44	44	45	32	46	36	47	78	48	25	49	31
	0	64	1	96	2	33	3	41	4	50	5	86	6	72	7	91	8	15	9	24	10	78	11	11	12	67	13	1	14	52	15	91	16	29	17	90	18	79	19	26	20	20	21	39	22	87	23	91	24	48	25	90	26	44	27	92	28	45	29	52	30	13	31	100	32	56	33	71	34	96	35	64	36	46	37	76	38	52	39	37	40	96	41	89	42	60	43	93	44	3	45	42	46	65	47	98	48	8	49	22
	0	32	1	68	2	1	3	47	4	87	5	33	6	2	7	44	8	31	9	74	10	95	11	75	12	45	13	26	14	70	15	45	16	32	17	45	18	9	19	74	20	54	21	84	22	15	23	20	24	73	25	34	26	61	27	96	28	92	29	26	30	23	31	5	32	57	33	84	34	20	35	87	36	70	37	90	38	61	39	69	40	24	41	4	42	98	43	35	44	61	45	32	46	7	47	73	48	6	49	53
	0	70	1	74	2	33	3	42	4	13	5	71	6	69	7	36	8	28	9	48	10	45	11	62	12	95	13	74	14	31	15	93	16	61	17	22	18	36	19	11	20	59	21	77	22	59	23	6	24	70	25	62	26	92	27	16	28	56	29	26	30	56	31	9	32	18	33	60	34	90	35	49	36	68	37	57	38	23	39	100	40	3	41	21	42	27	43	68	44	27	45	84	46	99	47	67	48	68	49	4
	0	35	1	73	2	63	3	41	4	94	5	10	6	39	7	24	8	66	9	57	10	84	11	86	12	88	13	84	14	100	15	2	16	69	17	69	18	88	19	61	20	25	21	30	22	90	23	77	24	39	25	84	26	5	27	98	28	80	29	27	30	41	31	75	32	59	33	78	34	74	35	99	36	8	37	45	38	38	39	29	40	7	41	6	42	44	43	53	44	80	45	2	46	20	47	62	48	62	49	93
	0	14	1	27	2	92	3	30	4	2	5	19	6	78	7	26	8	97	9	98	10	60	11	49	12	39	13	64	14	45	15	54	16	25	17	53	18	100	19	40	20	9	21	21	22	31	23	93	24	72	25	38	26	79	27	37	28	40	29	88	30	4	31	39	32	21	33	65	34	55	35	7	36	60	37	87	38	33	39	88	40	55	41	78	42	98	43	57	44	78	45	90	46	79	47	58	48	81	49	71
	0	89	1	30	2	1	3	88	4	54	5	24	6	84	7	67	8	3	9	16	10	82	11	20	12	77	13	50	14	16	15	48	16	69	17	70	18	92	19	61	20	92	21	37	22	12	23	44	24	20	25	30	26	32	27	62	28	88	29	72	30	40	31	82	32	13	33	47	34	72	35	52	36	85	37	82	38	81	39	80	40	39	41	18	42	23	43	85	44	7	45	97	46	39	47	13	48	9	49	28
	0	34	1	59	2	36	3	21	4	86	5	21	6	26	7	96	8	34	9	78	10	47	11	5	12	35	13	80	14	33	15	27	16	88	17	77	18	27	19	25	20	47	21	32	22	47	23	71	24	98	25	1	26	66	27	77	28	62	29	63	30	70	31	93	32	31	33	40	34	41	35	62	36	76	37	43	38	84	39	36	40	73	41	23	42	76	43	91	44	30	45	25	46	29	47	7	48	20	49	66
	0	80	1	91	2	47	3	91	4	55	5	58	6	3	7	73	8	71	9	13	10	92	11	61	12	66	13	77	14	35	15	100	16	81	17	58	18	65	19	62	20	33	21	81	22	96	23	74	24	40	25	93	26	21	27	38	28	100	29	26	30	50	31	60	32	39	33	90	34	31	35	38	36	63	37	11	38	87	39	96	40	86	41	57	42	67	43	39	44	33	45	94	46	4	47	76	48	23	49	85
	0	18	1	40	2	82	3	16	4	10	5	94	6	48	7	100	8	38	9	7	10	67	11	25	12	67	13	40	14	95	15	12	16	31	17	71	18	39	19	14	20	61	21	54	22	17	23	83	24	58	25	90	26	26	27	62	28	7	29	43	30	30	31	96	32	83	33	58	34	10	35	75	36	77	37	37	38	56	39	26	40	44	41	82	42	72	43	44	44	66	45	25	46	33	47	22	48	60	49	100
Reldue
-1	4948	-1	1
-1	2060	-1	1
-1	15548	-1	1
-1	4752	-1	1
-1	4182	-1	1
-1	16293	-1	1
-1	11985	-1	1
-1	12215	-1	1
-1	4883	-1	1
-1	16270	-1	1
-1	4433	-1	1
-1	3590	-1	1
-1	10636	-1	1
-1	4408	-1	1
-1	15456	-1	1
-1	2580	-1	1
-1	11921	-1	1
-1	8294	-1	1
-1	4175	-1	1
-1	8631	-1	1
-1	11400	-1	1
-1	3377	-1	1
-1	6681	-1	1
-1	13262	-1	1
-1	12805	-1	1
-1	5668	-1	1
-1	9449	-1	1
-1	12703	-1	1
-1	6679	-1	1
-1	10957	-1	1
-1	4068	-1	1
-1	8962	-1	1
-1	5322	-1	1
-1	11751	-1	1
-1	2111	-1	1
-1	10536	-1	1
-1	14814	-1	1
-1	5617	-1	1
-1	7041	-1	1
-1	1943	-1	1
-1	4122	-1	1
-1	4260	-1	1
-1	5088	-1	1
-1	8064	-1	1
-1	11644	-1	1
-1	10579	-1	1
-1	10228	-1	1
-1	15890	-1	1
-1	13084	-1	1
-1	11272	-1	1
-1	3324	-1	1
-1	9720	-1	1
-1	4717	-1	1
-1	5807	-1	1
-1	7143	-1	1
-1	12484	-1	1
-1	10093	-1	1
-1	4559	-1	1
-1	7233	-1	1
-1	14340	-1	1
-1	12815	-1	1
-1	9268	-1	1
-1	13943	-1	1
-1	10197	-1	1
-1	5475	-1	1
-1	8104	-1	1
-1	13813	-1	1
-1	4377	-1	1
-1	12007	-1	1
-1	6127	-1	1
-1	6160	-1	1
-1	12777	-1	1
-1	5743	-1	1
-1	8656	-1	1
-1	3152	-1	1
-1	4925	-1	1
-1	16557	-1	1
-1	16622	-1	1
-1	13229	-1	1
-1	7542	-1	1
-1	5079	-1	1
-1	4946	-1	1
-1	16221	-1	1
-1	13635	-1	1
-1	3935	-1	1
-1	11876	-1	1
-1	3579	-1	1
-1	2888	-1	1
-1	4549	-1	1
-1	11965	-1	1
-1	7922	-1	1
-1	15751	-1	1
-1	5284	-1	1
-1	14280	-1	1
-1	4024	-1	1
-1	13198	-1	1
-1	13155	-1	1
-1	4986	-1	1
-1	10957	-1	1
-1	7746	-1	1
-1	9396	-1	1
-1	15221	-1	1
-1	9721	-1	1
-1	6447	-1	1
-1	15400	-1	1
-1	2261	-1	1
-1	13740	-1	1
-1	14268	-1	1
-1	1531	-1	1
-1	16172	-1	1
-1	6011	-1	1
-1	13444	-1	1
-1	12508	-1	1
-1	10952	-1	1
-1	11416	-1	1
-1	6583	-1	1
-1	14679	-1	1
-1	9538	-1	1
-1	10355	-1	1
-1	16138	-1	1
-1	14860	-1	1
-1	4633	-1	1
-1	15750	-1	1
-1	13244	-1	1
-1	9617	-1	1
-1	6357	-1	1
-1	11930	-1	1
-1	12866	-1	1
-1	16263	-1	1
-1	8850	-1	1
-1	8595	-1	1
-1	9837	-1	1
-1	12246	-1	1
-1	3758	-1	1
-1	7823	-1	1
-1	15692	-1	1
-1	11251	-1	1
-1	4019	-1	1
-1	7255	-1	1
-1	16262	-1	1
-1	3213	-1	1
-1	14576	-1	1
-1	13400	-1	1
-1	10446	-1	1
-1	9525	-1	1
-1	12911	-1	1
-1	12212	-1	1
-1	3699	-1	1
-1	3600	-1	1
-1	6113	-1	1
-1	16255	-1	1
-1	1887	-1	1
-1	1610	-1	1
-1	5455	-1	1
-1	5543	-1	1
-1	9103	-1	1
-1	4719	-1	1
-1	8180	-1	1
-1	11440	-1	1
-1	6257	-1	1
-1	13459	-1	1
-1	3435	-1	1
-1	15326	-1	1
-1	13472	-1	1
-1	2153	-1	1
-1	7870	-1	1
-1	10886	-1	1
-1	6543	-1	1
-1	5167	-1	1
-1	2514	-1	1
-1	16502	-1	1
-1	12355	-1	1
-1	11625	-1	1
-1	13595	-1	1
-1	11687	-1	1
-1	8156	-1	1
-1	11647	-1	1
-1	2334	-1	1
-1	4851	-1	1
-1	3144	-1	1
-1	5492	-1	1
-1	12985	-1	1
-1	15082	-1	1
-1	11404	-1	1
-1	5003	-1	1
-1	6957	-1	1
-1	14532	-1	1
-1	11590	-1	1
-1	14683	-1	1
-1	8242	-1	1
-1	4309	-1	1
-1	7877	-1	1
-1	14165	-1	1
-1	10975	-1	1
-1	2688	-1	1
-1	4500	-1	1
-1	13551	-1	1
-1	6543	-1	1
-1	3748	-1	1
-1	16042	-1	1
-1	12127	-1	1
-1	1867	-1	1
-1	14276	-1	1
-1	9971	-1	1
-1	16075	-1	1
-1	11404	-1	1
-1	5135	-1	1
-1	3029	-1	1
-1	14546	-1	1
-1	9223	-1	1
-1	15027	-1	1
-1	16705	-1	1
-1	16177	-1	1
-1	15002	-1	1
-1	5661	-1	1
-1	13949	-1	1
-1	7141	-1	1
-1	1904	-1	1
-1	4630	-1	1
-1	4339	-1	1
-1	1680	-1	1
-1	6750	-1	1
-1	4962	-1	1
-1	3784	-1	1
-1	7954	-1	1
-1	15689	-1	1
-1	12274	-1	1
-1	12997	-1	1
-1	11300	-1	1
-1	13434	-1	1
-1	6874	-1	1
-1	14527	-1	1
-1	4312	-1	1
-1	6440	-1	1
-1	5169	-1	1
-1	7211	-1	1
-1	5151	-1	1
-1	2592	-1	1
-1	10681	-1	1
-1	8976	-1	1
-1	9351	-1	1
-1	10266	-1	1
-1	16071	-1	1
-1	8591	-1	1
-1	7806	-1	1
-1	16374	-1	1
-1	7141	-1	1
-1	3885	-1	1
-1	8539	-1	1
-1	13906	-1	1
LBCmax: 15301
