50  50
	0	18	1	94	2	67	3	85	4	68	5	20	6	83	7	55	8	6	9	39	10	16	11	23	12	64	13	7	14	71	15	32	16	93	17	41	18	38	19	83	20	74	21	51	22	65	23	45	24	34	25	97	26	28	27	97	28	70	29	57	30	83	31	35	32	82	33	75	34	52	35	96	36	65	37	98	38	79	39	58	40	36	41	56	42	39	43	36	44	68	45	26	46	21	47	73	48	70	49	76
	0	91	1	94	2	35	3	98	4	3	5	87	6	42	7	72	8	40	9	9	10	89	11	2	12	79	13	48	14	85	15	43	16	22	17	82	18	34	19	91	20	36	21	6	22	83	23	10	24	92	25	38	26	35	27	24	28	98	29	17	30	20	31	85	32	66	33	38	34	94	35	13	36	57	37	14	38	15	39	47	40	95	41	46	42	96	43	74	44	40	45	31	46	45	47	18	48	70	49	61
	0	45	1	91	2	3	3	79	4	32	5	59	6	59	7	95	8	71	9	74	10	57	11	83	12	32	13	55	14	74	15	13	16	32	17	37	18	30	19	78	20	88	21	20	22	70	23	31	24	84	25	74	26	53	27	49	28	72	29	100	30	77	31	63	32	39	33	41	34	86	35	45	36	13	37	90	38	59	39	33	40	4	41	51	42	63	43	32	44	92	45	46	46	10	47	32	48	1	49	66
	0	80	1	14	2	36	3	15	4	74	5	48	6	65	7	2	8	11	9	6	10	76	11	63	12	3	13	34	14	29	15	38	16	49	17	62	18	100	19	16	20	43	21	44	22	83	23	33	24	88	25	61	26	80	27	97	28	52	29	22	30	23	31	45	32	27	33	51	34	82	35	84	36	49	37	47	38	73	39	60	40	14	41	45	42	57	43	59	44	93	45	32	46	95	47	27	48	14	49	76
	0	14	1	75	2	94	3	86	4	74	5	98	6	12	7	9	8	71	9	22	10	62	11	24	12	88	13	72	14	46	15	5	16	95	17	3	18	71	19	40	20	61	21	54	22	72	23	49	24	16	25	15	26	73	27	30	28	91	29	8	30	61	31	24	32	20	33	34	34	30	35	78	36	68	37	26	38	23	39	51	40	36	41	13	42	82	43	93	44	61	45	97	46	70	47	80	48	88	49	78
	0	48	1	5	2	3	3	89	4	1	5	37	6	44	7	35	8	55	9	15	10	39	11	30	12	26	13	29	14	30	15	85	16	99	17	4	18	71	19	98	20	17	21	4	22	40	23	37	24	39	25	98	26	73	27	20	28	91	29	72	30	20	31	38	32	20	33	83	34	92	35	73	36	26	37	71	38	30	39	2	40	29	41	88	42	32	43	95	44	6	45	5	46	99	47	47	48	83	49	13
	0	15	1	98	2	97	3	23	4	46	5	38	6	41	7	21	8	27	9	93	10	58	11	62	12	93	13	41	14	61	15	79	16	43	17	14	18	79	19	51	20	60	21	72	22	73	23	64	24	32	25	55	26	53	27	56	28	30	29	65	30	98	31	18	32	47	33	11	34	74	35	100	36	9	37	38	38	81	39	61	40	97	41	20	42	78	43	24	44	58	45	70	46	77	47	64	48	90	49	23
	0	1	1	13	2	11	3	79	4	45	5	73	6	73	7	17	8	78	9	73	10	69	11	11	12	91	13	94	14	39	15	23	16	68	17	70	18	82	19	34	20	34	21	27	22	26	23	58	24	16	25	20	26	10	27	37	28	8	29	69	30	89	31	13	32	39	33	36	34	59	35	35	36	84	37	57	38	59	39	35	40	50	41	37	42	8	43	85	44	42	45	82	46	79	47	21	48	5	49	4
	0	13	1	100	2	57	3	47	4	28	5	12	6	94	7	98	8	87	9	77	10	25	11	94	12	14	13	96	14	50	15	36	16	73	17	27	18	16	19	75	20	64	21	18	22	95	23	18	24	86	25	11	26	67	27	86	28	79	29	96	30	20	31	13	32	43	33	87	34	91	35	58	36	87	37	41	38	93	39	100	40	76	41	55	42	33	43	99	44	62	45	88	46	96	47	70	48	20	49	18
	0	48	1	96	2	32	3	25	4	98	5	76	6	84	7	41	8	9	9	76	10	69	11	38	12	56	13	47	14	11	15	21	16	58	17	15	18	59	19	56	20	51	21	53	22	7	23	60	24	71	25	10	26	47	27	6	28	50	29	30	30	58	31	49	32	68	33	8	34	78	35	66	36	100	37	57	38	32	39	53	40	50	41	84	42	100	43	39	44	63	45	95	46	50	47	6	48	65	49	84
	0	67	1	19	2	64	3	76	4	55	5	9	6	7	7	17	8	7	9	68	10	89	11	51	12	45	13	37	14	49	15	9	16	87	17	6	18	3	19	1	20	2	21	53	22	100	23	7	24	44	25	95	26	98	27	86	28	89	29	23	30	100	31	48	32	6	33	41	34	86	35	74	36	42	37	45	38	47	39	74	40	98	41	94	42	3	43	7	44	32	45	75	46	47	47	12	48	15	49	56
	0	62	1	31	2	13	3	71	4	3	5	6	6	91	7	100	8	29	9	87	10	51	11	29	12	35	13	2	14	44	15	89	16	28	17	44	18	34	19	38	20	25	21	99	22	96	23	6	24	85	25	8	26	64	27	34	28	99	29	47	30	86	31	84	32	95	33	66	34	29	35	65	36	39	37	5	38	55	39	52	40	29	41	4	42	55	43	56	44	25	45	55	46	14	47	79	48	61	49	71
	0	43	1	83	2	11	3	73	4	98	5	26	6	38	7	5	8	85	9	61	10	26	11	53	12	97	13	6	14	74	15	7	16	61	17	21	18	16	19	93	20	66	21	50	22	78	23	82	24	16	25	15	26	7	27	31	28	23	29	79	30	10	31	29	32	26	33	5	34	6	35	42	36	23	37	79	38	72	39	89	40	30	41	77	42	33	43	87	44	15	45	91	46	31	47	49	48	61	49	49
	0	78	1	24	2	79	3	94	4	68	5	7	6	45	7	92	8	100	9	69	10	48	11	7	12	62	13	80	14	85	15	52	16	45	17	17	18	7	19	92	20	7	21	88	22	33	23	84	24	4	25	19	26	74	27	59	28	55	29	75	30	32	31	88	32	1	33	15	34	65	35	86	36	94	37	1	38	45	39	51	40	8	41	19	42	35	43	36	44	59	45	77	46	69	47	100	48	95	49	71
	0	9	1	92	2	67	3	71	4	22	5	58	6	11	7	33	8	84	9	83	10	91	11	56	12	17	13	100	14	94	15	46	16	18	17	29	18	63	19	27	20	18	21	30	22	17	23	49	24	2	25	88	26	2	27	60	28	69	29	53	30	56	31	44	32	8	33	8	34	87	35	44	36	18	37	51	38	4	39	26	40	20	41	85	42	46	43	53	44	8	45	77	46	98	47	63	48	52	49	29
	0	86	1	86	2	58	3	47	4	94	5	37	6	35	7	37	8	50	9	60	10	25	11	38	12	62	13	36	14	1	15	71	16	9	17	53	18	42	19	93	20	19	21	11	22	31	23	40	24	81	25	14	26	40	27	37	28	87	29	75	30	100	31	92	32	84	33	21	34	58	35	94	36	91	37	78	38	93	39	9	40	18	41	96	42	20	43	11	44	78	45	15	46	8	47	14	48	82	49	85
	0	5	1	90	2	73	3	13	4	33	5	76	6	17	7	80	8	96	9	23	10	69	11	56	12	16	13	26	14	87	15	9	16	4	17	40	18	43	19	79	20	3	21	81	22	82	23	77	24	83	25	55	26	2	27	10	28	67	29	71	30	64	31	63	32	18	33	24	34	67	35	73	36	16	37	70	38	32	39	78	40	100	41	6	42	84	43	43	44	75	45	42	46	29	47	71	48	76	49	31
	0	66	1	64	2	63	3	83	4	73	5	99	6	88	7	79	8	66	9	17	10	40	11	76	12	19	13	51	14	85	15	56	16	84	17	45	18	37	19	52	20	62	21	25	22	26	23	83	24	4	25	37	26	72	27	50	28	56	29	64	30	53	31	90	32	60	33	68	34	43	35	94	36	80	37	50	38	55	39	18	40	34	41	93	42	5	43	68	44	21	45	51	46	6	47	20	48	91	49	97
	0	25	1	3	2	99	3	26	4	91	5	77	6	35	7	4	8	21	9	63	10	19	11	84	12	7	13	16	14	7	15	42	16	81	17	46	18	52	19	4	20	48	21	33	22	3	23	61	24	63	25	85	26	50	27	4	28	75	29	29	30	36	31	11	32	80	33	56	34	97	35	77	36	56	37	39	38	16	39	73	40	59	41	96	42	78	43	69	44	4	45	83	46	73	47	50	48	86	49	24
	0	93	1	26	2	79	3	14	4	4	5	8	6	35	7	66	8	96	9	92	10	82	11	71	12	51	13	85	14	71	15	95	16	64	17	62	18	31	19	45	20	17	21	39	22	40	23	65	24	100	25	92	26	9	27	45	28	6	29	70	30	38	31	62	32	68	33	70	34	1	35	75	36	97	37	85	38	60	39	55	40	54	41	33	42	14	43	13	44	51	45	27	46	37	47	57	48	67	49	53
	0	68	1	99	2	43	3	58	4	41	5	87	6	61	7	69	8	79	9	30	10	38	11	94	12	86	13	47	14	96	15	78	16	17	17	58	18	80	19	5	20	2	21	94	22	29	23	87	24	51	25	96	26	32	27	64	28	88	29	28	30	31	31	14	32	65	33	31	34	31	35	53	36	58	37	82	38	43	39	52	40	67	41	44	42	81	43	30	44	51	45	17	46	58	47	82	48	73	49	31
	0	81	1	49	2	40	3	28	4	33	5	51	6	69	7	38	8	77	9	33	10	6	11	48	12	39	13	96	14	67	15	97	16	50	17	9	18	8	19	70	20	39	21	34	22	24	23	67	24	32	25	98	26	24	27	63	28	88	29	4	30	58	31	88	32	59	33	58	34	76	35	3	36	85	37	62	38	40	39	35	40	46	41	87	42	39	43	7	44	32	45	37	46	62	47	79	48	2	49	77
	0	28	1	73	2	45	3	46	4	92	5	59	6	72	7	33	8	65	9	25	10	83	11	52	12	12	13	52	14	10	15	41	16	34	17	68	18	14	19	95	20	31	21	59	22	87	23	92	24	10	25	48	26	8	27	70	28	85	29	89	30	24	31	69	32	74	33	15	34	70	35	58	36	12	37	54	38	62	39	83	40	4	41	96	42	95	43	26	44	15	45	69	46	60	47	66	48	54	49	72
	0	54	1	67	2	4	3	57	4	27	5	30	6	10	7	65	8	23	9	10	10	15	11	61	12	82	13	65	14	25	15	22	16	28	17	80	18	17	19	64	20	46	21	10	22	45	23	22	24	32	25	13	26	95	27	15	28	68	29	71	30	1	31	67	32	50	33	30	34	16	35	54	36	79	37	95	38	99	39	1	40	91	41	67	42	79	43	58	44	79	45	6	46	79	47	21	48	40	49	61
	0	39	1	78	2	54	3	93	4	57	5	97	6	64	7	91	8	25	9	90	10	27	11	53	12	57	13	5	14	52	15	78	16	20	17	53	18	37	19	96	20	11	21	56	22	84	23	36	24	45	25	71	26	47	27	99	28	53	29	40	30	37	31	87	32	3	33	59	34	96	35	22	36	84	37	71	38	16	39	26	40	22	41	21	42	62	43	77	44	25	45	40	46	19	47	42	48	65	49	30
	0	77	1	56	2	47	3	76	4	31	5	3	6	30	7	13	8	54	9	13	10	86	11	8	12	56	13	86	14	30	15	49	16	65	17	1	18	37	19	41	20	71	21	73	22	50	23	64	24	31	25	69	26	29	27	28	28	17	29	95	30	92	31	40	32	59	33	13	34	79	35	62	36	21	37	44	38	94	39	29	40	99	41	83	42	38	43	59	44	44	45	24	46	34	47	65	48	37	49	50
	0	100	1	59	2	72	3	76	4	18	5	97	6	25	7	20	8	13	9	28	10	23	11	47	12	43	13	15	14	27	15	16	16	51	17	66	18	97	19	21	20	45	21	86	22	13	23	8	24	86	25	24	26	53	27	4	28	29	29	3	30	73	31	2	32	25	33	27	34	16	35	68	36	80	37	30	38	67	39	86	40	41	41	96	42	17	43	46	44	49	45	61	46	6	47	32	48	76	49	90
	0	64	1	87	2	32	3	80	4	62	5	49	6	31	7	40	8	46	9	72	10	20	11	32	12	12	13	4	14	36	15	99	16	62	17	73	18	34	19	95	20	13	21	87	22	98	23	95	24	90	25	81	26	41	27	63	28	3	29	39	30	36	31	89	32	82	33	85	34	55	35	34	36	43	37	33	38	92	39	41	40	90	41	9	42	10	43	100	44	81	45	17	46	26	47	80	48	23	49	100
	0	25	1	53	2	53	3	5	4	89	5	86	6	40	7	79	8	44	9	82	10	11	11	30	12	87	13	70	14	70	15	46	16	54	17	96	18	88	19	51	20	10	21	66	22	63	23	39	24	96	25	32	26	87	27	17	28	58	29	28	30	72	31	51	32	44	33	90	34	9	35	89	36	39	37	33	38	73	39	7	40	76	41	55	42	3	43	14	44	51	45	90	46	5	47	88	48	17	49	40
	0	59	1	57	2	44	3	54	4	50	5	21	6	70	7	28	8	21	9	93	10	68	11	51	12	41	13	16	14	26	15	21	16	35	17	50	18	94	19	1	20	2	21	71	22	54	23	96	24	37	25	11	26	23	27	59	28	20	29	23	30	77	31	70	32	54	33	70	34	76	35	47	36	42	37	55	38	20	39	65	40	54	41	48	42	60	43	9	44	16	45	72	46	50	47	85	48	20	49	64
	0	19	1	57	2	49	3	15	4	88	5	95	6	50	7	56	8	69	9	37	10	8	11	46	12	12	13	13	14	100	15	72	16	7	17	86	18	42	19	82	20	30	21	96	22	44	23	100	24	8	25	13	26	45	27	88	28	43	29	48	30	84	31	70	32	1	33	70	34	43	35	23	36	85	37	20	38	67	39	1	40	22	41	37	42	18	43	47	44	46	45	24	46	59	47	11	48	57	49	17
	0	55	1	80	2	78	3	53	4	30	5	80	6	58	7	28	8	30	9	20	10	76	11	5	12	79	13	72	14	46	15	8	16	22	17	17	18	44	19	13	20	92	21	6	22	89	23	23	24	59	25	100	26	48	27	84	28	28	29	96	30	69	31	84	32	100	33	65	34	39	35	41	36	32	37	34	38	26	39	68	40	34	41	14	42	65	43	74	44	92	45	38	46	80	47	44	48	29	49	60
	0	63	1	95	2	14	3	52	4	44	5	11	6	97	7	72	8	31	9	2	10	32	11	4	12	4	13	36	14	98	15	93	16	80	17	44	18	56	19	22	20	96	21	99	22	76	23	5	24	72	25	2	26	43	27	100	28	52	29	51	30	17	31	52	32	34	33	63	34	2	35	28	36	34	37	68	38	53	39	16	40	55	41	11	42	32	43	73	44	45	45	20	46	83	47	61	48	67	49	23
	0	88	1	17	2	26	3	39	4	33	5	17	6	5	7	62	8	82	9	54	10	28	11	3	12	48	13	32	14	43	15	89	16	11	17	42	18	75	19	13	20	11	21	77	22	25	23	74	24	21	25	5	26	94	27	87	28	93	29	3	30	60	31	13	32	99	33	7	34	41	35	59	36	41	37	63	38	15	39	53	40	94	41	60	42	97	43	76	44	90	45	81	46	74	47	24	48	77	49	12
	0	54	1	15	2	8	3	86	4	90	5	78	6	26	7	69	8	74	9	89	10	75	11	92	12	14	13	28	14	41	15	94	16	38	17	78	18	92	19	44	20	100	21	1	22	96	23	43	24	65	25	49	26	17	27	17	28	3	29	95	30	20	31	72	32	27	33	97	34	41	35	65	36	47	37	37	38	4	39	95	40	29	41	80	42	85	43	41	44	78	45	57	46	50	47	93	48	84	49	69
	0	37	1	52	2	4	3	59	4	39	5	89	6	62	7	100	8	15	9	95	10	5	11	3	12	41	13	71	14	22	15	32	16	65	17	26	18	35	19	92	20	48	21	78	22	21	23	15	24	85	25	1	26	99	27	67	28	45	29	36	30	17	31	58	32	84	33	68	34	14	35	6	36	6	37	52	38	37	39	11	40	76	41	13	42	46	43	28	44	26	45	71	46	35	47	46	48	93	49	67
	0	41	1	10	2	82	3	78	4	35	5	50	6	46	7	63	8	18	9	100	10	27	11	65	12	45	13	19	14	1	15	60	16	64	17	46	18	12	19	48	20	57	21	63	22	98	23	6	24	92	25	27	26	42	27	48	28	36	29	14	30	95	31	77	32	96	33	85	34	63	35	18	36	75	37	43	38	47	39	58	40	71	41	76	42	80	43	39	44	44	45	79	46	11	47	86	48	33	49	14
	0	5	1	57	2	13	3	40	4	89	5	47	6	1	7	31	8	39	9	91	10	62	11	65	12	99	13	34	14	76	15	38	16	81	17	86	18	65	19	55	20	73	21	53	22	91	23	90	24	71	25	30	26	64	27	19	28	95	29	94	30	46	31	67	32	68	33	24	34	14	35	29	36	64	37	51	38	28	39	51	40	52	41	5	42	22	43	79	44	90	45	6	46	4	47	15	48	58	49	32
	0	51	1	46	2	19	3	57	4	3	5	15	6	50	7	24	8	23	9	68	10	95	11	21	12	72	13	91	14	15	15	56	16	91	17	17	18	47	19	70	20	22	21	72	22	95	23	8	24	93	25	86	26	13	27	47	28	47	29	91	30	51	31	72	32	96	33	80	34	86	35	17	36	30	37	100	38	49	39	22	40	10	41	8	42	6	43	91	44	25	45	97	46	92	47	28	48	92	49	91
	0	68	1	95	2	27	3	56	4	69	5	32	6	26	7	70	8	68	9	3	10	17	11	66	12	47	13	87	14	87	15	20	16	85	17	18	18	90	19	71	20	84	21	38	22	84	23	72	24	86	25	20	26	67	27	25	28	79	29	74	30	89	31	42	32	65	33	57	34	86	35	42	36	55	37	24	38	40	39	65	40	16	41	8	42	72	43	65	44	69	45	19	46	29	47	33	48	33	49	87
	0	96	1	29	2	52	3	100	4	76	5	47	6	47	7	10	8	2	9	38	10	89	11	97	12	73	13	63	14	85	15	26	16	32	17	46	18	17	19	45	20	24	21	57	22	73	23	86	24	16	25	44	26	69	27	76	28	48	29	87	30	55	31	86	32	55	33	54	34	36	35	51	36	83	37	68	38	60	39	56	40	81	41	29	42	67	43	60	44	55	45	45	46	83	47	10	48	96	49	59
	0	3	1	69	2	38	3	83	4	14	5	48	6	96	7	81	8	35	9	30	10	91	11	51	12	85	13	19	14	72	15	1	16	98	17	48	18	77	19	24	20	53	21	38	22	1	23	17	24	92	25	92	26	66	27	85	28	20	29	56	30	6	31	50	32	44	33	83	34	13	35	32	36	73	37	95	38	6	39	82	40	87	41	17	42	24	43	94	44	63	45	29	46	46	47	1	48	85	49	60
	0	99	1	55	2	15	3	26	4	3	5	44	6	75	7	87	8	58	9	79	10	67	11	52	12	83	13	64	14	51	15	92	16	49	17	46	18	39	19	18	20	87	21	82	22	77	23	37	24	34	25	91	26	37	27	96	28	70	29	62	30	27	31	72	32	58	33	52	34	88	35	82	36	74	37	84	38	59	39	1	40	4	41	24	42	100	43	24	44	43	45	23	46	21	47	11	48	18	49	15
	0	61	1	97	2	21	3	39	4	90	5	54	6	28	7	13	8	66	9	41	10	34	11	71	12	36	13	84	14	37	15	59	16	76	17	54	18	45	19	33	20	21	21	56	22	95	23	21	24	5	25	36	26	98	27	25	28	33	29	72	30	60	31	85	32	45	33	100	34	39	35	40	36	45	37	95	38	35	39	37	40	12	41	25	42	23	43	88	44	7	45	8	46	86	47	68	48	38	49	80
	0	95	1	16	2	71	3	35	4	44	5	70	6	76	7	93	8	56	9	44	10	48	11	19	12	87	13	49	14	55	15	83	16	16	17	97	18	92	19	53	20	1	21	40	22	49	23	44	24	17	25	51	26	18	27	71	28	27	29	28	30	92	31	86	32	45	33	85	34	52	35	89	36	85	37	75	38	14	39	37	40	20	41	33	42	11	43	11	44	81	45	56	46	13	47	95	48	73	49	49
	0	15	1	84	2	96	3	100	4	56	5	37	6	92	7	75	8	29	9	13	10	53	11	35	12	15	13	90	14	64	15	16	16	37	17	30	18	71	19	39	20	28	21	51	22	88	23	19	24	48	25	21	26	94	27	4	28	99	29	70	30	73	31	63	32	31	33	9	34	6	35	98	36	21	37	80	38	17	39	52	40	84	41	91	42	25	43	38	44	39	45	96	46	65	47	14	48	36	49	37
	0	75	1	68	2	34	3	56	4	53	5	6	6	69	7	36	8	49	9	41	10	50	11	33	12	30	13	30	14	88	15	10	16	43	17	14	18	40	19	90	20	60	21	48	22	10	23	72	24	76	25	39	26	56	27	98	28	7	29	9	30	88	31	49	32	91	33	70	34	57	35	12	36	5	37	76	38	67	39	57	40	38	41	71	42	61	43	98	44	99	45	70	46	70	47	38	48	34	49	32
	0	16	1	20	2	81	3	9	4	15	5	40	6	9	7	89	8	15	9	80	10	94	11	58	12	68	13	72	14	34	15	54	16	30	17	18	18	26	19	86	20	18	21	100	22	24	23	46	24	86	25	68	26	82	27	28	28	90	29	3	30	28	31	37	32	61	33	65	34	37	35	55	36	92	37	92	38	98	39	93	40	23	41	14	42	74	43	46	44	82	45	77	46	39	47	30	48	92	49	13
	0	96	1	71	2	80	3	93	4	42	5	71	6	34	7	35	8	25	9	77	10	98	11	83	12	97	13	15	14	93	15	57	16	81	17	84	18	15	19	40	20	86	21	6	22	45	23	61	24	44	25	83	26	69	27	96	28	60	29	10	30	92	31	75	32	90	33	40	34	93	35	79	36	94	37	2	38	76	39	79	40	21	41	14	42	73	43	18	44	29	45	54	46	40	47	69	48	59	49	69
	0	41	1	7	2	87	3	35	4	4	5	73	6	41	7	5	8	1	9	26	10	72	11	8	12	84	13	18	14	79	15	82	16	83	17	16	18	55	19	47	20	37	21	71	22	7	23	65	24	29	25	13	26	36	27	44	28	35	29	12	30	15	31	62	32	12	33	35	34	85	35	38	36	79	37	87	38	53	39	76	40	83	41	31	42	71	43	40	44	34	45	100	46	26	47	60	48	56	49	76
Reldue
-1	4200	-1	1
-1	4149	-1	1
-1	3520	-1	1
-1	4193	-1	1
-1	4169	-1	1
-1	4322	-1	1
-1	3625	-1	1
-1	3863	-1	1
-1	3978	-1	1
-1	4253	-1	1
-1	3730	-1	1
-1	3858	-1	1
-1	4354	-1	1
-1	4393	-1	1
-1	4000	-1	1
-1	4267	-1	1
-1	3847	-1	1
-1	3768	-1	1
-1	3600	-1	1
-1	3848	-1	1
-1	3583	-1	1
-1	4364	-1	1
-1	4034	-1	1
-1	3842	-1	1
-1	4237	-1	1
-1	3717	-1	1
-1	3626	-1	1
-1	3657	-1	1
-1	4439	-1	1
-1	3652	-1	1
-1	3512	-1	1
-1	3938	-1	1
-1	4020	-1	1
-1	4170	-1	1
-1	3627	-1	1
-1	3723	-1	1
-1	3776	-1	1
-1	3929	-1	1
-1	3518	-1	1
-1	3704	-1	1
-1	3651	-1	1
-1	3901	-1	1
-1	4025	-1	1
-1	3788	-1	1
-1	3538	-1	1
-1	4042	-1	1
-1	4110	-1	1
-1	4486	-1	1
-1	4110	-1	1
-1	4117	-1	1
LBCmax: 5011
