250  30
	0	77	1	39	2	32	3	90	4	34	5	55	6	32	7	31	8	76	9	92	10	100	11	47	12	26	13	52	14	66	15	52	16	58	17	73	18	22	19	97	20	80	21	59	22	68	23	69	24	13	25	87	26	49	27	42	28	44	29	97
	0	84	1	83	2	57	3	78	4	92	5	66	6	80	7	2	8	72	9	30	10	94	11	87	12	94	13	97	14	80	15	75	16	91	17	25	18	27	19	59	20	85	21	75	22	5	23	2	24	68	25	6	26	84	27	16	28	18	29	30
	0	59	1	20	2	46	3	91	4	89	5	71	6	79	7	59	8	97	9	45	10	25	11	33	12	54	13	17	14	94	15	14	16	61	17	57	18	63	19	85	20	5	21	56	22	99	23	99	24	44	25	33	26	81	27	78	28	46	29	94
	0	5	1	66	2	95	3	48	4	32	5	90	6	42	7	90	8	38	9	22	10	44	11	22	12	61	13	39	14	44	15	58	16	61	17	42	18	66	19	32	20	40	21	65	22	40	23	28	24	78	25	87	26	74	27	72	28	92	29	35
	0	40	1	67	2	19	3	31	4	43	5	73	6	86	7	38	8	88	9	45	10	6	11	86	12	63	13	84	14	25	15	100	16	8	17	73	18	1	19	48	20	29	21	99	22	2	23	98	24	84	25	81	26	34	27	34	28	55	29	51
	0	52	1	79	2	66	3	66	4	14	5	32	6	27	7	51	8	72	9	92	10	10	11	85	12	18	13	60	14	81	15	95	16	28	17	19	18	50	19	15	20	66	21	30	22	14	23	21	24	48	25	17	26	98	27	59	28	75	29	10
	0	28	1	17	2	85	3	65	4	80	5	14	6	89	7	2	8	3	9	100	10	73	11	14	12	99	13	99	14	3	15	28	16	5	17	36	18	55	19	51	20	31	21	26	22	54	23	9	24	19	25	22	26	98	27	60	28	52	29	43
	0	1	1	62	2	17	3	33	4	85	5	97	6	98	7	24	8	90	9	4	10	61	11	5	12	97	13	66	14	52	15	13	16	86	17	50	18	27	19	98	20	60	21	2	22	69	23	37	24	5	25	32	26	75	27	95	28	91	29	65
	0	22	1	57	2	11	3	16	4	31	5	72	6	16	7	34	8	91	9	94	10	5	11	22	12	21	13	13	14	66	15	11	16	76	17	95	18	87	19	63	20	21	21	90	22	65	23	29	24	41	25	68	26	8	27	77	28	44	29	94
	0	89	1	70	2	93	3	62	4	97	5	70	6	60	7	25	8	11	9	83	10	91	11	15	12	70	13	71	14	40	15	35	16	28	17	14	18	83	19	50	20	20	21	82	22	44	23	33	24	67	25	43	26	81	27	27	28	96	29	44
	0	25	1	37	2	72	3	17	4	58	5	57	6	47	7	4	8	76	9	95	10	75	11	4	12	85	13	66	14	65	15	91	16	5	17	48	18	48	19	44	20	96	21	23	22	98	23	96	24	34	25	62	26	29	27	3	28	81	29	14
	0	46	1	61	2	44	3	7	4	41	5	48	6	16	7	81	8	44	9	69	10	37	11	99	12	84	13	10	14	20	15	14	16	17	17	48	18	35	19	90	20	12	21	67	22	43	23	97	24	24	25	74	26	15	27	27	28	86	29	24
	0	92	1	15	2	82	3	84	4	65	5	51	6	17	7	8	8	77	9	13	10	66	11	97	12	80	13	68	14	82	15	64	16	99	17	15	18	96	19	36	20	86	21	66	22	26	23	53	24	62	25	95	26	2	27	57	28	92	29	91
	0	44	1	68	2	21	3	6	4	74	5	94	6	82	7	79	8	42	9	43	10	56	11	70	12	88	13	95	14	28	15	49	16	85	17	80	18	84	19	16	20	19	21	73	22	41	23	44	24	18	25	75	26	98	27	78	28	27	29	67
	0	52	1	32	2	78	3	51	4	33	5	53	6	34	7	99	8	22	9	67	10	78	11	98	12	77	13	9	14	79	15	45	16	84	17	2	18	78	19	25	20	95	21	51	22	47	23	7	24	21	25	55	26	34	27	5	28	2	29	49
	0	90	1	100	2	67	3	42	4	35	5	40	6	52	7	11	8	23	9	34	10	46	11	54	12	7	13	24	14	71	15	24	16	3	17	7	18	37	19	98	20	17	21	17	22	9	23	45	24	88	25	11	26	78	27	95	28	43	29	18
	0	36	1	46	2	80	3	30	4	90	5	26	6	30	7	54	8	60	9	22	10	45	11	59	12	46	13	41	14	32	15	71	16	77	17	51	18	20	19	19	20	55	21	28	22	30	23	25	24	60	25	10	26	95	27	83	28	94	29	25
	0	31	1	89	2	68	3	48	4	79	5	5	6	58	7	4	8	50	9	64	10	94	11	19	12	51	13	62	14	49	15	98	16	76	17	90	18	44	19	62	20	85	21	93	22	93	23	92	24	13	25	70	26	43	27	48	28	64	29	49
	0	89	1	69	2	6	3	98	4	74	5	75	6	64	7	53	8	90	9	11	10	52	11	91	12	53	13	24	14	35	15	58	16	14	17	54	18	81	19	35	20	26	21	71	22	49	23	19	24	85	25	6	26	32	27	25	28	7	29	50
	0	38	1	63	2	12	3	15	4	98	5	22	6	38	7	82	8	8	9	77	10	88	11	93	12	63	13	9	14	90	15	47	16	38	17	88	18	31	19	5	20	12	21	62	22	86	23	28	24	57	25	63	26	51	27	100	28	25	29	15
	0	61	1	97	2	7	3	3	4	46	5	14	6	55	7	43	8	52	9	66	10	81	11	55	12	37	13	14	14	81	15	43	16	18	17	89	18	46	19	18	20	26	21	10	22	52	23	26	24	94	25	26	26	51	27	67	28	91	29	19
	0	100	1	15	2	71	3	58	4	3	5	75	6	7	7	84	8	45	9	43	10	14	11	62	12	45	13	44	14	4	15	48	16	74	17	69	18	7	19	37	20	91	21	43	22	55	23	93	24	5	25	87	26	29	27	93	28	66	29	52
	0	89	1	20	2	35	3	52	4	62	5	91	6	6	7	11	8	43	9	4	10	58	11	6	12	34	13	45	14	59	15	76	16	41	17	87	18	78	19	15	20	86	21	70	22	49	23	83	24	9	25	40	26	96	27	3	28	77	29	98
	0	34	1	13	2	13	3	76	4	78	5	5	6	15	7	44	8	40	9	70	10	35	11	20	12	4	13	19	14	25	15	27	16	79	17	62	18	80	19	34	20	4	21	61	22	40	23	54	24	42	25	85	26	10	27	4	28	70	29	36
	0	32	1	49	2	83	3	22	4	12	5	73	6	47	7	5	8	71	9	52	10	75	11	37	12	99	13	39	14	12	15	66	16	11	17	62	18	53	19	85	20	38	21	8	22	30	23	38	24	12	25	46	26	37	27	23	28	14	29	100
	0	91	1	49	2	97	3	94	4	34	5	29	6	19	7	10	8	32	9	34	10	27	11	42	12	25	13	24	14	81	15	34	16	33	17	39	18	22	19	41	20	27	21	10	22	14	23	41	24	4	25	30	26	6	27	90	28	47	29	98
	0	9	1	7	2	46	3	6	4	80	5	17	6	6	7	59	8	49	9	3	10	91	11	25	12	38	13	27	14	50	15	70	16	60	17	42	18	38	19	26	20	98	21	94	22	41	23	74	24	89	25	79	26	47	27	70	28	78	29	21
	0	30	1	35	2	16	3	69	4	38	5	74	6	100	7	45	8	11	9	14	10	1	11	80	12	55	13	63	14	17	15	12	16	56	17	40	18	50	19	64	20	16	21	19	22	84	23	91	24	30	25	92	26	28	27	83	28	48	29	44
	0	48	1	61	2	88	3	88	4	90	5	94	6	96	7	20	8	82	9	42	10	58	11	72	12	54	13	83	14	23	15	86	16	37	17	89	18	94	19	25	20	95	21	63	22	80	23	13	24	35	25	41	26	25	27	58	28	78	29	27
	0	66	1	90	2	90	3	23	4	71	5	37	6	18	7	53	8	65	9	12	10	58	11	10	12	49	13	90	14	74	15	68	16	65	17	80	18	24	19	40	20	61	21	43	22	75	23	70	24	61	25	1	26	12	27	91	28	53	29	40
	0	70	1	100	2	32	3	97	4	36	5	9	6	72	7	88	8	18	9	83	10	11	11	23	12	70	13	92	14	85	15	99	16	7	17	7	18	22	19	88	20	67	21	36	22	96	23	39	24	100	25	76	26	10	27	80	28	87	29	29
	0	35	1	81	2	16	3	5	4	48	5	5	6	77	7	8	8	29	9	75	10	44	11	83	12	22	13	24	14	67	15	69	16	58	17	8	18	82	19	85	20	4	21	99	22	9	23	36	24	88	25	84	26	14	27	39	28	100	29	49
	0	36	1	79	2	88	3	6	4	13	5	58	6	83	7	7	8	61	9	99	10	29	11	57	12	81	13	18	14	5	15	88	16	5	17	62	18	59	19	100	20	11	21	99	22	93	23	56	24	53	25	89	26	68	27	77	28	94	29	80
	0	23	1	6	2	45	3	7	4	24	5	10	6	39	7	89	8	79	9	47	10	95	11	52	12	99	13	20	14	46	15	14	16	87	17	92	18	49	19	30	20	72	21	39	22	90	23	62	24	40	25	55	26	59	27	34	28	13	29	41
	0	48	1	83	2	92	3	53	4	7	5	18	6	50	7	70	8	56	9	44	10	47	11	19	12	43	13	24	14	16	15	76	16	92	17	65	18	17	19	12	20	70	21	72	22	78	23	61	24	96	25	2	26	66	27	40	28	45	29	98
	0	47	1	28	2	21	3	98	4	40	5	93	6	23	7	53	8	70	9	37	10	8	11	82	12	70	13	71	14	27	15	61	16	100	17	66	18	1	19	26	20	62	21	26	22	49	23	25	24	52	25	82	26	91	27	59	28	64	29	11
	0	86	1	95	2	38	3	15	4	86	5	39	6	20	7	30	8	2	9	96	10	81	11	38	12	21	13	76	14	100	15	1	16	25	17	99	18	16	19	54	20	90	21	18	22	11	23	15	24	74	25	65	26	64	27	93	28	17	29	89
	0	97	1	16	2	17	3	33	4	98	5	6	6	52	7	81	8	7	9	70	10	62	11	67	12	77	13	78	14	6	15	12	16	59	17	59	18	76	19	63	20	75	21	34	22	9	23	25	24	74	25	61	26	40	27	10	28	81	29	61
	0	100	1	59	2	95	3	55	4	28	5	4	6	86	7	32	8	60	9	67	10	93	11	20	12	25	13	26	14	46	15	38	16	56	17	91	18	39	19	46	20	75	21	66	22	34	23	24	24	39	25	95	26	78	27	46	28	50	29	12
	0	64	1	31	2	51	3	54	4	64	5	82	6	68	7	93	8	6	9	50	10	82	11	2	12	93	13	90	14	26	15	74	16	73	17	76	18	46	19	29	20	5	21	16	22	74	23	11	24	94	25	69	26	96	27	40	28	73	29	55
	0	17	1	67	2	70	3	24	4	60	5	71	6	76	7	99	8	45	9	71	10	8	11	44	12	26	13	56	14	42	15	89	16	4	17	47	18	36	19	26	20	35	21	55	22	89	23	73	24	86	25	91	26	2	27	42	28	27	29	38
	0	30	1	75	2	58	3	7	4	50	5	36	6	4	7	20	8	74	9	63	10	23	11	100	12	86	13	24	14	30	15	61	16	95	17	30	18	7	19	24	20	11	21	98	22	63	23	12	24	95	25	74	26	77	27	86	28	50	29	41
	0	13	1	28	2	39	3	94	4	2	5	4	6	53	7	43	8	38	9	28	10	72	11	81	12	26	13	31	14	80	15	27	16	67	17	16	18	27	19	26	20	90	21	22	22	67	23	81	24	54	25	58	26	98	27	26	28	76	29	65
	0	76	1	92	2	67	3	16	4	9	5	100	6	82	7	69	8	20	9	95	10	4	11	33	12	56	13	11	14	33	15	3	16	75	17	17	18	41	19	81	20	33	21	94	22	18	23	95	24	70	25	37	26	16	27	64	28	41	29	89
	0	66	1	89	2	63	3	46	4	36	5	69	6	71	7	86	8	41	9	52	10	90	11	18	12	25	13	88	14	78	15	63	16	82	17	44	18	1	19	83	20	91	21	83	22	30	23	48	24	62	25	39	26	81	27	7	28	38	29	14
	0	39	1	74	2	89	3	5	4	39	5	82	6	99	7	21	8	77	9	42	10	30	11	43	12	95	13	17	14	6	15	62	16	65	17	99	18	70	19	72	20	35	21	42	22	85	23	12	24	53	25	9	26	1	27	86	28	54	29	8
	0	92	1	10	2	78	3	43	4	46	5	51	6	77	7	4	8	68	9	68	10	97	11	65	12	6	13	69	14	65	15	72	16	37	17	36	18	10	19	32	20	50	21	95	22	98	23	38	24	29	25	21	26	60	27	95	28	22	29	10
	0	42	1	34	2	33	3	64	4	13	5	10	6	93	7	52	8	96	9	43	10	86	11	71	12	24	13	49	14	36	15	97	16	23	17	40	18	89	19	5	20	81	21	27	22	34	23	7	24	55	25	39	26	57	27	28	28	26	29	29
	0	20	1	23	2	91	3	55	4	100	5	3	6	68	7	40	8	48	9	24	10	61	11	59	12	32	13	55	14	69	15	91	16	94	17	35	18	88	19	54	20	17	21	79	22	11	23	1	24	92	25	94	26	20	27	43	28	40	29	14
	0	49	1	33	2	98	3	76	4	42	5	17	6	14	7	71	8	41	9	52	10	82	11	72	12	80	13	35	14	16	15	9	16	65	17	91	18	60	19	27	20	76	21	23	22	58	23	82	24	9	25	21	26	51	27	29	28	48	29	72
	0	77	1	27	2	46	3	32	4	66	5	57	6	33	7	44	8	77	9	22	10	98	11	14	12	27	13	89	14	8	15	82	16	82	17	86	18	64	19	48	20	25	21	59	22	95	23	35	24	31	25	51	26	49	27	7	28	96	29	76
	0	42	1	76	2	5	3	76	4	56	5	52	6	42	7	97	8	97	9	35	10	77	11	26	12	74	13	45	14	73	15	57	16	46	17	39	18	4	19	3	20	39	21	66	22	85	23	53	24	51	25	53	26	40	27	39	28	79	29	30
	0	70	1	86	2	51	3	30	4	89	5	35	6	35	7	20	8	53	9	64	10	61	11	67	12	83	13	67	14	77	15	18	16	65	17	48	18	39	19	69	20	92	21	41	22	84	23	46	24	46	25	72	26	44	27	16	28	71	29	11
	0	15	1	13	2	73	3	1	4	66	5	37	6	31	7	42	8	64	9	67	10	32	11	64	12	47	13	93	14	46	15	43	16	85	17	57	18	9	19	23	20	77	21	63	22	87	23	46	24	11	25	95	26	20	27	17	28	70	29	40
	0	92	1	47	2	46	3	29	4	64	5	51	6	26	7	26	8	64	9	99	10	39	11	23	12	22	13	43	14	76	15	42	16	2	17	66	18	44	19	36	20	68	21	31	22	96	23	39	24	64	25	26	26	55	27	19	28	28	29	30
	0	20	1	18	2	53	3	42	4	28	5	6	6	60	7	55	8	16	9	53	10	52	11	74	12	80	13	20	14	71	15	88	16	60	17	20	18	69	19	62	20	72	21	82	22	60	23	11	24	78	25	41	26	29	27	56	28	69	29	25
	0	98	1	91	2	80	3	20	4	91	5	3	6	90	7	19	8	35	9	21	10	63	11	99	12	95	13	95	14	27	15	92	16	38	17	22	18	8	19	10	20	47	21	71	22	57	23	73	24	65	25	91	26	50	27	38	28	23	29	71
	0	29	1	25	2	68	3	17	4	32	5	92	6	20	7	52	8	30	9	98	10	20	11	47	12	42	13	75	14	24	15	59	16	39	17	75	18	86	19	8	20	24	21	71	22	19	23	48	24	59	25	38	26	18	27	87	28	82	29	29
	0	19	1	75	2	28	3	29	4	80	5	67	6	54	7	55	8	42	9	26	10	16	11	23	12	5	13	19	14	73	15	15	16	4	17	22	18	96	19	6	20	90	21	50	22	9	23	39	24	51	25	61	26	5	27	59	28	14	29	6
	0	93	1	36	2	22	3	31	4	83	5	50	6	86	7	38	8	17	9	9	10	38	11	76	12	87	13	26	14	38	15	13	16	20	17	80	18	30	19	8	20	98	21	23	22	30	23	88	24	58	25	26	26	93	27	91	28	95	29	69
	0	2	1	43	2	45	3	11	4	70	5	71	6	28	7	2	8	48	9	67	10	88	11	29	12	74	13	64	14	54	15	92	16	25	17	92	18	94	19	61	20	34	21	3	22	65	23	68	24	95	25	3	26	59	27	21	28	76	29	36
	0	98	1	52	2	93	3	82	4	46	5	28	6	35	7	87	8	19	9	2	10	31	11	27	12	32	13	68	14	98	15	71	16	94	17	54	18	28	19	11	20	50	21	70	22	77	23	58	24	40	25	81	26	81	27	15	28	100	29	90
	0	15	1	5	2	54	3	44	4	55	5	96	6	48	7	93	8	21	9	38	10	33	11	67	12	11	13	33	14	6	15	54	16	42	17	87	18	59	19	1	20	69	21	13	22	89	23	51	24	56	25	87	26	82	27	5	28	92	29	82
	0	61	1	73	2	7	3	24	4	73	5	32	6	11	7	47	8	51	9	35	10	65	11	44	12	65	13	16	14	72	15	39	16	63	17	93	18	18	19	21	20	67	21	69	22	27	23	29	24	58	25	71	26	98	27	70	28	73	29	87
	0	41	1	2	2	18	3	90	4	32	5	30	6	35	7	56	8	44	9	86	10	99	11	10	12	36	13	92	14	31	15	70	16	4	17	36	18	54	19	66	20	24	21	91	22	11	23	49	24	37	25	80	26	47	27	25	28	64	29	49
	0	15	1	72	2	47	3	12	4	43	5	37	6	54	7	77	8	90	9	6	10	96	11	54	12	79	13	1	14	37	15	32	16	70	17	51	18	7	19	56	20	20	21	32	22	39	23	34	24	49	25	83	26	95	27	75	28	93	29	34
	0	49	1	32	2	31	3	8	4	38	5	88	6	2	7	84	8	18	9	31	10	60	11	24	12	64	13	79	14	27	15	18	16	3	17	78	18	39	19	83	20	86	21	70	22	3	23	25	24	25	25	98	26	14	27	62	28	53	29	14
	0	79	1	46	2	79	3	88	4	62	5	45	6	49	7	45	8	58	9	80	10	54	11	73	12	37	13	5	14	5	15	82	16	23	17	97	18	2	19	8	20	14	21	91	22	56	23	86	24	37	25	58	26	28	27	45	28	7	29	33
	0	21	1	85	2	31	3	35	4	13	5	54	6	71	7	35	8	24	9	37	10	68	11	49	12	71	13	98	14	80	15	92	16	33	17	68	18	91	19	1	20	35	21	63	22	94	23	3	24	39	25	54	26	53	27	17	28	74	29	53
	0	100	1	90	2	67	3	64	4	23	5	3	6	44	7	28	8	42	9	29	10	14	11	56	12	85	13	94	14	65	15	14	16	23	17	84	18	19	19	35	20	2	21	18	22	36	23	50	24	96	25	46	26	66	27	61	28	74	29	69
	0	76	1	11	2	34	3	81	4	17	5	18	6	73	7	77	8	97	9	74	10	77	11	82	12	78	13	35	14	58	15	91	16	13	17	44	18	67	19	28	20	93	21	68	22	72	23	65	24	72	25	39	26	61	27	51	28	74	29	34
	0	23	1	54	2	26	3	26	4	22	5	7	6	53	7	2	8	43	9	11	10	30	11	19	12	1	13	50	14	82	15	45	16	28	17	96	18	74	19	27	20	86	21	25	22	43	23	42	24	61	25	84	26	41	27	65	28	46	29	50
	0	8	1	37	2	16	3	90	4	100	5	17	6	47	7	16	8	19	9	60	10	43	11	86	12	34	13	53	14	57	15	91	16	1	17	97	18	36	19	39	20	92	21	11	22	21	23	26	24	14	25	21	26	75	27	44	28	76	29	25
	0	30	1	75	2	23	3	77	4	63	5	70	6	58	7	15	8	62	9	13	10	11	11	26	12	26	13	8	14	33	15	33	16	10	17	63	18	18	19	39	20	15	21	28	22	92	23	64	24	86	25	35	26	9	27	57	28	68	29	41
	0	42	1	83	2	13	3	62	4	79	5	97	6	71	7	67	8	42	9	69	10	89	11	50	12	89	13	21	14	92	15	13	16	81	17	78	18	44	19	27	20	22	21	60	22	94	23	48	24	82	25	63	26	65	27	5	28	88	29	93
	0	34	1	96	2	37	3	64	4	14	5	47	6	46	7	79	8	43	9	28	10	77	11	40	12	23	13	33	14	65	15	58	16	85	17	59	18	70	19	71	20	64	21	44	22	12	23	88	24	98	25	58	26	53	27	3	28	10	29	44
	0	71	1	58	2	17	3	58	4	91	5	59	6	75	7	67	8	1	9	47	10	76	11	76	12	69	13	3	14	27	15	19	16	14	17	36	18	95	19	34	20	21	21	60	22	95	23	80	24	93	25	88	26	48	27	97	28	80	29	90
	0	47	1	8	2	34	3	75	4	4	5	3	6	67	7	23	8	54	9	62	10	28	11	60	12	61	13	12	14	10	15	48	16	36	17	17	18	65	19	46	20	58	21	52	22	88	23	56	24	84	25	98	26	79	27	67	28	58	29	77
	0	19	1	45	2	70	3	8	4	11	5	50	6	27	7	31	8	63	9	74	10	34	11	73	12	19	13	19	14	89	15	13	16	72	17	77	18	54	19	87	20	7	21	65	22	53	23	52	24	60	25	36	26	95	27	66	28	91	29	69
	0	38	1	91	2	9	3	5	4	42	5	4	6	94	7	83	8	66	9	73	10	6	11	95	12	14	13	43	14	75	15	63	16	40	17	33	18	12	19	8	20	56	21	41	22	85	23	62	24	7	25	1	26	56	27	38	28	15	29	52
	0	59	1	78	2	96	3	3	4	74	5	19	6	100	7	9	8	34	9	61	10	43	11	81	12	60	13	32	14	16	15	15	16	5	17	70	18	95	19	2	20	68	21	73	22	87	23	41	24	4	25	93	26	90	27	92	28	31	29	67
	0	51	1	25	2	20	3	16	4	32	5	59	6	17	7	50	8	49	9	86	10	38	11	60	12	28	13	38	14	18	15	98	16	83	17	36	18	24	19	58	20	26	21	28	22	62	23	17	24	62	25	3	26	25	27	4	28	20	29	45
	0	70	1	91	2	29	3	58	4	18	5	46	6	42	7	78	8	28	9	76	10	63	11	52	12	72	13	45	14	34	15	51	16	7	17	66	18	75	19	53	20	55	21	83	22	4	23	92	24	98	25	1	26	68	27	93	28	68	29	29
	0	58	1	6	2	91	3	41	4	96	5	24	6	7	7	68	8	18	9	57	10	78	11	88	12	90	13	74	14	59	15	71	16	21	17	56	18	89	19	75	20	75	21	14	22	31	23	40	24	92	25	56	26	65	27	97	28	60	29	29
	0	10	1	94	2	10	3	48	4	48	5	13	6	20	7	96	8	46	9	21	10	48	11	68	12	19	13	93	14	45	15	70	16	79	17	81	18	93	19	14	20	57	21	29	22	85	23	70	24	91	25	63	26	50	27	56	28	30	29	94
	0	65	1	81	2	85	3	10	4	31	5	70	6	23	7	68	8	88	9	52	10	4	11	86	12	15	13	63	14	88	15	10	16	15	17	10	18	74	19	7	20	1	21	11	22	36	23	94	24	29	25	73	26	82	27	27	28	34	29	5
	0	49	1	93	2	80	3	69	4	88	5	81	6	16	7	99	8	35	9	29	10	9	11	69	12	57	13	80	14	95	15	67	16	5	17	74	18	57	19	17	20	38	21	72	22	40	23	63	24	84	25	2	26	50	27	76	28	59	29	44
	0	94	1	93	2	55	3	10	4	72	5	66	6	68	7	96	8	9	9	87	10	34	11	86	12	11	13	25	14	89	15	61	16	61	17	82	18	72	19	31	20	98	21	64	22	27	23	85	24	50	25	9	26	94	27	48	28	11	29	34
	0	85	1	65	2	75	3	85	4	69	5	76	6	77	7	97	8	34	9	36	10	99	11	13	12	2	13	89	14	43	15	3	16	92	17	23	18	83	19	90	20	73	21	44	22	35	23	76	24	52	25	47	26	18	27	19	28	91	29	90
	0	96	1	5	2	31	3	81	4	19	5	24	6	90	7	34	8	4	9	37	10	53	11	70	12	18	13	82	14	56	15	55	16	73	17	84	18	66	19	4	20	24	21	45	22	76	23	89	24	37	25	30	26	86	27	47	28	75	29	84
	0	30	1	54	2	9	3	46	4	75	5	22	6	63	7	31	8	4	9	42	10	30	11	14	12	48	13	57	14	47	15	27	16	44	17	66	18	91	19	52	20	17	21	76	22	43	23	80	24	32	25	57	26	41	27	52	28	54	29	61
	0	97	1	27	2	2	3	25	4	75	5	16	6	3	7	57	8	37	9	100	10	77	11	73	12	5	13	6	14	2	15	44	16	9	17	7	18	47	19	64	20	6	21	94	22	61	23	54	24	94	25	5	26	75	27	50	28	56	29	25
	0	44	1	57	2	6	3	93	4	30	5	55	6	38	7	78	8	9	9	94	10	68	11	5	12	58	13	12	14	45	15	44	16	55	17	67	18	73	19	7	20	79	21	59	22	49	23	95	24	20	25	89	26	28	27	4	28	19	29	89
	0	60	1	77	2	99	3	92	4	71	5	57	6	69	7	61	8	64	9	95	10	95	11	79	12	80	13	94	14	81	15	61	16	41	17	10	18	3	19	52	20	56	21	38	22	88	23	22	24	70	25	45	26	27	27	74	28	88	29	42
	0	65	1	4	2	3	3	93	4	21	5	9	6	2	7	19	8	9	9	20	10	37	11	29	12	72	13	99	14	89	15	92	16	61	17	33	18	52	19	37	20	3	21	13	22	16	23	40	24	54	25	92	26	38	27	34	28	18	29	39
	0	15	1	55	2	94	3	43	4	4	5	7	6	68	7	43	8	58	9	5	10	69	11	78	12	64	13	49	14	56	15	79	16	9	17	2	18	95	19	56	20	7	21	12	22	68	23	54	24	60	25	77	26	88	27	68	28	46	29	54
	0	42	1	53	2	45	3	60	4	70	5	65	6	53	7	4	8	58	9	17	10	42	11	69	12	4	13	42	14	71	15	20	16	72	17	83	18	48	19	3	20	66	21	74	22	5	23	69	24	68	25	68	26	37	27	41	28	37	29	15
	0	3	1	98	2	51	3	25	4	9	5	49	6	41	7	46	8	10	9	22	10	67	11	44	12	3	13	91	14	2	15	83	16	3	17	13	18	55	19	13	20	9	21	50	22	36	23	43	24	18	25	98	26	33	27	36	28	45	29	50
	0	79	1	62	2	43	3	61	4	8	5	3	6	33	7	90	8	38	9	73	10	4	11	50	12	25	13	24	14	35	15	77	16	81	17	37	18	28	19	98	20	45	21	14	22	91	23	75	24	53	25	33	26	85	27	39	28	49	29	29
	0	25	1	49	2	24	3	2	4	16	5	39	6	83	7	74	8	38	9	28	10	73	11	50	12	37	13	29	14	25	15	49	16	75	17	60	18	94	19	4	20	32	21	47	22	90	23	64	24	89	25	85	26	45	27	29	28	18	29	82
	0	60	1	7	2	64	3	10	4	17	5	91	6	94	7	30	8	53	9	63	10	41	11	86	12	41	13	93	14	80	15	51	16	15	17	96	18	10	19	100	20	27	21	49	22	24	23	34	24	48	25	86	26	91	27	67	28	26	29	29
	0	96	1	72	2	70	3	19	4	93	5	29	6	34	7	51	8	70	9	35	10	5	11	36	12	54	13	60	14	23	15	33	16	74	17	59	18	100	19	35	20	68	21	82	22	97	23	99	24	29	25	35	26	82	27	39	28	83	29	81
	0	89	1	48	2	73	3	1	4	38	5	3	6	90	7	31	8	85	9	67	10	58	11	54	12	30	13	96	14	86	15	26	16	79	17	14	18	30	19	50	20	45	21	24	22	25	23	20	24	55	25	46	26	97	27	25	28	65	29	21
	0	45	1	66	2	14	3	10	4	69	5	17	6	81	7	86	8	77	9	67	10	13	11	88	12	88	13	89	14	31	15	86	16	38	17	36	18	53	19	96	20	30	21	69	22	71	23	8	24	1	25	53	26	86	27	47	28	95	29	85
	0	77	1	69	2	53	3	36	4	60	5	58	6	77	7	17	8	76	9	84	10	24	11	16	12	92	13	26	14	16	15	46	16	17	17	90	18	9	19	17	20	72	21	52	22	26	23	15	24	59	25	24	26	62	27	46	28	5	29	21
	0	12	1	94	2	5	3	61	4	76	5	82	6	71	7	46	8	59	9	51	10	56	11	2	12	42	13	80	14	29	15	60	16	15	17	30	18	3	19	27	20	92	21	74	22	48	23	68	24	42	25	39	26	45	27	96	28	18	29	92
	0	63	1	53	2	56	3	33	4	46	5	11	6	81	7	73	8	74	9	43	10	47	11	18	12	13	13	34	14	91	15	91	16	67	17	31	18	79	19	49	20	15	21	58	22	75	23	88	24	71	25	45	26	69	27	41	28	26	29	38
	0	26	1	10	2	40	3	91	4	58	5	86	6	3	7	76	8	30	9	52	10	77	11	33	12	45	13	72	14	96	15	64	16	74	17	6	18	79	19	43	20	21	21	11	22	85	23	82	24	44	25	16	26	18	27	99	28	72	29	76
	0	53	1	52	2	88	3	46	4	53	5	48	6	66	7	38	8	87	9	48	10	78	11	41	12	73	13	12	14	26	15	16	16	11	17	64	18	42	19	8	20	71	21	66	22	77	23	27	24	53	25	39	26	76	27	93	28	47	29	60
	0	82	1	46	2	38	3	31	4	50	5	70	6	49	7	100	8	50	9	74	10	16	11	61	12	79	13	36	14	36	15	92	16	33	17	6	18	24	19	96	20	87	21	8	22	81	23	35	24	2	25	9	26	67	27	4	28	48	29	29
	0	99	1	69	2	5	3	10	4	49	5	56	6	5	7	83	8	8	9	87	10	100	11	84	12	19	13	86	14	79	15	13	16	24	17	98	18	80	19	48	20	56	21	9	22	51	23	43	24	83	25	45	26	71	27	71	28	83	29	95
	0	28	1	11	2	98	3	84	4	13	5	74	6	14	7	96	8	90	9	9	10	44	11	15	12	26	13	55	14	30	15	35	16	21	17	21	18	77	19	69	20	52	21	2	22	89	23	44	24	19	25	76	26	81	27	60	28	79	29	27
	0	65	1	67	2	82	3	4	4	51	5	78	6	53	7	98	8	16	9	11	10	88	11	100	12	4	13	51	14	60	15	79	16	91	17	57	18	43	19	87	20	18	21	60	22	3	23	77	24	61	25	29	26	20	27	97	28	12	29	4
	0	42	1	96	2	83	3	15	4	71	5	48	6	48	7	34	8	37	9	93	10	97	11	48	12	27	13	34	14	66	15	29	16	53	17	49	18	52	19	42	20	79	21	16	22	54	23	36	24	57	25	36	26	67	27	81	28	31	29	23
	0	48	1	68	2	97	3	94	4	18	5	72	6	50	7	60	8	60	9	54	10	51	11	22	12	58	13	46	14	81	15	16	16	41	17	45	18	74	19	59	20	73	21	18	22	55	23	87	24	73	25	80	26	11	27	91	28	62	29	9
	0	73	1	97	2	91	3	5	4	99	5	43	6	56	7	12	8	71	9	33	10	44	11	50	12	51	13	97	14	55	15	30	16	69	17	78	18	76	19	60	20	17	21	5	22	18	23	52	24	98	25	57	26	46	27	87	28	29	29	7
	0	58	1	6	2	13	3	89	4	77	5	33	6	26	7	63	8	92	9	46	10	80	11	37	12	37	13	49	14	62	15	86	16	6	17	15	18	53	19	77	20	47	21	99	22	94	23	83	24	61	25	51	26	25	27	61	28	29	29	68
	0	48	1	1	2	22	3	58	4	61	5	95	6	76	7	33	8	75	9	77	10	28	11	24	12	19	13	20	14	60	15	94	16	81	17	5	18	83	19	6	20	45	21	98	22	64	23	51	24	35	25	93	26	84	27	60	28	51	29	7
	0	58	1	45	2	73	3	40	4	84	5	40	6	76	7	38	8	89	9	53	10	63	11	11	12	76	13	38	14	26	15	4	16	16	17	41	18	72	19	23	20	17	21	96	22	99	23	53	24	72	25	69	26	95	27	35	28	77	29	64
	0	87	1	82	2	54	3	56	4	80	5	45	6	28	7	13	8	59	9	67	10	50	11	1	12	29	13	90	14	54	15	15	16	32	17	90	18	92	19	59	20	73	21	60	22	97	23	69	24	14	25	78	26	44	27	70	28	46	29	11
	0	36	1	85	2	36	3	50	4	19	5	54	6	18	7	85	8	97	9	30	10	59	11	58	12	27	13	53	14	29	15	42	16	87	17	24	18	66	19	52	20	58	21	31	22	91	23	88	24	70	25	95	26	37	27	39	28	91	29	35
	0	80	1	24	2	67	3	87	4	100	5	49	6	39	7	4	8	1	9	85	10	91	11	33	12	67	13	14	14	20	15	46	16	42	17	96	18	10	19	72	20	50	21	46	22	65	23	57	24	3	25	31	26	41	27	34	28	57	29	26
	0	54	1	9	2	12	3	80	4	83	5	71	6	75	7	97	8	83	9	87	10	19	11	18	12	70	13	51	14	24	15	64	16	62	17	82	18	67	19	83	20	64	21	6	22	3	23	99	24	49	25	48	26	56	27	64	28	72	29	38
	0	11	1	56	2	7	3	2	4	76	5	85	6	4	7	78	8	50	9	85	10	1	11	96	12	28	13	9	14	49	15	3	16	11	17	63	18	18	19	29	20	24	21	36	22	99	23	10	24	39	25	18	26	26	27	30	28	69	29	12
	0	84	1	44	2	80	3	73	4	57	5	87	6	26	7	47	8	58	9	88	10	14	11	84	12	28	13	39	14	56	15	37	16	3	17	98	18	59	19	94	20	88	21	15	22	50	23	88	24	72	25	8	26	66	27	86	28	98	29	43
	0	29	1	54	2	54	3	81	4	91	5	48	6	45	7	2	8	35	9	77	10	82	11	19	12	47	13	39	14	82	15	38	16	3	17	30	18	64	19	33	20	41	21	65	22	3	23	36	24	7	25	75	26	48	27	64	28	89	29	62
	0	48	1	41	2	94	3	21	4	18	5	64	6	15	7	78	8	43	9	47	10	99	11	84	12	20	13	29	14	26	15	72	16	61	17	30	18	35	19	68	20	21	21	95	22	77	23	12	24	26	25	49	26	73	27	35	28	1	29	82
	0	8	1	81	2	42	3	93	4	94	5	92	6	70	7	1	8	70	9	86	10	56	11	88	12	33	13	83	14	23	15	16	16	24	17	83	18	48	19	66	20	93	21	84	22	22	23	59	24	32	25	97	26	55	27	79	28	49	29	5
	0	11	1	1	2	18	3	55	4	30	5	81	6	28	7	1	8	62	9	86	10	18	11	23	12	24	13	55	14	72	15	88	16	53	17	16	18	8	19	47	20	8	21	8	22	86	23	61	24	73	25	89	26	16	27	8	28	20	29	10
	0	56	1	26	2	67	3	2	4	8	5	75	6	41	7	1	8	64	9	33	10	3	11	3	12	67	13	65	14	17	15	42	16	73	17	14	18	75	19	3	20	42	21	16	22	91	23	36	24	92	25	34	26	36	27	39	28	84	29	61
	0	83	1	95	2	34	3	40	4	65	5	6	6	65	7	4	8	93	9	63	10	44	11	23	12	60	13	26	14	71	15	16	16	40	17	6	18	10	19	80	20	65	21	91	22	83	23	20	24	26	25	43	26	62	27	91	28	33	29	53
	0	38	1	96	2	39	3	47	4	45	5	91	6	10	7	71	8	69	9	86	10	81	11	94	12	76	13	58	14	57	15	16	16	27	17	5	18	28	19	69	20	80	21	4	22	7	23	34	24	85	25	62	26	28	27	34	28	16	29	68
	0	43	1	61	2	23	3	82	4	18	5	45	6	70	7	22	8	13	9	94	10	97	11	38	12	86	13	29	14	40	15	78	16	79	17	25	18	80	19	90	20	53	21	17	22	1	23	7	24	92	25	25	26	97	27	26	28	93	29	31
	0	45	1	57	2	2	3	84	4	32	5	14	6	80	7	33	8	11	9	81	10	94	11	12	12	20	13	56	14	71	15	24	16	89	17	74	18	64	19	93	20	18	21	52	22	16	23	99	24	8	25	12	26	18	27	94	28	63	29	69
	0	100	1	68	2	9	3	98	4	4	5	32	6	100	7	12	8	19	9	17	10	90	11	15	12	81	13	2	14	4	15	11	16	82	17	43	18	42	19	87	20	12	21	50	22	77	23	2	24	53	25	30	26	60	27	42	28	91	29	11
	0	22	1	26	2	12	3	93	4	39	5	84	6	3	7	5	8	9	9	26	10	61	11	68	12	49	13	74	14	10	15	78	16	13	17	51	18	48	19	68	20	90	21	11	22	79	23	13	24	35	25	76	26	31	27	88	28	33	29	22
	0	27	1	88	2	10	3	9	4	74	5	70	6	37	7	61	8	7	9	90	10	88	11	28	12	66	13	21	14	51	15	10	16	24	17	95	18	3	19	2	20	79	21	94	22	96	23	92	24	79	25	92	26	18	27	35	28	53	29	15
	0	26	1	79	2	47	3	70	4	57	5	7	6	14	7	75	8	75	9	23	10	86	11	64	12	9	13	21	14	27	15	76	16	80	17	75	18	74	19	44	20	28	21	65	22	71	23	29	24	91	25	26	26	84	27	81	28	97	29	71
	0	50	1	16	2	57	3	43	4	82	5	48	6	87	7	82	8	43	9	99	10	93	11	19	12	64	13	93	14	90	15	31	16	69	17	95	18	38	19	23	20	18	21	59	22	35	23	17	24	100	25	97	26	78	27	62	28	22	29	67
	0	86	1	98	2	91	3	63	4	64	5	43	6	69	7	46	8	22	9	78	10	53	11	48	12	6	13	48	14	25	15	32	16	93	17	13	18	49	19	6	20	49	21	11	22	24	23	10	24	67	25	14	26	26	27	35	28	28	29	100
	0	82	1	24	2	47	3	58	4	74	5	89	6	6	7	10	8	53	9	31	10	77	11	11	12	22	13	40	14	95	15	61	16	11	17	26	18	29	19	48	20	59	21	99	22	58	23	95	24	67	25	9	26	64	27	86	28	92	29	92
	0	85	1	91	2	10	3	16	4	86	5	22	6	31	7	92	8	62	9	79	10	89	11	8	12	65	13	76	14	7	15	8	16	14	17	59	18	21	19	8	20	50	21	42	22	21	23	32	24	28	25	34	26	27	27	3	28	60	29	40
	0	24	1	36	2	62	3	39	4	7	5	96	6	55	7	83	8	28	9	36	10	33	11	83	12	38	13	20	14	92	15	44	16	53	17	100	18	85	19	98	20	12	21	100	22	56	23	29	24	93	25	21	26	44	27	90	28	97	29	82
	0	83	1	61	2	29	3	44	4	42	5	97	6	35	7	7	8	50	9	65	10	63	11	46	12	36	13	58	14	68	15	50	16	59	17	62	18	82	19	76	20	3	21	82	22	98	23	14	24	92	25	71	26	63	27	53	28	11	29	23
	0	73	1	72	2	59	3	10	4	100	5	11	6	79	7	74	8	13	9	77	10	15	11	16	12	65	13	13	14	14	15	44	16	57	17	21	18	64	19	55	20	3	21	13	22	31	23	68	24	52	25	50	26	47	27	53	28	54	29	73
	0	54	1	99	2	61	3	41	4	8	5	24	6	9	7	43	8	97	9	25	10	16	11	29	12	35	13	10	14	98	15	92	16	25	17	79	18	89	19	93	20	100	21	22	22	5	23	99	24	3	25	65	26	4	27	98	28	57	29	89
	0	20	1	93	2	19	3	82	4	76	5	94	6	44	7	17	8	14	9	61	10	90	11	61	12	80	13	71	14	45	15	51	16	59	17	1	18	51	19	4	20	57	21	66	22	54	23	41	24	63	25	37	26	25	27	33	28	44	29	36
	0	2	1	19	2	48	3	90	4	72	5	38	6	38	7	76	8	78	9	79	10	55	11	2	12	23	13	42	14	97	15	100	16	22	17	66	18	77	19	23	20	92	21	62	22	61	23	80	24	10	25	66	26	32	27	46	28	70	29	84
	0	16	1	32	2	8	3	10	4	61	5	2	6	98	7	37	8	77	9	69	10	16	11	77	12	53	13	15	14	32	15	82	16	16	17	5	18	91	19	9	20	13	21	5	22	71	23	97	24	10	25	12	26	47	27	26	28	51	29	56
	0	84	1	81	2	24	3	42	4	46	5	54	6	10	7	34	8	5	9	48	10	29	11	98	12	60	13	55	14	14	15	63	16	21	17	43	18	45	19	61	20	18	21	63	22	62	23	57	24	28	25	55	26	18	27	81	28	38	29	30
	0	42	1	14	2	82	3	39	4	31	5	14	6	33	7	73	8	81	9	54	10	19	11	42	12	40	13	23	14	6	15	33	16	25	17	23	18	66	19	42	20	50	21	34	22	20	23	35	24	51	25	55	26	26	27	83	28	11	29	41
	0	52	1	59	2	8	3	79	4	51	5	24	6	55	7	80	8	30	9	11	10	94	11	92	12	87	13	93	14	63	15	46	16	45	17	7	18	59	19	89	20	13	21	46	22	54	23	78	24	54	25	61	26	42	27	37	28	47	29	29
	0	19	1	90	2	54	3	75	4	38	5	24	6	46	7	54	8	75	9	66	10	44	11	42	12	1	13	47	14	77	15	76	16	57	17	7	18	66	19	51	20	68	21	64	22	78	23	73	24	38	25	37	26	27	27	100	28	26	29	7
	0	93	1	44	2	82	3	60	4	4	5	13	6	1	7	38	8	93	9	99	10	25	11	84	12	28	13	65	14	85	15	77	16	76	17	65	18	92	19	84	20	49	21	15	22	89	23	70	24	48	25	94	26	42	27	42	28	87	29	41
	0	30	1	31	2	88	3	81	4	47	5	27	6	57	7	87	8	50	9	23	10	91	11	80	12	97	13	36	14	79	15	6	16	64	17	6	18	93	19	40	20	42	21	96	22	74	23	24	24	41	25	40	26	80	27	31	28	62	29	17
	0	31	1	99	2	13	3	41	4	74	5	92	6	70	7	1	8	62	9	86	10	21	11	93	12	4	13	70	14	44	15	13	16	41	17	18	18	89	19	23	20	55	21	79	22	93	23	99	24	13	25	83	26	26	27	22	28	100	29	57
	0	53	1	70	2	98	3	13	4	66	5	31	6	15	7	32	8	12	9	36	10	67	11	76	12	33	13	80	14	71	15	92	16	72	17	96	18	1	19	79	20	42	21	80	22	11	23	63	24	35	25	91	26	35	27	69	28	30	29	78
	0	7	1	98	2	27	3	3	4	76	5	51	6	13	7	62	8	95	9	59	10	45	11	21	12	12	13	1	14	86	15	27	16	100	17	22	18	49	19	54	20	94	21	96	22	39	23	93	24	31	25	75	26	69	27	5	28	3	29	40
	0	19	1	84	2	68	3	29	4	54	5	4	6	95	7	7	8	12	9	56	10	18	11	30	12	48	13	87	14	34	15	79	16	64	17	92	18	68	19	89	20	99	21	45	22	99	23	100	24	28	25	43	26	4	27	99	28	2	29	17
	0	76	1	28	2	44	3	30	4	21	5	78	6	63	7	50	8	31	9	2	10	53	11	1	12	9	13	6	14	5	15	2	16	63	17	7	18	36	19	48	20	24	21	70	22	4	23	16	24	38	25	50	26	92	27	74	28	39	29	20
	0	49	1	40	2	9	3	42	4	40	5	20	6	75	7	26	8	39	9	8	10	7	11	83	12	58	13	48	14	11	15	47	16	12	17	74	18	27	19	57	20	50	21	81	22	86	23	96	24	3	25	4	26	83	27	33	28	43	29	94
	0	66	1	25	2	32	3	26	4	51	5	68	6	21	7	73	8	8	9	4	10	26	11	35	12	90	13	23	14	83	15	13	16	91	17	16	18	71	19	50	20	49	21	77	22	39	23	90	24	43	25	49	26	95	27	34	28	48	29	58
	0	30	1	77	2	36	3	2	4	84	5	67	6	47	7	68	8	87	9	21	10	69	11	94	12	26	13	75	14	93	15	22	16	17	17	75	18	34	19	78	20	90	21	16	22	46	23	95	24	18	25	91	26	55	27	63	28	33	29	21
	0	93	1	66	2	31	3	58	4	19	5	43	6	41	7	93	8	38	9	81	10	19	11	10	12	79	13	32	14	98	15	63	16	73	17	8	18	80	19	79	20	45	21	99	22	88	23	97	24	31	25	10	26	85	27	11	28	51	29	23
	0	33	1	68	2	24	3	21	4	60	5	38	6	5	7	39	8	52	9	74	10	59	11	22	12	83	13	100	14	26	15	1	16	58	17	21	18	33	19	33	20	27	21	31	22	50	23	46	24	90	25	58	26	11	27	3	28	23	29	94
	0	30	1	65	2	64	3	69	4	92	5	15	6	62	7	83	8	7	9	83	10	69	11	19	12	41	13	84	14	26	15	67	16	71	17	42	18	83	19	62	20	22	21	77	22	44	23	3	24	97	25	89	26	29	27	2	28	92	29	29
	0	93	1	96	2	63	3	79	4	56	5	4	6	92	7	65	8	16	9	20	10	55	11	71	12	55	13	74	14	11	15	34	16	77	17	99	18	43	19	41	20	5	21	87	22	34	23	48	24	52	25	32	26	50	27	98	28	46	29	70
	0	71	1	19	2	44	3	86	4	91	5	3	6	96	7	45	8	66	9	17	10	31	11	44	12	1	13	98	14	81	15	29	16	89	17	19	18	50	19	98	20	44	21	41	22	13	23	87	24	8	25	77	26	2	27	17	28	98	29	46
	0	90	1	44	2	43	3	82	4	4	5	51	6	24	7	29	8	26	9	51	10	1	11	41	12	53	13	9	14	18	15	62	16	23	17	7	18	92	19	60	20	40	21	81	22	45	23	32	24	58	25	40	26	28	27	25	28	81	29	22
	0	47	1	5	2	17	3	45	4	97	5	3	6	85	7	89	8	43	9	100	10	51	11	71	12	29	13	37	14	58	15	39	16	98	17	64	18	67	19	74	20	34	21	54	22	27	23	80	24	86	25	60	26	44	27	16	28	24	29	77
	0	5	1	75	2	26	3	53	4	92	5	32	6	18	7	42	8	84	9	12	10	99	11	11	12	30	13	44	14	27	15	27	16	56	17	17	18	53	19	4	20	6	21	33	22	20	23	77	24	72	25	37	26	79	27	18	28	36	29	71
	0	71	1	46	2	27	3	69	4	82	5	65	6	86	7	4	8	86	9	40	10	77	11	47	12	15	13	7	14	82	15	97	16	19	17	63	18	88	19	93	20	17	21	86	22	42	23	29	24	55	25	80	26	19	27	13	28	7	29	55
	0	56	1	53	2	89	3	72	4	29	5	58	6	82	7	20	8	81	9	98	10	77	11	9	12	25	13	35	14	83	15	87	16	80	17	44	18	71	19	23	20	30	21	80	22	42	23	13	24	83	25	43	26	35	27	91	28	95	29	81
	0	21	1	68	2	83	3	96	4	44	5	20	6	29	7	65	8	17	9	98	10	64	11	90	12	61	13	41	14	71	15	32	16	64	17	99	18	61	19	93	20	98	21	11	22	90	23	55	24	4	25	91	26	46	27	97	28	55	29	15
	0	9	1	27	2	43	3	7	4	54	5	26	6	48	7	83	8	75	9	72	10	94	11	81	12	30	13	97	14	5	15	4	16	43	17	6	18	92	19	44	20	13	21	36	22	57	23	56	24	8	25	60	26	95	27	28	28	56	29	49
	0	3	1	32	2	56	3	53	4	67	5	75	6	66	7	56	8	55	9	79	10	50	11	29	12	43	13	52	14	82	15	74	16	69	17	43	18	49	19	40	20	69	21	75	22	88	23	57	24	54	25	17	26	59	27	99	28	29	29	32
	0	45	1	1	2	64	3	100	4	10	5	73	6	56	7	23	8	71	9	90	10	69	11	54	12	68	13	47	14	13	15	96	16	33	17	13	18	11	19	77	20	81	21	32	22	68	23	95	24	91	25	29	26	37	27	78	28	49	29	43
	0	43	1	15	2	54	3	90	4	15	5	54	6	30	7	17	8	43	9	58	10	79	11	19	12	35	13	80	14	79	15	3	16	74	17	99	18	2	19	49	20	82	21	6	22	14	23	93	24	34	25	61	26	88	27	13	28	100	29	48
	0	16	1	24	2	89	3	88	4	29	5	93	6	33	7	3	8	56	9	29	10	32	11	34	12	61	13	23	14	46	15	56	16	61	17	37	18	16	19	49	20	14	21	52	22	29	23	1	24	5	25	47	26	80	27	78	28	1	29	59
	0	84	1	64	2	32	3	41	4	45	5	65	6	28	7	28	8	87	9	36	10	13	11	64	12	97	13	60	14	41	15	74	16	40	17	7	18	29	19	55	20	50	21	35	22	5	23	35	24	97	25	15	26	95	27	35	28	90	29	6
	0	10	1	7	2	74	3	91	4	4	5	55	6	5	7	61	8	13	9	49	10	42	11	16	12	7	13	96	14	82	15	95	16	5	17	30	18	99	19	85	20	29	21	24	22	5	23	48	24	18	25	46	26	21	27	75	28	7	29	9
	0	20	1	54	2	55	3	86	4	100	5	17	6	68	7	91	8	84	9	93	10	56	11	51	12	60	13	83	14	29	15	8	16	2	17	51	18	94	19	39	20	52	21	68	22	40	23	78	24	34	25	82	26	2	27	76	28	36	29	83
	0	47	1	38	2	93	3	85	4	30	5	13	6	38	7	60	8	94	9	40	10	20	11	80	12	36	13	69	14	95	15	56	16	50	17	1	18	42	19	89	20	9	21	38	22	71	23	60	24	73	25	13	26	7	27	29	28	16	29	52
	0	70	1	20	2	4	3	2	4	5	5	12	6	89	7	95	8	10	9	63	10	86	11	55	12	69	13	41	14	41	15	74	16	99	17	26	18	26	19	89	20	58	21	23	22	7	23	54	24	77	25	94	26	74	27	90	28	16	29	87
	0	26	1	42	2	46	3	44	4	49	5	98	6	21	7	99	8	45	9	27	10	81	11	96	12	81	13	53	14	7	15	97	16	65	17	78	18	19	19	64	20	94	21	98	22	74	23	20	24	4	25	2	26	32	27	27	28	20	29	34
	0	73	1	51	2	5	3	52	4	85	5	87	6	37	7	35	8	77	9	63	10	67	11	95	12	64	13	53	14	46	15	18	16	32	17	72	18	11	19	33	20	96	21	18	22	76	23	71	24	87	25	96	26	73	27	87	28	47	29	44
	0	21	1	34	2	10	3	21	4	35	5	28	6	1	7	60	8	4	9	36	10	80	11	72	12	82	13	72	14	15	15	60	16	84	17	95	18	61	19	90	20	89	21	28	22	68	23	9	24	75	25	64	26	64	27	20	28	45	29	1
	0	76	1	55	2	20	3	43	4	81	5	97	6	6	7	53	8	2	9	48	10	72	11	40	12	5	13	45	14	75	15	22	16	37	17	65	18	28	19	93	20	31	21	78	22	17	23	93	24	66	25	39	26	78	27	45	28	40	29	13
	0	10	1	28	2	19	3	100	4	93	5	77	6	57	7	82	8	15	9	52	10	96	11	16	12	43	13	98	14	99	15	53	16	89	17	97	18	78	19	43	20	48	21	88	22	2	23	63	24	23	25	95	26	20	27	82	28	54	29	100
	0	23	1	46	2	14	3	38	4	21	5	41	6	49	7	19	8	32	9	78	10	66	11	87	12	81	13	2	14	3	15	76	16	80	17	20	18	24	19	37	20	30	21	98	22	42	23	16	24	50	25	75	26	39	27	41	28	51	29	93
	0	55	1	25	2	89	3	43	4	62	5	93	6	74	7	70	8	29	9	13	10	19	11	91	12	73	13	59	14	54	15	23	16	19	17	55	18	34	19	19	20	40	21	72	22	32	23	58	24	43	25	81	26	76	27	44	28	8	29	78
	0	79	1	100	2	16	3	33	4	87	5	79	6	16	7	43	8	12	9	4	10	9	11	69	12	53	13	27	14	56	15	10	16	5	17	71	18	44	19	28	20	20	21	76	22	53	23	23	24	68	25	80	26	18	27	49	28	97	29	2
	0	78	1	91	2	16	3	11	4	54	5	51	6	33	7	80	8	96	9	25	10	18	11	87	12	94	13	60	14	87	15	95	16	44	17	19	18	22	19	17	20	12	21	3	22	66	23	68	24	37	25	97	26	66	27	45	28	64	29	50
	0	53	1	85	2	8	3	4	4	73	5	6	6	71	7	17	8	17	9	24	10	81	11	68	12	18	13	89	14	25	15	23	16	96	17	4	18	73	19	5	20	85	21	5	22	39	23	3	24	68	25	25	26	23	27	91	28	1	29	62
	0	14	1	79	2	4	3	26	4	62	5	81	6	53	7	46	8	49	9	87	10	97	11	41	12	7	13	89	14	84	15	8	16	75	17	60	18	75	19	65	20	87	21	26	22	72	23	59	24	25	25	63	26	97	27	27	28	2	29	93
	0	92	1	67	2	31	3	93	4	30	5	64	6	14	7	23	8	56	9	66	10	54	11	29	12	1	13	13	14	67	15	93	16	32	17	67	18	49	19	36	20	38	21	92	22	37	23	79	24	55	25	77	26	53	27	34	28	92	29	5
	0	21	1	77	2	5	3	21	4	12	5	16	6	31	7	37	8	44	9	73	10	77	11	79	12	37	13	24	14	28	15	72	16	12	17	76	18	27	19	17	20	86	21	80	22	22	23	99	24	84	25	100	26	2	27	34	28	88	29	81
	0	60	1	43	2	85	3	8	4	49	5	13	6	88	7	34	8	27	9	86	10	41	11	11	12	6	13	73	14	28	15	69	16	48	17	2	18	52	19	22	20	75	21	33	22	57	23	88	24	81	25	2	26	96	27	63	28	75	29	84
	0	79	1	81	2	82	3	77	4	58	5	40	6	80	7	58	8	21	9	98	10	59	11	51	12	1	13	57	14	29	15	13	16	41	17	76	18	1	19	40	20	54	21	3	22	29	23	20	24	66	25	15	26	92	27	19	28	47	29	84
	0	33	1	54	2	56	3	27	4	8	5	94	6	62	7	15	8	98	9	97	10	6	11	23	12	89	13	76	14	29	15	69	16	26	17	43	18	75	19	67	20	96	21	72	22	44	23	83	24	89	25	7	26	50	27	85	28	51	29	68
	0	20	1	15	2	30	3	51	4	33	5	26	6	58	7	30	8	73	9	65	10	50	11	100	12	71	13	87	14	97	15	7	16	36	17	45	18	74	19	79	20	10	21	82	22	13	23	39	24	3	25	12	26	97	27	51	28	78	29	82
	0	76	1	70	2	7	3	48	4	14	5	55	6	7	7	99	8	22	9	77	10	30	11	11	12	28	13	59	14	79	15	33	16	87	17	90	18	43	19	22	20	45	21	19	22	8	23	74	24	5	25	29	26	72	27	30	28	44	29	35
	0	53	1	57	2	1	3	48	4	6	5	16	6	29	7	25	8	57	9	79	10	61	11	76	12	27	13	62	14	68	15	97	16	22	17	68	18	79	19	72	20	77	21	76	22	5	23	32	24	16	25	8	26	90	27	87	28	50	29	68
	0	63	1	68	2	11	3	24	4	86	5	26	6	24	7	88	8	15	9	96	10	45	11	17	12	7	13	19	14	16	15	18	16	51	17	62	18	27	19	64	20	16	21	4	22	73	23	21	24	17	25	67	26	62	27	67	28	61	29	5
	0	93	1	42	2	34	3	86	4	19	5	60	6	8	7	28	8	76	9	73	10	7	11	80	12	17	13	73	14	60	15	52	16	7	17	67	18	7	19	27	20	53	21	54	22	62	23	36	24	76	25	12	26	37	27	50	28	58	29	44
	0	80	1	29	2	15	3	62	4	82	5	52	6	78	7	8	8	63	9	82	10	82	11	21	12	34	13	65	14	100	15	26	16	92	17	69	18	69	19	85	20	6	21	95	22	94	23	39	24	98	25	22	26	35	27	42	28	19	29	81
	0	97	1	48	2	77	3	56	4	87	5	24	6	78	7	56	8	22	9	73	10	72	11	16	12	75	13	19	14	23	15	15	16	5	17	66	18	45	19	20	20	26	21	39	22	68	23	92	24	74	25	82	26	29	27	15	28	11	29	43
	0	11	1	38	2	57	3	4	4	55	5	33	6	40	7	12	8	37	9	12	10	18	11	27	12	72	13	60	14	91	15	93	16	94	17	71	18	26	19	98	20	33	21	3	22	62	23	84	24	55	25	72	26	51	27	9	28	78	29	71
	0	69	1	85	2	55	3	76	4	98	5	46	6	88	7	62	8	61	9	3	10	20	11	64	12	65	13	3	14	21	15	46	16	75	17	10	18	63	19	52	20	39	21	42	22	36	23	68	24	19	25	64	26	76	27	16	28	16	29	12
	0	89	1	49	2	84	3	80	4	92	5	26	6	63	7	27	8	16	9	93	10	95	11	59	12	33	13	81	14	95	15	100	16	100	17	7	18	82	19	73	20	41	21	51	22	2	23	30	24	9	25	19	26	96	27	12	28	85	29	32
	0	93	1	46	2	26	3	6	4	39	5	76	6	54	7	96	8	76	9	12	10	55	11	30	12	45	13	33	14	29	15	57	16	73	17	80	18	7	19	78	20	73	21	28	22	36	23	40	24	59	25	9	26	74	27	9	28	49	29	52
	0	82	1	53	2	37	3	31	4	74	5	3	6	24	7	63	8	72	9	69	10	47	11	79	12	86	13	27	14	71	15	68	16	3	17	16	18	97	19	69	20	63	21	96	22	17	23	56	24	48	25	66	26	33	27	41	28	26	29	43
	0	94	1	93	2	11	3	39	4	39	5	50	6	38	7	3	8	36	9	66	10	69	11	7	12	67	13	22	14	64	15	91	16	94	17	94	18	99	19	5	20	97	21	59	22	7	23	97	24	90	25	80	26	76	27	53	28	32	29	1
	0	27	1	79	2	4	3	37	4	61	5	78	6	20	7	51	8	43	9	69	10	82	11	54	12	66	13	46	14	9	15	49	16	14	17	80	18	88	19	31	20	3	21	100	22	37	23	3	24	100	25	22	26	78	27	60	28	12	29	1
	0	47	1	78	2	13	3	25	4	8	5	72	6	68	7	82	8	34	9	46	10	35	11	66	12	75	13	31	14	78	15	1	16	30	17	81	18	28	19	2	20	89	21	88	22	49	23	2	24	14	25	20	26	23	27	11	28	72	29	98
	0	44	1	88	2	50	3	76	4	88	5	42	6	94	7	79	8	13	9	93	10	70	11	10	12	79	13	61	14	37	15	42	16	16	17	61	18	71	19	53	20	72	21	18	22	89	23	64	24	15	25	40	26	55	27	93	28	76	29	8
	0	74	1	31	2	54	3	67	4	99	5	12	6	26	7	40	8	10	9	24	10	21	11	75	12	48	13	82	14	62	15	23	16	96	17	70	18	85	19	95	20	52	21	14	22	82	23	42	24	37	25	46	26	24	27	69	28	24	29	69
	0	81	1	55	2	91	3	39	4	23	5	69	6	30	7	18	8	73	9	84	10	58	11	65	12	64	13	24	14	21	15	67	16	90	17	21	18	91	19	39	20	87	21	45	22	80	23	29	24	61	25	38	26	41	27	9	28	45	29	70
	0	14	1	58	2	79	3	99	4	40	5	38	6	23	7	1	8	67	9	39	10	45	11	87	12	1	13	46	14	57	15	57	16	76	17	32	18	90	19	27	20	65	21	10	22	19	23	32	24	43	25	74	26	86	27	20	28	68	29	20
	0	92	1	51	2	53	3	36	4	33	5	88	6	43	7	85	8	24	9	45	10	14	11	35	12	26	13	18	14	57	15	3	16	63	17	23	18	31	19	10	20	9	21	13	22	71	23	85	24	71	25	52	26	11	27	42	28	4	29	56
	0	39	1	33	2	24	3	47	4	2	5	41	6	25	7	69	8	33	9	75	10	90	11	62	12	57	13	80	14	74	15	92	16	5	17	60	18	89	19	92	20	37	21	97	22	14	23	55	24	71	25	2	26	32	27	78	28	38	29	39
	0	29	1	65	2	37	3	90	4	47	5	18	6	53	7	76	8	57	9	94	10	50	11	42	12	82	13	88	14	67	15	61	16	14	17	81	18	78	19	29	20	86	21	66	22	80	23	51	24	94	25	29	26	31	27	42	28	83	29	61
	0	60	1	84	2	49	3	16	4	100	5	25	6	10	7	53	8	33	9	9	10	52	11	14	12	39	13	61	14	53	15	37	16	97	17	81	18	43	19	5	20	71	21	13	22	54	23	69	24	77	25	98	26	56	27	12	28	29	29	21
	0	3	1	26	2	97	3	10	4	20	5	33	6	26	7	59	8	8	9	66	10	100	11	71	12	53	13	83	14	57	15	44	16	55	17	98	18	83	19	54	20	29	21	36	22	34	23	3	24	34	25	55	26	77	27	26	28	28	29	83
	0	48	1	98	2	64	3	77	4	51	5	67	6	70	7	88	8	68	9	3	10	83	11	97	12	45	13	56	14	24	15	56	16	66	17	42	18	33	19	37	20	42	21	12	22	8	23	99	24	75	25	79	26	16	27	2	28	65	29	87
	0	60	1	24	2	80	3	68	4	35	5	93	6	7	7	15	8	96	9	7	10	40	11	56	12	20	13	15	14	94	15	24	16	49	17	89	18	37	19	46	20	29	21	96	22	77	23	98	24	89	25	70	26	60	27	10	28	32	29	16
	0	55	1	97	2	20	3	17	4	25	5	67	6	80	7	29	8	32	9	31	10	66	11	65	12	11	13	8	14	51	15	12	16	3	17	99	18	32	19	40	20	47	21	86	22	78	23	97	24	71	25	71	26	49	27	76	28	15	29	55
	0	62	1	29	2	96	3	36	4	97	5	46	6	89	7	68	8	57	9	20	10	77	11	6	12	18	13	92	14	10	15	35	16	51	17	9	18	62	19	68	20	97	21	70	22	85	23	31	24	13	25	33	26	91	27	2	28	36	29	96
	0	20	1	60	2	29	3	100	4	69	5	50	6	2	7	96	8	89	9	86	10	22	11	73	12	75	13	43	14	61	15	66	16	22	17	6	18	44	19	54	20	94	21	82	22	89	23	40	24	43	25	88	26	60	27	78	28	87	29	77
	0	69	1	61	2	16	3	63	4	4	5	15	6	90	7	46	8	64	9	54	10	46	11	73	12	23	13	75	14	43	15	60	16	73	17	19	18	92	19	75	20	96	21	20	22	55	23	56	24	74	25	13	26	23	27	5	28	42	29	80
	0	92	1	98	2	38	3	51	4	100	5	88	6	2	7	85	8	4	9	97	10	33	11	10	12	92	13	19	14	6	15	88	16	80	17	91	18	3	19	34	20	20	21	89	22	20	23	7	24	33	25	71	26	36	27	52	28	35	29	67
	0	76	1	66	2	21	3	78	4	1	5	2	6	28	7	51	8	82	9	49	10	91	11	40	12	80	13	53	14	66	15	57	16	10	17	50	18	66	19	80	20	71	21	44	22	66	23	80	24	73	25	42	26	49	27	70	28	81	29	25
	0	98	1	100	2	76	3	37	4	71	5	45	6	87	7	97	8	13	9	54	10	50	11	72	12	65	13	75	14	95	15	75	16	13	17	55	18	72	19	78	20	67	21	89	22	67	23	37	24	48	25	72	26	60	27	78	28	57	29	60
	0	35	1	98	2	35	3	68	4	49	5	72	6	25	7	43	8	97	9	75	10	25	11	92	12	57	13	44	14	70	15	67	16	90	17	69	18	89	19	22	20	23	21	63	22	31	23	93	24	50	25	49	26	39	27	78	28	27	29	95
	0	45	1	14	2	45	3	41	4	80	5	74	6	99	7	27	8	46	9	27	10	1	11	22	12	94	13	44	14	99	15	86	16	86	17	45	18	97	19	31	20	55	21	6	22	88	23	73	24	86	25	79	26	50	27	70	28	73	29	98
	0	70	1	100	2	31	3	68	4	77	5	24	6	74	7	61	8	25	9	33	10	81	11	69	12	39	13	80	14	7	15	82	16	18	17	41	18	22	19	2	20	67	21	57	22	81	23	93	24	89	25	54	26	47	27	50	28	69	29	40
	0	41	1	23	2	26	3	25	4	69	5	20	6	18	7	20	8	67	9	9	10	21	11	98	12	58	13	52	14	22	15	38	16	7	17	67	18	100	19	80	20	23	21	94	22	72	23	45	24	44	25	10	26	43	27	28	28	10	29	24
	0	77	1	52	2	90	3	32	4	82	5	31	6	43	7	35	8	76	9	2	10	13	11	39	12	77	13	7	14	91	15	77	16	31	17	41	18	97	19	46	20	77	21	1	22	66	23	43	24	5	25	94	26	31	27	21	28	62	29	92
	0	52	1	30	2	16	3	48	4	27	5	93	6	65	7	3	8	72	9	42	10	78	11	46	12	79	13	11	14	77	15	23	16	74	17	54	18	18	19	83	20	38	21	58	22	26	23	30	24	59	25	33	26	78	27	6	28	34	29	31
	0	54	1	21	2	36	3	14	4	97	5	25	6	16	7	65	8	52	9	53	10	7	11	32	12	71	13	30	14	35	15	22	16	1	17	82	18	85	19	12	20	4	21	10	22	47	23	30	24	71	25	16	26	46	27	15	28	25	29	83
	0	54	1	82	2	20	3	68	4	5	5	34	6	1	7	29	8	79	9	94	10	63	11	22	12	30	13	61	14	25	15	30	16	63	17	11	18	25	19	1	20	85	21	91	22	81	23	19	24	99	25	77	26	80	27	37	28	2	29	100
	0	98	1	30	2	1	3	57	4	61	5	59	6	87	7	64	8	82	9	58	10	96	11	15	12	63	13	75	14	60	15	50	16	27	17	28	18	49	19	55	20	21	21	69	22	17	23	47	24	12	25	60	26	29	27	6	28	65	29	98
	0	34	1	66	2	72	3	52	4	92	5	76	6	68	7	99	8	92	9	91	10	62	11	64	12	3	13	54	14	64	15	4	16	45	17	82	18	87	19	5	20	90	21	68	22	52	23	55	24	8	25	47	26	29	27	33	28	28	29	10
	0	85	1	28	2	83	3	55	4	40	5	57	6	50	7	1	8	30	9	70	10	12	11	14	12	32	13	46	14	96	15	23	16	21	17	29	18	67	19	7	20	33	21	44	22	89	23	7	24	82	25	2	26	67	27	76	28	35	29	91
	0	44	1	73	2	45	3	86	4	23	5	72	6	18	7	54	8	8	9	29	10	32	11	28	12	23	13	51	14	58	15	59	16	28	17	25	18	36	19	94	20	42	21	36	22	16	23	30	24	57	25	64	26	67	27	33	28	85	29	31
	0	3	1	38	2	86	3	67	4	93	5	55	6	60	7	86	8	38	9	54	10	7	11	1	12	53	13	8	14	83	15	29	16	71	17	7	18	10	19	53	20	56	21	72	22	17	23	46	24	4	25	49	26	14	27	72	28	58	29	44
	0	38	1	22	2	78	3	29	4	17	5	53	6	24	7	45	8	33	9	30	10	57	11	68	12	93	13	92	14	67	15	22	16	33	17	92	18	76	19	46	20	11	21	88	22	74	23	61	24	73	25	78	26	87	27	89	28	86	29	4
	0	4	1	9	2	83	3	74	4	73	5	71	6	60	7	82	8	78	9	93	10	15	11	3	12	49	13	10	14	24	15	20	16	45	17	55	18	98	19	98	20	47	21	84	22	58	23	99	24	26	25	87	26	23	27	36	28	78	29	40
	0	7	1	70	2	46	3	79	4	60	5	29	6	72	7	23	8	96	9	93	10	40	11	63	12	10	13	66	14	10	15	96	16	63	17	40	18	52	19	72	20	84	21	17	22	29	23	80	24	33	25	46	26	96	27	2	28	13	29	88
	0	5	1	93	2	21	3	21	4	22	5	81	6	92	7	38	8	29	9	95	10	63	11	15	12	41	13	45	14	56	15	44	16	57	17	42	18	81	19	47	20	47	21	13	22	80	23	35	24	35	25	46	26	81	27	77	28	13	29	83
Reldue
-1	5013	-1	1
-1	6340	-1	1
-1	4930	-1	1
-1	5511	-1	1
-1	6637	-1	1
-1	5673	-1	1
-1	6302	-1	1
-1	4921	-1	1
-1	6877	-1	1
-1	6358	-1	1
-1	6417	-1	1
-1	5753	-1	1
-1	6002	-1	1
-1	6294	-1	1
-1	6012	-1	1
-1	5948	-1	1
-1	5028	-1	1
-1	5173	-1	1
-1	5052	-1	1
-1	6278	-1	1
-1	6017	-1	1
-1	6525	-1	1
-1	6933	-1	1
-1	7145	-1	1
-1	6106	-1	1
-1	5889	-1	1
-1	5825	-1	1
-1	5618	-1	1
-1	7266	-1	1
-1	5169	-1	1
-1	5761	-1	1
-1	5399	-1	1
-1	6209	-1	1
-1	6458	-1	1
-1	7097	-1	1
-1	6532	-1	1
-1	5405	-1	1
-1	6443	-1	1
-1	4578	-1	1
-1	6491	-1	1
-1	5257	-1	1
-1	4456	-1	1
-1	6997	-1	1
-1	7160	-1	1
-1	5254	-1	1
-1	5896	-1	1
-1	4583	-1	1
-1	5407	-1	1
-1	4784	-1	1
-1	6420	-1	1
-1	6359	-1	1
-1	6942	-1	1
-1	6645	-1	1
-1	7122	-1	1
-1	5106	-1	1
-1	4738	-1	1
-1	6627	-1	1
-1	6746	-1	1
-1	5271	-1	1
-1	6882	-1	1
-1	5758	-1	1
-1	5124	-1	1
-1	4994	-1	1
-1	7023	-1	1
-1	6703	-1	1
-1	6138	-1	1
-1	4916	-1	1
-1	7086	-1	1
-1	6124	-1	1
-1	6315	-1	1
-1	6360	-1	1
-1	7269	-1	1
-1	7193	-1	1
-1	5448	-1	1
-1	5951	-1	1
-1	4476	-1	1
-1	7200	-1	1
-1	6407	-1	1
-1	6129	-1	1
-1	6065	-1	1
-1	6308	-1	1
-1	6994	-1	1
-1	6336	-1	1
-1	5270	-1	1
-1	5531	-1	1
-1	4947	-1	1
-1	4531	-1	1
-1	5390	-1	1
-1	6457	-1	1
-1	5849	-1	1
-1	4448	-1	1
-1	5564	-1	1
-1	5559	-1	1
-1	6901	-1	1
-1	7208	-1	1
-1	4593	-1	1
-1	5840	-1	1
-1	6108	-1	1
-1	4568	-1	1
-1	7093	-1	1
-1	5111	-1	1
-1	5473	-1	1
-1	6375	-1	1
-1	5311	-1	1
-1	5525	-1	1
-1	6702	-1	1
-1	7236	-1	1
-1	6928	-1	1
-1	5118	-1	1
-1	4470	-1	1
-1	5162	-1	1
-1	4899	-1	1
-1	5775	-1	1
-1	6368	-1	1
-1	4897	-1	1
-1	4851	-1	1
-1	5669	-1	1
-1	4401	-1	1
-1	6427	-1	1
-1	4631	-1	1
-1	6204	-1	1
-1	4414	-1	1
-1	6154	-1	1
-1	5081	-1	1
-1	5893	-1	1
-1	4795	-1	1
-1	6847	-1	1
-1	6407	-1	1
-1	6835	-1	1
-1	6043	-1	1
-1	6994	-1	1
-1	6518	-1	1
-1	4746	-1	1
-1	5240	-1	1
-1	5046	-1	1
-1	6740	-1	1
-1	7169	-1	1
-1	5992	-1	1
-1	5199	-1	1
-1	4832	-1	1
-1	5635	-1	1
-1	5155	-1	1
-1	6262	-1	1
-1	5491	-1	1
-1	6152	-1	1
-1	5884	-1	1
-1	5466	-1	1
-1	6401	-1	1
-1	4450	-1	1
-1	5190	-1	1
-1	6046	-1	1
-1	6054	-1	1
-1	5974	-1	1
-1	6983	-1	1
-1	6489	-1	1
-1	4521	-1	1
-1	4753	-1	1
-1	4447	-1	1
-1	5506	-1	1
-1	6958	-1	1
-1	5114	-1	1
-1	4575	-1	1
-1	4980	-1	1
-1	5372	-1	1
-1	4719	-1	1
-1	5165	-1	1
-1	5576	-1	1
-1	5330	-1	1
-1	6880	-1	1
-1	4420	-1	1
-1	4983	-1	1
-1	4590	-1	1
-1	5401	-1	1
-1	4466	-1	1
-1	6581	-1	1
-1	6366	-1	1
-1	5529	-1	1
-1	5835	-1	1
-1	6229	-1	1
-1	4851	-1	1
-1	5322	-1	1
-1	5242	-1	1
-1	7250	-1	1
-1	6736	-1	1
-1	5372	-1	1
-1	6842	-1	1
-1	6519	-1	1
-1	4477	-1	1
-1	4735	-1	1
-1	5347	-1	1
-1	6102	-1	1
-1	4427	-1	1
-1	5805	-1	1
-1	5117	-1	1
-1	6482	-1	1
-1	6628	-1	1
-1	4949	-1	1
-1	5932	-1	1
-1	5196	-1	1
-1	5837	-1	1
-1	4740	-1	1
-1	6413	-1	1
-1	5035	-1	1
-1	5358	-1	1
-1	5666	-1	1
-1	6838	-1	1
-1	4594	-1	1
-1	6821	-1	1
-1	5868	-1	1
-1	5465	-1	1
-1	5960	-1	1
-1	6843	-1	1
-1	6131	-1	1
-1	6543	-1	1
-1	5017	-1	1
-1	5990	-1	1
-1	6419	-1	1
-1	6439	-1	1
-1	6443	-1	1
-1	7044	-1	1
-1	7203	-1	1
-1	6666	-1	1
-1	7041	-1	1
-1	6521	-1	1
-1	6249	-1	1
-1	7120	-1	1
-1	5470	-1	1
-1	4556	-1	1
-1	5582	-1	1
-1	6452	-1	1
-1	6836	-1	1
-1	6500	-1	1
-1	6165	-1	1
-1	5147	-1	1
-1	5850	-1	1
-1	4882	-1	1
-1	6453	-1	1
-1	4721	-1	1
-1	5930	-1	1
-1	6932	-1	1
-1	7174	-1	1
-1	5887	-1	1
-1	6946	-1	1
-1	4480	-1	1
-1	4951	-1	1
-1	6384	-1	1
-1	5851	-1	1
-1	5356	-1	1
-1	4802	-1	1
-1	5712	-1	1
LBCmax: 14574
