50  50
	0	51	1	97	2	81	3	35	4	3	5	1	6	10	7	54	8	58	9	69	10	47	11	75	12	93	13	27	14	98	15	70	16	98	17	1	18	72	19	77	20	34	21	97	22	38	23	20	24	1	25	82	26	75	27	84	28	13	29	51	30	51	31	5	32	39	33	92	34	69	35	42	36	69	37	73	38	77	39	37	40	93	41	29	42	36	43	80	44	24	45	29	46	84	47	27	48	91	49	23
	0	39	1	54	2	87	3	23	4	28	5	30	6	40	7	67	8	57	9	46	10	53	11	51	12	25	13	45	14	29	15	51	16	63	17	17	18	68	19	59	20	65	21	75	22	17	23	1	24	18	25	19	26	90	27	19	28	57	29	42	30	7	31	29	32	10	33	60	34	16	35	97	36	99	37	50	38	88	39	82	40	16	41	30	42	5	43	40	44	87	45	21	46	78	47	3	48	99	49	78
	0	72	1	57	2	49	3	71	4	25	5	96	6	36	7	51	8	69	9	19	10	15	11	50	12	12	13	100	14	75	15	80	16	40	17	54	18	14	19	39	20	25	21	63	22	23	23	37	24	69	25	55	26	3	27	2	28	15	29	29	30	71	31	30	32	99	33	91	34	34	35	88	36	32	37	27	38	43	39	72	40	33	41	29	42	42	43	2	44	47	45	69	46	82	47	91	48	24	49	55
	0	69	1	20	2	51	3	50	4	60	5	10	6	41	7	7	8	22	9	69	10	40	11	63	12	30	13	69	14	9	15	11	16	59	17	57	18	73	19	8	20	98	21	19	22	49	23	25	24	2	25	62	26	20	27	17	28	36	29	57	30	79	31	90	32	95	33	78	34	87	35	83	36	15	37	28	38	9	39	86	40	77	41	19	42	22	43	89	44	85	45	79	46	13	47	92	48	93	49	71
	0	3	1	56	2	69	3	67	4	82	5	57	6	45	7	8	8	11	9	82	10	100	11	31	12	60	13	73	14	55	15	66	16	72	17	2	18	86	19	12	20	61	21	57	22	80	23	63	24	100	25	42	26	4	27	32	28	62	29	40	30	43	31	88	32	100	33	87	34	31	35	30	36	88	37	56	38	100	39	33	40	69	41	49	42	96	43	57	44	68	45	46	46	44	47	96	48	69	49	53
	0	75	1	20	2	76	3	63	4	31	5	25	6	85	7	11	8	12	9	90	10	55	11	83	12	43	13	30	14	59	15	21	16	67	17	61	18	22	19	25	20	82	21	45	22	16	23	57	24	2	25	65	26	48	27	76	28	90	29	49	30	60	31	79	32	96	33	50	34	31	35	21	36	9	37	43	38	56	39	34	40	91	41	6	42	37	43	78	44	65	45	82	46	96	47	78	48	68	49	52
	0	32	1	48	2	87	3	62	4	41	5	96	6	54	7	77	8	93	9	60	10	54	11	67	12	45	13	27	14	67	15	39	16	98	17	26	18	77	19	71	20	65	21	2	22	82	23	20	24	95	25	8	26	11	27	95	28	50	29	82	30	32	31	35	32	62	33	83	34	95	35	20	36	5	37	7	38	48	39	2	40	39	41	17	42	30	43	57	44	46	45	45	46	18	47	62	48	42	49	51
	0	81	1	75	2	33	3	57	4	83	5	60	6	65	7	83	8	15	9	82	10	76	11	55	12	68	13	80	14	53	15	63	16	68	17	67	18	39	19	82	20	36	21	40	22	68	23	96	24	45	25	89	26	8	27	83	28	82	29	35	30	28	31	44	32	50	33	35	34	50	35	92	36	50	37	45	38	26	39	38	40	46	41	22	42	53	43	24	44	88	45	97	46	38	47	2	48	51	49	67
	0	45	1	67	2	28	3	78	4	8	5	72	6	58	7	100	8	91	9	92	10	4	11	11	12	11	13	29	14	95	15	46	16	78	17	54	18	98	19	83	20	3	21	37	22	5	23	57	24	79	25	14	26	15	27	34	28	48	29	87	30	72	31	96	32	94	33	58	34	91	35	93	36	31	37	44	38	62	39	88	40	79	41	24	42	35	43	83	44	45	45	7	46	10	47	18	48	50	49	38
	0	99	1	71	2	67	3	68	4	26	5	92	6	71	7	55	8	79	9	78	10	9	11	82	12	41	13	44	14	29	15	2	16	51	17	52	18	55	19	41	20	82	21	16	22	76	23	34	24	33	25	85	26	78	27	58	28	73	29	73	30	66	31	94	32	81	33	93	34	33	35	48	36	75	37	98	38	69	39	76	40	18	41	57	42	40	43	29	44	53	45	18	46	61	47	98	48	93	49	10
	0	44	1	17	2	75	3	11	4	5	5	78	6	65	7	86	8	53	9	34	10	43	11	49	12	1	13	22	14	32	15	25	16	62	17	18	18	51	19	9	20	31	21	10	22	78	23	36	24	59	25	46	26	83	27	36	28	74	29	97	30	56	31	11	32	6	33	53	34	33	35	65	36	10	37	13	38	6	39	97	40	8	41	68	42	63	43	96	44	96	45	72	46	99	47	31	48	61	49	49
	0	87	1	23	2	36	3	89	4	12	5	20	6	76	7	27	8	90	9	31	10	20	11	2	12	41	13	87	14	95	15	55	16	79	17	34	18	55	19	98	20	38	21	68	22	79	23	66	24	59	25	79	26	64	27	48	28	82	29	63	30	81	31	34	32	47	33	3	34	83	35	48	36	81	37	53	38	98	39	42	40	17	41	50	42	23	43	66	44	5	45	63	46	11	47	57	48	69	49	36
	0	25	1	94	2	52	3	86	4	94	5	14	6	39	7	77	8	90	9	5	10	45	11	62	12	19	13	97	14	30	15	76	16	93	17	24	18	54	19	17	20	27	21	40	22	88	23	55	24	76	25	96	26	61	27	48	28	97	29	21	30	93	31	55	32	25	33	62	34	45	35	79	36	78	37	71	38	94	39	85	40	27	41	49	42	4	43	61	44	17	45	86	46	66	47	32	48	6	49	54
	0	9	1	34	2	61	3	44	4	11	5	21	6	43	7	47	8	83	9	44	10	44	11	32	12	73	13	39	14	81	15	67	16	23	17	14	18	50	19	75	20	98	21	9	22	99	23	37	24	37	25	79	26	63	27	75	28	19	29	25	30	81	31	78	32	29	33	66	34	92	35	55	36	76	37	36	38	59	39	28	40	2	41	39	42	88	43	4	44	63	45	98	46	37	47	73	48	100	49	97
	0	27	1	40	2	7	3	70	4	100	5	80	6	78	7	25	8	89	9	68	10	84	11	73	12	100	13	37	14	8	15	13	16	8	17	49	18	57	19	5	20	27	21	100	22	4	23	14	24	8	25	77	26	51	27	10	28	59	29	48	30	96	31	71	32	18	33	56	34	63	35	5	36	95	37	38	38	20	39	98	40	74	41	92	42	91	43	61	44	63	45	73	46	46	47	14	48	92	49	82
	0	8	1	46	2	23	3	75	4	38	5	34	6	30	7	18	8	58	9	14	10	35	11	59	12	43	13	20	14	30	15	91	16	86	17	62	18	19	19	23	20	11	21	84	22	42	23	1	24	1	25	34	26	93	27	30	28	50	29	46	30	23	31	82	32	70	33	88	34	92	35	15	36	5	37	58	38	25	39	20	40	36	41	12	42	69	43	77	44	75	45	68	46	64	47	87	48	82	49	5
	0	77	1	99	2	61	3	59	4	61	5	79	6	10	7	4	8	30	9	55	10	38	11	28	12	74	13	58	14	63	15	79	16	49	17	35	18	68	19	30	20	11	21	3	22	73	23	75	24	90	25	74	26	39	27	76	28	16	29	65	30	39	31	11	32	45	33	83	34	33	35	90	36	44	37	31	38	45	39	45	40	36	41	94	42	32	43	15	44	15	45	91	46	93	47	78	48	81	49	2
	0	47	1	85	2	48	3	12	4	86	5	32	6	43	7	21	8	87	9	45	10	78	11	22	12	29	13	73	14	69	15	41	16	53	17	30	18	53	19	94	20	65	21	96	22	94	23	97	24	64	25	4	26	11	27	42	28	46	29	58	30	42	31	34	32	18	33	49	34	45	35	21	36	27	37	80	38	98	39	94	40	79	41	15	42	38	43	30	44	3	45	96	46	65	47	93	48	100	49	23
	0	90	1	27	2	64	3	60	4	7	5	13	6	74	7	28	8	21	9	48	10	92	11	7	12	60	13	100	14	17	15	33	16	52	17	29	18	82	19	80	20	40	21	69	22	85	23	64	24	77	25	40	26	100	27	1	28	20	29	7	30	15	31	1	32	7	33	20	34	69	35	4	36	97	37	94	38	9	39	60	40	99	41	22	42	85	43	27	44	32	45	22	46	37	47	39	48	68	49	63
	0	67	1	55	2	79	3	24	4	78	5	12	6	74	7	78	8	38	9	19	10	91	11	7	12	93	13	86	14	99	15	86	16	37	17	60	18	7	19	95	20	24	21	15	22	98	23	53	24	59	25	35	26	23	27	72	28	28	29	59	30	36	31	74	32	32	33	93	34	42	35	37	36	45	37	14	38	1	39	47	40	20	41	1	42	4	43	66	44	90	45	89	46	6	47	65	48	61	49	22
	0	1	1	70	2	81	3	42	4	62	5	8	6	34	7	59	8	73	9	73	10	99	11	73	12	44	13	42	14	60	15	48	16	79	17	91	18	76	19	68	20	27	21	26	22	29	23	7	24	57	25	8	26	17	27	9	28	14	29	26	30	64	31	51	32	63	33	75	34	52	35	34	36	32	37	28	38	11	39	45	40	88	41	3	42	16	43	49	44	26	45	72	46	68	47	34	48	58	49	66
	0	72	1	8	2	17	3	71	4	35	5	15	6	19	7	10	8	46	9	35	10	55	11	61	12	4	13	68	14	97	15	70	16	14	17	19	18	45	19	35	20	74	21	49	22	46	23	88	24	4	25	47	26	60	27	96	28	4	29	33	30	68	31	48	32	38	33	8	34	27	35	16	36	87	37	13	38	26	39	1	40	4	41	45	42	5	43	93	44	71	45	62	46	27	47	13	48	55	49	67
	0	33	1	23	2	90	3	45	4	96	5	8	6	44	7	14	8	72	9	74	10	48	11	88	12	20	13	21	14	92	15	83	16	14	17	69	18	20	19	6	20	88	21	60	22	77	23	6	24	86	25	67	26	87	27	84	28	99	29	66	30	67	31	85	32	22	33	65	34	8	35	18	36	55	37	92	38	76	39	86	40	30	41	91	42	16	43	9	44	43	45	73	46	55	47	85	48	27	49	15
	0	48	1	13	2	84	3	18	4	8	5	73	6	65	7	57	8	8	9	50	10	76	11	92	12	54	13	21	14	35	15	9	16	62	17	70	18	14	19	22	20	98	21	88	22	49	23	58	24	54	25	68	26	87	27	93	28	58	29	4	30	10	31	18	32	71	33	65	34	62	35	57	36	100	37	92	38	55	39	64	40	24	41	39	42	46	43	56	44	24	45	60	46	89	47	83	48	65	49	13
	0	32	1	33	2	66	3	36	4	90	5	15	6	42	7	1	8	23	9	70	10	40	11	72	12	4	13	15	14	71	15	9	16	41	17	14	18	12	19	97	20	14	21	14	22	54	23	94	24	12	25	23	26	95	27	27	28	98	29	87	30	18	31	76	32	37	33	10	34	91	35	32	36	59	37	25	38	93	39	9	40	42	41	96	42	48	43	58	44	45	45	23	46	12	47	6	48	13	49	72
	0	60	1	11	2	45	3	61	4	52	5	25	6	2	7	60	8	93	9	87	10	69	11	100	12	100	13	3	14	30	15	88	16	46	17	69	18	5	19	81	20	52	21	57	22	55	23	66	24	35	25	71	26	63	27	34	28	42	29	30	30	35	31	71	32	19	33	46	34	96	35	84	36	7	37	1	38	61	39	38	40	51	41	43	42	6	43	78	44	76	45	49	46	80	47	57	48	59	49	30
	0	25	1	1	2	97	3	74	4	93	5	73	6	64	7	59	8	85	9	15	10	91	11	69	12	39	13	98	14	24	15	3	16	62	17	91	18	37	19	59	20	57	21	27	22	10	23	37	24	8	25	52	26	92	27	86	28	29	29	56	30	17	31	84	32	61	33	30	34	40	35	52	36	9	37	14	38	5	39	8	40	31	41	13	42	72	43	27	44	26	45	95	46	63	47	73	48	80	49	12
	0	95	1	100	2	76	3	98	4	17	5	51	6	70	7	32	8	78	9	97	10	87	11	77	12	65	13	92	14	99	15	38	16	25	17	49	18	74	19	88	20	35	21	44	22	20	23	48	24	81	25	19	26	66	27	53	28	85	29	34	30	36	31	10	32	65	33	86	34	25	35	27	36	31	37	4	38	80	39	1	40	45	41	81	42	35	43	62	44	4	45	3	46	71	47	24	48	27	49	85
	0	80	1	93	2	39	3	33	4	63	5	19	6	96	7	77	8	1	9	17	10	97	11	57	12	60	13	69	14	68	15	46	16	33	17	87	18	15	19	57	20	23	21	21	22	89	23	52	24	25	25	6	26	95	27	54	28	56	29	13	30	58	31	45	32	41	33	31	34	12	35	78	36	68	37	1	38	79	39	46	40	42	41	82	42	62	43	97	44	26	45	2	46	52	47	73	48	46	49	57
	0	42	1	8	2	80	3	30	4	88	5	36	6	78	7	56	8	56	9	73	10	74	11	54	12	58	13	80	14	90	15	5	16	53	17	22	18	37	19	45	20	74	21	83	22	70	23	94	24	3	25	2	26	55	27	49	28	2	29	21	30	34	31	14	32	92	33	94	34	26	35	44	36	2	37	74	38	86	39	8	40	62	41	76	42	95	43	25	44	3	45	100	46	79	47	19	48	73	49	47
	0	68	1	79	2	9	3	63	4	39	5	52	6	98	7	7	8	12	9	74	10	35	11	12	12	84	13	39	14	52	15	92	16	32	17	53	18	75	19	21	20	12	21	12	22	47	23	68	24	32	25	32	26	1	27	85	28	83	29	78	30	88	31	75	32	55	33	8	34	92	35	73	36	71	37	6	38	86	39	37	40	8	41	72	42	99	43	29	44	6	45	14	46	18	47	18	48	63	49	25
	0	33	1	46	2	88	3	69	4	2	5	42	6	43	7	3	8	93	9	76	10	95	11	91	12	22	13	66	14	87	15	12	16	18	17	12	18	58	19	57	20	62	21	5	22	1	23	60	24	78	25	22	26	28	27	20	28	93	29	27	30	82	31	4	32	86	33	32	34	18	35	32	36	77	37	84	38	32	39	97	40	52	41	76	42	30	43	66	44	7	45	18	46	47	47	50	48	61	49	97
	0	64	1	59	2	78	3	15	4	90	5	84	6	85	7	1	8	100	9	45	10	89	11	11	12	44	13	11	14	25	15	76	16	74	17	3	18	78	19	64	20	49	21	98	22	85	23	57	24	23	25	14	26	85	27	72	28	15	29	54	30	80	31	57	32	22	33	17	34	46	35	59	36	24	37	17	38	69	39	45	40	92	41	72	42	26	43	6	44	3	45	44	46	24	47	90	48	100	49	39
	0	71	1	44	2	88	3	15	4	31	5	52	6	28	7	47	8	2	9	3	10	66	11	37	12	16	13	34	14	36	15	86	16	34	17	16	18	94	19	56	20	10	21	93	22	95	23	91	24	29	25	81	26	4	27	76	28	43	29	98	30	10	31	46	32	77	33	75	34	89	35	85	36	62	37	57	38	21	39	78	40	15	41	29	42	69	43	85	44	92	45	87	46	79	47	74	48	69	49	58
	0	38	1	27	2	23	3	49	4	17	5	91	6	33	7	49	8	91	9	59	10	20	11	41	12	89	13	83	14	77	15	96	16	38	17	73	18	82	19	35	20	96	21	23	22	87	23	4	24	90	25	62	26	17	27	86	28	97	29	41	30	35	31	44	32	39	33	82	34	52	35	84	36	90	37	63	38	81	39	59	40	2	41	19	42	79	43	71	44	90	45	61	46	10	47	35	48	64	49	68
	0	30	1	12	2	71	3	98	4	90	5	24	6	90	7	9	8	78	9	17	10	3	11	97	12	74	13	21	14	25	15	98	16	77	17	28	18	66	19	100	20	24	21	1	22	69	23	60	24	27	25	56	26	39	27	40	28	71	29	12	30	43	31	86	32	76	33	76	34	81	35	22	36	3	37	23	38	23	39	42	40	49	41	79	42	84	43	6	44	86	45	26	46	69	47	82	48	10	49	80
	0	15	1	95	2	20	3	2	4	22	5	62	6	51	7	78	8	31	9	35	10	15	11	31	12	97	13	71	14	23	15	83	16	82	17	15	18	13	19	72	20	43	21	56	22	85	23	87	24	94	25	81	26	29	27	87	28	90	29	64	30	95	31	99	32	28	33	44	34	33	35	30	36	85	37	83	38	24	39	32	40	30	41	9	42	52	43	90	44	93	45	92	46	7	47	49	48	52	49	98
	0	14	1	84	2	94	3	20	4	24	5	67	6	58	7	87	8	19	9	18	10	53	11	2	12	11	13	11	14	19	15	45	16	39	17	92	18	76	19	55	20	100	21	27	22	74	23	80	24	53	25	72	26	41	27	47	28	97	29	57	30	87	31	95	32	10	33	10	34	18	35	80	36	87	37	62	38	74	39	43	40	29	41	23	42	66	43	81	44	66	45	4	46	19	47	96	48	19	49	32
	0	9	1	88	2	16	3	88	4	69	5	16	6	44	7	52	8	99	9	56	10	95	11	53	12	5	13	29	14	12	15	39	16	54	17	61	18	77	19	27	20	6	21	16	22	89	23	97	24	85	25	12	26	6	27	33	28	81	29	98	30	62	31	36	32	96	33	69	34	92	35	52	36	89	37	35	38	12	39	93	40	69	41	71	42	35	43	46	44	44	45	27	46	36	47	1	48	34	49	62
	0	81	1	32	2	92	3	27	4	90	5	21	6	10	7	33	8	4	9	13	10	77	11	53	12	65	13	26	14	41	15	62	16	31	17	71	18	83	19	9	20	98	21	46	22	100	23	67	24	85	25	11	26	62	27	17	28	10	29	63	30	84	31	59	32	68	33	60	34	39	35	48	36	77	37	67	38	85	39	7	40	71	41	26	42	1	43	64	44	33	45	66	46	43	47	5	48	19	49	12
	0	67	1	61	2	3	3	54	4	83	5	46	6	44	7	87	8	37	9	28	10	67	11	34	12	29	13	5	14	90	15	10	16	23	17	3	18	56	19	96	20	2	21	27	22	47	23	17	24	67	25	36	26	80	27	56	28	100	29	15	30	25	31	53	32	29	33	65	34	87	35	45	36	58	37	38	38	46	39	74	40	67	41	91	42	49	43	58	44	86	45	30	46	82	47	94	48	92	49	65
	0	89	1	58	2	96	3	8	4	7	5	95	6	8	7	76	8	26	9	39	10	2	11	85	12	99	13	89	14	26	15	46	16	64	17	40	18	8	19	98	20	57	21	40	22	72	23	38	24	6	25	21	26	70	27	40	28	62	29	38	30	65	31	63	32	95	33	91	34	49	35	95	36	58	37	34	38	78	39	92	40	99	41	92	42	36	43	83	44	75	45	29	46	86	47	82	48	11	49	46
	0	61	1	8	2	74	3	15	4	91	5	4	6	95	7	48	8	89	9	17	10	30	11	82	12	28	13	73	14	55	15	23	16	87	17	59	18	40	19	71	20	51	21	93	22	35	23	36	24	82	25	57	26	72	27	93	28	8	29	2	30	57	31	61	32	93	33	78	34	30	35	93	36	84	37	23	38	81	39	2	40	48	41	21	42	70	43	79	44	41	45	26	46	2	47	71	48	83	49	97
	0	27	1	8	2	24	3	92	4	80	5	28	6	19	7	27	8	87	9	19	10	60	11	86	12	94	13	72	14	22	15	42	16	89	17	33	18	31	19	33	20	37	21	85	22	46	23	86	24	48	25	99	26	32	27	3	28	31	29	41	30	53	31	31	32	22	33	10	34	10	35	1	36	83	37	66	38	18	39	94	40	5	41	57	42	80	43	67	44	69	45	53	46	14	47	63	48	47	49	57
	0	31	1	73	2	44	3	38	4	79	5	27	6	12	7	24	8	1	9	36	10	93	11	27	12	60	13	13	14	66	15	6	16	45	17	35	18	6	19	84	20	47	21	33	22	90	23	71	24	80	25	27	26	87	27	70	28	79	29	29	30	34	31	52	32	5	33	82	34	90	35	43	36	36	37	30	38	95	39	50	40	16	41	11	42	98	43	15	44	12	45	19	46	28	47	91	48	85	49	9
	0	16	1	59	2	70	3	96	4	90	5	39	6	36	7	3	8	11	9	75	10	72	11	54	12	14	13	69	14	95	15	3	16	73	17	19	18	4	19	63	20	11	21	87	22	17	23	62	24	13	25	77	26	62	27	53	28	14	29	22	30	5	31	41	32	88	33	4	34	43	35	12	36	37	37	55	38	1	39	80	40	63	41	12	42	95	43	81	44	81	45	22	46	61	47	79	48	96	49	25
	0	62	1	66	2	58	3	61	4	15	5	78	6	62	7	75	8	9	9	44	10	60	11	20	12	3	13	50	14	5	15	72	16	21	17	85	18	44	19	24	20	93	21	97	22	21	23	12	24	92	25	78	26	63	27	90	28	85	29	54	30	70	31	57	32	88	33	59	34	16	35	8	36	90	37	97	38	29	39	61	40	96	41	48	42	35	43	72	44	94	45	57	46	58	47	57	48	53	49	99
	0	9	1	67	2	3	3	44	4	22	5	97	6	56	7	39	8	23	9	16	10	68	11	76	12	18	13	54	14	53	15	36	16	47	17	83	18	92	19	10	20	53	21	75	22	12	23	50	24	43	25	27	26	16	27	84	28	47	29	88	30	83	31	10	32	9	33	18	34	93	35	62	36	60	37	75	38	24	39	86	40	53	41	7	42	34	43	93	44	64	45	91	46	23	47	69	48	98	49	52
	0	42	1	60	2	34	3	46	4	92	5	57	6	18	7	100	8	26	9	55	10	77	11	37	12	50	13	55	14	8	15	28	16	92	17	45	18	89	19	46	20	77	21	67	22	81	23	35	24	23	25	53	26	46	27	83	28	61	29	6	30	97	31	96	32	31	33	39	34	28	35	93	36	16	37	7	38	29	39	68	40	1	41	95	42	62	43	14	44	89	45	44	46	51	47	57	48	3	49	36
	0	17	1	99	2	43	3	55	4	65	5	33	6	99	7	8	8	7	9	84	10	24	11	73	12	56	13	8	14	22	15	94	16	48	17	22	18	8	19	62	20	76	21	74	22	40	23	31	24	26	25	66	26	30	27	66	28	65	29	84	30	97	31	32	32	12	33	9	34	95	35	52	36	99	37	1	38	45	39	11	40	97	41	87	42	66	43	69	44	68	45	99	46	46	47	21	48	66	49	32
Reldue
-1	2877	-1	1
-1	2601	-1	1
-1	3411	-1	1
-1	2717	-1	1
-1	3079	-1	1
-1	3406	-1	1
-1	3465	-1	1
-1	3287	-1	1
-1	3476	-1	1
-1	3340	-1	1
-1	3095	-1	1
-1	3462	-1	1
-1	2647	-1	1
-1	3283	-1	1
-1	2499	-1	1
-1	2908	-1	1
-1	2983	-1	1
-1	3340	-1	1
-1	2552	-1	1
-1	2502	-1	1
-1	3129	-1	1
-1	2643	-1	1
-1	3246	-1	1
-1	2724	-1	1
-1	2813	-1	1
-1	3229	-1	1
-1	2607	-1	1
-1	3399	-1	1
-1	2529	-1	1
-1	3167	-1	1
-1	2612	-1	1
-1	2556	-1	1
-1	2735	-1	1
-1	3195	-1	1
-1	2952	-1	1
-1	3347	-1	1
-1	3480	-1	1
-1	2569	-1	1
-1	2649	-1	1
-1	3336	-1	1
-1	2652	-1	1
-1	2921	-1	1
-1	2816	-1	1
-1	2540	-1	1
-1	3214	-1	1
-1	3282	-1	1
-1	3159	-1	1
-1	3038	-1	1
-1	3204	-1	1
-1	2584	-1	1
LBCmax: 4979
