50  10
	0	32	1	16	2	66	3	53	4	69	5	78	6	37	7	44	8	19	9	39
	0	49	1	7	2	44	3	100	4	32	5	58	6	44	7	21	8	87	9	4
	0	85	1	99	2	84	3	77	4	32	5	29	6	49	7	48	8	48	9	37
	0	38	1	76	2	79	3	22	4	19	5	75	6	52	7	38	8	97	9	20
	0	25	1	6	2	58	3	14	4	97	5	43	6	14	7	98	8	53	9	40
	0	69	1	59	2	1	3	26	4	60	5	78	6	27	7	7	8	22	9	38
	0	77	1	64	2	78	3	51	4	50	5	38	6	76	7	100	8	38	9	62
	0	8	1	98	2	69	3	88	4	76	5	2	6	33	7	38	8	7	9	50
	0	94	1	74	2	29	3	96	4	14	5	59	6	40	7	62	8	58	9	66
	0	65	1	37	2	36	3	39	4	56	5	91	6	12	7	36	8	82	9	83
	0	89	1	88	2	43	3	79	4	39	5	62	6	63	7	11	8	54	9	19
	0	71	1	45	2	11	3	90	4	81	5	34	6	2	7	18	8	7	9	80
	0	68	1	49	2	88	3	27	4	16	5	54	6	16	7	53	8	39	9	24
	0	76	1	54	2	45	3	66	4	45	5	14	6	80	7	90	8	26	9	11
	0	90	1	86	2	85	3	17	4	58	5	92	6	39	7	68	8	24	9	35
	0	13	1	36	2	56	3	89	4	44	5	14	6	41	7	65	8	23	9	96
	0	13	1	54	2	90	3	21	4	33	5	61	6	27	7	6	8	94	9	26
	0	16	1	98	2	7	3	99	4	47	5	100	6	97	7	24	8	8	9	68
	0	22	1	57	2	82	3	82	4	78	5	9	6	33	7	34	8	66	9	91
	0	61	1	81	2	24	3	12	4	55	5	68	6	62	7	54	8	73	9	11
	0	44	1	11	2	30	3	94	4	3	5	86	6	78	7	31	8	96	9	68
	0	91	1	81	2	20	3	47	4	8	5	24	6	50	7	20	8	99	9	45
	0	81	1	15	2	36	3	71	4	71	5	27	6	95	7	56	8	22	9	37
	0	35	1	33	2	46	3	77	4	11	5	46	6	8	7	37	8	18	9	47
	0	33	1	48	2	84	3	31	4	26	5	78	6	54	7	20	8	43	9	23
	0	33	1	36	2	8	3	84	4	72	5	27	6	60	7	64	8	30	9	23
	0	87	1	17	2	39	3	32	4	79	5	43	6	46	7	31	8	86	9	6
	0	27	1	89	2	92	3	23	4	80	5	20	6	30	7	41	8	55	9	77
	0	89	1	7	2	68	3	19	4	1	5	12	6	14	7	17	8	3	9	30
	0	75	1	81	2	15	3	16	4	78	5	15	6	76	7	18	8	68	9	50
	0	33	1	13	2	85	3	97	4	66	5	94	6	68	7	24	8	6	9	38
	0	14	1	55	2	76	3	51	4	86	5	34	6	49	7	72	8	30	9	7
	0	23	1	69	2	41	3	22	4	44	5	70	6	17	7	45	8	30	9	100
	0	55	1	31	2	77	3	40	4	95	5	13	6	55	7	100	8	30	9	97
	0	10	1	88	2	8	3	68	4	50	5	22	6	13	7	48	8	72	9	5
	0	4	1	64	2	48	3	65	4	35	5	12	6	97	7	27	8	92	9	34
	0	89	1	78	2	30	3	30	4	82	5	34	6	77	7	82	8	67	9	20
	0	45	1	69	2	79	3	21	4	81	5	77	6	13	7	78	8	20	9	54
	0	22	1	15	2	44	3	59	4	17	5	41	6	56	7	96	8	79	9	51
	0	7	1	46	2	63	3	26	4	63	5	27	6	41	7	5	8	72	9	49
	0	18	1	70	2	87	3	47	4	37	5	84	6	48	7	98	8	29	9	63
	0	23	1	73	2	87	3	70	4	77	5	64	6	72	7	57	8	2	9	93
	0	79	1	20	2	39	3	96	4	17	5	11	6	67	7	31	8	82	9	29
	0	43	1	62	2	32	3	6	4	25	5	14	6	87	7	36	8	96	9	97
	0	17	1	14	2	83	3	49	4	85	5	100	6	48	7	51	8	68	9	16
	0	64	1	99	2	67	3	26	4	32	5	51	6	74	7	86	8	1	9	76
	0	65	1	44	2	73	3	70	4	40	5	25	6	24	7	31	8	17	9	50
	0	80	1	92	2	53	3	53	4	9	5	56	6	68	7	4	8	26	9	95
	0	65	1	57	2	29	3	88	4	97	5	75	6	4	7	31	8	14	9	96
	0	72	1	23	2	84	3	53	4	63	5	23	6	83	7	61	8	43	9	34
Reldue
-1	3028	-1	1
-1	712	-1	1
-1	1035	-1	1
-1	1771	-1	1
-1	2379	-1	1
-1	2955	-1	1
-1	1758	-1	1
-1	2952	-1	1
-1	821	-1	1
-1	1397	-1	1
-1	3100	-1	1
-1	2315	-1	1
-1	1134	-1	1
-1	1951	-1	1
-1	2582	-1	1
-1	575	-1	1
-1	414	-1	1
-1	2695	-1	1
-1	1445	-1	1
-1	435	-1	1
-1	2506	-1	1
-1	2318	-1	1
-1	1061	-1	1
-1	2011	-1	1
-1	2083	-1	1
-1	972	-1	1
-1	1298	-1	1
-1	2321	-1	1
-1	446	-1	1
-1	2751	-1	1
-1	1327	-1	1
-1	1283	-1	1
-1	2516	-1	1
-1	1210	-1	1
-1	1222	-1	1
-1	3116	-1	1
-1	2305	-1	1
-1	1378	-1	1
-1	565	-1	1
-1	2783	-1	1
-1	1913	-1	1
-1	1179	-1	1
-1	2397	-1	1
-1	1973	-1	1
-1	1438	-1	1
-1	1413	-1	1
-1	3023	-1	1
-1	2899	-1	1
-1	574	-1	1
-1	2881	-1	1
LBCmax: 2852
