50  30
	0	36	1	18	2	21	3	58	4	71	5	71	6	23	7	7	8	88	9	30	10	53	11	28	12	53	13	36	14	92	15	100	16	77	17	37	18	74	19	66	20	51	21	56	22	41	23	99	24	19	25	84	26	71	27	1	28	25	29	25
	0	15	1	55	2	81	3	81	4	8	5	44	6	55	7	67	8	47	9	27	10	52	11	88	12	59	13	32	14	57	15	18	16	95	17	96	18	53	19	59	20	17	21	77	22	33	23	75	24	75	25	99	26	78	27	35	28	86	29	25
	0	52	1	95	2	63	3	58	4	62	5	7	6	52	7	15	8	58	9	53	10	83	11	24	12	86	13	19	14	36	15	48	16	17	17	59	18	79	19	22	20	11	21	38	22	32	23	64	24	90	25	24	26	64	27	4	28	37	29	79
	0	21	1	22	2	35	3	87	4	51	5	9	6	7	7	82	8	69	9	85	10	47	11	100	12	70	13	29	14	28	15	48	16	4	17	17	18	28	19	65	20	55	21	77	22	31	23	31	24	82	25	82	26	78	27	29	28	29	29	69
	0	63	1	87	2	18	3	46	4	32	5	38	6	52	7	8	8	4	9	81	10	19	11	98	12	22	13	40	14	66	15	72	16	23	17	41	18	80	19	58	20	64	21	53	22	8	23	11	24	57	25	80	26	75	27	10	28	88	29	82
	0	16	1	52	2	31	3	70	4	16	5	30	6	88	7	100	8	10	9	7	10	99	11	67	12	9	13	22	14	14	15	73	16	50	17	87	18	25	19	2	20	75	21	64	22	86	23	57	24	89	25	27	26	87	27	19	28	65	29	57
	0	44	1	39	2	89	3	11	4	23	5	75	6	50	7	79	8	27	9	37	10	36	11	8	12	94	13	94	14	90	15	53	16	89	17	61	18	23	19	9	20	95	21	77	22	95	23	6	24	35	25	25	26	21	27	80	28	78	29	72
	0	52	1	55	2	2	3	18	4	32	5	8	6	29	7	93	8	47	9	80	10	58	11	29	12	14	13	66	14	51	15	2	16	60	17	12	18	44	19	30	20	3	21	74	22	2	23	47	24	43	25	32	26	36	27	17	28	100	29	73
	0	46	1	48	2	81	3	66	4	52	5	3	6	50	7	4	8	47	9	49	10	35	11	91	12	72	13	68	14	99	15	88	16	87	17	24	18	60	19	49	20	9	21	71	22	31	23	20	24	23	25	35	26	15	27	67	28	97	29	10
	0	88	1	66	2	61	3	48	4	40	5	76	6	15	7	42	8	69	9	63	10	83	11	11	12	31	13	51	14	43	15	63	16	14	17	31	18	81	19	79	20	79	21	39	22	49	23	39	24	68	25	86	26	42	27	1	28	5	29	9
	0	8	1	91	2	19	3	65	4	56	5	63	6	66	7	99	8	46	9	46	10	33	11	50	12	50	13	85	14	52	15	73	16	27	17	35	18	54	19	4	20	65	21	76	22	48	23	83	24	60	25	52	26	93	27	14	28	53	29	46
	0	100	1	37	2	41	3	65	4	99	5	31	6	18	7	70	8	39	9	75	10	33	11	91	12	10	13	32	14	70	15	15	16	7	17	48	18	65	19	19	20	83	21	70	22	31	23	14	24	46	25	10	26	70	27	92	28	8	29	45
	0	56	1	9	2	83	3	4	4	54	5	49	6	2	7	77	8	93	9	38	10	85	11	70	12	97	13	17	14	85	15	77	16	73	17	84	18	4	19	43	20	78	21	64	22	36	23	39	24	31	25	79	26	97	27	74	28	41	29	7
	0	34	1	25	2	59	3	68	4	34	5	41	6	85	7	74	8	73	9	64	10	85	11	23	12	74	13	77	14	90	15	27	16	64	17	55	18	95	19	15	20	42	21	2	22	72	23	35	24	19	25	76	26	72	27	48	28	70	29	58
	0	68	1	8	2	13	3	98	4	77	5	41	6	25	7	54	8	55	9	87	10	27	11	8	12	56	13	70	14	24	15	17	16	99	17	90	18	74	19	39	20	81	21	70	22	20	23	44	24	35	25	8	26	7	27	97	28	18	29	86
	0	78	1	68	2	79	3	68	4	7	5	12	6	34	7	82	8	27	9	27	10	70	11	47	12	51	13	76	14	25	15	15	16	95	17	35	18	43	19	36	20	63	21	99	22	83	23	51	24	27	25	65	26	38	27	75	28	47	29	69
	0	95	1	47	2	80	3	40	4	34	5	28	6	98	7	17	8	63	9	90	10	3	11	19	12	15	13	27	14	100	15	85	16	69	17	82	18	96	19	4	20	73	21	64	22	98	23	12	24	63	25	96	26	53	27	41	28	34	29	43
	0	54	1	11	2	82	3	76	4	83	5	35	6	25	7	91	8	89	9	61	10	2	11	96	12	14	13	68	14	62	15	15	16	2	17	5	18	25	19	83	20	78	21	24	22	73	23	31	24	66	25	54	26	89	27	85	28	78	29	19
	0	60	1	31	2	14	3	93	4	19	5	3	6	35	7	40	8	80	9	22	10	3	11	97	12	99	13	76	14	14	15	86	16	62	17	14	18	52	19	57	20	83	21	21	22	39	23	21	24	62	25	63	26	76	27	2	28	36	29	37
	0	81	1	27	2	36	3	72	4	86	5	36	6	2	7	52	8	31	9	69	10	56	11	54	12	82	13	79	14	8	15	41	16	54	17	62	18	53	19	39	20	18	21	14	22	96	23	87	24	23	25	46	26	89	27	47	28	55	29	35
	0	89	1	7	2	36	3	67	4	62	5	16	6	96	7	15	8	87	9	33	10	14	11	64	12	45	13	82	14	90	15	62	16	93	17	43	18	80	19	64	20	52	21	20	22	36	23	99	24	71	25	60	26	16	27	81	28	37	29	36
	0	54	1	35	2	39	3	92	4	9	5	19	6	24	7	23	8	41	9	54	10	85	11	44	12	68	13	92	14	72	15	65	16	11	17	2	18	24	19	74	20	32	21	34	22	60	23	100	24	15	25	89	26	76	27	10	28	54	29	29
	0	22	1	46	2	40	3	83	4	86	5	28	6	65	7	39	8	91	9	70	10	89	11	29	12	68	13	76	14	25	15	47	16	93	17	26	18	50	19	58	20	79	21	62	22	48	23	91	24	63	25	39	26	33	27	10	28	33	29	96
	0	15	1	23	2	92	3	58	4	3	5	64	6	37	7	89	8	64	9	60	10	11	11	47	12	79	13	70	14	62	15	6	16	62	17	48	18	99	19	52	20	30	21	89	22	45	23	77	24	59	25	31	26	26	27	9	28	38	29	43
	0	26	1	65	2	23	3	22	4	30	5	15	6	52	7	63	8	8	9	88	10	59	11	90	12	19	13	59	14	19	15	55	16	54	17	1	18	100	19	44	20	12	21	96	22	97	23	56	24	17	25	26	26	91	27	26	28	99	29	95
	0	49	1	16	2	94	3	53	4	49	5	11	6	48	7	27	8	18	9	68	10	21	11	78	12	100	13	16	14	32	15	22	16	88	17	16	18	88	19	16	20	6	21	8	22	88	23	72	24	15	25	23	26	95	27	57	28	67	29	26
	0	15	1	97	2	53	3	13	4	35	5	85	6	5	7	3	8	95	9	66	10	51	11	67	12	7	13	49	14	32	15	100	16	46	17	71	18	34	19	35	20	65	21	97	22	94	23	40	24	15	25	61	26	70	27	54	28	89	29	55
	0	5	1	56	2	90	3	31	4	12	5	67	6	3	7	76	8	54	9	35	10	49	11	68	12	21	13	49	14	5	15	34	16	95	17	80	18	46	19	50	20	78	21	47	22	44	23	78	24	21	25	67	26	16	27	5	28	68	29	15
	0	18	1	46	2	18	3	18	4	21	5	25	6	53	7	62	8	13	9	30	10	100	11	73	12	24	13	35	14	18	15	8	16	61	17	100	18	25	19	72	20	94	21	21	22	8	23	39	24	42	25	82	26	90	27	42	28	42	29	13
	0	35	1	73	2	6	3	94	4	14	5	91	6	89	7	20	8	78	9	37	10	35	11	40	12	95	13	8	14	65	15	30	16	56	17	36	18	30	19	58	20	52	21	68	22	40	23	59	24	85	25	46	26	35	27	21	28	49	29	45
	0	83	1	56	2	16	3	98	4	87	5	1	6	96	7	30	8	59	9	74	10	55	11	78	12	98	13	87	14	34	15	58	16	50	17	84	18	63	19	29	20	73	21	54	22	4	23	36	24	11	25	50	26	39	27	59	28	55	29	96
	0	94	1	82	2	56	3	71	4	79	5	60	6	1	7	11	8	63	9	67	10	77	11	58	12	26	13	26	14	89	15	41	16	58	17	69	18	91	19	87	20	94	21	82	22	61	23	75	24	1	25	22	26	23	27	99	28	70	29	18
	0	93	1	98	2	61	3	87	4	16	5	56	6	10	7	32	8	97	9	4	10	10	11	11	12	72	13	55	14	2	15	72	16	51	17	64	18	56	19	11	20	31	21	98	22	19	23	94	24	71	25	48	26	61	27	48	28	70	29	22
	0	51	1	16	2	98	3	6	4	37	5	18	6	46	7	77	8	17	9	87	10	32	11	1	12	25	13	46	14	57	15	64	16	63	17	60	18	89	19	3	20	58	21	82	22	47	23	38	24	31	25	64	26	88	27	38	28	94	29	11
	0	32	1	50	2	21	3	95	4	74	5	89	6	50	7	63	8	65	9	60	10	28	11	1	12	70	13	61	14	95	15	34	16	26	17	99	18	61	19	83	20	61	21	97	22	42	23	7	24	48	25	91	26	43	27	94	28	6	29	47
	0	10	1	86	2	69	3	27	4	93	5	51	6	87	7	4	8	76	9	34	10	24	11	98	12	90	13	51	14	84	15	84	16	98	17	13	18	58	19	87	20	17	21	88	22	85	23	72	24	30	25	36	26	77	27	7	28	87	29	86
	0	26	1	20	2	11	3	25	4	27	5	13	6	48	7	32	8	58	9	97	10	35	11	70	12	7	13	48	14	71	15	14	16	53	17	6	18	11	19	97	20	13	21	67	22	25	23	72	24	38	25	46	26	92	27	48	28	9	29	99
	0	18	1	44	2	57	3	38	4	94	5	56	6	31	7	79	8	38	9	35	10	66	11	5	12	93	13	36	14	31	15	29	16	61	17	72	18	65	19	4	20	4	21	78	22	35	23	95	24	45	25	84	26	53	27	22	28	39	29	45
	0	51	1	44	2	9	3	75	4	15	5	23	6	53	7	82	8	93	9	15	10	87	11	11	12	50	13	51	14	60	15	26	16	43	17	26	18	67	19	6	20	17	21	94	22	42	23	24	24	50	25	40	26	10	27	26	28	20	29	96
	0	31	1	60	2	45	3	83	4	53	5	86	6	26	7	35	8	77	9	86	10	4	11	19	12	86	13	60	14	4	15	51	16	94	17	58	18	28	19	87	20	19	21	99	22	10	23	30	24	88	25	78	26	67	27	86	28	25	29	50
	0	90	1	50	2	72	3	49	4	65	5	22	6	66	7	86	8	21	9	73	10	50	11	25	12	40	13	8	14	99	15	37	16	82	17	6	18	95	19	77	20	99	21	24	22	66	23	36	24	57	25	7	26	99	27	62	28	78	29	29
	0	61	1	59	2	69	3	56	4	11	5	95	6	16	7	30	8	81	9	84	10	40	11	75	12	51	13	32	14	60	15	11	16	60	17	46	18	94	19	8	20	10	21	56	22	5	23	14	24	79	25	3	26	77	27	57	28	25	29	74
	0	58	1	80	2	62	3	10	4	22	5	77	6	42	7	10	8	37	9	40	10	54	11	95	12	33	13	19	14	56	15	19	16	5	17	70	18	71	19	43	20	9	21	38	22	33	23	94	24	26	25	98	26	46	27	88	28	97	29	53
	0	15	1	86	2	64	3	65	4	43	5	8	6	72	7	63	8	5	9	30	10	2	11	51	12	60	13	30	14	54	15	22	16	32	17	73	18	98	19	44	20	8	21	35	22	54	23	67	24	99	25	15	26	76	27	79	28	80	29	80
	0	51	1	5	2	11	3	50	4	37	5	23	6	88	7	13	8	98	9	53	10	86	11	18	12	14	13	23	14	94	15	5	16	67	17	39	18	47	19	57	20	47	21	3	22	15	23	83	24	13	25	54	26	93	27	71	28	100	29	27
	0	10	1	71	2	81	3	64	4	51	5	94	6	100	7	8	8	51	9	35	10	40	11	76	12	15	13	65	14	11	15	83	16	73	17	38	18	43	19	65	20	61	21	13	22	41	23	34	24	5	25	98	26	27	27	46	28	42	29	41
	0	78	1	74	2	87	3	53	4	39	5	18	6	68	7	19	8	58	9	87	10	56	11	35	12	93	13	50	14	68	15	87	16	63	17	20	18	32	19	46	20	62	21	32	22	29	23	57	24	52	25	35	26	65	27	40	28	98	29	81
	0	19	1	29	2	22	3	18	4	82	5	20	6	82	7	95	8	91	9	8	10	2	11	42	12	100	13	27	14	11	15	80	16	66	17	28	18	75	19	88	20	28	21	49	22	11	23	15	24	3	25	83	26	36	27	20	28	50	29	26
	0	82	1	84	2	44	3	68	4	76	5	18	6	88	7	68	8	76	9	64	10	43	11	16	12	2	13	68	14	47	15	76	16	6	17	64	18	75	19	56	20	82	21	5	22	37	23	69	24	85	25	25	26	30	27	60	28	31	29	17
	0	84	1	20	2	96	3	72	4	81	5	14	6	18	7	100	8	17	9	94	10	96	11	31	12	44	13	78	14	12	15	74	16	34	17	98	18	48	19	86	20	8	21	69	22	52	23	52	24	58	25	29	26	86	27	12	28	50	29	36
Reldue
-1	3482	-1	1
-1	3869	-1	1
-1	3801	-1	1
-1	2765	-1	1
-1	1676	-1	1
-1	3165	-1	1
-1	2758	-1	1
-1	3273	-1	1
-1	3537	-1	1
-1	3294	-1	1
-1	5178	-1	1
-1	5088	-1	1
-1	2055	-1	1
-1	2777	-1	1
-1	1542	-1	1
-1	1274	-1	1
-1	4023	-1	1
-1	4604	-1	1
-1	3824	-1	1
-1	3600	-1	1
-1	3695	-1	1
-1	1962	-1	1
-1	1996	-1	1
-1	4752	-1	1
-1	4742	-1	1
-1	4258	-1	1
-1	1444	-1	1
-1	3325	-1	1
-1	2184	-1	1
-1	3881	-1	1
-1	1254	-1	1
-1	2551	-1	1
-1	1929	-1	1
-1	2237	-1	1
-1	3521	-1	1
-1	3313	-1	1
-1	3691	-1	1
-1	1516	-1	1
-1	4110	-1	1
-1	4960	-1	1
-1	2786	-1	1
-1	2347	-1	1
-1	4769	-1	1
-1	4294	-1	1
-1	2935	-1	1
-1	4236	-1	1
-1	3055	-1	1
-1	4247	-1	1
-1	5089	-1	1
-1	2728	-1	1
LBCmax: 4020
