50  10
	0	13	1	98	2	100	3	32	4	80	5	51	6	68	7	68	8	68	9	4
	0	25	1	15	2	17	3	57	4	72	5	14	6	39	7	40	8	51	9	51
	0	25	1	2	2	69	3	3	4	81	5	64	6	65	7	58	8	31	9	12
	0	56	1	90	2	66	3	96	4	57	5	73	6	18	7	79	8	75	9	66
	0	84	1	29	2	5	3	18	4	45	5	59	6	88	7	67	8	31	9	60
	0	1	1	20	2	50	3	75	4	97	5	55	6	71	7	16	8	9	9	83
	0	28	1	23	2	88	3	42	4	87	5	98	6	46	7	28	8	96	9	93
	0	9	1	80	2	9	3	17	4	8	5	76	6	40	7	87	8	76	9	1
	0	21	1	50	2	9	3	96	4	34	5	47	6	16	7	13	8	58	9	91
	0	70	1	5	2	54	3	89	4	35	5	58	6	72	7	18	8	26	9	27
	0	60	1	46	2	24	3	24	4	92	5	58	6	69	7	4	8	70	9	13
	0	86	1	6	2	52	3	63	4	24	5	69	6	8	7	98	8	8	9	33
	0	14	1	93	2	51	3	74	4	37	5	84	6	52	7	50	8	62	9	98
	0	87	1	65	2	71	3	94	4	83	5	49	6	79	7	18	8	7	9	31
	0	71	1	62	2	28	3	62	4	12	5	79	6	28	7	91	8	19	9	9
	0	67	1	13	2	9	3	99	4	37	5	49	6	74	7	33	8	52	9	17
	0	41	1	4	2	54	3	2	4	14	5	93	6	57	7	45	8	12	9	39
	0	24	1	2	2	52	3	8	4	68	5	40	6	35	7	2	8	38	9	77
	0	36	1	63	2	92	3	87	4	5	5	68	6	96	7	8	8	33	9	13
	0	4	1	48	2	43	3	30	4	85	5	61	6	93	7	1	8	25	9	43
	0	27	1	41	2	3	3	75	4	90	5	81	6	30	7	96	8	100	9	65
	0	3	1	9	2	48	3	43	4	89	5	29	6	62	7	31	8	78	9	41
	0	53	1	51	2	36	3	20	4	43	5	97	6	69	7	30	8	33	9	78
	0	72	1	12	2	55	3	20	4	11	5	22	6	34	7	58	8	96	9	79
	0	30	1	27	2	3	3	30	4	67	5	36	6	75	7	54	8	34	9	97
	0	16	1	52	2	41	3	27	4	36	5	1	6	62	7	53	8	30	9	59
	0	78	1	85	2	92	3	59	4	24	5	48	6	99	7	30	8	2	9	70
	0	6	1	25	2	97	3	72	4	53	5	50	6	20	7	27	8	72	9	13
	0	71	1	53	2	27	3	60	4	77	5	73	6	46	7	47	8	70	9	70
	0	22	1	65	2	93	3	86	4	89	5	30	6	56	7	75	8	98	9	98
	0	83	1	99	2	56	3	60	4	14	5	14	6	100	7	40	8	59	9	6
	0	11	1	97	2	17	3	60	4	9	5	95	6	9	7	72	8	67	9	2
	0	77	1	49	2	34	3	26	4	63	5	44	6	70	7	13	8	68	9	25
	0	24	1	41	2	36	3	78	4	4	5	97	6	41	7	90	8	23	9	37
	0	53	1	63	2	30	3	38	4	14	5	57	6	45	7	6	8	57	9	57
	0	60	1	100	2	42	3	16	4	87	5	88	6	95	7	26	8	55	9	33
	0	73	1	1	2	76	3	87	4	92	5	94	6	62	7	41	8	85	9	65
	0	36	1	42	2	95	3	90	4	77	5	5	6	96	7	60	8	98	9	51
	0	10	1	15	2	41	3	65	4	68	5	26	6	36	7	56	8	15	9	99
	0	67	1	53	2	81	3	82	4	34	5	79	6	49	7	81	8	100	9	83
	0	96	1	32	2	84	3	20	4	94	5	80	6	4	7	7	8	95	9	61
	0	17	1	7	2	29	3	82	4	85	5	9	6	3	7	57	8	68	9	4
	0	68	1	33	2	41	3	76	4	93	5	23	6	62	7	73	8	78	9	30
	0	49	1	7	2	70	3	7	4	44	5	99	6	83	7	28	8	75	9	91
	0	36	1	28	2	31	3	61	4	44	5	49	6	25	7	34	8	41	9	16
	0	1	1	66	2	21	3	97	4	17	5	46	6	9	7	56	8	7	9	41
	0	19	1	78	2	93	3	83	4	48	5	36	6	29	7	73	8	13	9	30
	0	59	1	44	2	42	3	6	4	54	5	16	6	55	7	56	8	51	9	28
	0	22	1	36	2	89	3	43	4	62	5	65	6	44	7	42	8	24	9	89
	0	97	1	66	2	84	3	19	4	79	5	70	6	18	7	91	8	81	9	98
Reldue
-1	1934	-1	1
-1	2452	-1	1
-1	1512	-1	1
-1	2584	-1	1
-1	1412	-1	1
-1	1223	-1	1
-1	2385	-1	1
-1	2512	-1	1
-1	1516	-1	1
-1	2629	-1	1
-1	1129	-1	1
-1	2227	-1	1
-1	1438	-1	1
-1	2311	-1	1
-1	1189	-1	1
-1	2710	-1	1
-1	2663	-1	1
-1	1089	-1	1
-1	2326	-1	1
-1	2480	-1	1
-1	1375	-1	1
-1	1019	-1	1
-1	1743	-1	1
-1	1752	-1	1
-1	1852	-1	1
-1	2629	-1	1
-1	1052	-1	1
-1	1209	-1	1
-1	1100	-1	1
-1	2146	-1	1
-1	2329	-1	1
-1	2634	-1	1
-1	1013	-1	1
-1	2580	-1	1
-1	2441	-1	1
-1	918	-1	1
-1	1044	-1	1
-1	2001	-1	1
-1	2572	-1	1
-1	1075	-1	1
-1	1284	-1	1
-1	1071	-1	1
-1	1173	-1	1
-1	1551	-1	1
-1	2601	-1	1
-1	1365	-1	1
-1	919	-1	1
-1	2032	-1	1
-1	1886	-1	1
-1	1043	-1	1
LBCmax: 3032
