250  50
	0	94	1	33	2	84	3	36	4	93	5	54	6	87	7	82	8	88	9	78	10	64	11	81	12	79	13	39	14	2	15	93	16	68	17	33	18	5	19	77	20	11	21	17	22	20	23	79	24	98	25	12	26	98	27	26	28	69	29	26	30	48	31	44	32	47	33	1	34	36	35	30	36	36	37	60	38	27	39	40	40	20	41	91	42	94	43	84	44	69	45	7	46	23	47	33	48	17	49	68
	0	91	1	76	2	96	3	45	4	7	5	87	6	18	7	68	8	29	9	94	10	47	11	93	12	8	13	46	14	8	15	72	16	15	17	36	18	15	19	15	20	54	21	20	22	28	23	74	24	67	25	31	26	51	27	92	28	88	29	90	30	58	31	96	32	97	33	62	34	84	35	33	36	74	37	4	38	32	39	61	40	77	41	100	42	80	43	59	44	72	45	90	46	84	47	21	48	91	49	36
	0	26	1	31	2	8	3	69	4	26	5	46	6	55	7	29	8	48	9	38	10	12	11	79	12	52	13	62	14	37	15	56	16	64	17	48	18	47	19	1	20	85	21	53	22	39	23	65	24	57	25	4	26	17	27	94	28	42	29	15	30	77	31	38	32	95	33	81	34	52	35	35	36	38	37	62	38	29	39	62	40	64	41	7	42	79	43	67	44	20	45	100	46	74	47	3	48	53	49	23
	0	73	1	50	2	30	3	46	4	6	5	84	6	49	7	18	8	88	9	23	10	4	11	7	12	33	13	76	14	82	15	6	16	68	17	65	18	96	19	18	20	52	21	90	22	86	23	70	24	48	25	71	26	38	27	35	28	16	29	77	30	3	31	52	32	21	33	27	34	28	35	78	36	66	37	32	38	10	39	7	40	1	41	97	42	53	43	41	44	63	45	13	46	82	47	9	48	59	49	10
	0	40	1	49	2	85	3	49	4	85	5	18	6	43	7	60	8	42	9	79	10	14	11	76	12	99	13	97	14	77	15	7	16	46	17	29	18	1	19	59	20	75	21	91	22	43	23	86	24	26	25	49	26	19	27	34	28	19	29	55	30	48	31	23	32	17	33	28	34	82	35	52	36	12	37	50	38	62	39	57	40	24	41	35	42	66	43	26	44	58	45	81	46	49	47	68	48	60	49	17
	0	89	1	89	2	65	3	4	4	71	5	11	6	20	7	54	8	94	9	55	10	53	11	77	12	77	13	56	14	81	15	68	16	95	17	89	18	5	19	84	20	72	21	33	22	35	23	94	24	15	25	81	26	31	27	93	28	67	29	90	30	55	31	99	32	3	33	27	34	80	35	93	36	12	37	47	38	91	39	65	40	30	41	17	42	75	43	70	44	11	45	64	46	96	47	20	48	68	49	27
	0	80	1	48	2	9	3	13	4	84	5	36	6	49	7	20	8	99	9	85	10	78	11	53	12	23	13	72	14	11	15	52	16	7	17	22	18	64	19	18	20	51	21	82	22	12	23	86	24	10	25	93	26	32	27	5	28	32	29	75	30	42	31	7	32	41	33	88	34	83	35	72	36	37	37	29	38	3	39	47	40	80	41	73	42	52	43	40	44	62	45	70	46	77	47	20	48	12	49	65
	0	94	1	1	2	69	3	95	4	73	5	57	6	14	7	69	8	46	9	37	10	67	11	62	12	55	13	49	14	70	15	61	16	69	17	39	18	19	19	33	20	55	21	95	22	21	23	37	24	77	25	34	26	81	27	67	28	60	29	64	30	47	31	14	32	40	33	24	34	75	35	80	36	87	37	51	38	78	39	86	40	77	41	19	42	88	43	52	44	38	45	49	46	34	47	39	48	18	49	91
	0	10	1	95	2	29	3	23	4	4	5	22	6	64	7	22	8	94	9	78	10	15	11	92	12	45	13	71	14	12	15	66	16	53	17	5	18	79	19	13	20	24	21	94	22	69	23	12	24	89	25	50	26	17	27	80	28	84	29	9	30	48	31	59	32	52	33	51	34	95	35	17	36	43	37	36	38	43	39	90	40	24	41	55	42	90	43	91	44	21	45	56	46	87	47	59	48	48	49	26
	0	14	1	19	2	8	3	11	4	87	5	80	6	72	7	6	8	15	9	90	10	52	11	70	12	46	13	26	14	41	15	26	16	68	17	87	18	85	19	53	20	63	21	27	22	3	23	88	24	31	25	22	26	75	27	1	28	15	29	86	30	61	31	88	32	5	33	67	34	19	35	14	36	17	37	87	38	47	39	3	40	51	41	5	42	54	43	38	44	73	45	24	46	33	47	36	48	7	49	74
	0	10	1	8	2	96	3	24	4	68	5	10	6	79	7	25	8	89	9	52	10	14	11	80	12	51	13	25	14	10	15	86	16	77	17	49	18	65	19	99	20	30	21	69	22	35	23	28	24	87	25	40	26	59	27	40	28	41	29	83	30	19	31	41	32	30	33	2	34	31	35	71	36	67	37	88	38	69	39	15	40	27	41	69	42	76	43	29	44	36	45	59	46	32	47	27	48	37	49	22
	0	57	1	83	2	48	3	66	4	78	5	36	6	32	7	19	8	2	9	9	10	37	11	61	12	55	13	80	14	92	15	100	16	81	17	62	18	53	19	32	20	31	21	84	22	36	23	28	24	59	25	69	26	90	27	4	28	20	29	72	30	85	31	5	32	38	33	9	34	34	35	97	36	82	37	86	38	54	39	32	40	74	41	20	42	48	43	51	44	9	45	9	46	73	47	30	48	77	49	93
	0	89	1	90	2	92	3	100	4	47	5	16	6	95	7	89	8	46	9	60	10	68	11	26	12	42	13	34	14	76	15	47	16	28	17	6	18	46	19	8	20	98	21	49	22	14	23	13	24	63	25	24	26	25	27	74	28	84	29	87	30	70	31	60	32	44	33	49	34	74	35	9	36	73	37	36	38	83	39	30	40	95	41	17	42	13	43	22	44	59	45	10	46	58	47	70	48	79	49	74
	0	65	1	12	2	95	3	55	4	33	5	79	6	24	7	39	8	88	9	45	10	69	11	25	12	32	13	60	14	96	15	34	16	93	17	32	18	10	19	5	20	95	21	85	22	85	23	56	24	42	25	20	26	22	27	95	28	91	29	51	30	44	31	21	32	28	33	83	34	57	35	49	36	13	37	61	38	35	39	47	40	31	41	20	42	5	43	68	44	57	45	94	46	30	47	10	48	61	49	68
	0	36	1	54	2	71	3	96	4	23	5	45	6	84	7	7	8	50	9	19	10	1	11	66	12	87	13	5	14	20	15	81	16	78	17	42	18	5	19	53	20	56	21	84	22	30	23	24	24	2	25	98	26	57	27	62	28	41	29	81	30	87	31	91	32	12	33	28	34	25	35	60	36	72	37	40	38	13	39	94	40	92	41	72	42	38	43	92	44	80	45	27	46	20	47	45	48	36	49	63
	0	31	1	3	2	4	3	77	4	10	5	8	6	1	7	67	8	64	9	68	10	28	11	91	12	71	13	53	14	84	15	84	16	36	17	23	18	54	19	89	20	51	21	21	22	33	23	12	24	70	25	6	26	4	27	24	28	5	29	90	30	93	31	52	32	82	33	7	34	56	35	44	36	37	37	48	38	79	39	86	40	32	41	15	42	1	43	21	44	14	45	82	46	78	47	98	48	58	49	83
	0	49	1	28	2	62	3	54	4	89	5	58	6	84	7	90	8	47	9	71	10	44	11	6	12	92	13	64	14	21	15	14	16	44	17	88	18	25	19	50	20	42	21	33	22	36	23	9	24	77	25	93	26	8	27	81	28	3	29	54	30	13	31	91	32	93	33	80	34	58	35	86	36	10	37	95	38	91	39	25	40	3	41	85	42	5	43	62	44	59	45	68	46	81	47	26	48	60	49	5
	0	33	1	44	2	32	3	50	4	68	5	59	6	80	7	67	8	42	9	33	10	54	11	55	12	94	13	48	14	84	15	60	16	94	17	34	18	78	19	71	20	18	21	94	22	76	23	21	24	48	25	2	26	2	27	48	28	64	29	94	30	53	31	77	32	65	33	87	34	21	35	41	36	43	37	72	38	42	39	42	40	99	41	94	42	4	43	15	44	63	45	7	46	73	47	70	48	74	49	45
	0	7	1	98	2	16	3	82	4	78	5	73	6	31	7	46	8	15	9	99	10	44	11	23	12	31	13	77	14	70	15	62	16	18	17	77	18	96	19	59	20	4	21	56	22	60	23	99	24	14	25	64	26	55	27	73	28	71	29	3	30	43	31	91	32	46	33	53	34	53	35	75	36	28	37	72	38	4	39	93	40	72	41	34	42	64	43	68	44	58	45	66	46	41	47	81	48	60	49	90
	0	82	1	32	2	14	3	87	4	99	5	59	6	23	7	45	8	74	9	2	10	47	11	40	12	93	13	70	14	75	15	77	16	21	17	61	18	53	19	92	20	16	21	16	22	30	23	78	24	39	25	37	26	56	27	95	28	21	29	80	30	20	31	78	32	75	33	6	34	28	35	52	36	85	37	61	38	55	39	15	40	92	41	2	42	28	43	49	44	63	45	8	46	7	47	73	48	30	49	29
	0	86	1	44	2	9	3	65	4	29	5	71	6	53	7	86	8	6	9	4	10	93	11	22	12	2	13	3	14	72	15	95	16	8	17	6	18	85	19	68	20	18	21	45	22	55	23	32	24	98	25	91	26	35	27	56	28	90	29	11	30	10	31	71	32	72	33	77	34	21	35	69	36	94	37	64	38	59	39	28	40	47	41	20	42	87	43	98	44	45	45	90	46	89	47	16	48	27	49	43
	0	58	1	22	2	1	3	22	4	77	5	3	6	99	7	14	8	37	9	92	10	1	11	23	12	12	13	79	14	59	15	80	16	85	17	30	18	29	19	27	20	84	21	23	22	73	23	61	24	81	25	25	26	18	27	30	28	60	29	88	30	63	31	98	32	61	33	39	34	77	35	44	36	43	37	79	38	31	39	54	40	43	41	22	42	53	43	7	44	8	45	47	46	7	47	82	48	30	49	29
	0	24	1	40	2	22	3	85	4	40	5	35	6	95	7	44	8	25	9	75	10	44	11	29	12	5	13	42	14	44	15	12	16	100	17	26	18	9	19	71	20	51	21	39	22	72	23	77	24	90	25	22	26	89	27	71	28	82	29	51	30	80	31	23	32	51	33	100	34	38	35	78	36	59	37	37	38	95	39	27	40	3	41	45	42	16	43	63	44	46	45	89	46	55	47	13	48	9	49	94
	0	100	1	47	2	76	3	83	4	87	5	14	6	90	7	94	8	68	9	48	10	56	11	91	12	53	13	45	14	63	15	15	16	68	17	19	18	99	19	52	20	93	21	69	22	19	23	20	24	74	25	11	26	89	27	88	28	35	29	86	30	25	31	90	32	12	33	24	34	78	35	90	36	98	37	19	38	63	39	12	40	76	41	77	42	11	43	50	44	65	45	4	46	98	47	10	48	19	49	77
	0	87	1	54	2	46	3	93	4	75	5	46	6	36	7	99	8	45	9	30	10	22	11	57	12	50	13	71	14	12	15	70	16	89	17	55	18	60	19	3	20	52	21	28	22	66	23	58	24	38	25	10	26	24	27	89	28	77	29	22	30	67	31	69	32	9	33	5	34	57	35	48	36	7	37	35	38	38	39	52	40	33	41	44	42	47	43	24	44	73	45	6	46	35	47	5	48	98	49	59
	0	73	1	3	2	34	3	61	4	11	5	93	6	33	7	97	8	37	9	61	10	1	11	3	12	58	13	68	14	8	15	58	16	74	17	11	18	81	19	59	20	40	21	99	22	77	23	97	24	38	25	64	26	61	27	78	28	89	29	2	30	52	31	75	32	81	33	83	34	16	35	90	36	4	37	87	38	1	39	72	40	4	41	60	42	57	43	20	44	10	45	97	46	83	47	54	48	88	49	84
	0	98	1	58	2	19	3	68	4	13	5	97	6	19	7	29	8	67	9	86	10	52	11	84	12	55	13	62	14	77	15	34	16	41	17	61	18	59	19	43	20	55	21	37	22	20	23	2	24	13	25	51	26	10	27	29	28	95	29	24	30	40	31	97	32	90	33	33	34	74	35	91	36	81	37	90	38	8	39	50	40	26	41	43	42	69	43	25	44	70	45	71	46	96	47	75	48	82	49	84
	0	9	1	68	2	16	3	32	4	76	5	81	6	20	7	91	8	16	9	90	10	58	11	85	12	11	13	4	14	23	15	50	16	23	17	99	18	32	19	61	20	19	21	32	22	56	23	72	24	60	25	53	26	17	27	40	28	18	29	47	30	48	31	32	32	9	33	71	34	12	35	38	36	59	37	65	38	13	39	49	40	55	41	57	42	48	43	47	44	32	45	88	46	96	47	40	48	8	49	27
	0	23	1	35	2	61	3	58	4	56	5	16	6	12	7	46	8	73	9	98	10	71	11	23	12	77	13	41	14	33	15	62	16	80	17	74	18	51	19	1	20	8	21	46	22	25	23	60	24	96	25	8	26	76	27	58	28	40	29	98	30	86	31	11	32	18	33	75	34	37	35	87	36	12	37	29	38	84	39	32	40	76	41	60	42	27	43	99	44	43	45	15	46	76	47	51	48	62	49	96
	0	28	1	11	2	5	3	18	4	97	5	79	6	93	7	52	8	64	9	49	10	20	11	81	12	38	13	87	14	92	15	83	16	48	17	55	18	88	19	77	20	5	21	94	22	18	23	34	24	3	25	99	26	51	27	17	28	53	29	52	30	13	31	3	32	62	33	93	34	88	35	17	36	7	37	45	38	84	39	56	40	59	41	23	42	32	43	13	44	64	45	94	46	24	47	100	48	89	49	74
	0	33	1	44	2	73	3	64	4	51	5	13	6	61	7	72	8	40	9	78	10	99	11	78	12	90	13	30	14	23	15	24	16	20	17	5	18	66	19	43	20	77	21	85	22	72	23	68	24	6	25	80	26	85	27	73	28	4	29	9	30	50	31	33	32	80	33	27	34	59	35	27	36	85	37	83	38	9	39	97	40	81	41	92	42	70	43	47	44	62	45	53	46	71	47	55	48	51	49	62
	0	53	1	7	2	34	3	92	4	59	5	100	6	5	7	33	8	41	9	65	10	27	11	27	12	16	13	98	14	43	15	34	16	1	17	18	18	86	19	16	20	1	21	75	22	78	23	15	24	43	25	76	26	3	27	84	28	66	29	16	30	11	31	80	32	18	33	25	34	76	35	19	36	21	37	60	38	25	39	86	40	94	41	13	42	99	43	14	44	69	45	9	46	19	47	92	48	9	49	25
	0	80	1	74	2	34	3	37	4	68	5	71	6	12	7	83	8	98	9	79	10	61	11	11	12	14	13	66	14	81	15	35	16	83	17	99	18	2	19	17	20	93	21	18	22	25	23	62	24	30	25	67	26	84	27	87	28	89	29	39	30	65	31	87	32	49	33	8	34	53	35	39	36	20	37	43	38	96	39	89	40	37	41	28	42	5	43	23	44	56	45	39	46	33	47	25	48	90	49	52
	0	96	1	64	2	70	3	72	4	37	5	59	6	42	7	23	8	34	9	25	10	15	11	27	12	18	13	95	14	34	15	60	16	47	17	65	18	37	19	84	20	30	21	17	22	19	23	64	24	42	25	9	26	18	27	36	28	34	29	39	30	93	31	88	32	39	33	24	34	52	35	55	36	50	37	52	38	61	39	59	40	84	41	96	42	44	43	22	44	90	45	91	46	33	47	58	48	49	49	24
	0	54	1	6	2	73	3	91	4	50	5	56	6	12	7	5	8	62	9	4	10	15	11	68	12	43	13	6	14	13	15	43	16	63	17	39	18	7	19	91	20	23	21	88	22	98	23	48	24	4	25	7	26	72	27	68	28	2	29	21	30	41	31	51	32	40	33	87	34	2	35	36	36	44	37	15	38	49	39	23	40	31	41	6	42	78	43	58	44	50	45	93	46	44	47	98	48	64	49	57
	0	72	1	26	2	72	3	66	4	32	5	6	6	6	7	74	8	25	9	72	10	56	11	56	12	47	13	10	14	95	15	70	16	14	17	78	18	25	19	88	20	84	21	49	22	56	23	20	24	95	25	4	26	84	27	28	28	7	29	87	30	47	31	9	32	27	33	11	34	57	35	84	36	39	37	71	38	45	39	35	40	81	41	100	42	66	43	60	44	36	45	90	46	53	47	61	48	28	49	47
	0	22	1	63	2	42	3	50	4	45	5	36	6	7	7	53	8	68	9	76	10	18	11	40	12	37	13	59	14	76	15	99	16	40	17	76	18	68	19	20	20	98	21	10	22	43	23	99	24	61	25	18	26	26	27	7	28	81	29	29	30	83	31	72	32	72	33	67	34	43	35	65	36	92	37	58	38	27	39	6	40	87	41	92	42	42	43	9	44	93	45	33	46	41	47	47	48	85	49	12
	0	62	1	9	2	25	3	38	4	83	5	71	6	30	7	6	8	77	9	3	10	77	11	10	12	37	13	85	14	22	15	66	16	4	17	14	18	75	19	7	20	38	21	13	22	83	23	20	24	87	25	77	26	4	27	23	28	69	29	12	30	69	31	3	32	59	33	69	34	68	35	69	36	43	37	67	38	17	39	86	40	94	41	47	42	75	43	1	44	69	45	19	46	25	47	64	48	37	49	89
	0	51	1	15	2	92	3	77	4	53	5	94	6	6	7	49	8	95	9	84	10	21	11	52	12	72	13	98	14	93	15	7	16	54	17	68	18	37	19	90	20	26	21	13	22	31	23	34	24	38	25	65	26	79	27	9	28	42	29	5	30	47	31	63	32	63	33	29	34	13	35	50	36	56	37	36	38	100	39	60	40	21	41	36	42	84	43	29	44	85	45	85	46	95	47	7	48	89	49	15
	0	49	1	94	2	18	3	27	4	83	5	87	6	66	7	29	8	86	9	91	10	42	11	73	12	37	13	83	14	36	15	10	16	94	17	39	18	6	19	58	20	12	21	70	22	73	23	62	24	62	25	4	26	7	27	91	28	88	29	29	30	67	31	3	32	31	33	85	34	10	35	59	36	93	37	54	38	88	39	82	40	32	41	4	42	2	43	88	44	4	45	71	46	77	47	35	48	99	49	1
	0	76	1	59	2	32	3	66	4	71	5	9	6	80	7	42	8	43	9	84	10	93	11	13	12	59	13	40	14	9	15	22	16	80	17	30	18	49	19	11	20	67	21	80	22	75	23	86	24	8	25	13	26	40	27	30	28	76	29	91	30	63	31	44	32	96	33	31	34	96	35	62	36	72	37	90	38	84	39	7	40	6	41	68	42	24	43	70	44	24	45	46	46	76	47	14	48	62	49	49
	0	82	1	58	2	1	3	41	4	97	5	78	6	50	7	46	8	35	9	37	10	7	11	84	12	90	13	29	14	54	15	50	16	85	17	97	18	62	19	80	20	40	21	66	22	19	23	89	24	93	25	92	26	1	27	57	28	97	29	22	30	48	31	14	32	73	33	25	34	18	35	47	36	98	37	24	38	30	39	28	40	70	41	44	42	26	43	29	44	55	45	66	46	96	47	85	48	23	49	37
	0	62	1	18	2	33	3	88	4	10	5	30	6	5	7	45	8	12	9	22	10	8	11	58	12	88	13	11	14	43	15	66	16	80	17	46	18	1	19	67	20	56	21	37	22	25	23	82	24	71	25	59	26	3	27	20	28	27	29	92	30	83	31	78	32	25	33	9	34	71	35	42	36	16	37	14	38	61	39	73	40	63	41	5	42	13	43	87	44	90	45	18	46	62	47	63	48	81	49	49
	0	47	1	53	2	44	3	89	4	72	5	59	6	65	7	18	8	50	9	5	10	7	11	18	12	80	13	36	14	37	15	20	16	81	17	100	18	82	19	2	20	59	21	97	22	41	23	85	24	88	25	23	26	19	27	100	28	43	29	24	30	50	31	29	32	97	33	29	34	18	35	42	36	83	37	57	38	11	39	68	40	80	41	88	42	56	43	97	44	77	45	61	46	18	47	83	48	8	49	35
	0	61	1	96	2	89	3	12	4	17	5	51	6	79	7	35	8	99	9	10	10	47	11	83	12	46	13	27	14	34	15	45	16	8	17	90	18	20	19	36	20	97	21	81	22	51	23	86	24	52	25	53	26	80	27	23	28	18	29	95	30	21	31	21	32	13	33	35	34	39	35	92	36	46	37	11	38	2	39	40	40	11	41	93	42	78	43	1	44	63	45	46	46	60	47	49	48	55	49	68
	0	44	1	33	2	92	3	46	4	89	5	69	6	30	7	99	8	41	9	22	10	23	11	14	12	7	13	35	14	7	15	98	16	92	17	88	18	63	19	84	20	44	21	10	22	94	23	81	24	86	25	67	26	26	27	51	28	99	29	95	30	6	31	49	32	10	33	61	34	51	35	63	36	90	37	58	38	82	39	37	40	60	41	85	42	49	43	66	44	75	45	54	46	19	47	4	48	24	49	24
	0	87	1	4	2	62	3	65	4	44	5	95	6	66	7	94	8	94	9	75	10	94	11	36	12	16	13	47	14	69	15	10	16	7	17	50	18	22	19	26	20	60	21	58	22	77	23	64	24	48	25	39	26	53	27	59	28	33	29	9	30	10	31	5	32	21	33	18	34	83	35	80	36	17	37	46	38	59	39	22	40	59	41	12	42	8	43	27	44	47	45	12	46	65	47	45	48	81	49	36
	0	22	1	98	2	71	3	42	4	83	5	38	6	1	7	84	8	89	9	28	10	40	11	10	12	18	13	9	14	50	15	89	16	4	17	79	18	24	19	34	20	51	21	21	22	44	23	23	24	24	25	24	26	70	27	36	28	40	29	10	30	73	31	65	32	97	33	48	34	83	35	59	36	10	37	13	38	24	39	19	40	53	41	46	42	40	43	42	44	11	45	93	46	42	47	93	48	93	49	40
	0	36	1	48	2	73	3	83	4	8	5	30	6	48	7	87	8	64	9	48	10	31	11	24	12	67	13	94	14	25	15	4	16	19	17	67	18	37	19	20	20	67	21	23	22	33	23	96	24	40	25	80	26	48	27	89	28	46	29	20	30	88	31	89	32	82	33	65	34	2	35	28	36	41	37	20	38	3	39	73	40	15	41	17	42	69	43	83	44	30	45	98	46	56	47	45	48	61	49	13
	0	89	1	19	2	10	3	41	4	40	5	63	6	56	7	36	8	84	9	7	10	97	11	74	12	99	13	8	14	46	15	52	16	60	17	5	18	64	19	45	20	35	21	46	22	17	23	51	24	82	25	59	26	13	27	60	28	6	29	1	30	49	31	34	32	35	33	95	34	68	35	81	36	3	37	34	38	10	39	63	40	69	41	31	42	10	43	74	44	3	45	26	46	73	47	66	48	14	49	87
	0	34	1	21	2	7	3	67	4	72	5	97	6	90	7	1	8	47	9	83	10	66	11	55	12	81	13	55	14	91	15	60	16	88	17	16	18	73	19	99	20	34	21	52	22	46	23	25	24	84	25	51	26	49	27	27	28	65	29	50	30	76	31	73	32	39	33	28	34	7	35	1	36	90	37	41	38	13	39	35	40	48	41	80	42	95	43	40	44	12	45	90	46	15	47	52	48	49	49	82
	0	19	1	47	2	65	3	35	4	58	5	28	6	1	7	52	8	57	9	45	10	79	11	40	12	5	13	90	14	100	15	8	16	39	17	14	18	87	19	8	20	62	21	63	22	14	23	79	24	21	25	41	26	56	27	43	28	14	29	37	30	64	31	81	32	34	33	71	34	51	35	80	36	38	37	54	38	27	39	38	40	17	41	66	42	35	43	59	44	3	45	93	46	71	47	69	48	30	49	74
	0	90	1	62	2	47	3	63	4	26	5	23	6	45	7	95	8	82	9	8	10	39	11	5	12	79	13	76	14	28	15	63	16	45	17	97	18	19	19	96	20	7	21	83	22	89	23	28	24	5	25	18	26	19	27	60	28	39	29	84	30	25	31	50	32	32	33	7	34	71	35	92	36	48	37	69	38	37	39	90	40	21	41	65	42	86	43	76	44	71	45	97	46	32	47	18	48	10	49	33
	0	26	1	22	2	73	3	75	4	2	5	20	6	25	7	19	8	47	9	99	10	25	11	88	12	92	13	12	14	53	15	84	16	32	17	80	18	26	19	87	20	38	21	66	22	59	23	85	24	96	25	94	26	53	27	37	28	98	29	34	30	16	31	75	32	81	33	77	34	37	35	18	36	58	37	82	38	82	39	52	40	26	41	41	42	79	43	81	44	17	45	34	46	3	47	75	48	25	49	36
	0	91	1	61	2	57	3	15	4	40	5	29	6	56	7	29	8	67	9	52	10	99	11	7	12	39	13	49	14	100	15	84	16	95	17	28	18	28	19	6	20	28	21	97	22	41	23	47	24	88	25	27	26	7	27	87	28	37	29	1	30	39	31	45	32	53	33	92	34	78	35	79	36	66	37	45	38	97	39	81	40	91	41	64	42	27	43	38	44	66	45	19	46	96	47	39	48	27	49	35
	0	52	1	36	2	66	3	21	4	20	5	3	6	70	7	53	8	91	9	49	10	21	11	20	12	60	13	69	14	9	15	90	16	49	17	53	18	98	19	71	20	99	21	73	22	34	23	57	24	95	25	28	26	90	27	90	28	76	29	19	30	92	31	84	32	42	33	68	34	62	35	83	36	39	37	22	38	75	39	53	40	16	41	96	42	26	43	32	44	66	45	46	46	36	47	84	48	95	49	83
	0	54	1	34	2	82	3	56	4	38	5	81	6	35	7	79	8	13	9	5	10	44	11	74	12	36	13	35	14	81	15	48	16	37	17	30	18	19	19	42	20	88	21	82	22	51	23	6	24	33	25	74	26	35	27	90	28	95	29	13	30	5	31	66	32	9	33	51	34	15	35	8	36	79	37	48	38	1	39	96	40	42	41	46	42	96	43	33	44	86	45	61	46	20	47	75	48	71	49	96
	0	25	1	30	2	24	3	61	4	83	5	59	6	29	7	22	8	35	9	92	10	29	11	34	12	44	13	52	14	97	15	26	16	12	17	33	18	64	19	37	20	67	21	85	22	94	23	34	24	27	25	99	26	52	27	47	28	82	29	99	30	2	31	6	32	68	33	78	34	34	35	73	36	22	37	38	38	11	39	93	40	34	41	20	42	65	43	15	44	43	45	42	46	9	47	53	48	30	49	61
	0	34	1	88	2	27	3	52	4	96	5	29	6	25	7	54	8	26	9	96	10	59	11	21	12	23	13	75	14	4	15	5	16	99	17	67	18	96	19	25	20	80	21	40	22	93	23	20	24	11	25	39	26	5	27	87	28	95	29	17	30	75	31	51	32	63	33	6	34	94	35	8	36	77	37	31	38	75	39	55	40	83	41	22	42	16	43	94	44	90	45	4	46	35	47	56	48	34	49	55
	0	56	1	5	2	49	3	59	4	69	5	10	6	60	7	3	8	4	9	93	10	60	11	88	12	95	13	85	14	58	15	62	16	4	17	62	18	80	19	78	20	55	21	37	22	83	23	55	24	84	25	24	26	12	27	87	28	8	29	3	30	88	31	15	32	71	33	64	34	38	35	82	36	12	37	89	38	86	39	18	40	84	41	13	42	71	43	30	44	85	45	74	46	56	47	88	48	12	49	27
	0	51	1	47	2	40	3	11	4	66	5	38	6	69	7	66	8	58	9	3	10	15	11	46	12	40	13	85	14	31	15	91	16	71	17	80	18	72	19	32	20	48	21	11	22	58	23	56	24	50	25	92	26	84	27	54	28	31	29	82	30	92	31	16	32	46	33	56	34	100	35	63	36	56	37	28	38	43	39	27	40	55	41	23	42	93	43	9	44	4	45	72	46	46	47	74	48	86	49	65
	0	90	1	88	2	85	3	19	4	10	5	80	6	77	7	13	8	78	9	90	10	87	11	6	12	41	13	44	14	30	15	58	16	1	17	57	18	61	19	97	20	52	21	69	22	86	23	6	24	26	25	43	26	27	27	43	28	47	29	5	30	23	31	87	32	4	33	84	34	20	35	98	36	95	37	95	38	90	39	23	40	98	41	71	42	62	43	86	44	74	45	29	46	74	47	50	48	3	49	35
	0	69	1	29	2	10	3	1	4	95	5	1	6	42	7	28	8	87	9	31	10	86	11	76	12	33	13	35	14	48	15	25	16	59	17	13	18	37	19	62	20	85	21	39	22	19	23	14	24	26	25	10	26	27	27	88	28	56	29	65	30	61	31	12	32	53	33	25	34	2	35	85	36	81	37	43	38	14	39	68	40	96	41	33	42	33	43	81	44	75	45	38	46	50	47	90	48	92	49	46
	0	33	1	96	2	16	3	67	4	62	5	63	6	82	7	34	8	57	9	42	10	64	11	75	12	28	13	83	14	68	15	99	16	83	17	37	18	2	19	60	20	61	21	95	22	100	23	11	24	80	25	17	26	14	27	62	28	34	29	37	30	90	31	94	32	47	33	60	34	96	35	4	36	94	37	85	38	67	39	74	40	40	41	12	42	93	43	92	44	49	45	17	46	53	47	77	48	80	49	21
	0	73	1	66	2	46	3	66	4	75	5	88	6	40	7	80	8	24	9	13	10	19	11	98	12	8	13	66	14	15	15	71	16	93	17	35	18	26	19	79	20	50	21	13	22	74	23	21	24	46	25	68	26	67	27	61	28	28	29	1	30	87	31	55	32	68	33	67	34	80	35	67	36	31	37	53	38	44	39	69	40	87	41	38	42	19	43	85	44	81	45	85	46	44	47	98	48	34	49	32
	0	16	1	67	2	32	3	97	4	76	5	93	6	32	7	92	8	19	9	39	10	96	11	27	12	72	13	7	14	17	15	56	16	17	17	8	18	12	19	61	20	44	21	85	22	92	23	21	24	45	25	82	26	32	27	89	28	9	29	59	30	5	31	60	32	66	33	98	34	47	35	35	36	84	37	55	38	70	39	92	40	36	41	50	42	45	43	26	44	70	45	98	46	11	47	14	48	58	49	26
	0	94	1	27	2	15	3	29	4	36	5	85	6	2	7	54	8	62	9	31	10	58	11	26	12	48	13	71	14	23	15	49	16	64	17	2	18	56	19	35	20	87	21	38	22	48	23	71	24	43	25	80	26	89	27	100	28	96	29	14	30	46	31	87	32	86	33	33	34	48	35	5	36	24	37	93	38	90	39	40	40	57	41	75	42	7	43	22	44	65	45	4	46	82	47	21	48	81	49	37
	0	70	1	62	2	16	3	37	4	76	5	54	6	43	7	88	8	5	9	36	10	75	11	17	12	74	13	81	14	28	15	24	16	58	17	18	18	70	19	46	20	4	21	56	22	86	23	3	24	44	25	20	26	14	27	91	28	79	29	44	30	33	31	40	32	25	33	66	34	99	35	33	36	40	37	29	38	80	39	62	40	67	41	80	42	13	43	72	44	77	45	25	46	96	47	10	48	78	49	75
	0	93	1	86	2	36	3	94	4	100	5	7	6	26	7	46	8	11	9	51	10	99	11	73	12	84	13	79	14	40	15	81	16	86	17	14	18	52	19	2	20	70	21	27	22	93	23	61	24	29	25	17	26	37	27	63	28	96	29	63	30	63	31	83	32	23	33	91	34	72	35	25	36	33	37	97	38	82	39	78	40	31	41	92	42	70	43	91	44	34	45	84	46	54	47	39	48	33	49	2
	0	23	1	56	2	16	3	25	4	69	5	55	6	100	7	81	8	79	9	67	10	69	11	21	12	87	13	53	14	95	15	82	16	94	17	95	18	2	19	94	20	9	21	45	22	4	23	12	24	67	25	7	26	13	27	50	28	27	29	77	30	6	31	62	32	56	33	49	34	99	35	8	36	55	37	93	38	64	39	81	40	77	41	32	42	87	43	86	44	45	45	97	46	54	47	15	48	79	49	24
	0	7	1	35	2	77	3	27	4	22	5	96	6	10	7	56	8	87	9	34	10	38	11	31	12	79	13	95	14	51	15	18	16	86	17	46	18	79	19	55	20	14	21	22	22	46	23	82	24	56	25	23	26	51	27	25	28	51	29	87	30	99	31	14	32	30	33	69	34	23	35	55	36	32	37	21	38	63	39	99	40	51	41	59	42	89	43	41	44	31	45	44	46	4	47	75	48	27	49	21
	0	41	1	74	2	100	3	99	4	50	5	68	6	14	7	62	8	41	9	55	10	46	11	35	12	22	13	38	14	37	15	61	16	58	17	15	18	39	19	50	20	36	21	25	22	37	23	13	24	99	25	47	26	52	27	89	28	3	29	8	30	53	31	29	32	10	33	35	34	33	35	97	36	97	37	67	38	33	39	96	40	72	41	100	42	7	43	34	44	10	45	50	46	76	47	90	48	62	49	40
	0	6	1	38	2	85	3	50	4	6	5	45	6	9	7	90	8	38	9	49	10	35	11	84	12	78	13	80	14	26	15	75	16	80	17	89	18	40	19	81	20	16	21	83	22	18	23	79	24	9	25	98	26	22	27	78	28	77	29	48	30	82	31	18	32	54	33	27	34	11	35	14	36	53	37	70	38	81	39	13	40	92	41	83	42	81	43	43	44	100	45	99	46	97	47	79	48	66	49	36
	0	76	1	41	2	1	3	45	4	76	5	11	6	35	7	81	8	12	9	27	10	56	11	41	12	41	13	87	14	63	15	49	16	60	17	87	18	8	19	68	20	96	21	62	22	28	23	89	24	17	25	6	26	100	27	25	28	6	29	87	30	72	31	91	32	51	33	3	34	57	35	67	36	63	37	17	38	76	39	73	40	28	41	79	42	7	43	91	44	28	45	36	46	68	47	25	48	23	49	62
	0	31	1	81	2	55	3	83	4	65	5	4	6	15	7	65	8	39	9	10	10	2	11	91	12	41	13	93	14	53	15	50	16	86	17	100	18	16	19	19	20	31	21	7	22	14	23	93	24	12	25	31	26	4	27	7	28	65	29	64	30	37	31	61	32	16	33	15	34	82	35	25	36	30	37	3	38	41	39	95	40	65	41	21	42	7	43	31	44	70	45	72	46	16	47	92	48	24	49	58
	0	93	1	40	2	7	3	54	4	10	5	3	6	31	7	11	8	1	9	93	10	6	11	65	12	85	13	32	14	90	15	43	16	17	17	35	18	60	19	2	20	57	21	42	22	5	23	39	24	11	25	2	26	15	27	46	28	20	29	64	30	39	31	17	32	69	33	6	34	17	35	22	36	51	37	21	38	11	39	93	40	19	41	39	42	100	43	17	44	93	45	49	46	12	47	99	48	25	49	67
	0	97	1	55	2	21	3	31	4	71	5	58	6	77	7	49	8	91	9	23	10	91	11	29	12	33	13	22	14	45	15	45	16	84	17	60	18	67	19	35	20	78	21	55	22	30	23	40	24	16	25	96	26	34	27	14	28	75	29	81	30	88	31	73	32	93	33	53	34	86	35	64	36	58	37	87	38	35	39	69	40	69	41	99	42	98	43	77	44	37	45	77	46	37	47	84	48	39	49	55
	0	84	1	9	2	44	3	86	4	77	5	44	6	79	7	69	8	27	9	53	10	4	11	54	12	9	13	6	14	6	15	31	16	99	17	18	18	42	19	50	20	89	21	11	22	79	23	60	24	57	25	24	26	20	27	52	28	84	29	53	30	18	31	35	32	21	33	86	34	2	35	92	36	71	37	51	38	73	39	90	40	34	41	20	42	56	43	45	44	13	45	23	46	4	47	58	48	5	49	49
	0	84	1	83	2	10	3	74	4	8	5	81	6	30	7	11	8	80	9	83	10	45	11	85	12	68	13	66	14	95	15	82	16	28	17	92	18	96	19	11	20	39	21	4	22	64	23	98	24	23	25	44	26	42	27	81	28	60	29	46	30	42	31	87	32	26	33	37	34	43	35	9	36	2	37	25	38	22	39	8	40	50	41	68	42	100	43	12	44	42	45	51	46	18	47	92	48	82	49	20
	0	5	1	26	2	77	3	45	4	72	5	92	6	28	7	7	8	62	9	39	10	58	11	42	12	43	13	40	14	93	15	77	16	98	17	21	18	63	19	45	20	85	21	11	22	95	23	68	24	47	25	69	26	1	27	34	28	96	29	87	30	6	31	21	32	19	33	51	34	43	35	34	36	56	37	36	38	27	39	54	40	57	41	57	42	87	43	37	44	39	45	92	46	94	47	84	48	61	49	64
	0	53	1	84	2	17	3	40	4	12	5	11	6	6	7	93	8	15	9	99	10	32	11	14	12	23	13	59	14	35	15	91	16	52	17	83	18	60	19	91	20	10	21	68	22	32	23	99	24	45	25	56	26	54	27	3	28	21	29	49	30	85	31	43	32	90	33	72	34	58	35	46	36	32	37	86	38	18	39	21	40	60	41	68	42	21	43	97	44	43	45	7	46	14	47	2	48	77	49	92
	0	76	1	44	2	99	3	97	4	12	5	27	6	38	7	68	8	7	9	12	10	46	11	80	12	94	13	17	14	51	15	28	16	97	17	2	18	18	19	49	20	43	21	93	22	20	23	1	24	58	25	37	26	54	27	55	28	91	29	94	30	48	31	51	32	38	33	8	34	48	35	52	36	43	37	6	38	80	39	76	40	15	41	31	42	28	43	99	44	82	45	95	46	70	47	63	48	67	49	12
	0	67	1	18	2	62	3	50	4	90	5	99	6	30	7	11	8	31	9	6	10	72	11	27	12	54	13	39	14	26	15	23	16	45	17	8	18	90	19	4	20	92	21	26	22	87	23	51	24	4	25	41	26	14	27	38	28	39	29	74	30	46	31	2	32	8	33	75	34	75	35	34	36	67	37	1	38	19	39	73	40	29	41	79	42	30	43	12	44	40	45	23	46	67	47	56	48	11	49	7
	0	40	1	88	2	3	3	2	4	30	5	40	6	99	7	55	8	25	9	59	10	9	11	49	12	57	13	29	14	3	15	68	16	4	17	90	18	62	19	85	20	6	21	53	22	87	23	4	24	11	25	12	26	10	27	60	28	31	29	99	30	98	31	50	32	99	33	30	34	51	35	26	36	44	37	41	38	17	39	5	40	21	41	21	42	86	43	63	44	69	45	73	46	45	47	8	48	90	49	62
	0	90	1	68	2	63	3	57	4	27	5	27	6	30	7	43	8	26	9	96	10	35	11	74	12	94	13	7	14	94	15	99	16	80	17	60	18	27	19	73	20	45	21	69	22	76	23	41	24	36	25	82	26	96	27	42	28	64	29	69	30	97	31	100	32	74	33	6	34	61	35	70	36	53	37	8	38	74	39	71	40	7	41	66	42	40	43	25	44	16	45	9	46	72	47	69	48	44	49	5
	0	70	1	34	2	56	3	39	4	37	5	84	6	84	7	61	8	97	9	71	10	18	11	89	12	4	13	50	14	47	15	96	16	62	17	51	18	53	19	21	20	97	21	14	22	31	23	93	24	55	25	26	26	16	27	53	28	1	29	15	30	1	31	1	32	60	33	97	34	2	35	19	36	21	37	71	38	9	39	42	40	78	41	22	42	2	43	73	44	17	45	64	46	47	47	71	48	27	49	36
	0	95	1	52	2	28	3	40	4	33	5	90	6	30	7	76	8	80	9	97	10	68	11	13	12	21	13	27	14	81	15	11	16	21	17	31	18	12	19	71	20	51	21	59	22	89	23	81	24	40	25	88	26	56	27	94	28	22	29	5	30	12	31	39	32	34	33	5	34	61	35	73	36	6	37	60	38	65	39	1	40	24	41	67	42	82	43	41	44	81	45	100	46	8	47	3	48	30	49	7
	0	70	1	7	2	7	3	33	4	24	5	63	6	92	7	63	8	66	9	92	10	27	11	10	12	67	13	49	14	6	15	95	16	65	17	83	18	99	19	94	20	1	21	54	22	98	23	51	24	70	25	78	26	63	27	79	28	16	29	76	30	33	31	96	32	20	33	51	34	31	35	75	36	24	37	10	38	50	39	96	40	10	41	15	42	25	43	39	44	36	45	33	46	27	47	52	48	77	49	95
	0	23	1	71	2	28	3	13	4	85	5	100	6	81	7	4	8	59	9	59	10	74	11	10	12	14	13	60	14	61	15	29	16	37	17	83	18	75	19	87	20	37	21	44	22	71	23	19	24	86	25	82	26	63	27	33	28	1	29	20	30	4	31	86	32	43	33	62	34	78	35	85	36	2	37	31	38	84	39	3	40	69	41	75	42	44	43	60	44	42	45	75	46	59	47	16	48	93	49	48
	0	10	1	90	2	11	3	31	4	55	5	61	6	88	7	68	8	82	9	69	10	10	11	57	12	24	13	81	14	84	15	23	16	31	17	2	18	96	19	25	20	70	21	57	22	1	23	2	24	85	25	58	26	65	27	30	28	54	29	43	30	29	31	47	32	3	33	38	34	62	35	45	36	85	37	3	38	19	39	67	40	25	41	36	42	22	43	35	44	86	45	61	46	26	47	4	48	11	49	22
	0	50	1	25	2	46	3	54	4	70	5	53	6	53	7	15	8	19	9	31	10	53	11	87	12	29	13	46	14	77	15	79	16	12	17	38	18	6	19	4	20	72	21	87	22	20	23	7	24	87	25	41	26	8	27	56	28	11	29	39	30	87	31	30	32	77	33	41	34	43	35	79	36	98	37	80	38	96	39	16	40	19	41	95	42	36	43	80	44	39	45	2	46	100	47	86	48	18	49	23
	0	83	1	28	2	49	3	73	4	89	5	31	6	37	7	74	8	79	9	47	10	36	11	55	12	75	13	39	14	24	15	45	16	12	17	21	18	17	19	76	20	60	21	23	22	63	23	55	24	51	25	6	26	58	27	60	28	84	29	60	30	67	31	82	32	2	33	40	34	59	35	13	36	49	37	34	38	87	39	50	40	58	41	68	42	56	43	66	44	34	45	87	46	71	47	73	48	23	49	71
	0	64	1	70	2	85	3	75	4	35	5	56	6	18	7	98	8	47	9	53	10	86	11	27	12	81	13	57	14	68	15	5	16	21	17	32	18	13	19	17	20	36	21	96	22	75	23	5	24	84	25	76	26	71	27	40	28	31	29	26	30	67	31	21	32	87	33	32	34	7	35	87	36	97	37	61	38	26	39	42	40	23	41	6	42	10	43	40	44	13	45	58	46	7	47	90	48	59	49	93
	0	90	1	60	2	65	3	55	4	30	5	94	6	92	7	77	8	35	9	88	10	49	11	69	12	54	13	64	14	40	15	72	16	56	17	52	18	99	19	42	20	36	21	76	22	61	23	29	24	5	25	80	26	52	27	54	28	66	29	66	30	7	31	1	32	83	33	17	34	37	35	84	36	93	37	24	38	8	39	51	40	24	41	49	42	3	43	30	44	17	45	94	46	84	47	35	48	58	49	38
	0	69	1	89	2	77	3	89	4	92	5	25	6	64	7	53	8	16	9	82	10	12	11	3	12	6	13	96	14	91	15	21	16	100	17	52	18	4	19	33	20	19	21	69	22	78	23	70	24	5	25	4	26	7	27	8	28	90	29	11	30	36	31	90	32	22	33	4	34	51	35	21	36	9	37	84	38	26	39	92	40	57	41	43	42	30	43	73	44	4	45	61	46	9	47	79	48	82	49	46
	0	74	1	14	2	69	3	91	4	85	5	20	6	98	7	45	8	96	9	4	10	35	11	23	12	6	13	29	14	52	15	3	16	28	17	65	18	59	19	84	20	75	21	56	22	62	23	99	24	29	25	49	26	58	27	15	28	25	29	78	30	95	31	63	32	84	33	10	34	61	35	66	36	75	37	98	38	60	39	76	40	78	41	83	42	5	43	38	44	80	45	55	46	38	47	19	48	50	49	65
	0	49	1	95	2	42	3	32	4	48	5	79	6	36	7	8	8	32	9	19	10	24	11	77	12	36	13	16	14	86	15	15	16	55	17	31	18	28	19	28	20	99	21	82	22	63	23	44	24	92	25	59	26	65	27	41	28	43	29	95	30	28	31	15	32	42	33	74	34	1	35	32	36	67	37	75	38	99	39	25	40	99	41	71	42	87	43	16	44	81	45	33	46	1	47	75	48	68	49	13
	0	65	1	61	2	58	3	11	4	86	5	91	6	99	7	29	8	65	9	39	10	10	11	90	12	44	13	62	14	60	15	67	16	73	17	95	18	1	19	44	20	86	21	81	22	39	23	8	24	89	25	9	26	92	27	53	28	21	29	88	30	77	31	30	32	54	33	74	34	12	35	77	36	100	37	28	38	34	39	31	40	77	41	78	42	66	43	77	44	50	45	6	46	83	47	11	48	24	49	88
	0	68	1	4	2	86	3	54	4	39	5	8	6	100	7	47	8	12	9	32	10	10	11	3	12	15	13	85	14	9	15	72	16	69	17	56	18	79	19	61	20	14	21	85	22	95	23	61	24	21	25	44	26	68	27	95	28	49	29	30	30	64	31	2	32	16	33	42	34	7	35	26	36	95	37	85	38	87	39	98	40	66	41	40	42	98	43	20	44	73	45	73	46	89	47	86	48	70	49	91
	0	16	1	97	2	63	3	52	4	8	5	69	6	68	7	91	8	93	9	32	10	52	11	37	12	49	13	57	14	28	15	4	16	79	17	81	18	11	19	94	20	12	21	7	22	65	23	58	24	89	25	93	26	1	27	78	28	96	29	72	30	89	31	87	32	25	33	45	34	14	35	31	36	99	37	61	38	83	39	33	40	86	41	70	42	46	43	36	44	82	45	98	46	20	47	4	48	51	49	3
	0	98	1	30	2	30	3	93	4	1	5	85	6	58	7	25	8	4	9	72	10	82	11	14	12	31	13	13	14	43	15	15	16	7	17	60	18	48	19	70	20	23	21	100	22	80	23	13	24	42	25	18	26	9	27	97	28	38	29	17	30	93	31	79	32	74	33	26	34	94	35	55	36	47	37	31	38	46	39	71	40	49	41	16	42	39	43	23	44	35	45	2	46	22	47	21	48	89	49	18
	0	30	1	7	2	30	3	35	4	81	5	17	6	8	7	64	8	23	9	53	10	63	11	85	12	95	13	96	14	67	15	52	16	51	17	67	18	62	19	22	20	68	21	39	22	58	23	60	24	9	25	35	26	75	27	53	28	39	29	75	30	17	31	19	32	14	33	59	34	29	35	95	36	62	37	91	38	71	39	45	40	60	41	91	42	9	43	11	44	67	45	44	46	12	47	21	48	44	49	79
	0	86	1	97	2	9	3	87	4	11	5	45	6	75	7	14	8	55	9	26	10	90	11	93	12	55	13	21	14	66	15	90	16	24	17	52	18	67	19	93	20	14	21	19	22	4	23	63	24	22	25	65	26	40	27	14	28	51	29	83	30	11	31	18	32	41	33	9	34	22	35	25	36	47	37	99	38	70	39	51	40	12	41	47	42	89	43	92	44	73	45	17	46	46	47	42	48	7	49	90
	0	10	1	36	2	81	3	34	4	83	5	46	6	81	7	80	8	65	9	99	10	34	11	25	12	84	13	89	14	35	15	27	16	33	17	15	18	61	19	38	20	68	21	61	22	17	23	7	24	73	25	89	26	51	27	42	28	10	29	29	30	50	31	10	32	78	33	80	34	71	35	29	36	71	37	47	38	98	39	51	40	13	41	92	42	19	43	78	44	93	45	70	46	56	47	31	48	37	49	70
	0	7	1	72	2	90	3	88	4	72	5	58	6	99	7	5	8	76	9	67	10	10	11	47	12	7	13	25	14	25	15	40	16	42	17	28	18	86	19	95	20	18	21	40	22	77	23	89	24	73	25	8	26	62	27	20	28	75	29	17	30	99	31	55	32	97	33	94	34	4	35	1	36	16	37	20	38	44	39	61	40	43	41	5	42	92	43	65	44	18	45	63	46	77	47	82	48	9	49	47
	0	92	1	50	2	17	3	72	4	67	5	88	6	69	7	20	8	8	9	71	10	48	11	95	12	55	13	87	14	1	15	90	16	20	17	97	18	15	19	72	20	4	21	80	22	54	23	7	24	98	25	30	26	2	27	65	28	29	29	23	30	47	31	91	32	99	33	96	34	7	35	36	36	17	37	87	38	89	39	62	40	48	41	34	42	10	43	88	44	11	45	33	46	45	47	34	48	97	49	98
	0	71	1	63	2	96	3	88	4	21	5	63	6	65	7	65	8	63	9	87	10	49	11	32	12	85	13	54	14	61	15	44	16	30	17	84	18	78	19	87	20	22	21	17	22	90	23	95	24	83	25	35	26	44	27	12	28	15	29	88	30	35	31	55	32	21	33	1	34	60	35	9	36	60	37	1	38	25	39	71	40	89	41	99	42	72	43	29	44	13	45	16	46	79	47	31	48	63	49	34
	0	24	1	90	2	66	3	8	4	41	5	16	6	69	7	87	8	100	9	97	10	54	11	5	12	84	13	43	14	29	15	61	16	52	17	72	18	99	19	90	20	6	21	22	22	47	23	85	24	6	25	86	26	78	27	51	28	98	29	23	30	13	31	67	32	48	33	99	34	24	35	99	36	99	37	39	38	53	39	9	40	96	41	10	42	62	43	26	44	36	45	64	46	98	47	81	48	52	49	6
	0	72	1	36	2	32	3	72	4	90	5	43	6	27	7	25	8	85	9	19	10	8	11	9	12	23	13	28	14	63	15	19	16	11	17	91	18	62	19	78	20	5	21	83	22	20	23	24	24	98	25	81	26	29	27	47	28	59	29	64	30	57	31	42	32	19	33	86	34	20	35	52	36	54	37	84	38	83	39	24	40	95	41	70	42	45	43	7	44	68	45	26	46	3	47	57	48	47	49	24
	0	20	1	27	2	75	3	2	4	29	5	66	6	79	7	90	8	47	9	49	10	78	11	75	12	86	13	12	14	91	15	26	16	84	17	66	18	56	19	35	20	93	21	7	22	30	23	41	24	92	25	61	26	53	27	35	28	23	29	21	30	60	31	79	32	59	33	55	34	99	35	74	36	52	37	12	38	78	39	60	40	19	41	51	42	55	43	44	44	80	45	51	46	45	47	79	48	34	49	97
	0	95	1	37	2	43	3	52	4	67	5	62	6	73	7	42	8	19	9	92	10	96	11	21	12	87	13	74	14	62	15	7	16	91	17	21	18	85	19	93	20	27	21	88	22	19	23	63	24	20	25	67	26	98	27	93	28	47	29	9	30	74	31	5	32	57	33	42	34	93	35	91	36	42	37	48	38	62	39	46	40	39	41	99	42	18	43	68	44	72	45	67	46	4	47	7	48	54	49	79
	0	99	1	88	2	17	3	63	4	67	5	19	6	37	7	2	8	19	9	76	10	68	11	18	12	3	13	25	14	6	15	19	16	71	17	3	18	48	19	7	20	76	21	97	22	19	23	21	24	4	25	75	26	66	27	56	28	59	29	54	30	68	31	99	32	32	33	29	34	94	35	57	36	27	37	81	38	4	39	71	40	43	41	39	42	90	43	48	44	17	45	70	46	92	47	51	48	77	49	22
	0	38	1	33	2	76	3	46	4	96	5	87	6	89	7	56	8	29	9	75	10	95	11	22	12	99	13	46	14	93	15	100	16	65	17	38	18	11	19	39	20	50	21	61	22	92	23	21	24	2	25	79	26	5	27	28	28	46	29	35	30	79	31	32	32	21	33	9	34	72	35	69	36	43	37	92	38	28	39	28	40	29	41	1	42	73	43	64	44	96	45	97	46	62	47	36	48	92	49	57
	0	72	1	6	2	39	3	23	4	7	5	65	6	100	7	31	8	53	9	64	10	84	11	79	12	18	13	69	14	63	15	10	16	15	17	70	18	63	19	92	20	98	21	8	22	41	23	47	24	52	25	9	26	90	27	44	28	89	29	24	30	96	31	58	32	13	33	25	34	65	35	71	36	47	37	14	38	88	39	63	40	43	41	22	42	2	43	10	44	3	45	20	46	90	47	96	48	5	49	77
	0	92	1	10	2	95	3	15	4	48	5	67	6	86	7	62	8	93	9	96	10	93	11	1	12	57	13	72	14	79	15	64	16	56	17	84	18	96	19	13	20	78	21	72	22	49	23	19	24	81	25	65	26	15	27	25	28	85	29	21	30	85	31	49	32	2	33	32	34	36	35	70	36	42	37	53	38	24	39	5	40	4	41	71	42	66	43	59	44	11	45	20	46	61	47	17	48	75	49	5
	0	54	1	8	2	90	3	95	4	45	5	50	6	84	7	98	8	4	9	74	10	87	11	23	12	45	13	67	14	93	15	8	16	58	17	95	18	21	19	35	20	9	21	96	22	1	23	5	24	67	25	38	26	52	27	12	28	97	29	5	30	14	31	41	32	44	33	47	34	52	35	8	36	96	37	87	38	56	39	74	40	91	41	9	42	96	43	33	44	19	45	41	46	2	47	50	48	17	49	14
	0	91	1	86	2	82	3	70	4	46	5	47	6	29	7	31	8	33	9	47	10	69	11	78	12	1	13	63	14	8	15	80	16	99	17	26	18	65	19	79	20	27	21	75	22	68	23	24	24	67	25	68	26	86	27	8	28	97	29	38	30	92	31	53	32	67	33	13	34	77	35	38	36	85	37	59	38	52	39	82	40	64	41	12	42	3	43	8	44	94	45	6	46	9	47	58	48	75	49	3
	0	9	1	50	2	7	3	95	4	96	5	64	6	15	7	37	8	71	9	30	10	78	11	14	12	80	13	37	14	71	15	66	16	24	17	90	18	46	19	18	20	8	21	89	22	12	23	86	24	73	25	97	26	87	27	69	28	29	29	34	30	31	31	32	32	81	33	1	34	92	35	43	36	6	37	27	38	11	39	35	40	46	41	96	42	79	43	83	44	100	45	96	46	33	47	32	48	49	49	88
	0	39	1	15	2	39	3	98	4	4	5	34	6	97	7	72	8	4	9	16	10	73	11	63	12	25	13	45	14	30	15	11	16	57	17	43	18	2	19	60	20	86	21	49	22	25	23	22	24	67	25	16	26	90	27	60	28	92	29	39	30	73	31	76	32	58	33	55	34	58	35	8	36	23	37	11	38	37	39	88	40	3	41	72	42	64	43	99	44	25	45	14	46	97	47	33	48	63	49	31
	0	56	1	64	2	25	3	53	4	69	5	51	6	41	7	48	8	9	9	61	10	91	11	50	12	10	13	69	14	78	15	56	16	48	17	71	18	10	19	61	20	3	21	25	22	76	23	31	24	46	25	100	26	4	27	48	28	24	29	100	30	54	31	58	32	10	33	89	34	76	35	11	36	86	37	51	38	34	39	75	40	35	41	31	42	87	43	72	44	74	45	63	46	60	47	53	48	60	49	88
	0	65	1	17	2	49	3	91	4	45	5	46	6	84	7	26	8	46	9	97	10	42	11	17	12	53	13	90	14	77	15	40	16	40	17	75	18	26	19	19	20	9	21	62	22	70	23	6	24	38	25	48	26	70	27	29	28	44	29	93	30	19	31	15	32	44	33	3	34	73	35	18	36	67	37	38	38	61	39	36	40	40	41	49	42	82	43	71	44	70	45	5	46	41	47	71	48	78	49	88
	0	86	1	75	2	66	3	34	4	31	5	21	6	15	7	61	8	100	9	14	10	57	11	35	12	18	13	55	14	63	15	30	16	21	17	69	18	31	19	90	20	82	21	94	22	84	23	31	24	68	25	21	26	95	27	97	28	57	29	88	30	10	31	81	32	9	33	69	34	34	35	81	36	60	37	14	38	94	39	33	40	63	41	42	42	5	43	57	44	21	45	66	46	93	47	97	48	81	49	28
	0	60	1	50	2	74	3	62	4	85	5	11	6	20	7	5	8	4	9	74	10	47	11	49	12	12	13	73	14	82	15	75	16	77	17	59	18	17	19	26	20	60	21	25	22	49	23	13	24	78	25	46	26	62	27	57	28	66	29	94	30	91	31	10	32	7	33	29	34	82	35	6	36	55	37	93	38	54	39	36	40	51	41	55	42	6	43	64	44	18	45	74	46	38	47	97	48	92	49	86
	0	82	1	97	2	6	3	37	4	48	5	5	6	51	7	7	8	46	9	88	10	68	11	1	12	29	13	56	14	62	15	3	16	70	17	92	18	17	19	23	20	79	21	5	22	78	23	78	24	99	25	92	26	20	27	81	28	55	29	61	30	7	31	45	32	56	33	69	34	31	35	9	36	43	37	71	38	78	39	57	40	47	41	71	42	48	43	84	44	21	45	30	46	43	47	11	48	27	49	89
	0	99	1	84	2	3	3	80	4	6	5	91	6	60	7	48	8	68	9	83	10	57	11	22	12	84	13	82	14	62	15	87	16	45	17	17	18	12	19	42	20	99	21	28	22	11	23	68	24	8	25	1	26	40	27	28	28	5	29	58	30	57	31	68	32	39	33	98	34	26	35	2	36	41	37	59	38	96	39	94	40	71	41	55	42	12	43	63	44	17	45	8	46	39	47	97	48	63	49	81
	0	28	1	25	2	35	3	64	4	53	5	95	6	10	7	97	8	1	9	67	10	33	11	11	12	88	13	98	14	81	15	28	16	44	17	94	18	70	19	58	20	82	21	46	22	93	23	62	24	35	25	91	26	36	27	99	28	51	29	45	30	8	31	56	32	62	33	2	34	91	35	27	36	60	37	18	38	73	39	7	40	65	41	96	42	47	43	2	44	67	45	54	46	78	47	75	48	50	49	50
	0	65	1	80	2	63	3	72	4	57	5	59	6	84	7	41	8	98	9	92	10	80	11	81	12	13	13	37	14	77	15	34	16	54	17	88	18	86	19	55	20	75	21	55	22	41	23	85	24	98	25	27	26	62	27	10	28	91	29	77	30	31	31	45	32	80	33	31	34	57	35	90	36	46	37	89	38	65	39	74	40	99	41	92	42	28	43	54	44	16	45	59	46	34	47	58	48	94	49	37
	0	59	1	75	2	51	3	54	4	81	5	36	6	70	7	47	8	59	9	42	10	87	11	15	12	68	13	29	14	49	15	31	16	48	17	71	18	98	19	85	20	28	21	77	22	63	23	65	24	18	25	17	26	65	27	95	28	88	29	86	30	64	31	75	32	75	33	100	34	93	35	6	36	81	37	73	38	81	39	84	40	68	41	28	42	44	43	6	44	41	45	27	46	94	47	14	48	96	49	36
	0	9	1	69	2	68	3	65	4	49	5	43	6	93	7	24	8	16	9	59	10	88	11	8	12	100	13	18	14	1	15	2	16	53	17	2	18	86	19	50	20	81	21	29	22	16	23	47	24	44	25	8	26	21	27	42	28	16	29	28	30	26	31	59	32	36	33	51	34	25	35	78	36	49	37	20	38	17	39	29	40	30	41	1	42	81	43	90	44	19	45	96	46	74	47	6	48	39	49	22
	0	84	1	45	2	53	3	32	4	52	5	80	6	80	7	17	8	78	9	55	10	99	11	34	12	35	13	66	14	89	15	30	16	87	17	85	18	88	19	56	20	74	21	89	22	78	23	13	24	8	25	75	26	24	27	53	28	3	29	86	30	18	31	36	32	7	33	64	34	13	35	10	36	46	37	10	38	51	39	67	40	75	41	20	42	12	43	10	44	93	45	31	46	39	47	96	48	83	49	78
	0	22	1	74	2	67	3	62	4	39	5	23	6	6	7	83	8	99	9	48	10	65	11	72	12	13	13	2	14	35	15	40	16	9	17	43	18	86	19	19	20	65	21	34	22	71	23	72	24	5	25	44	26	37	27	84	28	15	29	26	30	90	31	79	32	41	33	62	34	22	35	8	36	100	37	2	38	4	39	8	40	10	41	51	42	8	43	40	44	6	45	66	46	93	47	31	48	23	49	76
	0	82	1	95	2	36	3	30	4	20	5	18	6	12	7	41	8	75	9	4	10	2	11	88	12	31	13	34	14	68	15	71	16	82	17	88	18	53	19	57	20	32	21	25	22	7	23	50	24	52	25	23	26	38	27	67	28	50	29	22	30	68	31	17	32	64	33	24	34	88	35	8	36	73	37	45	38	48	39	19	40	87	41	23	42	43	43	36	44	73	45	17	46	59	47	16	48	14	49	65
	0	2	1	34	2	11	3	81	4	23	5	44	6	84	7	2	8	5	9	28	10	20	11	25	12	93	13	39	14	82	15	94	16	51	17	59	18	73	19	15	20	13	21	12	22	20	23	23	24	41	25	17	26	28	27	28	28	3	29	77	30	2	31	4	32	56	33	21	34	59	35	2	36	73	37	49	38	64	39	10	40	64	41	65	42	65	43	79	44	76	45	79	46	7	47	96	48	65	49	15
	0	62	1	66	2	89	3	64	4	96	5	38	6	55	7	64	8	54	9	95	10	20	11	98	12	52	13	71	14	31	15	41	16	88	17	91	18	55	19	92	20	22	21	32	22	28	23	81	24	89	25	49	26	30	27	37	28	29	29	22	30	75	31	44	32	74	33	15	34	39	35	37	36	2	37	55	38	1	39	100	40	54	41	69	42	64	43	87	44	90	45	32	46	55	47	60	48	7	49	25
	0	50	1	16	2	58	3	6	4	66	5	69	6	43	7	27	8	2	9	77	10	61	11	65	12	36	13	56	14	42	15	53	16	11	17	4	18	100	19	11	20	55	21	38	22	77	23	32	24	22	25	15	26	63	27	58	28	59	29	79	30	20	31	62	32	23	33	77	34	41	35	20	36	9	37	10	38	24	39	30	40	68	41	29	42	32	43	19	44	9	45	98	46	90	47	48	48	36	49	55
	0	19	1	96	2	50	3	79	4	16	5	89	6	15	7	18	8	37	9	19	10	85	11	43	12	25	13	31	14	19	15	47	16	13	17	13	18	44	19	76	20	72	21	3	22	41	23	86	24	96	25	83	26	66	27	56	28	41	29	46	30	27	31	93	32	61	33	48	34	75	35	12	36	11	37	74	38	94	39	95	40	99	41	87	42	82	43	31	44	16	45	42	46	69	47	9	48	83	49	77
	0	13	1	25	2	75	3	17	4	63	5	4	6	24	7	52	8	82	9	58	10	11	11	69	12	79	13	33	14	96	15	62	16	80	17	19	18	46	19	46	20	45	21	12	22	56	23	36	24	5	25	65	26	83	27	79	28	83	29	63	30	34	31	54	32	21	33	8	34	65	35	72	36	12	37	5	38	8	39	28	40	45	41	67	42	12	43	14	44	71	45	6	46	65	47	81	48	71	49	66
	0	51	1	92	2	85	3	96	4	36	5	41	6	20	7	3	8	12	9	4	10	59	11	21	12	15	13	40	14	26	15	62	16	19	17	89	18	97	19	72	20	62	21	10	22	46	23	87	24	53	25	57	26	64	27	59	28	81	29	99	30	11	31	12	32	100	33	23	34	66	35	38	36	87	37	80	38	99	39	45	40	81	41	55	42	72	43	10	44	50	45	81	46	47	47	15	48	59	49	22
	0	61	1	57	2	18	3	3	4	88	5	63	6	35	7	49	8	4	9	48	10	24	11	64	12	22	13	2	14	14	15	80	16	72	17	96	18	77	19	31	20	22	21	28	22	66	23	47	24	85	25	71	26	30	27	73	28	60	29	81	30	55	31	47	32	79	33	71	34	29	35	10	36	79	37	75	38	57	39	17	40	16	41	47	42	47	43	74	44	85	45	74	46	60	47	27	48	19	49	89
	0	95	1	74	2	76	3	28	4	39	5	71	6	40	7	59	8	18	9	66	10	97	11	67	12	18	13	68	14	58	15	92	16	70	17	37	18	36	19	45	20	12	21	67	22	11	23	44	24	72	25	79	26	36	27	51	28	47	29	58	30	56	31	1	32	48	33	90	34	57	35	62	36	64	37	95	38	64	39	43	40	45	41	62	42	51	43	66	44	8	45	17	46	39	47	61	48	35	49	91
	0	83	1	34	2	89	3	79	4	82	5	39	6	94	7	81	8	71	9	46	10	32	11	91	12	66	13	82	14	68	15	62	16	69	17	83	18	4	19	63	20	65	21	6	22	16	23	12	24	71	25	62	26	29	27	49	28	97	29	84	30	37	31	82	32	53	33	40	34	72	35	10	36	3	37	48	38	73	39	33	40	43	41	64	42	16	43	72	44	63	45	43	46	2	47	77	48	23	49	87
	0	16	1	95	2	37	3	45	4	3	5	20	6	63	7	28	8	30	9	50	10	37	11	30	12	11	13	19	14	86	15	2	16	40	17	96	18	34	19	99	20	44	21	39	22	62	23	96	24	47	25	73	26	96	27	60	28	21	29	19	30	37	31	5	32	50	33	90	34	53	35	72	36	50	37	42	38	92	39	24	40	5	41	28	42	98	43	33	44	13	45	16	46	30	47	97	48	68	49	47
	0	15	1	36	2	11	3	57	4	97	5	22	6	17	7	92	8	45	9	75	10	14	11	77	12	40	13	10	14	55	15	21	16	71	17	11	18	72	19	85	20	81	21	1	22	94	23	23	24	53	25	89	26	17	27	86	28	40	29	43	30	26	31	49	32	71	33	16	34	48	35	92	36	76	37	13	38	63	39	55	40	22	41	92	42	93	43	40	44	65	45	12	46	73	47	39	48	32	49	3
	0	51	1	6	2	11	3	99	4	84	5	95	6	6	7	61	8	18	9	43	10	81	11	93	12	79	13	68	14	8	15	10	16	99	17	6	18	82	19	28	20	69	21	13	22	76	23	79	24	88	25	99	26	55	27	63	28	42	29	72	30	59	31	100	32	42	33	18	34	19	35	46	36	3	37	37	38	95	39	75	40	34	41	5	42	24	43	44	44	88	45	43	46	16	47	5	48	79	49	8
	0	56	1	15	2	61	3	46	4	84	5	70	6	49	7	47	8	61	9	50	10	95	11	21	12	57	13	70	14	72	15	80	16	1	17	60	18	28	19	64	20	91	21	19	22	100	23	90	24	48	25	28	26	8	27	91	28	67	29	98	30	72	31	62	32	1	33	12	34	15	35	56	36	58	37	60	38	49	39	77	40	40	41	3	42	61	43	69	44	15	45	94	46	34	47	7	48	12	49	48
	0	80	1	19	2	96	3	49	4	72	5	18	6	40	7	19	8	91	9	6	10	17	11	5	12	34	13	81	14	72	15	43	16	47	17	77	18	44	19	11	20	78	21	86	22	59	23	88	24	63	25	72	26	6	27	69	28	94	29	63	30	63	31	6	32	25	33	73	34	47	35	81	36	27	37	11	38	94	39	28	40	84	41	58	42	3	43	53	44	91	45	32	46	85	47	25	48	24	49	66
	0	18	1	48	2	50	3	71	4	91	5	12	6	22	7	63	8	83	9	3	10	87	11	65	12	23	13	17	14	76	15	21	16	12	17	98	18	63	19	91	20	15	21	7	22	27	23	93	24	47	25	83	26	39	27	30	28	15	29	63	30	54	31	7	32	91	33	59	34	95	35	30	36	18	37	20	38	50	39	52	40	85	41	20	42	21	43	80	44	21	45	57	46	89	47	86	48	94	49	45
	0	97	1	83	2	11	3	44	4	59	5	36	6	51	7	51	8	44	9	45	10	92	11	49	12	91	13	12	14	7	15	98	16	67	17	65	18	29	19	97	20	59	21	26	22	29	23	59	24	71	25	28	26	40	27	88	28	67	29	18	30	27	31	34	32	66	33	13	34	2	35	69	36	12	37	85	38	3	39	27	40	42	41	98	42	5	43	66	44	37	45	18	46	40	47	82	48	38	49	76
	0	22	1	66	2	53	3	48	4	21	5	71	6	85	7	81	8	24	9	62	10	57	11	93	12	78	13	36	14	28	15	9	16	14	17	51	18	13	19	17	20	71	21	94	22	40	23	59	24	1	25	86	26	35	27	90	28	99	29	92	30	2	31	68	32	1	33	90	34	33	35	57	36	45	37	22	38	78	39	60	40	73	41	21	42	52	43	13	44	48	45	92	46	63	47	1	48	79	49	95
	0	86	1	85	2	8	3	51	4	16	5	53	6	84	7	69	8	77	9	18	10	27	11	73	12	73	13	45	14	80	15	70	16	94	17	69	18	70	19	92	20	39	21	41	22	47	23	94	24	91	25	7	26	68	27	3	28	68	29	18	30	41	31	49	32	49	33	19	34	49	35	10	36	17	37	54	38	17	39	65	40	99	41	21	42	97	43	34	44	83	45	14	46	78	47	47	48	28	49	78
	0	47	1	75	2	25	3	48	4	61	5	100	6	57	7	32	8	6	9	36	10	63	11	94	12	49	13	98	14	15	15	24	16	12	17	97	18	61	19	90	20	21	21	12	22	83	23	40	24	17	25	49	26	87	27	84	28	25	29	1	30	20	31	53	32	10	33	79	34	64	35	59	36	89	37	49	38	80	39	68	40	59	41	20	42	87	43	63	44	60	45	66	46	95	47	83	48	96	49	52
	0	35	1	38	2	73	3	40	4	54	5	49	6	27	7	54	8	61	9	63	10	56	11	51	12	53	13	39	14	77	15	26	16	54	17	4	18	64	19	37	20	33	21	25	22	59	23	51	24	99	25	60	26	39	27	15	28	91	29	55	30	85	31	29	32	99	33	27	34	9	35	63	36	84	37	42	38	99	39	53	40	97	41	64	42	17	43	55	44	4	45	60	46	46	47	52	48	65	49	62
	0	75	1	51	2	36	3	39	4	70	5	86	6	79	7	21	8	59	9	50	10	4	11	76	12	46	13	96	14	81	15	40	16	23	17	90	18	92	19	44	20	40	21	9	22	12	23	99	24	58	25	9	26	44	27	13	28	1	29	9	30	34	31	65	32	71	33	66	34	54	35	71	36	90	37	49	38	28	39	87	40	1	41	11	42	29	43	58	44	27	45	35	46	80	47	8	48	66	49	13
	0	38	1	6	2	86	3	53	4	41	5	83	6	39	7	50	8	41	9	75	10	7	11	59	12	71	13	98	14	55	15	47	16	97	17	9	18	47	19	26	20	66	21	96	22	54	23	79	24	56	25	91	26	61	27	44	28	66	29	17	30	48	31	18	32	32	33	3	34	11	35	78	36	39	37	32	38	28	39	52	40	59	41	97	42	12	43	82	44	56	45	94	46	92	47	48	48	21	49	69
	0	5	1	67	2	35	3	91	4	14	5	73	6	70	7	39	8	61	9	32	10	78	11	1	12	36	13	77	14	27	15	39	16	17	17	42	18	83	19	63	20	100	21	31	22	56	23	9	24	48	25	69	26	38	27	42	28	3	29	10	30	26	31	92	32	60	33	88	34	94	35	15	36	85	37	52	38	53	39	44	40	25	41	24	42	26	43	50	44	55	45	54	46	20	47	45	48	42	49	67
	0	69	1	95	2	39	3	38	4	84	5	16	6	27	7	28	8	38	9	79	10	66	11	66	12	59	13	47	14	38	15	66	16	26	17	14	18	79	19	14	20	80	21	26	22	34	23	59	24	91	25	1	26	87	27	98	28	56	29	76	30	55	31	38	32	14	33	49	34	35	35	67	36	94	37	99	38	46	39	80	40	46	41	95	42	18	43	37	44	11	45	28	46	2	47	46	48	33	49	33
	0	17	1	95	2	24	3	78	4	50	5	88	6	23	7	45	8	73	9	51	10	24	11	15	12	59	13	6	14	54	15	47	16	87	17	48	18	29	19	17	20	86	21	58	22	22	23	31	24	53	25	32	26	18	27	56	28	45	29	33	30	36	31	20	32	26	33	72	34	50	35	74	36	19	37	80	38	43	39	25	40	12	41	41	42	58	43	72	44	89	45	84	46	46	47	14	48	2	49	53
	0	28	1	5	2	7	3	11	4	99	5	81	6	25	7	51	8	64	9	80	10	94	11	100	12	78	13	25	14	41	15	60	16	22	17	60	18	70	19	14	20	42	21	34	22	59	23	88	24	37	25	84	26	13	27	51	28	69	29	74	30	93	31	90	32	27	33	75	34	56	35	3	36	77	37	89	38	42	39	80	40	75	41	73	42	9	43	80	44	22	45	100	46	5	47	11	48	96	49	63
	0	14	1	85	2	82	3	17	4	29	5	98	6	88	7	12	8	32	9	48	10	21	11	55	12	84	13	8	14	55	15	13	16	60	17	9	18	28	19	51	20	73	21	99	22	23	23	37	24	82	25	73	26	51	27	97	28	70	29	21	30	26	31	82	32	46	33	3	34	95	35	72	36	93	37	69	38	80	39	46	40	80	41	81	42	18	43	84	44	4	45	94	46	39	47	86	48	30	49	22
	0	94	1	14	2	44	3	71	4	28	5	98	6	37	7	43	8	68	9	70	10	96	11	19	12	59	13	97	14	43	15	90	16	83	17	47	18	82	19	85	20	29	21	2	22	23	23	22	24	1	25	93	26	92	27	76	28	98	29	34	30	59	31	46	32	88	33	78	34	38	35	53	36	52	37	13	38	33	39	16	40	96	41	75	42	47	43	79	44	39	45	61	46	64	47	83	48	19	49	42
	0	82	1	22	2	95	3	23	4	61	5	3	6	27	7	12	8	92	9	19	10	49	11	76	12	23	13	99	14	91	15	94	16	96	17	89	18	4	19	59	20	62	21	83	22	81	23	70	24	100	25	10	26	4	27	6	28	52	29	34	30	44	31	7	32	39	33	44	34	86	35	76	36	26	37	24	38	76	39	75	40	58	41	28	42	3	43	4	44	83	45	16	46	58	47	64	48	18	49	13
	0	37	1	47	2	45	3	1	4	85	5	13	6	35	7	61	8	89	9	39	10	33	11	6	12	73	13	48	14	55	15	3	16	53	17	58	18	82	19	47	20	48	21	17	22	51	23	46	24	67	25	91	26	79	27	42	28	11	29	41	30	60	31	45	32	52	33	7	34	40	35	89	36	94	37	65	38	45	39	20	40	23	41	45	42	16	43	81	44	89	45	17	46	93	47	40	48	92	49	91
	0	28	1	97	2	61	3	74	4	42	5	57	6	43	7	83	8	36	9	41	10	44	11	32	12	38	13	99	14	92	15	3	16	35	17	29	18	13	19	89	20	25	21	16	22	31	23	83	24	91	25	50	26	46	27	22	28	69	29	88	30	47	31	24	32	95	33	67	34	57	35	83	36	5	37	83	38	28	39	6	40	62	41	86	42	20	43	93	44	23	45	74	46	48	47	19	48	54	49	70
	0	66	1	47	2	84	3	14	4	32	5	92	6	32	7	21	8	67	9	20	10	62	11	66	12	3	13	30	14	45	15	10	16	96	17	85	18	27	19	83	20	15	21	58	22	48	23	67	24	75	25	33	26	47	27	59	28	55	29	70	30	50	31	23	32	100	33	5	34	33	35	21	36	42	37	85	38	96	39	16	40	47	41	20	42	5	43	82	44	96	45	13	46	75	47	45	48	57	49	19
	0	99	1	60	2	91	3	18	4	66	5	87	6	12	7	13	8	98	9	35	10	92	11	95	12	12	13	63	14	81	15	31	16	94	17	80	18	71	19	53	20	22	21	69	22	50	23	84	24	90	25	36	26	1	27	1	28	13	29	55	30	43	31	30	32	22	33	51	34	40	35	39	36	72	37	64	38	7	39	43	40	21	41	67	42	87	43	62	44	59	45	32	46	93	47	91	48	97	49	75
	0	25	1	63	2	34	3	31	4	13	5	24	6	68	7	15	8	44	9	48	10	23	11	86	12	75	13	61	14	5	15	35	16	41	17	51	18	6	19	30	20	4	21	86	22	20	23	14	24	10	25	63	26	45	27	31	28	45	29	56	30	78	31	30	32	6	33	58	34	36	35	65	36	39	37	4	38	45	39	94	40	92	41	36	42	98	43	49	44	93	45	57	46	62	47	29	48	67	49	62
	0	89	1	30	2	19	3	59	4	58	5	20	6	78	7	18	8	56	9	30	10	62	11	98	12	83	13	6	14	10	15	58	16	16	17	49	18	5	19	39	20	88	21	39	22	60	23	73	24	66	25	20	26	61	27	66	28	19	29	90	30	87	31	54	32	25	33	24	34	38	35	27	36	53	37	20	38	52	39	73	40	11	41	60	42	92	43	90	44	65	45	4	46	29	47	60	48	45	49	74
	0	57	1	97	2	20	3	4	4	7	5	93	6	87	7	36	8	61	9	37	10	5	11	12	12	67	13	88	14	1	15	85	16	17	17	8	18	83	19	39	20	39	21	2	22	62	23	18	24	2	25	5	26	82	27	63	28	50	29	38	30	77	31	46	32	10	33	97	34	23	35	33	36	39	37	58	38	54	39	2	40	94	41	19	42	62	43	31	44	65	45	99	46	89	47	1	48	82	49	72
	0	83	1	90	2	93	3	3	4	93	5	62	6	80	7	21	8	5	9	63	10	55	11	40	12	49	13	85	14	52	15	9	16	34	17	59	18	4	19	55	20	93	21	84	22	85	23	66	24	36	25	20	26	37	27	2	28	39	29	74	30	30	31	40	32	45	33	74	34	9	35	2	36	21	37	17	38	34	39	16	40	9	41	22	42	22	43	94	44	78	45	25	46	39	47	54	48	51	49	2
	0	99	1	98	2	64	3	14	4	75	5	31	6	81	7	92	8	34	9	86	10	89	11	20	12	29	13	84	14	22	15	82	16	33	17	53	18	97	19	72	20	93	21	67	22	78	23	97	24	25	25	2	26	69	27	13	28	98	29	6	30	29	31	74	32	63	33	29	34	57	35	85	36	29	37	68	38	62	39	97	40	100	41	16	42	57	43	70	44	14	45	29	46	20	47	96	48	51	49	34
	0	4	1	79	2	4	3	57	4	3	5	84	6	32	7	44	8	5	9	12	10	28	11	90	12	80	13	74	14	84	15	14	16	97	17	59	18	31	19	34	20	47	21	28	22	78	23	36	24	43	25	66	26	95	27	50	28	7	29	83	30	98	31	50	32	57	33	54	34	37	35	67	36	85	37	19	38	5	39	75	40	54	41	98	42	95	43	83	44	75	45	91	46	92	47	48	48	40	49	58
	0	84	1	87	2	17	3	13	4	3	5	66	6	33	7	67	8	48	9	75	10	6	11	2	12	52	13	35	14	5	15	77	16	82	17	82	18	30	19	75	20	6	21	29	22	66	23	61	24	38	25	13	26	40	27	3	28	64	29	51	30	78	31	69	32	13	33	88	34	57	35	22	36	8	37	100	38	93	39	45	40	23	41	83	42	100	43	1	44	37	45	46	46	29	47	93	48	48	49	87
	0	54	1	66	2	87	3	15	4	76	5	5	6	65	7	59	8	63	9	76	10	21	11	71	12	33	13	45	14	63	15	97	16	62	17	62	18	18	19	12	20	72	21	87	22	38	23	3	24	29	25	16	26	24	27	70	28	43	29	10	30	64	31	69	32	80	33	45	34	98	35	18	36	99	37	48	38	55	39	53	40	87	41	67	42	32	43	80	44	59	45	100	46	99	47	77	48	32	49	80
	0	57	1	50	2	4	3	93	4	82	5	19	6	89	7	73	8	27	9	18	10	95	11	100	12	82	13	17	14	38	15	2	16	85	17	1	18	34	19	22	20	57	21	78	22	14	23	21	24	8	25	79	26	47	27	14	28	7	29	94	30	79	31	63	32	42	33	39	34	4	35	76	36	13	37	64	38	37	39	86	40	7	41	28	42	64	43	2	44	71	45	21	46	68	47	70	48	87	49	2
	0	63	1	75	2	91	3	67	4	2	5	71	6	8	7	94	8	17	9	30	10	91	11	12	12	19	13	35	14	86	15	83	16	69	17	66	18	62	19	22	20	85	21	58	22	68	23	65	24	64	25	14	26	22	27	73	28	15	29	16	30	40	31	36	32	51	33	66	34	46	35	7	36	69	37	42	38	34	39	80	40	22	41	57	42	78	43	99	44	78	45	60	46	98	47	60	48	81	49	5
	0	29	1	31	2	5	3	82	4	62	5	22	6	38	7	2	8	47	9	66	10	34	11	50	12	76	13	97	14	44	15	70	16	82	17	35	18	89	19	44	20	35	21	15	22	51	23	67	24	15	25	25	26	88	27	43	28	80	29	25	30	4	31	49	32	82	33	79	34	25	35	41	36	84	37	16	38	66	39	95	40	78	41	96	42	87	43	19	44	20	45	52	46	74	47	76	48	29	49	40
	0	96	1	79	2	5	3	7	4	22	5	94	6	67	7	60	8	91	9	24	10	32	11	10	12	84	13	70	14	64	15	5	16	33	17	4	18	77	19	92	20	59	21	85	22	65	23	58	24	44	25	11	26	94	27	47	28	53	29	85	30	89	31	64	32	81	33	39	34	83	35	88	36	88	37	39	38	22	39	77	40	36	41	86	42	47	43	23	44	51	45	51	46	85	47	2	48	72	49	32
	0	27	1	22	2	61	3	29	4	81	5	50	6	82	7	52	8	14	9	3	10	76	11	16	12	32	13	97	14	91	15	1	16	53	17	18	18	35	19	66	20	88	21	48	22	80	23	49	24	16	25	49	26	17	27	91	28	25	29	11	30	45	31	73	32	66	33	2	34	47	35	49	36	18	37	73	38	87	39	5	40	94	41	18	42	24	43	97	44	98	45	84	46	32	47	34	48	45	49	83
	0	80	1	3	2	91	3	51	4	85	5	72	6	23	7	50	8	77	9	4	10	37	11	28	12	12	13	67	14	71	15	58	16	29	17	29	18	90	19	27	20	52	21	75	22	39	23	67	24	56	25	76	26	1	27	21	28	70	29	97	30	35	31	96	32	74	33	42	34	80	35	61	36	26	37	54	38	49	39	64	40	9	41	16	42	42	43	99	44	90	45	38	46	65	47	40	48	48	49	19
	0	29	1	16	2	79	3	6	4	54	5	2	6	18	7	9	8	21	9	53	10	24	11	35	12	42	13	96	14	2	15	39	16	23	17	57	18	81	19	32	20	68	21	5	22	73	23	68	24	31	25	21	26	57	27	4	28	16	29	26	30	79	31	31	32	88	33	42	34	75	35	79	36	35	37	50	38	37	39	71	40	12	41	80	42	76	43	84	44	32	45	48	46	79	47	14	48	8	49	19
	0	39	1	83	2	51	3	65	4	14	5	14	6	68	7	43	8	44	9	71	10	38	11	21	12	30	13	44	14	42	15	13	16	59	17	15	18	78	19	17	20	22	21	48	22	94	23	51	24	63	25	69	26	16	27	45	28	55	29	52	30	44	31	29	32	96	33	23	34	65	35	11	36	57	37	25	38	85	39	67	40	44	41	31	42	89	43	54	44	42	45	97	46	84	47	36	48	54	49	76
	0	69	1	82	2	66	3	41	4	62	5	68	6	79	7	3	8	50	9	7	10	12	11	1	12	61	13	69	14	54	15	7	16	71	17	88	18	11	19	82	20	85	21	44	22	6	23	68	24	73	25	83	26	88	27	97	28	28	29	19	30	93	31	59	32	94	33	4	34	44	35	66	36	78	37	84	38	78	39	90	40	36	41	78	42	65	43	73	44	7	45	26	46	25	47	27	48	25	49	16
	0	69	1	84	2	42	3	78	4	36	5	56	6	39	7	92	8	76	9	13	10	10	11	74	12	17	13	3	14	31	15	17	16	16	17	51	18	76	19	4	20	71	21	21	22	21	23	30	24	63	25	45	26	53	27	85	28	28	29	18	30	79	31	94	32	5	33	41	34	98	35	26	36	99	37	54	38	82	39	91	40	44	41	79	42	83	43	11	44	72	45	87	46	56	47	31	48	21	49	40
	0	59	1	84	2	26	3	78	4	98	5	63	6	84	7	57	8	89	9	33	10	90	11	52	12	82	13	95	14	77	15	79	16	67	17	93	18	19	19	14	20	42	21	17	22	63	23	92	24	24	25	46	26	15	27	26	28	37	29	34	30	85	31	90	32	2	33	32	34	71	35	29	36	3	37	1	38	44	39	14	40	24	41	61	42	45	43	38	44	75	45	69	46	25	47	37	48	35	49	39
	0	74	1	75	2	3	3	33	4	40	5	13	6	27	7	93	8	10	9	75	10	41	11	89	12	13	13	72	14	49	15	6	16	88	17	35	18	19	19	96	20	88	21	84	22	90	23	59	24	37	25	28	26	96	27	44	28	72	29	69	30	55	31	73	32	5	33	66	34	97	35	30	36	11	37	68	38	10	39	69	40	27	41	31	42	29	43	38	44	96	45	72	46	14	47	19	48	21	49	44
	0	75	1	27	2	95	3	100	4	38	5	20	6	16	7	10	8	79	9	24	10	24	11	41	12	53	13	58	14	6	15	5	16	99	17	24	18	48	19	48	20	7	21	92	22	46	23	25	24	55	25	96	26	6	27	90	28	83	29	33	30	70	31	92	32	44	33	98	34	77	35	60	36	39	37	38	38	39	39	13	40	52	41	88	42	71	43	36	44	23	45	7	46	32	47	97	48	31	49	58
	0	52	1	5	2	75	3	82	4	55	5	31	6	71	7	59	8	97	9	39	10	11	11	61	12	91	13	6	14	45	15	40	16	78	17	23	18	85	19	9	20	72	21	3	22	39	23	94	24	83	25	49	26	31	27	84	28	93	29	40	30	58	31	2	32	61	33	59	34	91	35	61	36	48	37	61	38	24	39	95	40	9	41	46	42	24	43	69	44	1	45	1	46	43	47	13	48	77	49	14
	0	87	1	30	2	90	3	88	4	59	5	74	6	15	7	89	8	12	9	5	10	61	11	17	12	93	13	52	14	43	15	89	16	53	17	51	18	27	19	66	20	56	21	51	22	62	23	54	24	17	25	74	26	73	27	82	28	45	29	99	30	84	31	24	32	78	33	99	34	74	35	13	36	27	37	40	38	5	39	81	40	74	41	40	42	61	43	3	44	93	45	31	46	1	47	44	48	77	49	78
	0	4	1	35	2	3	3	51	4	59	5	18	6	56	7	46	8	38	9	42	10	8	11	11	12	41	13	4	14	11	15	18	16	14	17	62	18	52	19	77	20	72	21	62	22	91	23	7	24	79	25	60	26	59	27	88	28	67	29	32	30	2	31	67	32	96	33	97	34	98	35	94	36	87	37	7	38	79	39	4	40	86	41	63	42	30	43	86	44	24	45	72	46	57	47	88	48	6	49	58
	0	40	1	49	2	19	3	84	4	12	5	77	6	58	7	41	8	40	9	100	10	10	11	27	12	85	13	47	14	30	15	22	16	69	17	57	18	16	19	7	20	92	21	20	22	62	23	17	24	59	25	89	26	43	27	8	28	12	29	12	30	55	31	65	32	90	33	94	34	32	35	13	36	52	37	74	38	99	39	87	40	29	41	69	42	31	43	69	44	5	45	46	46	39	47	14	48	39	49	92
	0	97	1	14	2	73	3	19	4	72	5	66	6	83	7	10	8	39	9	59	10	87	11	97	12	75	13	84	14	100	15	30	16	80	17	29	18	100	19	70	20	60	21	28	22	64	23	24	24	61	25	59	26	60	27	95	28	65	29	22	30	27	31	30	32	65	33	40	34	68	35	73	36	79	37	57	38	40	39	66	40	85	41	32	42	18	43	47	44	86	45	55	46	59	47	49	48	14	49	26
	0	13	1	93	2	57	3	83	4	28	5	21	6	66	7	63	8	70	9	27	10	58	11	30	12	45	13	76	14	38	15	13	16	96	17	11	18	1	19	31	20	10	21	1	22	90	23	3	24	57	25	72	26	16	27	59	28	55	29	21	30	67	31	12	32	19	33	19	34	65	35	61	36	51	37	41	38	46	39	12	40	73	41	76	42	76	43	62	44	4	45	12	46	17	47	71	48	45	49	11
	0	18	1	15	2	20	3	87	4	94	5	7	6	80	7	81	8	3	9	13	10	68	11	90	12	58	13	9	14	16	15	77	16	16	17	58	18	7	19	94	20	32	21	1	22	30	23	76	24	83	25	82	26	7	27	99	28	84	29	69	30	72	31	1	32	65	33	26	34	43	35	20	36	68	37	47	38	81	39	86	40	89	41	77	42	77	43	81	44	85	45	54	46	72	47	49	48	98	49	62
	0	16	1	15	2	87	3	87	4	19	5	67	6	52	7	92	8	54	9	71	10	7	11	76	12	8	13	64	14	37	15	69	16	94	17	23	18	19	19	88	20	75	21	99	22	27	23	47	24	52	25	91	26	31	27	96	28	28	29	64	30	61	31	48	32	41	33	66	34	9	35	93	36	43	37	85	38	64	39	34	40	40	41	41	42	33	43	73	44	51	45	32	46	83	47	41	48	37	49	47
	0	85	1	60	2	98	3	36	4	76	5	59	6	62	7	97	8	61	9	100	10	91	11	8	12	10	13	79	14	94	15	36	16	27	17	6	18	20	19	71	20	8	21	88	22	55	23	98	24	96	25	57	26	70	27	89	28	15	29	24	30	80	31	68	32	37	33	55	34	6	35	11	36	4	37	88	38	70	39	49	40	24	41	45	42	42	43	16	44	7	45	11	46	30	47	38	48	5	49	77
	0	92	1	67	2	80	3	74	4	86	5	8	6	8	7	38	8	6	9	72	10	98	11	93	12	75	13	91	14	80	15	33	16	74	17	42	18	87	19	49	20	33	21	79	22	51	23	23	24	30	25	74	26	74	27	85	28	50	29	16	30	38	31	20	32	21	33	17	34	84	35	51	36	12	37	11	38	69	39	42	40	67	41	67	42	59	43	8	44	22	45	44	46	50	47	14	48	99	49	49
	0	6	1	94	2	6	3	89	4	56	5	40	6	75	7	20	8	89	9	33	10	100	11	37	12	53	13	14	14	87	15	65	16	33	17	15	18	10	19	27	20	57	21	6	22	35	23	14	24	78	25	23	26	63	27	84	28	16	29	85	30	97	31	53	32	55	33	16	34	38	35	63	36	34	37	17	38	68	39	44	40	89	41	77	42	71	43	96	44	12	45	2	46	92	47	58	48	46	49	5
	0	51	1	51	2	36	3	83	4	59	5	4	6	98	7	76	8	89	9	95	10	83	11	95	12	5	13	75	14	30	15	46	16	72	17	58	18	66	19	89	20	70	21	88	22	69	23	25	24	1	25	14	26	9	27	91	28	58	29	43	30	51	31	96	32	3	33	55	34	52	35	40	36	62	37	79	38	17	39	97	40	33	41	85	42	83	43	59	44	81	45	39	46	39	47	54	48	48	49	10
	0	14	1	4	2	12	3	45	4	81	5	77	6	70	7	38	8	71	9	52	10	29	11	71	12	84	13	3	14	27	15	86	16	33	17	57	18	34	19	32	20	90	21	5	22	75	23	91	24	87	25	54	26	2	27	71	28	97	29	51	30	1	31	30	32	22	33	25	34	95	35	58	36	35	37	21	38	7	39	44	40	57	41	20	42	66	43	92	44	87	45	79	46	82	47	70	48	92	49	30
	0	37	1	8	2	32	3	7	4	41	5	76	6	94	7	22	8	66	9	98	10	25	11	84	12	60	13	6	14	20	15	29	16	91	17	25	18	99	19	33	20	85	21	33	22	60	23	93	24	52	25	59	26	12	27	19	28	19	29	8	30	21	31	66	32	2	33	6	34	15	35	100	36	100	37	28	38	38	39	70	40	92	41	48	42	53	43	41	44	52	45	3	46	16	47	8	48	42	49	93
	0	98	1	81	2	20	3	31	4	3	5	36	6	92	7	27	8	18	9	53	10	87	11	77	12	99	13	91	14	32	15	72	16	68	17	69	18	69	19	64	20	87	21	68	22	17	23	51	24	19	25	49	26	97	27	62	28	6	29	65	30	60	31	61	32	17	33	18	34	78	35	93	36	47	37	75	38	8	39	52	40	72	41	54	42	29	43	33	44	85	45	39	46	99	47	7	48	78	49	89
	0	7	1	26	2	38	3	49	4	1	5	39	6	69	7	73	8	12	9	1	10	64	11	20	12	28	13	80	14	96	15	90	16	65	17	100	18	81	19	2	20	45	21	90	22	47	23	31	24	84	25	7	26	22	27	62	28	47	29	63	30	91	31	24	32	23	33	83	34	26	35	13	36	22	37	45	38	56	39	19	40	6	41	14	42	51	43	6	44	99	45	52	46	35	47	30	48	37	49	59
	0	28	1	72	2	66	3	1	4	27	5	35	6	85	7	5	8	35	9	26	10	87	11	43	12	11	13	27	14	66	15	30	16	13	17	22	18	81	19	4	20	42	21	30	22	88	23	72	24	9	25	71	26	95	27	31	28	90	29	59	30	92	31	3	32	46	33	5	34	58	35	45	36	2	37	52	38	64	39	12	40	33	41	9	42	4	43	1	44	97	45	39	46	35	47	89	48	99	49	2
	0	97	1	52	2	95	3	88	4	59	5	22	6	61	7	74	8	12	9	22	10	77	11	90	12	75	13	93	14	23	15	83	16	23	17	84	18	69	19	10	20	43	21	89	22	7	23	5	24	52	25	43	26	68	27	92	28	70	29	10	30	13	31	44	32	9	33	27	34	93	35	17	36	17	37	89	38	15	39	93	40	13	41	83	42	68	43	23	44	76	45	16	46	81	47	55	48	89	49	83
	0	34	1	77	2	42	3	74	4	30	5	22	6	54	7	28	8	2	9	5	10	61	11	67	12	20	13	2	14	79	15	68	16	20	17	76	18	54	19	72	20	63	21	15	22	31	23	22	24	93	25	47	26	30	27	86	28	76	29	32	30	99	31	6	32	12	33	58	34	78	35	79	36	61	37	79	38	5	39	65	40	31	41	88	42	39	43	62	44	15	45	95	46	87	47	17	48	69	49	67
	0	57	1	50	2	77	3	45	4	71	5	100	6	41	7	41	8	17	9	41	10	95	11	90	12	21	13	19	14	23	15	96	16	61	17	96	18	37	19	14	20	70	21	14	22	50	23	38	24	83	25	23	26	28	27	6	28	35	29	16	30	40	31	28	32	11	33	75	34	12	35	100	36	9	37	27	38	58	39	73	40	64	41	50	42	58	43	68	44	40	45	93	46	97	47	77	48	97	49	91
	0	83	1	75	2	83	3	88	4	6	5	43	6	17	7	5	8	20	9	81	10	43	11	9	12	42	13	37	14	94	15	79	16	9	17	11	18	90	19	68	20	47	21	99	22	42	23	4	24	18	25	71	26	63	27	95	28	70	29	22	30	86	31	8	32	2	33	26	34	50	35	52	36	9	37	80	38	8	39	90	40	86	41	31	42	52	43	42	44	89	45	12	46	79	47	68	48	88	49	24
	0	28	1	36	2	70	3	65	4	66	5	25	6	62	7	66	8	16	9	98	10	88	11	94	12	25	13	67	14	83	15	44	16	46	17	20	18	23	19	13	20	72	21	85	22	54	23	32	24	26	25	62	26	6	27	8	28	36	29	25	30	54	31	99	32	9	33	99	34	47	35	6	36	100	37	57	38	9	39	85	40	47	41	75	42	3	43	93	44	7	45	65	46	96	47	22	48	18	49	61
	0	73	1	96	2	67	3	26	4	83	5	22	6	47	7	18	8	25	9	23	10	30	11	10	12	94	13	10	14	91	15	75	16	55	17	46	18	49	19	74	20	10	21	24	22	22	23	1	24	76	25	59	26	18	27	74	28	96	29	65	30	82	31	92	32	39	33	74	34	98	35	73	36	67	37	3	38	16	39	60	40	85	41	89	42	20	43	60	44	79	45	43	46	99	47	32	48	29	49	98
	0	66	1	76	2	49	3	43	4	31	5	51	6	75	7	71	8	41	9	46	10	19	11	93	12	23	13	84	14	60	15	79	16	16	17	14	18	33	19	44	20	57	21	41	22	33	23	80	24	61	25	87	26	60	27	1	28	29	29	93	30	62	31	64	32	49	33	88	34	45	35	67	36	81	37	3	38	76	39	48	40	53	41	5	42	84	43	39	44	100	45	59	46	33	47	32	48	16	49	63
	0	37	1	75	2	12	3	13	4	23	5	10	6	3	7	83	8	75	9	1	10	49	11	29	12	4	13	35	14	41	15	62	16	47	17	82	18	99	19	37	20	63	21	46	22	28	23	56	24	93	25	52	26	39	27	91	28	13	29	44	30	38	31	61	32	73	33	92	34	47	35	32	36	20	37	29	38	93	39	11	40	40	41	71	42	97	43	65	44	65	45	91	46	30	47	79	48	38	49	43
	0	36	1	34	2	28	3	62	4	34	5	77	6	31	7	94	8	38	9	3	10	12	11	15	12	68	13	75	14	64	15	53	16	43	17	54	18	94	19	28	20	72	21	17	22	58	23	56	24	79	25	77	26	11	27	2	28	49	29	43	30	34	31	64	32	59	33	75	34	70	35	31	36	35	37	25	38	66	39	40	40	64	41	74	42	100	43	33	44	38	45	100	46	67	47	83	48	6	49	38
	0	22	1	38	2	75	3	18	4	13	5	15	6	75	7	91	8	65	9	25	10	79	11	87	12	84	13	27	14	59	15	45	16	97	17	26	18	89	19	31	20	48	21	81	22	56	23	30	24	6	25	76	26	24	27	56	28	74	29	68	30	60	31	44	32	92	33	26	34	35	35	11	36	72	37	18	38	31	39	88	40	9	41	9	42	43	43	69	44	68	45	75	46	44	47	29	48	24	49	63
	0	52	1	6	2	11	3	22	4	22	5	53	6	15	7	12	8	48	9	89	10	5	11	60	12	50	13	32	14	97	15	1	16	78	17	67	18	83	19	53	20	67	21	97	22	84	23	88	24	10	25	75	26	1	27	18	28	45	29	15	30	74	31	92	32	72	33	35	34	70	35	79	36	41	37	72	38	71	39	96	40	77	41	74	42	18	43	75	44	40	45	65	46	40	47	11	48	27	49	37
	0	81	1	19	2	72	3	100	4	87	5	90	6	96	7	17	8	31	9	27	10	12	11	90	12	77	13	5	14	95	15	81	16	26	17	86	18	62	19	70	20	75	21	72	22	25	23	11	24	100	25	91	26	17	27	9	28	29	29	39	30	100	31	46	32	80	33	32	34	4	35	31	36	74	37	29	38	60	39	33	40	36	41	40	42	15	43	46	44	73	45	34	46	61	47	81	48	58	49	90
	0	4	1	83	2	88	3	76	4	48	5	26	6	72	7	53	8	85	9	28	10	83	11	13	12	9	13	95	14	79	15	19	16	94	17	75	18	57	19	7	20	8	21	88	22	30	23	57	24	45	25	75	26	7	27	47	28	5	29	52	30	33	31	49	32	57	33	96	34	25	35	30	36	50	37	72	38	89	39	69	40	71	41	92	42	27	43	96	44	62	45	64	46	58	47	23	48	42	49	69
	0	8	1	18	2	92	3	74	4	58	5	43	6	14	7	68	8	34	9	54	10	59	11	86	12	98	13	39	14	81	15	46	16	63	17	47	18	80	19	31	20	38	21	10	22	21	23	68	24	94	25	91	26	64	27	8	28	81	29	100	30	16	31	1	32	56	33	44	34	6	35	10	36	98	37	26	38	53	39	22	40	17	41	1	42	49	43	51	44	82	45	49	46	7	47	23	48	33	49	28
	0	30	1	7	2	38	3	12	4	2	5	27	6	25	7	41	8	13	9	58	10	95	11	21	12	58	13	11	14	86	15	55	16	93	17	38	18	61	19	99	20	14	21	33	22	24	23	76	24	96	25	92	26	99	27	81	28	34	29	67	30	26	31	62	32	41	33	34	34	41	35	74	36	1	37	42	38	68	39	26	40	2	41	23	42	30	43	71	44	79	45	90	46	45	47	11	48	40	49	32
	0	92	1	20	2	68	3	99	4	33	5	5	6	17	7	31	8	45	9	52	10	35	11	70	12	91	13	30	14	97	15	72	16	34	17	62	18	25	19	86	20	81	21	68	22	23	23	89	24	97	25	48	26	60	27	81	28	33	29	61	30	78	31	89	32	66	33	9	34	9	35	19	36	31	37	53	38	24	39	66	40	98	41	92	42	49	43	76	44	33	45	100	46	27	47	7	48	33	49	2
	0	1	1	35	2	27	3	26	4	59	5	15	6	91	7	66	8	51	9	79	10	12	11	43	12	84	13	33	14	94	15	52	16	49	17	94	18	10	19	23	20	24	21	71	22	19	23	47	24	89	25	81	26	18	27	29	28	6	29	51	30	90	31	87	32	78	33	66	34	80	35	98	36	90	37	41	38	91	39	50	40	76	41	30	42	98	43	84	44	82	45	15	46	17	47	97	48	20	49	28
	0	71	1	59	2	21	3	100	4	54	5	74	6	37	7	30	8	66	9	64	10	55	11	43	12	89	13	74	14	24	15	58	16	18	17	21	18	93	19	82	20	58	21	43	22	25	23	31	24	68	25	100	26	40	27	13	28	12	29	58	30	78	31	25	32	24	33	43	34	13	35	78	36	28	37	48	38	44	39	24	40	57	41	41	42	40	43	50	44	47	45	81	46	27	47	89	48	30	49	73
	0	37	1	27	2	34	3	98	4	62	5	32	6	55	7	97	8	70	9	30	10	85	11	11	12	94	13	90	14	84	15	95	16	92	17	11	18	53	19	55	20	33	21	11	22	29	23	84	24	71	25	64	26	12	27	94	28	96	29	43	30	11	31	70	32	89	33	46	34	46	35	85	36	18	37	34	38	51	39	68	40	31	41	98	42	77	43	99	44	63	45	31	46	78	47	77	48	48	49	80
	0	20	1	97	2	98	3	93	4	76	5	7	6	5	7	4	8	66	9	61	10	60	11	2	12	65	13	65	14	11	15	82	16	3	17	87	18	97	19	88	20	5	21	97	22	28	23	74	24	63	25	26	26	100	27	57	28	36	29	88	30	64	31	42	32	6	33	87	34	1	35	23	36	53	37	13	38	43	39	15	40	25	41	94	42	68	43	51	44	3	45	53	46	58	47	57	48	97	49	2
	0	72	1	99	2	23	3	56	4	10	5	41	6	49	7	63	8	38	9	78	10	100	11	65	12	21	13	31	14	68	15	56	16	75	17	7	18	70	19	94	20	32	21	69	22	37	23	70	24	91	25	75	26	45	27	67	28	83	29	67	30	3	31	39	32	87	33	22	34	71	35	7	36	71	37	10	38	73	39	41	40	34	41	7	42	16	43	86	44	92	45	59	46	47	47	47	48	25	49	99
	0	95	1	30	2	65	3	65	4	82	5	29	6	18	7	65	8	16	9	78	10	33	11	87	12	78	13	26	14	56	15	64	16	70	17	100	18	50	19	18	20	7	21	60	22	61	23	57	24	42	25	69	26	47	27	12	28	69	29	17	30	24	31	9	32	55	33	93	34	78	35	28	36	73	37	76	38	61	39	7	40	52	41	98	42	51	43	68	44	63	45	100	46	62	47	84	48	3	49	74
	0	34	1	27	2	58	3	80	4	16	5	43	6	40	7	67	8	53	9	55	10	39	11	37	12	16	13	95	14	34	15	40	16	56	17	10	18	58	19	80	20	48	21	94	22	96	23	77	24	74	25	36	26	80	27	16	28	61	29	92	30	6	31	59	32	53	33	29	34	61	35	28	36	15	37	83	38	82	39	77	40	68	41	27	42	46	43	94	44	18	45	68	46	75	47	19	48	25	49	89
	0	14	1	72	2	33	3	19	4	97	5	4	6	37	7	95	8	37	9	41	10	76	11	49	12	75	13	71	14	82	15	40	16	88	17	93	18	93	19	94	20	47	21	31	22	50	23	46	24	65	25	85	26	12	27	91	28	78	29	69	30	60	31	70	32	53	33	50	34	85	35	74	36	14	37	7	38	67	39	25	40	21	41	56	42	4	43	69	44	66	45	18	46	43	47	3	48	42	49	28
	0	8	1	96	2	23	3	3	4	50	5	6	6	49	7	26	8	56	9	78	10	99	11	16	12	80	13	85	14	21	15	75	16	96	17	57	18	12	19	54	20	88	21	84	22	5	23	57	24	10	25	17	26	88	27	96	28	2	29	87	30	59	31	52	32	35	33	11	34	3	35	4	36	13	37	75	38	36	39	43	40	73	41	94	42	56	43	74	44	47	45	91	46	95	47	72	48	80	49	64
	0	66	1	50	2	20	3	5	4	42	5	54	6	30	7	9	8	12	9	89	10	71	11	89	12	8	13	47	14	73	15	62	16	92	17	85	18	83	19	2	20	48	21	79	22	62	23	57	24	20	25	48	26	73	27	73	28	85	29	29	30	66	31	93	32	57	33	41	34	77	35	97	36	70	37	70	38	69	39	13	40	65	41	70	42	7	43	32	44	90	45	58	46	38	47	74	48	98	49	35
	0	95	1	9	2	88	3	88	4	86	5	35	6	24	7	31	8	10	9	43	10	34	11	100	12	10	13	46	14	75	15	12	16	68	17	47	18	10	19	43	20	4	21	49	22	33	23	4	24	13	25	65	26	40	27	96	28	68	29	72	30	42	31	85	32	83	33	97	34	43	35	41	36	84	37	48	38	56	39	7	40	61	41	37	42	18	43	2	44	82	45	25	46	16	47	86	48	100	49	18
	0	63	1	26	2	82	3	87	4	57	5	43	6	35	7	64	8	26	9	35	10	21	11	85	12	48	13	2	14	74	15	40	16	82	17	22	18	62	19	70	20	63	21	46	22	69	23	20	24	45	25	15	26	77	27	32	28	86	29	25	30	72	31	51	32	16	33	83	34	19	35	50	36	39	37	26	38	67	39	32	40	47	41	12	42	76	43	41	44	50	45	93	46	91	47	93	48	56	49	29
	0	97	1	22	2	50	3	10	4	26	5	83	6	59	7	85	8	7	9	73	10	97	11	32	12	80	13	60	14	36	15	95	16	4	17	13	18	37	19	85	20	48	21	98	22	37	23	31	24	32	25	72	26	91	27	4	28	53	29	85	30	2	31	73	32	37	33	80	34	79	35	47	36	67	37	43	38	32	39	22	40	8	41	55	42	71	43	48	44	15	45	39	46	77	47	56	48	94	49	1
	0	68	1	39	2	61	3	17	4	60	5	57	6	6	7	10	8	20	9	21	10	74	11	22	12	36	13	81	14	99	15	71	16	71	17	97	18	74	19	44	20	72	21	98	22	32	23	86	24	35	25	51	26	64	27	57	28	70	29	74	30	16	31	92	32	5	33	95	34	35	35	71	36	17	37	20	38	39	39	89	40	94	41	68	42	62	43	86	44	59	45	93	46	72	47	72	48	3	49	87
	0	73	1	57	2	18	3	51	4	54	5	75	6	26	7	60	8	7	9	61	10	34	11	71	12	70	13	14	14	81	15	52	16	43	17	70	18	38	19	17	20	91	21	44	22	78	23	8	24	21	25	37	26	54	27	63	28	13	29	13	30	11	31	35	32	37	33	79	34	45	35	83	36	70	37	33	38	88	39	34	40	23	41	71	42	69	43	84	44	23	45	48	46	86	47	95	48	7	49	49
	0	87	1	3	2	40	3	12	4	46	5	44	6	52	7	10	8	89	9	59	10	53	11	76	12	90	13	46	14	82	15	33	16	56	17	59	18	94	19	75	20	72	21	70	22	84	23	88	24	56	25	62	26	14	27	26	28	67	29	1	30	90	31	69	32	61	33	3	34	88	35	33	36	78	37	17	38	50	39	18	40	10	41	64	42	90	43	93	44	90	45	16	46	72	47	70	48	92	49	8
	0	61	1	13	2	40	3	3	4	56	5	88	6	61	7	71	8	54	9	32	10	29	11	33	12	3	13	19	14	91	15	3	16	54	17	47	18	63	19	7	20	4	21	50	22	51	23	73	24	92	25	49	26	21	27	28	28	13	29	66	30	22	31	24	32	28	33	65	34	57	35	9	36	4	37	21	38	32	39	87	40	20	41	100	42	36	43	46	44	2	45	15	46	38	47	53	48	80	49	94
	0	97	1	35	2	100	3	70	4	26	5	98	6	1	7	80	8	50	9	55	10	59	11	24	12	51	13	65	14	69	15	47	16	100	17	2	18	85	19	17	20	1	21	5	22	64	23	18	24	9	25	82	26	86	27	97	28	99	29	69	30	28	31	19	32	85	33	59	34	19	35	22	36	33	37	63	38	25	39	72	40	2	41	60	42	9	43	75	44	16	45	53	46	83	47	80	48	51	49	35
	0	52	1	81	2	80	3	30	4	5	5	23	6	26	7	72	8	3	9	34	10	1	11	28	12	77	13	67	14	38	15	77	16	38	17	23	18	50	19	6	20	46	21	66	22	59	23	94	24	6	25	75	26	86	27	73	28	84	29	82	30	2	31	100	32	56	33	96	34	68	35	83	36	34	37	6	38	25	39	38	40	43	41	20	42	6	43	75	44	31	45	83	46	77	47	25	48	28	49	68
	0	43	1	81	2	14	3	51	4	63	5	98	6	40	7	6	8	64	9	76	10	11	11	78	12	51	13	28	14	39	15	18	16	42	17	98	18	11	19	7	20	99	21	90	22	44	23	78	24	7	25	15	26	11	27	17	28	28	29	80	30	55	31	30	32	56	33	53	34	49	35	71	36	12	37	100	38	45	39	80	40	86	41	75	42	20	43	90	44	4	45	91	46	41	47	84	48	66	49	25
	0	68	1	21	2	2	3	25	4	88	5	54	6	31	7	20	8	59	9	17	10	29	11	56	12	82	13	56	14	17	15	3	16	43	17	17	18	61	19	19	20	100	21	30	22	19	23	48	24	90	25	44	26	77	27	97	28	98	29	5	30	84	31	26	32	6	33	91	34	42	35	33	36	1	37	23	38	39	39	25	40	39	41	34	42	21	43	7	44	66	45	71	46	40	47	27	48	58	49	37
	0	25	1	63	2	30	3	21	4	64	5	38	6	17	7	66	8	92	9	95	10	39	11	69	12	25	13	78	14	96	15	13	16	88	17	90	18	57	19	86	20	21	21	29	22	34	23	23	24	56	25	27	26	61	27	77	28	17	29	33	30	26	31	27	32	76	33	28	34	7	35	42	36	55	37	50	38	20	39	87	40	78	41	72	42	90	43	40	44	98	45	72	46	82	47	35	48	67	49	63
	0	74	1	71	2	3	3	96	4	46	5	35	6	92	7	47	8	13	9	52	10	26	11	44	12	48	13	35	14	43	15	100	16	45	17	7	18	59	19	55	20	38	21	34	22	73	23	56	24	71	25	60	26	98	27	13	28	74	29	57	30	60	31	6	32	15	33	31	34	43	35	51	36	100	37	29	38	98	39	39	40	68	41	50	42	26	43	98	44	97	45	61	46	14	47	53	48	6	49	61
	0	74	1	87	2	29	3	41	4	23	5	12	6	98	7	46	8	1	9	20	10	57	11	29	12	10	13	64	14	88	15	48	16	33	17	87	18	39	19	60	20	47	21	13	22	62	23	1	24	62	25	44	26	16	27	57	28	34	29	52	30	96	31	71	32	34	33	44	34	73	35	40	36	81	37	45	38	83	39	93	40	66	41	26	42	82	43	53	44	16	45	70	46	48	47	28	48	94	49	59
	0	28	1	89	2	21	3	18	4	31	5	15	6	57	7	49	8	19	9	26	10	5	11	49	12	66	13	33	14	2	15	89	16	69	17	66	18	9	19	98	20	33	21	72	22	34	23	77	24	73	25	83	26	35	27	46	28	93	29	6	30	85	31	87	32	51	33	75	34	11	35	43	36	3	37	74	38	20	39	92	40	87	41	22	42	90	43	86	44	13	45	69	46	78	47	48	48	37	49	55
	0	76	1	54	2	50	3	30	4	31	5	37	6	23	7	25	8	81	9	4	10	69	11	41	12	93	13	54	14	14	15	80	16	14	17	15	18	3	19	40	20	43	21	65	22	76	23	52	24	6	25	93	26	81	27	28	28	90	29	12	30	16	31	46	32	58	33	36	34	30	35	91	36	64	37	79	38	97	39	36	40	27	41	44	42	65	43	21	44	42	45	7	46	41	47	69	48	37	49	100
	0	52	1	49	2	100	3	76	4	10	5	74	6	31	7	92	8	55	9	85	10	4	11	35	12	68	13	77	14	41	15	4	16	66	17	55	18	24	19	93	20	29	21	24	22	3	23	57	24	17	25	58	26	85	27	58	28	78	29	6	30	93	31	4	32	64	33	17	34	47	35	47	36	82	37	97	38	97	39	91	40	69	41	42	42	14	43	37	44	73	45	90	46	17	47	59	48	47	49	1
	0	83	1	82	2	23	3	50	4	99	5	20	6	4	7	94	8	11	9	83	10	92	11	59	12	4	13	72	14	50	15	32	16	23	17	12	18	57	19	81	20	99	21	87	22	2	23	26	24	51	25	98	26	32	27	28	28	85	29	39	30	56	31	81	32	98	33	64	34	54	35	25	36	59	37	100	38	53	39	94	40	39	41	21	42	67	43	95	44	98	45	88	46	16	47	63	48	52	49	22
	0	71	1	40	2	84	3	70	4	76	5	94	6	76	7	67	8	66	9	33	10	55	11	24	12	71	13	26	14	8	15	71	16	68	17	12	18	88	19	56	20	35	21	53	22	24	23	77	24	11	25	84	26	13	27	74	28	64	29	52	30	38	31	40	32	28	33	38	34	62	35	13	36	60	37	26	38	83	39	55	40	17	41	53	42	43	43	29	44	65	45	43	46	33	47	47	48	79	49	26
	0	47	1	32	2	66	3	88	4	51	5	17	6	50	7	99	8	94	9	91	10	89	11	20	12	70	13	43	14	5	15	89	16	98	17	84	18	70	19	30	20	100	21	35	22	46	23	34	24	71	25	12	26	9	27	14	28	79	29	53	30	73	31	35	32	56	33	64	34	9	35	48	36	40	37	75	38	31	39	12	40	93	41	41	42	83	43	63	44	18	45	24	46	47	47	62	48	15	49	36
	0	63	1	41	2	88	3	48	4	37	5	25	6	72	7	68	8	67	9	1	10	33	11	63	12	7	13	55	14	92	15	75	16	69	17	4	18	41	19	46	20	23	21	97	22	71	23	64	24	35	25	55	26	35	27	87	28	70	29	75	30	94	31	13	32	44	33	20	34	39	35	95	36	92	37	76	38	84	39	31	40	98	41	39	42	65	43	64	44	7	45	56	46	90	47	79	48	100	49	56
Reldue
-1	10743	-1	1
-1	18761	-1	1
-1	6537	-1	1
-1	9469	-1	1
-1	19733	-1	1
-1	10732	-1	1
-1	8514	-1	1
-1	11787	-1	1
-1	13958	-1	1
-1	13013	-1	1
-1	14316	-1	1
-1	19861	-1	1
-1	16339	-1	1
-1	11935	-1	1
-1	14720	-1	1
-1	13177	-1	1
-1	17100	-1	1
-1	11633	-1	1
-1	9858	-1	1
-1	10961	-1	1
-1	13465	-1	1
-1	16347	-1	1
-1	13642	-1	1
-1	11163	-1	1
-1	8841	-1	1
-1	13587	-1	1
-1	15596	-1	1
-1	13834	-1	1
-1	11335	-1	1
-1	16630	-1	1
-1	20159	-1	1
-1	9300	-1	1
-1	12786	-1	1
-1	9564	-1	1
-1	5734	-1	1
-1	18944	-1	1
-1	11648	-1	1
-1	17697	-1	1
-1	9645	-1	1
-1	14185	-1	1
-1	6119	-1	1
-1	13497	-1	1
-1	16889	-1	1
-1	12812	-1	1
-1	13018	-1	1
-1	13937	-1	1
-1	7582	-1	1
-1	13901	-1	1
-1	15329	-1	1
-1	8968	-1	1
-1	5339	-1	1
-1	15654	-1	1
-1	11315	-1	1
-1	6551	-1	1
-1	19698	-1	1
-1	20061	-1	1
-1	13330	-1	1
-1	13993	-1	1
-1	14422	-1	1
-1	10414	-1	1
-1	4886	-1	1
-1	14037	-1	1
-1	6133	-1	1
-1	16899	-1	1
-1	9316	-1	1
-1	13732	-1	1
-1	10258	-1	1
-1	13671	-1	1
-1	20337	-1	1
-1	13217	-1	1
-1	9207	-1	1
-1	5267	-1	1
-1	18280	-1	1
-1	11573	-1	1
-1	11963	-1	1
-1	6631	-1	1
-1	17962	-1	1
-1	14288	-1	1
-1	12137	-1	1
-1	16304	-1	1
-1	19767	-1	1
-1	10762	-1	1
-1	15429	-1	1
-1	7982	-1	1
-1	5571	-1	1
-1	19466	-1	1
-1	13975	-1	1
-1	16496	-1	1
-1	15451	-1	1
-1	4829	-1	1
-1	8093	-1	1
-1	6851	-1	1
-1	16327	-1	1
-1	6070	-1	1
-1	7686	-1	1
-1	17232	-1	1
-1	13320	-1	1
-1	8134	-1	1
-1	12074	-1	1
-1	6306	-1	1
-1	13198	-1	1
-1	12346	-1	1
-1	17906	-1	1
-1	13131	-1	1
-1	16769	-1	1
-1	16948	-1	1
-1	14802	-1	1
-1	5227	-1	1
-1	17462	-1	1
-1	12941	-1	1
-1	10537	-1	1
-1	15278	-1	1
-1	18572	-1	1
-1	10639	-1	1
-1	6288	-1	1
-1	12464	-1	1
-1	7292	-1	1
-1	6678	-1	1
-1	18555	-1	1
-1	7163	-1	1
-1	15405	-1	1
-1	8640	-1	1
-1	13460	-1	1
-1	15006	-1	1
-1	9082	-1	1
-1	19219	-1	1
-1	14430	-1	1
-1	11185	-1	1
-1	11609	-1	1
-1	10976	-1	1
-1	6325	-1	1
-1	9749	-1	1
-1	5815	-1	1
-1	4948	-1	1
-1	14409	-1	1
-1	15241	-1	1
-1	12187	-1	1
-1	10219	-1	1
-1	4713	-1	1
-1	4932	-1	1
-1	6863	-1	1
-1	8135	-1	1
-1	7679	-1	1
-1	9873	-1	1
-1	5039	-1	1
-1	12252	-1	1
-1	9873	-1	1
-1	6902	-1	1
-1	13106	-1	1
-1	19809	-1	1
-1	7822	-1	1
-1	10740	-1	1
-1	10709	-1	1
-1	18868	-1	1
-1	11420	-1	1
-1	7850	-1	1
-1	18241	-1	1
-1	15646	-1	1
-1	7413	-1	1
-1	19455	-1	1
-1	11788	-1	1
-1	19181	-1	1
-1	6991	-1	1
-1	5836	-1	1
-1	14993	-1	1
-1	18309	-1	1
-1	7953	-1	1
-1	16701	-1	1
-1	12442	-1	1
-1	5494	-1	1
-1	18971	-1	1
-1	10146	-1	1
-1	6212	-1	1
-1	12051	-1	1
-1	15553	-1	1
-1	18953	-1	1
-1	8906	-1	1
-1	13624	-1	1
-1	14355	-1	1
-1	16304	-1	1
-1	5208	-1	1
-1	7017	-1	1
-1	18043	-1	1
-1	10931	-1	1
-1	11839	-1	1
-1	15498	-1	1
-1	9530	-1	1
-1	13386	-1	1
-1	9673	-1	1
-1	18418	-1	1
-1	6088	-1	1
-1	19934	-1	1
-1	10942	-1	1
-1	8397	-1	1
-1	15574	-1	1
-1	7959	-1	1
-1	11801	-1	1
-1	7558	-1	1
-1	7044	-1	1
-1	18947	-1	1
-1	7099	-1	1
-1	19084	-1	1
-1	11934	-1	1
-1	17686	-1	1
-1	13298	-1	1
-1	19507	-1	1
-1	6283	-1	1
-1	18574	-1	1
-1	18088	-1	1
-1	7158	-1	1
-1	11089	-1	1
-1	18958	-1	1
-1	13980	-1	1
-1	16502	-1	1
-1	6480	-1	1
-1	19075	-1	1
-1	10927	-1	1
-1	12029	-1	1
-1	10702	-1	1
-1	5075	-1	1
-1	5260	-1	1
-1	17582	-1	1
-1	5690	-1	1
-1	10328	-1	1
-1	11293	-1	1
-1	11259	-1	1
-1	5451	-1	1
-1	14096	-1	1
-1	15489	-1	1
-1	12212	-1	1
-1	19455	-1	1
-1	19743	-1	1
-1	14339	-1	1
-1	6882	-1	1
-1	11585	-1	1
-1	16789	-1	1
-1	19305	-1	1
-1	7951	-1	1
-1	6045	-1	1
-1	20263	-1	1
-1	9981	-1	1
-1	10936	-1	1
-1	10261	-1	1
-1	9056	-1	1
-1	8409	-1	1
-1	8653	-1	1
-1	7934	-1	1
-1	11538	-1	1
-1	13072	-1	1
-1	8503	-1	1
LBCmax: 15653
