250  50
	0	61	1	81	2	75	3	68	4	33	5	64	6	59	7	32	8	81	9	1	10	19	11	9	12	68	13	49	14	14	15	37	16	80	17	72	18	65	19	26	20	39	21	47	22	51	23	40	24	39	25	61	26	89	27	49	28	75	29	78	30	73	31	3	32	4	33	48	34	23	35	29	36	54	37	96	38	77	39	90	40	78	41	79	42	37	43	34	44	13	45	31	46	26	47	20	48	95	49	27
	0	51	1	13	2	35	3	22	4	49	5	76	6	70	7	63	8	76	9	4	10	19	11	69	12	73	13	74	14	37	15	31	16	92	17	9	18	28	19	82	20	94	21	85	22	64	23	27	24	47	25	18	26	26	27	43	28	66	29	16	30	53	31	87	32	98	33	91	34	86	35	69	36	31	37	45	38	14	39	82	40	79	41	99	42	86	43	88	44	79	45	12	46	28	47	15	48	97	49	17
	0	86	1	9	2	34	3	69	4	89	5	31	6	66	7	77	8	85	9	17	10	77	11	82	12	22	13	26	14	63	15	75	16	55	17	52	18	1	19	94	20	95	21	66	22	29	23	34	24	64	25	16	26	87	27	44	28	94	29	13	30	85	31	25	32	78	33	67	34	26	35	33	36	96	37	55	38	92	39	44	40	38	41	35	42	61	43	61	44	15	45	44	46	35	47	44	48	28	49	35
	0	66	1	9	2	29	3	41	4	42	5	23	6	13	7	86	8	52	9	83	10	93	11	62	12	36	13	70	14	74	15	44	16	10	17	8	18	27	19	35	20	7	21	66	22	6	23	32	24	77	25	89	26	89	27	68	28	33	29	43	30	10	31	83	32	45	33	16	34	31	35	9	36	17	37	96	38	63	39	85	40	89	41	33	42	33	43	27	44	61	45	53	46	66	47	34	48	31	49	64
	0	17	1	89	2	76	3	3	4	78	5	94	6	43	7	88	8	47	9	51	10	13	11	79	12	29	13	65	14	64	15	77	16	7	17	50	18	33	19	94	20	13	21	48	22	67	23	87	24	62	25	1	26	8	27	38	28	64	29	28	30	45	31	10	32	96	33	8	34	47	35	30	36	14	37	59	38	32	39	71	40	38	41	73	42	61	43	24	44	30	45	49	46	54	47	96	48	63	49	17
	0	56	1	74	2	33	3	64	4	16	5	27	6	79	7	1	8	53	9	54	10	100	11	23	12	13	13	92	14	92	15	60	16	49	17	34	18	44	19	15	20	78	21	38	22	55	23	41	24	97	25	13	26	79	27	7	28	58	29	17	30	95	31	43	32	31	33	7	34	64	35	73	36	23	37	23	38	23	39	72	40	9	41	94	42	25	43	15	44	5	45	98	46	26	47	90	48	95	49	20
	0	69	1	2	2	72	3	81	4	39	5	86	6	74	7	47	8	64	9	10	10	23	11	19	12	99	13	37	14	88	15	77	16	16	17	65	18	31	19	35	20	82	21	85	22	18	23	16	24	12	25	1	26	99	27	55	28	14	29	21	30	82	31	2	32	60	33	14	34	61	35	78	36	72	37	70	38	76	39	89	40	93	41	32	42	7	43	23	44	65	45	83	46	40	47	83	48	71	49	85
	0	44	1	13	2	88	3	39	4	58	5	39	6	54	7	81	8	80	9	25	10	68	11	51	12	88	13	13	14	57	15	94	16	52	17	98	18	85	19	78	20	22	21	67	22	91	23	50	24	74	25	90	26	76	27	42	28	81	29	37	30	80	31	27	32	20	33	93	34	18	35	57	36	38	37	49	38	63	39	57	40	42	41	15	42	97	43	53	44	74	45	96	46	74	47	37	48	10	49	99
	0	54	1	22	2	62	3	74	4	8	5	38	6	96	7	16	8	13	9	54	10	89	11	68	12	65	13	36	14	80	15	4	16	95	17	90	18	1	19	95	20	71	21	32	22	85	23	66	24	2	25	80	26	85	27	12	28	91	29	90	30	55	31	27	32	97	33	42	34	81	35	66	36	12	37	77	38	53	39	41	40	52	41	32	42	25	43	14	44	18	45	10	46	96	47	61	48	87	49	17
	0	21	1	90	2	33	3	8	4	18	5	62	6	83	7	60	8	47	9	32	10	60	11	51	12	68	13	17	14	82	15	4	16	95	17	63	18	91	19	46	20	34	21	40	22	63	23	67	24	32	25	33	26	1	27	99	28	5	29	69	30	7	31	41	32	6	33	12	34	22	35	93	36	59	37	22	38	32	39	97	40	71	41	44	42	5	43	71	44	85	45	95	46	18	47	1	48	53	49	48
	0	54	1	27	2	32	3	30	4	13	5	28	6	37	7	92	8	46	9	4	10	96	11	23	12	14	13	92	14	98	15	2	16	32	17	94	18	32	19	7	20	37	21	72	22	50	23	48	24	18	25	51	26	3	27	74	28	62	29	50	30	37	31	71	32	30	33	3	34	53	35	64	36	62	37	59	38	49	39	74	40	58	41	76	42	19	43	6	44	12	45	29	46	70	47	65	48	77	49	19
	0	69	1	18	2	84	3	42	4	59	5	61	6	62	7	44	8	74	9	57	10	16	11	98	12	63	13	44	14	69	15	59	16	7	17	38	18	67	19	81	20	60	21	77	22	8	23	19	24	81	25	90	26	50	27	34	28	27	29	70	30	92	31	80	32	11	33	91	34	52	35	42	36	56	37	11	38	71	39	55	40	9	41	36	42	27	43	17	44	79	45	44	46	40	47	80	48	13	49	83
	0	81	1	91	2	44	3	12	4	41	5	89	6	47	7	37	8	23	9	19	10	11	11	52	12	32	13	88	14	4	15	4	16	14	17	83	18	82	19	41	20	47	21	39	22	76	23	92	24	87	25	4	26	64	27	10	28	34	29	56	30	99	31	72	32	50	33	62	34	59	35	5	36	71	37	94	38	39	39	97	40	70	41	19	42	91	43	7	44	72	45	57	46	6	47	75	48	41	49	52
	0	62	1	8	2	67	3	6	4	3	5	94	6	34	7	87	8	32	9	47	10	60	11	75	12	99	13	16	14	17	15	47	16	45	17	94	18	81	19	91	20	37	21	10	22	76	23	99	24	74	25	97	26	8	27	2	28	80	29	58	30	99	31	12	32	1	33	85	34	72	35	14	36	74	37	3	38	49	39	15	40	30	41	25	42	50	43	29	44	55	45	64	46	21	47	71	48	26	49	33
	0	27	1	90	2	81	3	4	4	73	5	49	6	97	7	48	8	55	9	40	10	97	11	47	12	48	13	4	14	91	15	56	16	80	17	74	18	30	19	65	20	62	21	68	22	36	23	75	24	54	25	9	26	18	27	7	28	94	29	39	30	8	31	89	32	33	33	54	34	66	35	97	36	37	37	85	38	31	39	50	40	50	41	89	42	36	43	78	44	43	45	46	46	3	47	22	48	74	49	49
	0	72	1	18	2	46	3	50	4	63	5	95	6	44	7	11	8	46	9	72	10	65	11	31	12	79	13	45	14	94	15	96	16	45	17	96	18	87	19	50	20	77	21	56	22	49	23	70	24	85	25	22	26	36	27	30	28	92	29	94	30	9	31	52	32	57	33	89	34	20	35	94	36	54	37	45	38	12	39	29	40	5	41	27	42	57	43	3	44	11	45	95	46	76	47	80	48	31	49	96
	0	91	1	14	2	74	3	84	4	29	5	4	6	38	7	92	8	74	9	27	10	96	11	2	12	12	13	49	14	2	15	93	16	47	17	56	18	88	19	50	20	69	21	61	22	68	23	77	24	91	25	90	26	59	27	49	28	14	29	23	30	92	31	83	32	60	33	73	34	89	35	16	36	87	37	13	38	98	39	37	40	98	41	83	42	37	43	87	44	78	45	58	46	78	47	34	48	38	49	21
	0	75	1	99	2	47	3	7	4	18	5	68	6	80	7	100	8	59	9	32	10	15	11	94	12	57	13	29	14	51	15	50	16	24	17	99	18	40	19	22	20	76	21	49	22	45	23	22	24	17	25	5	26	74	27	47	28	18	29	6	30	47	31	1	32	58	33	46	34	100	35	65	36	44	37	85	38	35	39	21	40	32	41	80	42	55	43	10	44	10	45	99	46	68	47	95	48	14	49	42
	0	27	1	58	2	89	3	56	4	48	5	44	6	24	7	24	8	35	9	37	10	11	11	90	12	73	13	32	14	13	15	7	16	100	17	39	18	42	19	52	20	60	21	15	22	81	23	45	24	81	25	44	26	95	27	45	28	57	29	83	30	26	31	19	32	4	33	49	34	65	35	25	36	36	37	24	38	26	39	31	40	70	41	99	42	3	43	59	44	63	45	81	46	48	47	63	48	41	49	31
	0	18	1	30	2	55	3	22	4	91	5	94	6	10	7	18	8	11	9	6	10	11	11	17	12	61	13	69	14	51	15	23	16	36	17	66	18	29	19	16	20	77	21	21	22	55	23	57	24	99	25	74	26	7	27	36	28	5	29	60	30	35	31	47	32	86	33	22	34	18	35	59	36	30	37	7	38	28	39	6	40	18	41	14	42	69	43	27	44	50	45	93	46	67	47	11	48	44	49	22
	0	48	1	49	2	9	3	7	4	37	5	85	6	61	7	84	8	41	9	16	10	59	11	6	12	17	13	94	14	64	15	67	16	37	17	18	18	51	19	77	20	95	21	35	22	31	23	88	24	15	25	67	26	61	27	59	28	70	29	46	30	40	31	80	32	6	33	29	34	42	35	16	36	35	37	11	38	10	39	27	40	47	41	65	42	16	43	76	44	41	45	79	46	82	47	47	48	1	49	68
	0	87	1	13	2	37	3	81	4	26	5	36	6	77	7	20	8	90	9	95	10	99	11	61	12	80	13	64	14	12	15	39	16	76	17	88	18	37	19	12	20	24	21	32	22	50	23	53	24	17	25	7	26	81	27	12	28	76	29	80	30	91	31	56	32	55	33	37	34	53	35	73	36	33	37	55	38	30	39	94	40	71	41	98	42	14	43	93	44	30	45	38	46	70	47	38	48	94	49	76
	0	1	1	19	2	38	3	15	4	23	5	76	6	35	7	99	8	33	9	5	10	91	11	23	12	83	13	4	14	55	15	84	16	12	17	92	18	44	19	33	20	93	21	26	22	67	23	25	24	96	25	79	26	63	27	3	28	80	29	62	30	62	31	48	32	55	33	11	34	47	35	83	36	82	37	60	38	74	39	19	40	10	41	71	42	77	43	74	44	50	45	10	46	69	47	6	48	52	49	69
	0	4	1	43	2	31	3	77	4	75	5	99	6	44	7	56	8	59	9	1	10	37	11	23	12	30	13	88	14	99	15	23	16	1	17	30	18	92	19	53	20	73	21	96	22	49	23	23	24	95	25	68	26	60	27	51	28	64	29	66	30	83	31	90	32	20	33	51	34	54	35	35	36	25	37	6	38	78	39	66	40	7	41	14	42	31	43	10	44	28	45	92	46	2	47	39	48	11	49	41
	0	59	1	33	2	5	3	24	4	5	5	79	6	13	7	81	8	75	9	78	10	86	11	43	12	84	13	87	14	55	15	11	16	18	17	15	18	79	19	97	20	40	21	50	22	3	23	59	24	47	25	88	26	73	27	69	28	5	29	93	30	42	31	89	32	36	33	3	34	72	35	61	36	54	37	55	38	5	39	27	40	54	41	21	42	67	43	30	44	6	45	49	46	31	47	65	48	24	49	60
	0	33	1	87	2	91	3	51	4	52	5	97	6	67	7	99	8	60	9	45	10	16	11	75	12	21	13	35	14	22	15	92	16	11	17	27	18	93	19	70	20	55	21	59	22	50	23	84	24	21	25	33	26	67	27	13	28	24	29	44	30	17	31	37	32	16	33	55	34	13	35	14	36	66	37	25	38	67	39	63	40	70	41	58	42	16	43	23	44	30	45	31	46	61	47	58	48	93	49	10
	0	38	1	46	2	53	3	70	4	12	5	49	6	45	7	72	8	60	9	70	10	74	11	70	12	90	13	40	14	88	15	43	16	6	17	86	18	65	19	79	20	19	21	73	22	67	23	60	24	56	25	27	26	9	27	18	28	42	29	83	30	19	31	59	32	26	33	5	34	100	35	90	36	84	37	75	38	17	39	83	40	43	41	61	42	73	43	53	44	79	45	92	46	43	47	59	48	94	49	15
	0	76	1	36	2	88	3	1	4	96	5	19	6	57	7	30	8	57	9	24	10	100	11	77	12	25	13	87	14	15	15	70	16	100	17	90	18	7	19	96	20	100	21	13	22	50	23	78	24	75	25	91	26	65	27	40	28	8	29	73	30	19	31	51	32	34	33	10	34	38	35	97	36	86	37	15	38	10	39	25	40	30	41	69	42	13	43	75	44	80	45	74	46	81	47	66	48	68	49	80
	0	14	1	25	2	40	3	27	4	80	5	66	6	89	7	72	8	78	9	59	10	42	11	20	12	42	13	44	14	84	15	56	16	25	17	84	18	47	19	43	20	76	21	58	22	43	23	59	24	8	25	42	26	83	27	60	28	24	29	22	30	27	31	8	32	36	33	49	34	63	35	100	36	6	37	21	38	83	39	74	40	88	41	48	42	39	43	100	44	49	45	47	46	76	47	66	48	3	49	64
	0	76	1	12	2	88	3	26	4	66	5	92	6	54	7	65	8	69	9	53	10	60	11	65	12	7	13	62	14	97	15	33	16	81	17	23	18	70	19	92	20	83	21	62	22	14	23	37	24	22	25	76	26	41	27	15	28	69	29	73	30	20	31	15	32	48	33	45	34	47	35	77	36	29	37	52	38	67	39	61	40	4	41	22	42	29	43	25	44	45	45	68	46	20	47	18	48	87	49	2
	0	84	1	76	2	72	3	92	4	20	5	78	6	49	7	75	8	42	9	3	10	29	11	48	12	18	13	91	14	23	15	78	16	27	17	11	18	21	19	16	20	8	21	71	22	88	23	1	24	90	25	34	26	88	27	92	28	20	29	21	30	58	31	55	32	30	33	26	34	93	35	8	36	13	37	54	38	13	39	88	40	97	41	69	42	32	43	100	44	38	45	24	46	45	47	63	48	69	49	80
	0	85	1	45	2	83	3	66	4	52	5	90	6	21	7	25	8	88	9	39	10	8	11	38	12	53	13	16	14	63	15	43	16	43	17	42	18	49	19	70	20	35	21	71	22	70	23	72	24	60	25	80	26	12	27	21	28	38	29	65	30	88	31	86	32	26	33	94	34	44	35	40	36	62	37	50	38	22	39	33	40	7	41	52	42	91	43	39	44	13	45	32	46	4	47	81	48	80	49	19
	0	26	1	61	2	73	3	42	4	45	5	72	6	3	7	76	8	70	9	66	10	12	11	63	12	66	13	85	14	4	15	4	16	89	17	16	18	16	19	7	20	13	21	94	22	14	23	15	24	71	25	71	26	63	27	64	28	48	29	45	30	19	31	48	32	88	33	87	34	16	35	87	36	27	37	32	38	59	39	15	40	37	41	19	42	56	43	50	44	57	45	83	46	38	47	6	48	58	49	42
	0	44	1	53	2	33	3	46	4	85	5	49	6	45	7	59	8	11	9	87	10	58	11	93	12	33	13	31	14	27	15	34	16	85	17	51	18	42	19	15	20	33	21	63	22	32	23	19	24	46	25	34	26	86	27	36	28	4	29	20	30	40	31	93	32	9	33	42	34	44	35	29	36	6	37	16	38	7	39	3	40	47	41	90	42	69	43	33	44	51	45	56	46	76	47	17	48	36	49	47
	0	34	1	86	2	40	3	27	4	72	5	79	6	38	7	36	8	46	9	56	10	37	11	55	12	67	13	71	14	9	15	92	16	26	17	83	18	70	19	16	20	43	21	80	22	45	23	78	24	85	25	26	26	62	27	3	28	17	29	76	30	57	31	50	32	71	33	12	34	100	35	50	36	66	37	90	38	71	39	91	40	2	41	3	42	29	43	9	44	18	45	5	46	71	47	87	48	80	49	52
	0	75	1	87	2	37	3	44	4	60	5	66	6	81	7	82	8	12	9	40	10	75	11	76	12	67	13	1	14	38	15	62	16	44	17	17	18	20	19	18	20	68	21	50	22	90	23	88	24	29	25	70	26	16	27	48	28	57	29	72	30	27	31	78	32	31	33	8	34	67	35	25	36	31	37	88	38	3	39	66	40	5	41	22	42	21	43	12	44	19	45	2	46	41	47	5	48	7	49	50
	0	36	1	7	2	35	3	75	4	15	5	77	6	45	7	13	8	30	9	84	10	63	11	59	12	8	13	9	14	54	15	97	16	8	17	30	18	80	19	89	20	65	21	92	22	2	23	96	24	72	25	2	26	1	27	22	28	8	29	13	30	36	31	11	32	10	33	77	34	58	35	44	36	51	37	85	38	44	39	4	40	74	41	19	42	16	43	23	44	87	45	90	46	67	47	9	48	29	49	43
	0	12	1	28	2	53	3	26	4	24	5	97	6	89	7	93	8	31	9	93	10	85	11	58	12	81	13	1	14	34	15	25	16	10	17	49	18	46	19	79	20	48	21	98	22	8	23	88	24	76	25	3	26	45	27	72	28	1	29	40	30	94	31	22	32	13	33	78	34	24	35	87	36	46	37	48	38	80	39	59	40	60	41	10	42	40	43	17	44	5	45	60	46	96	47	24	48	43	49	95
	0	16	1	77	2	39	3	38	4	35	5	52	6	36	7	1	8	85	9	4	10	97	11	24	12	63	13	6	14	53	15	29	16	4	17	44	18	5	19	62	20	97	21	98	22	73	23	34	24	60	25	63	26	76	27	67	28	77	29	24	30	94	31	3	32	46	33	51	34	55	35	56	36	7	37	100	38	22	39	85	40	29	41	38	42	2	43	36	44	91	45	6	46	86	47	81	48	90	49	18
	0	93	1	42	2	38	3	36	4	87	5	89	6	54	7	77	8	68	9	39	10	55	11	50	12	83	13	6	14	95	15	22	16	93	17	74	18	18	19	45	20	93	21	86	22	21	23	28	24	69	25	87	26	29	27	13	28	46	29	50	30	48	31	82	32	62	33	79	34	46	35	26	36	53	37	63	38	50	39	35	40	67	41	35	42	4	43	7	44	11	45	53	46	88	47	63	48	9	49	2
	0	10	1	28	2	40	3	99	4	24	5	29	6	63	7	29	8	21	9	93	10	54	11	67	12	17	13	60	14	18	15	52	16	8	17	46	18	54	19	8	20	97	21	21	22	64	23	49	24	91	25	74	26	64	27	4	28	24	29	99	30	14	31	41	32	67	33	16	34	89	35	83	36	22	37	97	38	54	39	53	40	10	41	88	42	9	43	76	44	3	45	27	46	30	47	31	48	59	49	4
	0	4	1	40	2	64	3	15	4	59	5	18	6	81	7	6	8	8	9	37	10	70	11	8	12	79	13	79	14	22	15	4	16	95	17	62	18	20	19	91	20	20	21	88	22	32	23	18	24	96	25	34	26	85	27	12	28	20	29	75	30	78	31	30	32	54	33	41	34	39	35	2	36	59	37	16	38	33	39	36	40	96	41	42	42	65	43	16	44	31	45	93	46	51	47	11	48	49	49	23
	0	41	1	71	2	48	3	5	4	18	5	79	6	83	7	14	8	10	9	92	10	72	11	30	12	88	13	84	14	84	15	54	16	33	17	67	18	79	19	56	20	1	21	74	22	59	23	22	24	17	25	4	26	57	27	51	28	76	29	86	30	73	31	18	32	31	33	97	34	32	35	9	36	95	37	43	38	18	39	1	40	98	41	99	42	24	43	33	44	60	45	51	46	8	47	87	48	75	49	98
	0	42	1	90	2	34	3	4	4	14	5	95	6	4	7	3	8	1	9	9	10	64	11	1	12	24	13	61	14	54	15	33	16	73	17	49	18	86	19	59	20	34	21	97	22	38	23	14	24	75	25	10	26	8	27	42	28	73	29	14	30	17	31	83	32	80	33	10	34	77	35	90	36	60	37	95	38	77	39	96	40	63	41	12	42	28	43	57	44	89	45	34	46	96	47	43	48	81	49	10
	0	8	1	53	2	46	3	16	4	88	5	71	6	79	7	75	8	93	9	97	10	60	11	70	12	27	13	13	14	29	15	47	16	72	17	70	18	80	19	68	20	53	21	17	22	4	23	93	24	25	25	80	26	91	27	78	28	63	29	93	30	75	31	18	32	74	33	27	34	54	35	85	36	79	37	56	38	51	39	32	40	19	41	80	42	80	43	58	44	97	45	78	46	38	47	70	48	53	49	60
	0	36	1	73	2	23	3	52	4	39	5	76	6	59	7	24	8	82	9	2	10	81	11	50	12	78	13	37	14	93	15	59	16	37	17	48	18	9	19	4	20	60	21	72	22	38	23	83	24	80	25	40	26	39	27	73	28	60	29	88	30	51	31	52	32	78	33	86	34	47	35	38	36	45	37	73	38	78	39	69	40	51	41	79	42	95	43	85	44	25	45	69	46	68	47	5	48	60	49	61
	0	50	1	4	2	36	3	79	4	47	5	24	6	37	7	47	8	84	9	93	10	58	11	48	12	92	13	14	14	35	15	95	16	55	17	65	18	54	19	86	20	77	21	21	22	15	23	42	24	73	25	67	26	56	27	57	28	97	29	97	30	69	31	95	32	41	33	96	34	66	35	23	36	85	37	48	38	63	39	71	40	83	41	33	42	100	43	38	44	99	45	91	46	19	47	2	48	48	49	73
	0	56	1	4	2	93	3	12	4	29	5	93	6	2	7	68	8	20	9	83	10	76	11	43	12	94	13	34	14	94	15	71	16	94	17	63	18	41	19	26	20	1	21	68	22	8	23	92	24	65	25	83	26	87	27	5	28	28	29	25	30	96	31	55	32	1	33	7	34	12	35	4	36	77	37	96	38	88	39	63	40	74	41	66	42	92	43	27	44	47	45	76	46	89	47	73	48	22	49	49
	0	46	1	56	2	29	3	61	4	53	5	70	6	39	7	48	8	69	9	54	10	39	11	94	12	42	13	54	14	93	15	63	16	63	17	81	18	77	19	78	20	60	21	27	22	81	23	67	24	33	25	13	26	22	27	36	28	78	29	96	30	10	31	19	32	77	33	62	34	55	35	33	36	30	37	68	38	14	39	37	40	53	41	13	42	14	43	54	44	95	45	65	46	98	47	31	48	21	49	57
	0	81	1	31	2	65	3	37	4	15	5	84	6	76	7	37	8	99	9	39	10	83	11	85	12	77	13	99	14	58	15	95	16	22	17	35	18	71	19	87	20	92	21	94	22	41	23	33	24	97	25	63	26	40	27	35	28	36	29	56	30	7	31	70	32	71	33	12	34	72	35	71	36	55	37	54	38	99	39	14	40	36	41	26	42	95	43	39	44	98	45	6	46	56	47	33	48	6	49	79
	0	31	1	34	2	82	3	100	4	31	5	43	6	16	7	96	8	26	9	63	10	88	11	74	12	86	13	87	14	65	15	41	16	69	17	10	18	89	19	54	20	71	21	35	22	79	23	53	24	77	25	7	26	6	27	45	28	85	29	80	30	13	31	42	32	82	33	13	34	100	35	76	36	17	37	47	38	80	39	38	40	78	41	99	42	91	43	10	44	69	45	100	46	12	47	2	48	64	49	34
	0	13	1	100	2	58	3	69	4	53	5	89	6	62	7	89	8	93	9	10	10	3	11	67	12	86	13	66	14	20	15	32	16	71	17	83	18	87	19	25	20	82	21	90	22	88	23	44	24	40	25	78	26	13	27	28	28	94	29	43	30	88	31	28	32	29	33	47	34	23	35	59	36	68	37	16	38	53	39	38	40	8	41	84	42	13	43	50	44	97	45	56	46	57	47	100	48	27	49	21
	0	26	1	35	2	98	3	69	4	18	5	51	6	89	7	80	8	19	9	16	10	26	11	77	12	88	13	76	14	51	15	88	16	21	17	27	18	15	19	31	20	23	21	58	22	58	23	40	24	67	25	14	26	52	27	81	28	29	29	28	30	9	31	26	32	13	33	12	34	85	35	3	36	3	37	25	38	47	39	8	40	34	41	36	42	56	43	81	44	36	45	64	46	95	47	56	48	5	49	69
	0	69	1	47	2	15	3	4	4	8	5	39	6	57	7	68	8	92	9	76	10	91	11	27	12	64	13	78	14	21	15	67	16	86	17	35	18	46	19	23	20	85	21	44	22	50	23	87	24	64	25	94	26	22	27	80	28	91	29	23	30	22	31	60	32	87	33	88	34	43	35	83	36	80	37	32	38	24	39	51	40	88	41	37	42	18	43	11	44	48	45	92	46	23	47	86	48	23	49	23
	0	22	1	51	2	27	3	57	4	5	5	95	6	64	7	22	8	55	9	14	10	71	11	100	12	14	13	51	14	11	15	93	16	92	17	54	18	55	19	58	20	54	21	24	22	44	23	26	24	6	25	95	26	25	27	24	28	81	29	33	30	4	31	37	32	74	33	70	34	60	35	6	36	82	37	10	38	2	39	32	40	66	41	57	42	78	43	38	44	20	45	68	46	63	47	17	48	16	49	27
	0	72	1	46	2	75	3	79	4	99	5	69	6	69	7	97	8	67	9	68	10	58	11	49	12	19	13	64	14	17	15	91	16	24	17	40	18	9	19	11	20	57	21	58	22	7	23	1	24	64	25	26	26	73	27	16	28	49	29	26	30	40	31	63	32	25	33	13	34	66	35	32	36	23	37	56	38	45	39	34	40	52	41	59	42	9	43	51	44	39	45	4	46	36	47	75	48	20	49	95
	0	58	1	4	2	41	3	97	4	48	5	40	6	86	7	91	8	1	9	74	10	57	11	2	12	59	13	77	14	69	15	66	16	45	17	25	18	19	19	40	20	91	21	27	22	67	23	68	24	86	25	33	26	20	27	68	28	87	29	37	30	6	31	99	32	50	33	19	34	99	35	9	36	82	37	70	38	10	39	1	40	28	41	99	42	61	43	40	44	39	45	32	46	15	47	2	48	81	49	29
	0	24	1	39	2	81	3	97	4	8	5	8	6	34	7	63	8	100	9	86	10	95	11	42	12	96	13	65	14	48	15	15	16	8	17	19	18	20	19	88	20	9	21	62	22	73	23	25	24	14	25	51	26	15	27	45	28	34	29	4	30	84	31	41	32	5	33	36	34	15	35	67	36	78	37	30	38	96	39	90	40	100	41	99	42	57	43	9	44	65	45	99	46	62	47	75	48	78	49	17
	0	94	1	94	2	66	3	20	4	52	5	62	6	52	7	57	8	94	9	85	10	52	11	46	12	12	13	82	14	66	15	75	16	9	17	61	18	85	19	24	20	9	21	37	22	24	23	62	24	37	25	4	26	44	27	95	28	46	29	12	30	53	31	54	32	58	33	87	34	70	35	59	36	72	37	96	38	98	39	98	40	51	41	70	42	54	43	93	44	68	45	2	46	40	47	68	48	1	49	6
	0	50	1	18	2	4	3	2	4	57	5	45	6	74	7	49	8	21	9	33	10	100	11	63	12	8	13	49	14	83	15	69	16	18	17	3	18	41	19	90	20	52	21	24	22	34	23	71	24	83	25	95	26	98	27	77	28	94	29	88	30	49	31	30	32	97	33	80	34	11	35	63	36	69	37	33	38	73	39	16	40	44	41	87	42	70	43	92	44	53	45	82	46	64	47	44	48	14	49	14
	0	58	1	84	2	1	3	1	4	60	5	12	6	41	7	94	8	96	9	11	10	29	11	73	12	32	13	61	14	62	15	19	16	53	17	72	18	13	19	23	20	13	21	28	22	17	23	17	24	46	25	90	26	28	27	98	28	14	29	17	30	73	31	95	32	18	33	94	34	14	35	10	36	16	37	67	38	85	39	20	40	100	41	30	42	78	43	27	44	47	45	31	46	85	47	79	48	46	49	60
	0	23	1	27	2	40	3	60	4	2	5	73	6	64	7	74	8	8	9	8	10	66	11	95	12	14	13	84	14	14	15	13	16	41	17	44	18	59	19	61	20	32	21	93	22	94	23	93	24	7	25	14	26	15	27	72	28	16	29	46	30	6	31	31	32	17	33	72	34	72	35	38	36	20	37	92	38	6	39	88	40	100	41	83	42	74	43	85	44	65	45	63	46	31	47	11	48	17	49	12
	0	18	1	71	2	56	3	19	4	6	5	80	6	13	7	65	8	74	9	17	10	13	11	45	12	41	13	69	14	95	15	97	16	98	17	41	18	48	19	4	20	99	21	3	22	44	23	62	24	14	25	98	26	64	27	51	28	51	29	32	30	59	31	35	32	91	33	27	34	89	35	98	36	12	37	100	38	29	39	75	40	84	41	4	42	41	43	38	44	56	45	32	46	41	47	56	48	75	49	99
	0	24	1	24	2	13	3	16	4	14	5	47	6	80	7	45	8	55	9	4	10	51	11	100	12	66	13	51	14	46	15	9	16	21	17	15	18	30	19	90	20	19	21	3	22	25	23	68	24	72	25	29	26	50	27	57	28	21	29	18	30	33	31	92	32	40	33	59	34	67	35	50	36	14	37	1	38	87	39	39	40	88	41	21	42	3	43	13	44	22	45	9	46	22	47	49	48	99	49	46
	0	26	1	10	2	79	3	70	4	97	5	48	6	88	7	59	8	18	9	56	10	84	11	66	12	71	13	53	14	47	15	5	16	23	17	56	18	83	19	56	20	70	21	94	22	24	23	36	24	75	25	47	26	91	27	73	28	29	29	31	30	29	31	55	32	9	33	49	34	40	35	64	36	21	37	84	38	77	39	7	40	50	41	17	42	61	43	95	44	58	45	67	46	56	47	44	48	88	49	10
	0	92	1	4	2	85	3	26	4	31	5	26	6	30	7	55	8	21	9	22	10	46	11	90	12	75	13	95	14	35	15	22	16	64	17	35	18	37	19	19	20	36	21	95	22	33	23	6	24	68	25	16	26	33	27	69	28	34	29	50	30	16	31	16	32	45	33	4	34	8	35	53	36	83	37	5	38	26	39	65	40	44	41	49	42	24	43	11	44	56	45	11	46	6	47	71	48	47	49	97
	0	7	1	96	2	68	3	80	4	46	5	66	6	1	7	53	8	8	9	48	10	4	11	86	12	6	13	3	14	80	15	78	16	36	17	93	18	64	19	24	20	17	21	81	22	73	23	59	24	81	25	35	26	52	27	33	28	66	29	64	30	16	31	31	32	12	33	59	34	87	35	61	36	67	37	13	38	41	39	45	40	61	41	42	42	51	43	2	44	1	45	29	46	65	47	10	48	84	49	68
	0	65	1	78	2	51	3	87	4	5	5	75	6	8	7	50	8	100	9	81	10	8	11	95	12	34	13	77	14	54	15	55	16	11	17	73	18	66	19	45	20	51	21	45	22	44	23	42	24	14	25	39	26	90	27	75	28	3	29	51	30	91	31	100	32	85	33	97	34	73	35	40	36	20	37	29	38	67	39	98	40	93	41	67	42	69	43	87	44	93	45	45	46	55	47	32	48	68	49	94
	0	11	1	32	2	77	3	19	4	77	5	90	6	92	7	26	8	8	9	52	10	30	11	15	12	13	13	13	14	29	15	51	16	21	17	76	18	80	19	71	20	89	21	72	22	85	23	89	24	29	25	86	26	21	27	3	28	58	29	40	30	94	31	38	32	63	33	22	34	47	35	49	36	53	37	79	38	41	39	82	40	34	41	95	42	14	43	80	44	28	45	32	46	13	47	51	48	32	49	5
	0	29	1	64	2	74	3	16	4	86	5	34	6	18	7	67	8	76	9	88	10	25	11	29	12	32	13	58	14	81	15	41	16	73	17	28	18	32	19	55	20	75	21	14	22	93	23	68	24	55	25	87	26	33	27	83	28	59	29	44	30	35	31	17	32	96	33	85	34	95	35	27	36	62	37	80	38	7	39	32	40	52	41	98	42	39	43	53	44	34	45	49	46	16	47	89	48	49	49	66
	0	46	1	16	2	66	3	19	4	57	5	59	6	88	7	44	8	47	9	96	10	97	11	18	12	56	13	75	14	91	15	24	16	94	17	52	18	41	19	93	20	14	21	7	22	73	23	97	24	3	25	66	26	58	27	41	28	18	29	45	30	52	31	85	32	97	33	8	34	44	35	82	36	39	37	84	38	78	39	21	40	9	41	1	42	64	43	99	44	15	45	20	46	7	47	87	48	82	49	90
	0	6	1	28	2	3	3	47	4	98	5	12	6	43	7	23	8	71	9	7	10	28	11	63	12	42	13	24	14	59	15	33	16	96	17	79	18	2	19	87	20	26	21	50	22	77	23	29	24	7	25	55	26	27	27	71	28	22	29	92	30	43	31	93	32	97	33	30	34	82	35	32	36	17	37	35	38	100	39	83	40	47	41	56	42	87	43	74	44	62	45	32	46	73	47	42	48	67	49	72
	0	52	1	35	2	63	3	32	4	30	5	13	6	78	7	88	8	6	9	23	10	94	11	72	12	29	13	62	14	14	15	31	16	6	17	69	18	54	19	20	20	40	21	3	22	69	23	38	24	28	25	86	26	38	27	75	28	53	29	37	30	61	31	15	32	40	33	24	34	54	35	28	36	69	37	88	38	39	39	44	40	57	41	44	42	66	43	75	44	65	45	51	46	15	47	54	48	73	49	94
	0	65	1	86	2	47	3	45	4	27	5	41	6	80	7	83	8	77	9	32	10	82	11	75	12	38	13	49	14	64	15	76	16	97	17	65	18	11	19	91	20	59	21	5	22	82	23	84	24	61	25	63	26	42	27	66	28	13	29	11	30	29	31	64	32	39	33	19	34	26	35	71	36	19	37	93	38	68	39	25	40	70	41	96	42	15	43	60	44	16	45	6	46	64	47	40	48	23	49	33
	0	99	1	59	2	15	3	93	4	79	5	67	6	87	7	9	8	26	9	64	10	82	11	1	12	62	13	69	14	98	15	64	16	3	17	44	18	51	19	60	20	13	21	50	22	93	23	75	24	75	25	51	26	73	27	6	28	30	29	92	30	95	31	87	32	92	33	31	34	92	35	68	36	41	37	92	38	36	39	4	40	51	41	53	42	51	43	15	44	9	45	20	46	98	47	34	48	22	49	30
	0	36	1	48	2	28	3	73	4	1	5	90	6	56	7	56	8	43	9	57	10	93	11	31	12	10	13	45	14	70	15	50	16	82	17	32	18	54	19	37	20	79	21	51	22	20	23	94	24	10	25	31	26	49	27	59	28	25	29	5	30	50	31	95	32	96	33	1	34	26	35	82	36	34	37	76	38	23	39	38	40	17	41	57	42	33	43	88	44	96	45	91	46	35	47	56	48	85	49	23
	0	3	1	55	2	73	3	67	4	10	5	98	6	3	7	17	8	9	9	51	10	1	11	15	12	73	13	7	14	60	15	2	16	11	17	45	18	15	19	83	20	11	21	8	22	47	23	95	24	72	25	17	26	15	27	70	28	8	29	95	30	10	31	19	32	65	33	78	34	57	35	85	36	64	37	28	38	36	39	29	40	60	41	90	42	78	43	69	44	98	45	37	46	66	47	76	48	85	49	7
	0	48	1	75	2	26	3	31	4	39	5	46	6	79	7	100	8	62	9	94	10	31	11	12	12	72	13	39	14	16	15	11	16	53	17	48	18	99	19	100	20	69	21	13	22	18	23	96	24	43	25	35	26	50	27	56	28	57	29	83	30	45	31	86	32	23	33	29	34	44	35	22	36	59	37	75	38	68	39	44	40	65	41	38	42	66	43	55	44	96	45	37	46	23	47	38	48	64	49	18
	0	100	1	80	2	22	3	4	4	44	5	15	6	14	7	45	8	78	9	38	10	87	11	24	12	82	13	79	14	8	15	37	16	9	17	48	18	30	19	37	20	100	21	83	22	83	23	41	24	95	25	72	26	13	27	9	28	52	29	19	30	79	31	68	32	24	33	85	34	73	35	26	36	47	37	19	38	43	39	94	40	49	41	56	42	16	43	40	44	84	45	60	46	59	47	4	48	38	49	28
	0	34	1	76	2	77	3	80	4	10	5	5	6	20	7	13	8	62	9	91	10	63	11	91	12	66	13	86	14	97	15	86	16	56	17	92	18	78	19	8	20	15	21	43	22	50	23	86	24	12	25	9	26	32	27	79	28	12	29	51	30	19	31	32	32	10	33	23	34	52	35	21	36	72	37	98	38	64	39	31	40	90	41	55	42	9	43	66	44	80	45	73	46	15	47	2	48	64	49	4
	0	35	1	8	2	47	3	16	4	89	5	8	6	52	7	49	8	5	9	62	10	86	11	11	12	7	13	83	14	54	15	100	16	18	17	22	18	27	19	50	20	71	21	79	22	53	23	14	24	43	25	35	26	55	27	46	28	45	29	8	30	49	31	53	32	61	33	72	34	89	35	100	36	96	37	99	38	20	39	17	40	76	41	11	42	83	43	32	44	30	45	53	46	21	47	19	48	16	49	22
	0	67	1	58	2	5	3	12	4	14	5	19	6	9	7	63	8	10	9	34	10	26	11	27	12	18	13	19	14	44	15	79	16	24	17	49	18	18	19	41	20	6	21	11	22	13	23	7	24	88	25	76	26	85	27	68	28	24	29	78	30	33	31	89	32	16	33	80	34	48	35	86	36	42	37	62	38	49	39	93	40	47	41	82	42	64	43	35	44	38	45	72	46	18	47	33	48	67	49	79
	0	24	1	16	2	12	3	64	4	80	5	4	6	68	7	20	8	41	9	4	10	33	11	67	12	100	13	18	14	32	15	40	16	6	17	61	18	17	19	72	20	98	21	45	22	50	23	47	24	37	25	59	26	33	27	69	28	63	29	69	30	68	31	69	32	4	33	8	34	43	35	51	36	36	37	37	38	75	39	53	40	34	41	89	42	76	43	63	44	93	45	28	46	5	47	24	48	1	49	95
	0	25	1	18	2	90	3	14	4	85	5	2	6	94	7	78	8	85	9	59	10	1	11	43	12	8	13	64	14	68	15	3	16	16	17	86	18	36	19	14	20	41	21	79	22	75	23	3	24	38	25	34	26	35	27	66	28	56	29	86	30	81	31	50	32	59	33	8	34	50	35	74	36	2	37	32	38	54	39	23	40	34	41	77	42	3	43	43	44	1	45	73	46	45	47	87	48	53	49	21
	0	28	1	21	2	83	3	17	4	41	5	77	6	64	7	34	8	92	9	7	10	43	11	39	12	8	13	89	14	22	15	89	16	1	17	72	18	34	19	39	20	5	21	76	22	77	23	49	24	84	25	79	26	94	27	68	28	85	29	50	30	85	31	47	32	58	33	20	34	100	35	100	36	82	37	94	38	54	39	10	40	77	41	51	42	53	43	64	44	70	45	76	46	24	47	46	48	61	49	34
	0	96	1	37	2	6	3	69	4	71	5	90	6	3	7	89	8	67	9	87	10	60	11	81	12	51	13	95	14	66	15	50	16	73	17	73	18	17	19	89	20	69	21	94	22	48	23	23	24	7	25	4	26	71	27	78	28	81	29	6	30	42	31	63	32	87	33	53	34	87	35	89	36	27	37	2	38	67	39	40	40	32	41	29	42	59	43	73	44	97	45	35	46	88	47	26	48	67	49	96
	0	36	1	47	2	25	3	11	4	8	5	79	6	60	7	67	8	37	9	61	10	20	11	31	12	52	13	38	14	87	15	31	16	48	17	72	18	18	19	80	20	26	21	23	22	35	23	59	24	95	25	18	26	77	27	75	28	54	29	40	30	30	31	46	32	98	33	5	34	98	35	73	36	5	37	96	38	98	39	24	40	15	41	96	42	73	43	26	44	97	45	12	46	60	47	27	48	60	49	7
	0	71	1	4	2	76	3	55	4	54	5	6	6	98	7	13	8	54	9	64	10	91	11	62	12	91	13	9	14	34	15	54	16	20	17	80	18	34	19	82	20	41	21	12	22	72	23	52	24	81	25	33	26	73	27	20	28	53	29	11	30	61	31	32	32	74	33	45	34	59	35	82	36	100	37	63	38	20	39	52	40	97	41	87	42	21	43	35	44	64	45	89	46	44	47	32	48	81	49	24
	0	34	1	70	2	42	3	31	4	94	5	2	6	94	7	32	8	76	9	68	10	95	11	69	12	64	13	40	14	71	15	64	16	62	17	74	18	18	19	87	20	34	21	34	22	84	23	70	24	59	25	82	26	44	27	2	28	1	29	34	30	30	31	82	32	88	33	20	34	86	35	44	36	89	37	19	38	67	39	45	40	94	41	42	42	99	43	99	44	50	45	74	46	65	47	8	48	15	49	30
	0	83	1	99	2	32	3	59	4	100	5	80	6	19	7	1	8	11	9	79	10	43	11	1	12	73	13	25	14	26	15	17	16	91	17	79	18	84	19	80	20	65	21	30	22	13	23	3	24	59	25	13	26	69	27	27	28	15	29	17	30	98	31	74	32	5	33	84	34	27	35	28	36	39	37	19	38	8	39	67	40	25	41	65	42	85	43	30	44	75	45	9	46	25	47	74	48	7	49	29
	0	27	1	61	2	60	3	87	4	13	5	89	6	54	7	38	8	43	9	47	10	39	11	17	12	33	13	57	14	28	15	91	16	51	17	44	18	1	19	31	20	29	21	31	22	31	23	19	24	6	25	68	26	57	27	82	28	3	29	30	30	19	31	49	32	87	33	41	34	33	35	52	36	69	37	15	38	44	39	17	40	65	41	31	42	13	43	23	44	87	45	57	46	24	47	33	48	59	49	10
	0	97	1	97	2	79	3	20	4	56	5	13	6	60	7	13	8	98	9	78	10	27	11	52	12	43	13	60	14	51	15	99	16	71	17	3	18	52	19	72	20	72	21	2	22	97	23	27	24	71	25	43	26	74	27	77	28	4	29	87	30	23	31	34	32	42	33	40	34	52	35	40	36	10	37	35	38	69	39	14	40	36	41	22	42	7	43	31	44	29	45	47	46	29	47	17	48	70	49	56
	0	28	1	29	2	65	3	64	4	71	5	37	6	4	7	68	8	52	9	48	10	7	11	95	12	38	13	21	14	61	15	19	16	36	17	72	18	85	19	86	20	25	21	74	22	67	23	28	24	100	25	87	26	58	27	56	28	50	29	79	30	33	31	64	32	58	33	28	34	32	35	86	36	91	37	13	38	62	39	84	40	26	41	28	42	7	43	62	44	17	45	81	46	86	47	33	48	17	49	73
	0	58	1	81	2	92	3	46	4	43	5	99	6	8	7	65	8	46	9	1	10	63	11	69	12	71	13	22	14	99	15	92	16	66	17	64	18	30	19	60	20	50	21	62	22	45	23	100	24	10	25	58	26	97	27	26	28	58	29	22	30	72	31	77	32	86	33	49	34	3	35	34	36	75	37	27	38	77	39	37	40	41	41	59	42	38	43	73	44	4	45	63	46	3	47	17	48	39	49	10
	0	30	1	31	2	34	3	63	4	3	5	75	6	57	7	16	8	31	9	66	10	25	11	61	12	78	13	95	14	10	15	33	16	63	17	94	18	32	19	93	20	100	21	1	22	22	23	69	24	65	25	80	26	59	27	59	28	18	29	78	30	11	31	50	32	8	33	35	34	37	35	39	36	40	37	89	38	17	39	33	40	94	41	15	42	42	43	69	44	3	45	14	46	55	47	90	48	44	49	34
	0	41	1	66	2	14	3	84	4	4	5	37	6	55	7	79	8	70	9	20	10	85	11	24	12	22	13	22	14	45	15	30	16	38	17	28	18	42	19	6	20	97	21	71	22	83	23	89	24	72	25	99	26	12	27	98	28	28	29	93	30	92	31	14	32	85	33	7	34	1	35	36	36	32	37	31	38	38	39	61	40	79	41	97	42	43	43	85	44	94	45	80	46	98	47	26	48	77	49	60
	0	39	1	16	2	35	3	57	4	13	5	5	6	88	7	48	8	68	9	88	10	17	11	26	12	21	13	45	14	8	15	62	16	91	17	36	18	87	19	83	20	65	21	18	22	37	23	79	24	26	25	62	26	35	27	91	28	90	29	85	30	48	31	51	32	6	33	35	34	99	35	78	36	21	37	80	38	69	39	49	40	25	41	1	42	96	43	89	44	16	45	89	46	8	47	69	48	57	49	89
	0	78	1	91	2	7	3	44	4	3	5	94	6	61	7	36	8	31	9	37	10	17	11	20	12	7	13	9	14	65	15	7	16	95	17	90	18	62	19	35	20	2	21	74	22	34	23	29	24	19	25	96	26	33	27	60	28	44	29	55	30	17	31	26	32	52	33	15	34	57	35	36	36	42	37	10	38	72	39	64	40	56	41	14	42	45	43	96	44	64	45	29	46	82	47	2	48	57	49	11
	0	14	1	91	2	81	3	35	4	43	5	44	6	25	7	73	8	96	9	23	10	31	11	34	12	35	13	5	14	86	15	80	16	26	17	91	18	27	19	32	20	79	21	80	22	64	23	31	24	9	25	30	26	90	27	97	28	70	29	15	30	55	31	21	32	74	33	71	34	9	35	83	36	93	37	91	38	34	39	64	40	3	41	97	42	42	43	12	44	22	45	11	46	90	47	75	48	46	49	6
	0	41	1	7	2	97	3	93	4	91	5	12	6	15	7	89	8	10	9	86	10	85	11	70	12	91	13	67	14	58	15	100	16	97	17	8	18	21	19	95	20	51	21	22	22	19	23	49	24	9	25	81	26	31	27	55	28	6	29	53	30	70	31	83	32	73	33	18	34	34	35	91	36	59	37	94	38	40	39	92	40	12	41	59	42	29	43	16	44	98	45	60	46	6	47	4	48	62	49	39
	0	59	1	54	2	60	3	20	4	80	5	100	6	21	7	24	8	62	9	75	10	12	11	32	12	71	13	24	14	20	15	90	16	96	17	35	18	69	19	30	20	30	21	12	22	36	23	68	24	50	25	28	26	45	27	73	28	74	29	11	30	32	31	45	32	36	33	46	34	33	35	39	36	94	37	21	38	24	39	13	40	62	41	35	42	15	43	91	44	43	45	32	46	87	47	84	48	84	49	65
	0	7	1	86	2	3	3	70	4	85	5	55	6	41	7	10	8	31	9	44	10	42	11	50	12	40	13	31	14	75	15	23	16	20	17	79	18	38	19	37	20	24	21	8	22	21	23	25	24	58	25	78	26	97	27	12	28	87	29	2	30	93	31	99	32	43	33	41	34	46	35	40	36	17	37	49	38	41	39	91	40	90	41	76	42	8	43	51	44	28	45	45	46	93	47	15	48	58	49	51
	0	60	1	23	2	82	3	59	4	74	5	63	6	14	7	100	8	69	9	71	10	40	11	86	12	14	13	28	14	27	15	89	16	16	17	50	18	47	19	69	20	34	21	26	22	86	23	35	24	90	25	48	26	45	27	72	28	5	29	27	30	62	31	81	32	76	33	4	34	19	35	4	36	3	37	93	38	92	39	31	40	13	41	17	42	76	43	14	44	34	45	22	46	93	47	39	48	42	49	75
	0	51	1	25	2	47	3	97	4	19	5	51	6	29	7	74	8	48	9	35	10	19	11	42	12	35	13	9	14	76	15	58	16	13	17	73	18	34	19	85	20	29	21	9	22	2	23	60	24	29	25	6	26	35	27	27	28	59	29	13	30	21	31	45	32	59	33	13	34	55	35	13	36	21	37	19	38	84	39	64	40	4	41	99	42	40	43	20	44	59	45	90	46	17	47	17	48	99	49	80
	0	40	1	37	2	1	3	35	4	33	5	11	6	45	7	20	8	93	9	65	10	24	11	46	12	22	13	40	14	63	15	20	16	79	17	10	18	54	19	97	20	34	21	57	22	84	23	65	24	68	25	96	26	1	27	92	28	29	29	60	30	72	31	33	32	38	33	72	34	12	35	74	36	19	37	83	38	76	39	53	40	80	41	35	42	70	43	90	44	85	45	92	46	9	47	21	48	82	49	49
	0	17	1	8	2	81	3	90	4	70	5	75	6	97	7	82	8	9	9	97	10	11	11	20	12	83	13	26	14	90	15	41	16	100	17	57	18	96	19	90	20	80	21	40	22	64	23	13	24	63	25	8	26	18	27	86	28	3	29	80	30	75	31	19	32	39	33	38	34	43	35	3	36	50	37	11	38	19	39	68	40	15	41	1	42	31	43	83	44	42	45	44	46	4	47	19	48	37	49	76
	0	20	1	49	2	26	3	56	4	9	5	51	6	52	7	79	8	1	9	55	10	8	11	52	12	14	13	35	14	83	15	39	16	64	17	39	18	21	19	90	20	17	21	19	22	34	23	15	24	30	25	83	26	15	27	59	28	33	29	11	30	27	31	89	32	67	33	76	34	88	35	17	36	72	37	78	38	66	39	96	40	84	41	86	42	45	43	79	44	99	45	39	46	44	47	24	48	2	49	41
	0	86	1	73	2	74	3	76	4	63	5	64	6	17	7	9	8	27	9	34	10	76	11	46	12	6	13	19	14	34	15	92	16	50	17	74	18	8	19	98	20	21	21	64	22	87	23	19	24	94	25	93	26	76	27	98	28	50	29	73	30	41	31	54	32	59	33	56	34	65	35	59	36	83	37	86	38	73	39	99	40	61	41	20	42	77	43	81	44	45	45	50	46	36	47	16	48	4	49	21
	0	63	1	95	2	12	3	5	4	100	5	43	6	90	7	15	8	38	9	7	10	63	11	28	12	82	13	24	14	58	15	77	16	62	17	61	18	56	19	33	20	49	21	45	22	58	23	57	24	24	25	99	26	46	27	34	28	11	29	72	30	47	31	88	32	84	33	25	34	19	35	54	36	84	37	98	38	28	39	53	40	20	41	88	42	76	43	96	44	46	45	99	46	12	47	12	48	33	49	56
	0	29	1	73	2	66	3	87	4	16	5	76	6	52	7	8	8	44	9	83	10	16	11	82	12	86	13	47	14	10	15	25	16	5	17	58	18	71	19	79	20	60	21	9	22	4	23	88	24	16	25	49	26	77	27	29	28	56	29	75	30	38	31	91	32	29	33	85	34	13	35	20	36	91	37	93	38	40	39	46	40	7	41	77	42	29	43	73	44	36	45	6	46	75	47	5	48	14	49	81
	0	61	1	29	2	97	3	68	4	19	5	83	6	43	7	21	8	37	9	65	10	33	11	20	12	35	13	92	14	69	15	65	16	55	17	90	18	97	19	17	20	15	21	75	22	36	23	56	24	47	25	70	26	18	27	13	28	9	29	53	30	74	31	99	32	27	33	46	34	7	35	9	36	37	37	72	38	49	39	12	40	9	41	60	42	94	43	41	44	78	45	58	46	43	47	23	48	21	49	93
	0	7	1	44	2	46	3	85	4	65	5	27	6	90	7	4	8	64	9	58	10	38	11	35	12	96	13	4	14	10	15	75	16	14	17	97	18	75	19	83	20	59	21	84	22	96	23	67	24	99	25	69	26	14	27	69	28	27	29	79	30	14	31	77	32	49	33	60	34	48	35	90	36	61	37	60	38	94	39	3	40	10	41	66	42	83	43	92	44	73	45	100	46	23	47	17	48	3	49	87
	0	97	1	71	2	30	3	66	4	23	5	44	6	14	7	76	8	87	9	79	10	82	11	73	12	8	13	43	14	11	15	39	16	83	17	34	18	22	19	90	20	19	21	99	22	3	23	3	24	59	25	41	26	82	27	7	28	48	29	22	30	16	31	25	32	13	33	16	34	55	35	47	36	33	37	47	38	13	39	72	40	35	41	18	42	50	43	54	44	44	45	41	46	39	47	46	48	57	49	85
	0	81	1	15	2	45	3	26	4	95	5	73	6	78	7	76	8	82	9	57	10	39	11	93	12	50	13	42	14	74	15	26	16	56	17	84	18	90	19	35	20	79	21	6	22	93	23	95	24	58	25	88	26	36	27	76	28	35	29	33	30	22	31	39	32	4	33	98	34	71	35	19	36	48	37	21	38	47	39	69	40	14	41	97	42	18	43	84	44	64	45	62	46	82	47	33	48	89	49	96
	0	79	1	69	2	3	3	67	4	89	5	94	6	12	7	54	8	66	9	2	10	60	11	42	12	75	13	18	14	87	15	64	16	15	17	13	18	32	19	30	20	68	21	67	22	4	23	90	24	79	25	100	26	71	27	96	28	80	29	99	30	45	31	67	32	5	33	10	34	81	35	82	36	49	37	75	38	5	39	45	40	90	41	25	42	34	43	4	44	57	45	71	46	61	47	4	48	20	49	46
	0	22	1	21	2	37	3	93	4	59	5	10	6	87	7	97	8	45	9	44	10	59	11	10	12	44	13	43	14	94	15	24	16	20	17	17	18	92	19	76	20	10	21	69	22	31	23	3	24	31	25	39	26	56	27	72	28	90	29	73	30	44	31	59	32	4	33	55	34	48	35	50	36	70	37	46	38	75	39	86	40	16	41	96	42	53	43	80	44	43	45	38	46	90	47	74	48	34	49	79
	0	34	1	10	2	85	3	47	4	83	5	44	6	88	7	56	8	6	9	24	10	70	11	89	12	69	13	91	14	71	15	33	16	89	17	12	18	9	19	3	20	48	21	25	22	72	23	31	24	43	25	49	26	27	27	25	28	59	29	27	30	44	31	11	32	85	33	68	34	68	35	14	36	11	37	12	38	96	39	53	40	84	41	54	42	29	43	35	44	95	45	86	46	22	47	94	48	42	49	36
	0	32	1	97	2	81	3	26	4	59	5	16	6	55	7	83	8	18	9	45	10	89	11	53	12	79	13	98	14	51	15	17	16	82	17	21	18	50	19	16	20	4	21	18	22	13	23	18	24	31	25	59	26	45	27	88	28	65	29	15	30	87	31	49	32	79	33	59	34	18	35	53	36	81	37	7	38	60	39	76	40	70	41	3	42	84	43	20	44	76	45	61	46	33	47	100	48	33	49	29
	0	6	1	23	2	21	3	26	4	64	5	98	6	69	7	70	8	59	9	41	10	18	11	15	12	97	13	60	14	71	15	36	16	76	17	21	18	100	19	52	20	75	21	47	22	67	23	65	24	73	25	100	26	80	27	64	28	29	29	38	30	8	31	18	32	53	33	47	34	12	35	43	36	49	37	100	38	72	39	44	40	100	41	95	42	2	43	49	44	41	45	52	46	12	47	88	48	40	49	96
	0	36	1	83	2	61	3	42	4	30	5	63	6	2	7	67	8	44	9	7	10	29	11	27	12	78	13	79	14	39	15	55	16	1	17	23	18	28	19	60	20	98	21	19	22	49	23	97	24	51	25	13	26	84	27	85	28	90	29	87	30	67	31	95	32	64	33	26	34	25	35	35	36	9	37	94	38	38	39	95	40	28	41	29	42	20	43	41	44	97	45	17	46	78	47	66	48	69	49	11
	0	6	1	39	2	42	3	99	4	10	5	98	6	3	7	42	8	86	9	95	10	75	11	22	12	82	13	90	14	21	15	94	16	20	17	25	18	90	19	18	20	70	21	60	22	1	23	10	24	86	25	28	26	1	27	52	28	58	29	52	30	54	31	37	32	32	33	24	34	29	35	51	36	5	37	49	38	6	39	8	40	1	41	95	42	19	43	94	44	82	45	99	46	100	47	88	48	43	49	38
	0	89	1	59	2	5	3	39	4	38	5	68	6	4	7	17	8	10	9	19	10	36	11	32	12	54	13	24	14	3	15	30	16	19	17	6	18	77	19	5	20	15	21	25	22	81	23	76	24	59	25	20	26	35	27	97	28	50	29	99	30	37	31	25	32	57	33	4	34	71	35	13	36	24	37	60	38	48	39	9	40	26	41	64	42	39	43	81	44	23	45	83	46	59	47	98	48	1	49	58
	0	91	1	20	2	91	3	44	4	70	5	2	6	12	7	30	8	77	9	7	10	82	11	9	12	92	13	68	14	76	15	7	16	18	17	62	18	50	19	82	20	84	21	84	22	33	23	51	24	64	25	24	26	74	27	13	28	86	29	94	30	2	31	68	32	29	33	51	34	7	35	56	36	11	37	17	38	81	39	66	40	17	41	5	42	60	43	85	44	39	45	70	46	63	47	83	48	14	49	67
	0	16	1	69	2	78	3	97	4	99	5	55	6	78	7	38	8	77	9	3	10	14	11	13	12	78	13	58	14	96	15	55	16	41	17	90	18	39	19	41	20	48	21	88	22	32	23	19	24	10	25	86	26	59	27	64	28	66	29	12	30	49	31	15	32	29	33	96	34	89	35	83	36	75	37	67	38	21	39	50	40	59	41	31	42	22	43	76	44	19	45	17	46	17	47	94	48	78	49	16
	0	86	1	69	2	82	3	68	4	71	5	27	6	12	7	60	8	75	9	10	10	66	11	40	12	33	13	89	14	5	15	76	16	69	17	49	18	95	19	90	20	1	21	40	22	8	23	63	24	30	25	29	26	48	27	95	28	36	29	28	30	13	31	41	32	79	33	73	34	32	35	92	36	52	37	60	38	8	39	43	40	57	41	91	42	78	43	75	44	94	45	76	46	66	47	61	48	70	49	82
	0	73	1	43	2	96	3	39	4	66	5	56	6	6	7	45	8	20	9	7	10	18	11	21	12	48	13	13	14	40	15	3	16	30	17	60	18	64	19	100	20	94	21	60	22	21	23	21	24	49	25	89	26	84	27	67	28	43	29	44	30	37	31	44	32	10	33	58	34	56	35	31	36	35	37	55	38	62	39	26	40	24	41	35	42	49	43	35	44	93	45	17	46	87	47	84	48	92	49	87
	0	66	1	80	2	27	3	27	4	25	5	38	6	57	7	19	8	72	9	50	10	75	11	53	12	8	13	73	14	87	15	81	16	99	17	49	18	74	19	93	20	57	21	98	22	81	23	20	24	34	25	38	26	64	27	78	28	33	29	19	30	15	31	100	32	88	33	86	34	18	35	45	36	76	37	7	38	17	39	65	40	51	41	18	42	8	43	60	44	21	45	85	46	69	47	73	48	16	49	80
	0	1	1	94	2	93	3	15	4	45	5	72	6	99	7	97	8	88	9	61	10	86	11	85	12	82	13	43	14	30	15	54	16	39	17	10	18	25	19	19	20	73	21	93	22	30	23	64	24	96	25	73	26	6	27	73	28	2	29	9	30	66	31	60	32	90	33	70	34	19	35	55	36	4	37	61	38	91	39	82	40	97	41	68	42	49	43	39	44	56	45	71	46	62	47	72	48	20	49	1
	0	67	1	92	2	4	3	31	4	42	5	83	6	2	7	39	8	89	9	4	10	18	11	76	12	80	13	80	14	75	15	22	16	28	17	26	18	76	19	24	20	76	21	62	22	33	23	43	24	23	25	12	26	83	27	57	28	24	29	81	30	46	31	90	32	44	33	71	34	21	35	71	36	38	37	71	38	95	39	45	40	91	41	24	42	29	43	78	44	59	45	79	46	45	47	41	48	60	49	60
	0	14	1	60	2	42	3	11	4	44	5	66	6	99	7	12	8	92	9	83	10	27	11	72	12	63	13	36	14	43	15	28	16	67	17	72	18	90	19	26	20	54	21	18	22	31	23	54	24	31	25	32	26	72	27	50	28	49	29	5	30	100	31	17	32	3	33	33	34	95	35	1	36	87	37	57	38	69	39	25	40	97	41	49	42	53	43	88	44	72	45	89	46	96	47	61	48	20	49	53
	0	92	1	49	2	63	3	22	4	18	5	93	6	3	7	67	8	63	9	37	10	93	11	85	12	76	13	84	14	62	15	72	16	63	17	9	18	26	19	77	20	17	21	12	22	92	23	68	24	52	25	22	26	33	27	87	28	80	29	93	30	89	31	100	32	54	33	39	34	15	35	61	36	62	37	15	38	6	39	29	40	41	41	34	42	42	43	36	44	65	45	72	46	42	47	68	48	94	49	11
	0	33	1	24	2	23	3	10	4	55	5	67	6	46	7	22	8	65	9	56	10	19	11	76	12	16	13	62	14	11	15	100	16	13	17	78	18	65	19	72	20	85	21	77	22	90	23	89	24	17	25	5	26	85	27	22	28	26	29	77	30	56	31	85	32	89	33	35	34	63	35	36	36	47	37	86	38	28	39	85	40	44	41	13	42	79	43	87	44	76	45	53	46	17	47	37	48	64	49	55
	0	25	1	92	2	66	3	84	4	61	5	100	6	97	7	29	8	4	9	98	10	30	11	21	12	38	13	13	14	81	15	87	16	7	17	79	18	11	19	80	20	59	21	60	22	1	23	63	24	74	25	30	26	78	27	48	28	43	29	54	30	86	31	14	32	35	33	78	34	60	35	36	36	77	37	18	38	21	39	31	40	31	41	94	42	5	43	82	44	49	45	75	46	4	47	96	48	21	49	8
	0	73	1	18	2	73	3	48	4	30	5	99	6	63	7	36	8	61	9	91	10	85	11	60	12	3	13	14	14	84	15	13	16	58	17	35	18	30	19	43	20	83	21	26	22	24	23	28	24	31	25	10	26	17	27	55	28	63	29	16	30	67	31	66	32	43	33	85	34	72	35	2	36	80	37	6	38	50	39	62	40	1	41	85	42	58	43	63	44	48	45	56	46	56	47	54	48	38	49	96
	0	83	1	29	2	37	3	16	4	83	5	46	6	25	7	17	8	92	9	37	10	69	11	41	12	1	13	76	14	12	15	75	16	29	17	24	18	56	19	56	20	84	21	93	22	2	23	1	24	94	25	74	26	60	27	77	28	31	29	35	30	57	31	48	32	71	33	80	34	93	35	94	36	56	37	19	38	34	39	78	40	44	41	8	42	40	43	5	44	75	45	34	46	56	47	2	48	89	49	71
	0	24	1	10	2	60	3	37	4	4	5	72	6	50	7	5	8	88	9	54	10	83	11	67	12	55	13	34	14	97	15	53	16	20	17	39	18	35	19	47	20	39	21	36	22	63	23	56	24	4	25	79	26	38	27	14	28	31	29	90	30	65	31	50	32	7	33	18	34	18	35	33	36	80	37	95	38	100	39	70	40	87	41	5	42	81	43	36	44	58	45	12	46	35	47	55	48	44	49	23
	0	58	1	55	2	52	3	93	4	60	5	69	6	96	7	74	8	30	9	67	10	79	11	78	12	41	13	19	14	85	15	20	16	42	17	44	18	34	19	33	20	41	21	83	22	21	23	85	24	92	25	8	26	72	27	52	28	28	29	47	30	50	31	5	32	7	33	94	34	21	35	20	36	64	37	40	38	56	39	40	40	90	41	20	42	22	43	21	44	72	45	89	46	96	47	46	48	63	49	59
	0	3	1	10	2	88	3	62	4	62	5	88	6	76	7	21	8	86	9	41	10	93	11	38	12	81	13	31	14	10	15	43	16	24	17	48	18	28	19	60	20	38	21	67	22	52	23	77	24	66	25	84	26	82	27	20	28	36	29	11	30	58	31	95	32	58	33	17	34	76	35	26	36	89	37	49	38	89	39	94	40	74	41	78	42	14	43	91	44	35	45	40	46	42	47	6	48	74	49	75
	0	21	1	25	2	97	3	83	4	44	5	17	6	1	7	51	8	68	9	27	10	60	11	24	12	46	13	96	14	3	15	7	16	64	17	93	18	88	19	39	20	82	21	20	22	89	23	76	24	46	25	20	26	71	27	59	28	20	29	15	30	14	31	61	32	37	33	28	34	100	35	54	36	90	37	99	38	97	39	16	40	93	41	74	42	78	43	79	44	95	45	31	46	74	47	98	48	27	49	85
	0	55	1	71	2	1	3	68	4	71	5	64	6	15	7	92	8	4	9	1	10	9	11	28	12	22	13	31	14	87	15	68	16	22	17	87	18	9	19	54	20	10	21	89	22	95	23	77	24	60	25	63	26	17	27	96	28	38	29	72	30	62	31	26	32	92	33	96	34	89	35	87	36	39	37	82	38	17	39	23	40	8	41	72	42	18	43	29	44	9	45	74	46	3	47	44	48	43	49	28
	0	15	1	94	2	76	3	95	4	79	5	5	6	34	7	47	8	68	9	15	10	99	11	75	12	88	13	40	14	10	15	3	16	82	17	97	18	98	19	87	20	17	21	81	22	14	23	65	24	2	25	30	26	18	27	43	28	38	29	56	30	53	31	62	32	19	33	4	34	15	35	69	36	21	37	78	38	84	39	97	40	51	41	36	42	90	43	18	44	41	45	53	46	27	47	21	48	13	49	1
	0	35	1	48	2	54	3	88	4	10	5	62	6	61	7	69	8	24	9	56	10	65	11	5	12	49	13	11	14	25	15	48	16	31	17	66	18	69	19	65	20	54	21	63	22	14	23	36	24	79	25	74	26	80	27	93	28	69	29	19	30	10	31	74	32	17	33	49	34	33	35	15	36	44	37	35	38	41	39	9	40	36	41	92	42	76	43	96	44	36	45	38	46	34	47	66	48	9	49	49
	0	39	1	90	2	44	3	87	4	49	5	17	6	66	7	81	8	83	9	89	10	70	11	4	12	95	13	68	14	98	15	88	16	31	17	85	18	20	19	46	20	32	21	41	22	97	23	99	24	86	25	33	26	28	27	45	28	41	29	72	30	18	31	100	32	19	33	27	34	13	35	99	36	95	37	8	38	84	39	41	40	48	41	72	42	72	43	21	44	88	45	14	46	13	47	78	48	97	49	73
	0	1	1	42	2	69	3	83	4	79	5	83	6	28	7	23	8	44	9	72	10	39	11	62	12	8	13	13	14	66	15	2	16	77	17	18	18	35	19	65	20	99	21	22	22	96	23	75	24	25	25	57	26	2	27	17	28	79	29	43	30	48	31	7	32	7	33	64	34	35	35	79	36	91	37	20	38	56	39	75	40	13	41	100	42	12	43	2	44	15	45	95	46	8	47	91	48	10	49	53
	0	99	1	71	2	9	3	53	4	64	5	30	6	85	7	35	8	45	9	60	10	96	11	25	12	72	13	63	14	16	15	39	16	56	17	99	18	73	19	47	20	46	21	97	22	71	23	47	24	43	25	41	26	54	27	69	28	44	29	25	30	44	31	100	32	60	33	33	34	45	35	28	36	14	37	75	38	18	39	19	40	23	41	2	42	48	43	78	44	27	45	72	46	64	47	83	48	4	49	40
	0	96	1	64	2	90	3	2	4	63	5	71	6	8	7	99	8	26	9	70	10	41	11	83	12	69	13	47	14	39	15	87	16	73	17	7	18	24	19	46	20	98	21	10	22	35	23	79	24	1	25	69	26	43	27	16	28	44	29	4	30	95	31	26	32	68	33	38	34	6	35	2	36	40	37	69	38	81	39	76	40	14	41	50	42	40	43	98	44	33	45	68	46	100	47	95	48	88	49	12
	0	94	1	82	2	3	3	52	4	76	5	3	6	4	7	82	8	18	9	26	10	9	11	95	12	94	13	7	14	25	15	98	16	27	17	12	18	62	19	77	20	28	21	48	22	81	23	72	24	50	25	53	26	41	27	28	28	53	29	46	30	21	31	29	32	46	33	23	34	25	35	24	36	36	37	64	38	89	39	11	40	21	41	87	42	67	43	41	44	6	45	60	46	40	47	38	48	11	49	47
	0	97	1	71	2	12	3	66	4	78	5	15	6	48	7	83	8	56	9	82	10	54	11	55	12	35	13	9	14	20	15	10	16	57	17	45	18	100	19	25	20	71	21	69	22	94	23	35	24	85	25	15	26	86	27	88	28	16	29	15	30	32	31	25	32	20	33	63	34	93	35	60	36	34	37	72	38	87	39	75	40	100	41	70	42	4	43	63	44	24	45	66	46	78	47	87	48	6	49	75
	0	50	1	31	2	46	3	79	4	44	5	58	6	89	7	80	8	33	9	21	10	91	11	51	12	87	13	66	14	14	15	8	16	22	17	34	18	64	19	48	20	85	21	66	22	50	23	26	24	48	25	38	26	17	27	80	28	100	29	99	30	83	31	12	32	62	33	98	34	96	35	80	36	54	37	95	38	61	39	86	40	89	41	15	42	33	43	32	44	93	45	89	46	69	47	98	48	50	49	71
	0	65	1	65	2	34	3	48	4	44	5	70	6	79	7	75	8	75	9	94	10	89	11	93	12	8	13	91	14	8	15	22	16	82	17	25	18	72	19	35	20	41	21	73	22	44	23	54	24	46	25	8	26	86	27	18	28	86	29	64	30	20	31	29	32	14	33	57	34	94	35	62	36	77	37	12	38	32	39	96	40	92	41	14	42	67	43	16	44	8	45	89	46	53	47	75	48	51	49	79
	0	21	1	23	2	29	3	72	4	32	5	46	6	65	7	93	8	25	9	76	10	69	11	77	12	72	13	42	14	76	15	73	16	95	17	99	18	100	19	51	20	91	21	47	22	95	23	11	24	76	25	18	26	20	27	21	28	61	29	5	30	32	31	25	32	92	33	50	34	80	35	1	36	34	37	29	38	58	39	64	40	85	41	89	42	35	43	45	44	41	45	23	46	95	47	75	48	41	49	6
	0	23	1	74	2	82	3	5	4	43	5	21	6	79	7	51	8	85	9	41	10	89	11	37	12	36	13	57	14	45	15	63	16	9	17	66	18	73	19	64	20	25	21	65	22	67	23	82	24	4	25	18	26	56	27	59	28	98	29	41	30	1	31	77	32	15	33	59	34	78	35	69	36	29	37	42	38	59	39	66	40	57	41	42	42	89	43	72	44	57	45	83	46	14	47	58	48	87	49	66
	0	21	1	42	2	1	3	1	4	87	5	86	6	8	7	83	8	44	9	15	10	97	11	62	12	19	13	61	14	2	15	72	16	98	17	67	18	77	19	38	20	19	21	19	22	92	23	56	24	10	25	88	26	73	27	27	28	99	29	84	30	43	31	84	32	93	33	77	34	52	35	41	36	84	37	30	38	83	39	67	40	24	41	33	42	84	43	42	44	6	45	57	46	66	47	68	48	3	49	53
	0	46	1	35	2	84	3	65	4	59	5	54	6	95	7	39	8	43	9	26	10	75	11	40	12	66	13	97	14	50	15	12	16	77	17	22	18	17	19	45	20	75	21	35	22	14	23	29	24	38	25	100	26	46	27	15	28	49	29	92	30	4	31	8	32	26	33	26	34	96	35	61	36	31	37	47	38	82	39	57	40	9	41	30	42	82	43	79	44	100	45	67	46	99	47	17	48	8	49	40
	0	65	1	65	2	39	3	93	4	24	5	99	6	15	7	70	8	90	9	38	10	50	11	76	12	54	13	38	14	41	15	65	16	20	17	67	18	92	19	83	20	7	21	49	22	98	23	5	24	36	25	3	26	48	27	49	28	91	29	86	30	12	31	58	32	27	33	25	34	34	35	83	36	61	37	13	38	59	39	98	40	64	41	80	42	27	43	43	44	52	45	79	46	47	47	72	48	41	49	42
	0	30	1	52	2	97	3	100	4	19	5	30	6	18	7	67	8	72	9	82	10	22	11	41	12	84	13	3	14	24	15	60	16	31	17	89	18	27	19	18	20	94	21	46	22	59	23	46	24	94	25	4	26	43	27	90	28	34	29	31	30	65	31	50	32	45	33	80	34	78	35	69	36	61	37	98	38	83	39	78	40	90	41	99	42	36	43	32	44	56	45	65	46	96	47	9	48	6	49	34
	0	19	1	39	2	27	3	90	4	41	5	94	6	23	7	60	8	17	9	58	10	24	11	89	12	15	13	54	14	42	15	34	16	70	17	95	18	99	19	17	20	55	21	92	22	79	23	20	24	19	25	34	26	92	27	99	28	2	29	12	30	44	31	77	32	30	33	77	34	49	35	17	36	42	37	31	38	45	39	100	40	8	41	96	42	70	43	57	44	37	45	18	46	34	47	19	48	88	49	91
	0	89	1	8	2	28	3	20	4	73	5	53	6	5	7	47	8	87	9	24	10	23	11	8	12	37	13	19	14	48	15	7	16	34	17	33	18	69	19	18	20	49	21	3	22	98	23	45	24	62	25	11	26	99	27	10	28	43	29	81	30	43	31	48	32	72	33	6	34	67	35	23	36	63	37	96	38	71	39	1	40	71	41	22	42	61	43	41	44	85	45	99	46	56	47	85	48	37	49	54
	0	94	1	67	2	79	3	37	4	13	5	71	6	19	7	92	8	84	9	99	10	99	11	2	12	40	13	32	14	70	15	61	16	7	17	12	18	1	19	38	20	42	21	51	22	6	23	39	24	37	25	55	26	98	27	96	28	33	29	40	30	97	31	12	32	65	33	41	34	41	35	58	36	22	37	68	38	95	39	2	40	1	41	53	42	38	43	7	44	80	45	88	46	88	47	37	48	53	49	53
	0	93	1	53	2	85	3	77	4	85	5	87	6	92	7	96	8	90	9	26	10	52	11	79	12	35	13	53	14	96	15	55	16	96	17	13	18	44	19	54	20	75	21	10	22	76	23	45	24	5	25	55	26	61	27	35	28	14	29	11	30	81	31	59	32	6	33	8	34	15	35	88	36	37	37	41	38	88	39	10	40	86	41	47	42	83	43	86	44	56	45	36	46	73	47	75	48	63	49	35
	0	39	1	77	2	80	3	47	4	55	5	47	6	53	7	49	8	74	9	69	10	18	11	74	12	36	13	100	14	62	15	57	16	92	17	19	18	22	19	39	20	9	21	47	22	16	23	52	24	90	25	20	26	48	27	34	28	52	29	19	30	20	31	49	32	14	33	9	34	59	35	11	36	7	37	35	38	42	39	28	40	6	41	65	42	55	43	33	44	36	45	93	46	43	47	43	48	20	49	30
	0	33	1	85	2	55	3	58	4	22	5	78	6	33	7	18	8	80	9	36	10	59	11	56	12	1	13	68	14	23	15	49	16	98	17	59	18	19	19	83	20	41	21	72	22	39	23	72	24	61	25	7	26	66	27	9	28	88	29	99	30	50	31	9	32	95	33	46	34	51	35	93	36	49	37	97	38	67	39	93	40	5	41	44	42	92	43	9	44	99	45	94	46	62	47	24	48	15	49	17
	0	100	1	71	2	26	3	97	4	52	5	16	6	55	7	30	8	83	9	69	10	94	11	46	12	75	13	70	14	69	15	52	16	38	17	6	18	53	19	22	20	43	21	35	22	59	23	73	24	17	25	49	26	66	27	18	28	75	29	85	30	59	31	74	32	77	33	77	34	80	35	62	36	18	37	1	38	39	39	51	40	16	41	47	42	15	43	95	44	38	45	55	46	44	47	99	48	82	49	53
	0	96	1	4	2	6	3	10	4	60	5	53	6	71	7	100	8	10	9	20	10	50	11	13	12	13	13	80	14	99	15	83	16	96	17	63	18	4	19	5	20	98	21	30	22	60	23	69	24	63	25	45	26	25	27	31	28	46	29	47	30	65	31	90	32	49	33	35	34	97	35	61	36	10	37	29	38	63	39	39	40	97	41	70	42	21	43	13	44	93	45	53	46	35	47	69	48	72	49	34
	0	75	1	84	2	1	3	45	4	84	5	10	6	10	7	86	8	65	9	91	10	32	11	18	12	92	13	76	14	91	15	43	16	53	17	6	18	93	19	59	20	69	21	92	22	51	23	25	24	66	25	16	26	47	27	72	28	75	29	22	30	17	31	51	32	90	33	73	34	96	35	85	36	26	37	98	38	83	39	96	40	37	41	55	42	91	43	100	44	88	45	69	46	8	47	99	48	5	49	42
	0	75	1	14	2	40	3	39	4	54	5	33	6	11	7	82	8	58	9	83	10	27	11	25	12	45	13	26	14	2	15	78	16	19	17	54	18	95	19	14	20	67	21	40	22	62	23	72	24	47	25	45	26	96	27	32	28	95	29	10	30	81	31	42	32	7	33	80	34	92	35	10	36	47	37	31	38	23	39	97	40	38	41	93	42	23	43	66	44	80	45	12	46	62	47	87	48	84	49	72
	0	68	1	89	2	8	3	76	4	6	5	15	6	55	7	67	8	83	9	27	10	51	11	22	12	2	13	54	14	21	15	59	16	15	17	87	18	26	19	44	20	19	21	71	22	36	23	76	24	12	25	35	26	52	27	100	28	15	29	62	30	91	31	69	32	97	33	5	34	5	35	47	36	84	37	84	38	3	39	47	40	32	41	19	42	89	43	22	44	87	45	4	46	33	47	65	48	69	49	4
	0	47	1	86	2	58	3	44	4	31	5	67	6	65	7	20	8	100	9	21	10	100	11	40	12	22	13	93	14	98	15	97	16	19	17	89	18	52	19	5	20	13	21	28	22	52	23	74	24	24	25	35	26	48	27	93	28	40	29	25	30	82	31	45	32	23	33	61	34	47	35	80	36	35	37	68	38	72	39	14	40	70	41	45	42	54	43	39	44	41	45	3	46	63	47	50	48	66	49	24
	0	14	1	32	2	39	3	18	4	66	5	59	6	83	7	25	8	93	9	2	10	23	11	83	12	55	13	48	14	26	15	62	16	35	17	71	18	95	19	43	20	46	21	10	22	17	23	80	24	7	25	49	26	96	27	75	28	52	29	3	30	22	31	64	32	18	33	45	34	68	35	89	36	21	37	43	38	99	39	95	40	26	41	85	42	47	43	94	44	57	45	1	46	84	47	70	48	19	49	36
	0	88	1	22	2	16	3	4	4	2	5	74	6	86	7	40	8	16	9	97	10	94	11	44	12	19	13	11	14	58	15	50	16	18	17	76	18	85	19	98	20	12	21	88	22	46	23	73	24	58	25	30	26	29	27	43	28	83	29	56	30	41	31	18	32	25	33	96	34	36	35	90	36	96	37	14	38	11	39	56	40	15	41	72	42	90	43	14	44	48	45	55	46	74	47	81	48	44	49	79
	0	44	1	95	2	72	3	84	4	47	5	75	6	85	7	75	8	83	9	67	10	69	11	81	12	86	13	90	14	50	15	23	16	77	17	69	18	76	19	25	20	1	21	20	22	89	23	15	24	12	25	5	26	57	27	76	28	48	29	96	30	29	31	63	32	6	33	8	34	34	35	5	36	19	37	77	38	41	39	29	40	98	41	14	42	44	43	93	44	88	45	48	46	41	47	23	48	31	49	38
	0	27	1	74	2	66	3	28	4	16	5	59	6	100	7	60	8	52	9	41	10	13	11	82	12	92	13	55	14	97	15	12	16	63	17	9	18	45	19	40	20	21	21	2	22	27	23	80	24	67	25	29	26	24	27	18	28	6	29	83	30	12	31	100	32	44	33	62	34	15	35	57	36	59	37	48	38	66	39	76	40	98	41	9	42	41	43	52	44	85	45	48	46	66	47	86	48	32	49	96
	0	8	1	1	2	2	3	23	4	92	5	10	6	56	7	18	8	16	9	51	10	87	11	50	12	52	13	57	14	26	15	34	16	50	17	57	18	60	19	40	20	92	21	98	22	16	23	26	24	54	25	45	26	90	27	96	28	81	29	6	30	21	31	3	32	81	33	75	34	46	35	33	36	83	37	3	38	88	39	75	40	32	41	23	42	61	43	39	44	5	45	14	46	83	47	72	48	70	49	57
	0	47	1	9	2	30	3	26	4	86	5	27	6	17	7	26	8	25	9	22	10	31	11	53	12	17	13	6	14	36	15	54	16	95	17	86	18	64	19	6	20	96	21	5	22	86	23	40	24	35	25	26	26	44	27	75	28	32	29	97	30	67	31	61	32	30	33	41	34	2	35	9	36	45	37	37	38	41	39	88	40	38	41	9	42	24	43	9	44	16	45	21	46	38	47	6	48	76	49	51
	0	67	1	22	2	71	3	2	4	35	5	31	6	49	7	52	8	64	9	49	10	97	11	69	12	30	13	49	14	3	15	38	16	2	17	49	18	89	19	71	20	84	21	51	22	12	23	5	24	89	25	57	26	21	27	3	28	49	29	74	30	99	31	12	32	95	33	3	34	62	35	51	36	86	37	54	38	77	39	24	40	78	41	45	42	11	43	88	44	44	45	80	46	39	47	15	48	92	49	99
	0	70	1	30	2	45	3	58	4	62	5	23	6	77	7	81	8	44	9	46	10	27	11	79	12	54	13	65	14	21	15	52	16	76	17	22	18	85	19	92	20	26	21	10	22	21	23	73	24	14	25	92	26	88	27	88	28	98	29	1	30	7	31	64	32	99	33	7	34	72	35	84	36	36	37	38	38	56	39	68	40	3	41	82	42	21	43	20	44	18	45	22	46	90	47	25	48	79	49	78
	0	29	1	57	2	35	3	44	4	49	5	45	6	53	7	57	8	36	9	83	10	21	11	39	12	49	13	100	14	46	15	83	16	58	17	25	18	14	19	93	20	17	21	7	22	27	23	84	24	81	25	69	26	47	27	9	28	15	29	28	30	92	31	69	32	56	33	84	34	76	35	24	36	37	37	75	38	84	39	2	40	59	41	53	42	32	43	86	44	92	45	14	46	37	47	28	48	39	49	8
	0	9	1	91	2	70	3	85	4	48	5	63	6	48	7	79	8	81	9	64	10	79	11	21	12	96	13	35	14	53	15	38	16	53	17	10	18	79	19	78	20	72	21	80	22	21	23	61	24	37	25	15	26	82	27	66	28	55	29	100	30	99	31	84	32	68	33	1	34	46	35	95	36	11	37	69	38	61	39	74	40	45	41	40	42	38	43	14	44	30	45	4	46	49	47	9	48	4	49	29
	0	92	1	71	2	88	3	88	4	84	5	48	6	26	7	10	8	33	9	68	10	43	11	48	12	66	13	31	14	70	15	55	16	96	17	28	18	65	19	90	20	53	21	61	22	44	23	6	24	17	25	68	26	89	27	94	28	21	29	12	30	1	31	71	32	12	33	72	34	10	35	58	36	2	37	32	38	72	39	71	40	29	41	81	42	2	43	9	44	13	45	54	46	27	47	51	48	91	49	80
	0	68	1	56	2	52	3	18	4	66	5	43	6	11	7	96	8	27	9	11	10	89	11	91	12	45	13	89	14	96	15	1	16	26	17	64	18	28	19	5	20	30	21	11	22	27	23	19	24	88	25	10	26	59	27	85	28	83	29	48	30	23	31	45	32	86	33	32	34	82	35	2	36	84	37	47	38	84	39	64	40	56	41	52	42	20	43	17	44	73	45	1	46	20	47	80	48	31	49	17
	0	8	1	37	2	37	3	58	4	51	5	49	6	17	7	65	8	69	9	82	10	16	11	73	12	4	13	21	14	94	15	27	16	63	17	47	18	51	19	26	20	74	21	88	22	45	23	100	24	26	25	84	26	54	27	89	28	81	29	31	30	27	31	68	32	84	33	76	34	15	35	54	36	98	37	87	38	64	39	79	40	51	41	29	42	37	43	14	44	65	45	7	46	72	47	85	48	8	49	64
	0	6	1	6	2	85	3	35	4	22	5	31	6	63	7	16	8	90	9	100	10	97	11	80	12	25	13	7	14	92	15	44	16	67	17	54	18	34	19	2	20	58	21	45	22	60	23	37	24	87	25	25	26	61	27	3	28	10	29	90	30	28	31	37	32	68	33	23	34	95	35	26	36	71	37	7	38	35	39	63	40	15	41	42	42	6	43	52	44	43	45	62	46	65	47	42	48	80	49	29
	0	95	1	14	2	89	3	47	4	97	5	44	6	44	7	21	8	63	9	11	10	5	11	66	12	28	13	31	14	40	15	29	16	50	17	31	18	36	19	81	20	89	21	100	22	96	23	90	24	65	25	75	26	8	27	3	28	32	29	45	30	22	31	62	32	89	33	95	34	3	35	55	36	6	37	15	38	16	39	84	40	65	41	35	42	63	43	76	44	8	45	85	46	7	47	91	48	67	49	73
	0	17	1	92	2	17	3	30	4	34	5	83	6	53	7	78	8	52	9	36	10	15	11	7	12	47	13	51	14	92	15	70	16	7	17	31	18	79	19	40	20	44	21	60	22	80	23	79	24	96	25	22	26	64	27	15	28	39	29	89	30	34	31	26	32	73	33	72	34	59	35	82	36	62	37	23	38	69	39	93	40	19	41	7	42	32	43	57	44	89	45	8	46	52	47	11	48	60	49	23
	0	51	1	36	2	3	3	58	4	42	5	51	6	24	7	43	8	87	9	14	10	86	11	15	12	8	13	16	14	21	15	39	16	98	17	12	18	45	19	75	20	31	21	52	22	57	23	2	24	98	25	1	26	65	27	60	28	87	29	47	30	85	31	71	32	4	33	47	34	100	35	51	36	5	37	58	38	77	39	20	40	63	41	52	42	82	43	79	44	17	45	21	46	33	47	3	48	62	49	1
	0	81	1	71	2	80	3	88	4	24	5	45	6	21	7	21	8	77	9	45	10	85	11	56	12	59	13	2	14	64	15	45	16	74	17	76	18	44	19	10	20	90	21	72	22	74	23	74	24	45	25	3	26	59	27	69	28	43	29	59	30	26	31	59	32	3	33	4	34	74	35	37	36	85	37	98	38	5	39	78	40	7	41	19	42	4	43	66	44	18	45	34	46	3	47	25	48	100	49	35
	0	53	1	19	2	8	3	57	4	97	5	2	6	75	7	23	8	3	9	40	10	40	11	96	12	10	13	21	14	75	15	33	16	93	17	36	18	13	19	66	20	51	21	6	22	22	23	50	24	74	25	60	26	56	27	72	28	39	29	12	30	82	31	93	32	48	33	97	34	82	35	71	36	5	37	36	38	53	39	88	40	88	41	67	42	72	43	87	44	79	45	48	46	92	47	82	48	38	49	25
	0	89	1	88	2	53	3	18	4	71	5	20	6	92	7	69	8	24	9	11	10	33	11	56	12	59	13	81	14	64	15	58	16	72	17	50	18	65	19	52	20	45	21	64	22	24	23	33	24	44	25	98	26	42	27	30	28	86	29	35	30	29	31	42	32	1	33	46	34	2	35	3	36	85	37	25	38	30	39	79	40	31	41	36	42	95	43	33	44	1	45	91	46	56	47	20	48	46	49	70
	0	39	1	100	2	100	3	29	4	88	5	74	6	19	7	83	8	55	9	82	10	19	11	44	12	7	13	31	14	46	15	60	16	82	17	26	18	79	19	76	20	25	21	25	22	45	23	19	24	76	25	47	26	14	27	82	28	1	29	99	30	79	31	45	32	87	33	11	34	48	35	76	36	33	37	75	38	18	39	83	40	19	41	44	42	87	43	25	44	33	45	33	46	28	47	87	48	76	49	29
	0	50	1	97	2	89	3	95	4	90	5	23	6	75	7	27	8	34	9	74	10	95	11	15	12	54	13	28	14	61	15	90	16	4	17	10	18	77	19	77	20	21	21	32	22	81	23	85	24	17	25	54	26	90	27	95	28	59	29	27	30	58	31	31	32	79	33	28	34	1	35	28	36	50	37	98	38	37	39	31	40	30	41	55	42	54	43	88	44	62	45	11	46	10	47	17	48	63	49	53
	0	11	1	67	2	63	3	48	4	31	5	100	6	70	7	76	8	77	9	63	10	60	11	14	12	2	13	27	14	29	15	20	16	13	17	14	18	64	19	86	20	50	21	41	22	5	23	73	24	16	25	40	26	2	27	25	28	80	29	52	30	5	31	39	32	95	33	88	34	40	35	43	36	6	37	10	38	42	39	98	40	18	41	84	42	56	43	27	44	73	45	88	46	45	47	40	48	44	49	96
	0	32	1	16	2	49	3	66	4	95	5	43	6	38	7	96	8	80	9	42	10	8	11	29	12	93	13	16	14	62	15	32	16	4	17	15	18	89	19	63	20	57	21	89	22	56	23	9	24	85	25	78	26	33	27	63	28	56	29	69	30	87	31	67	32	9	33	6	34	13	35	44	36	67	37	43	38	97	39	80	40	11	41	70	42	31	43	61	44	71	45	49	46	13	47	45	48	64	49	53
	0	6	1	33	2	76	3	86	4	52	5	87	6	90	7	23	8	41	9	76	10	74	11	2	12	3	13	73	14	10	15	63	16	68	17	35	18	22	19	15	20	91	21	20	22	17	23	58	24	78	25	34	26	68	27	12	28	18	29	21	30	88	31	32	32	31	33	22	34	92	35	88	36	89	37	74	38	21	39	54	40	49	41	29	42	92	43	47	44	24	45	11	46	6	47	85	48	83	49	31
	0	94	1	65	2	39	3	44	4	29	5	93	6	74	7	15	8	93	9	99	10	20	11	10	12	3	13	20	14	81	15	56	16	28	17	57	18	72	19	21	20	37	21	4	22	4	23	100	24	89	25	28	26	52	27	28	28	26	29	56	30	75	31	46	32	50	33	63	34	79	35	82	36	83	37	3	38	40	39	43	40	42	41	12	42	32	43	9	44	92	45	72	46	21	47	91	48	44	49	21
	0	24	1	86	2	6	3	43	4	51	5	43	6	24	7	82	8	59	9	25	10	59	11	52	12	4	13	22	14	89	15	44	16	69	17	66	18	25	19	52	20	93	21	37	22	89	23	72	24	36	25	70	26	96	27	31	28	57	29	5	30	30	31	71	32	89	33	26	34	1	35	82	36	28	37	90	38	39	39	59	40	89	41	54	42	50	43	36	44	77	45	30	46	43	47	5	48	90	49	29
	0	10	1	47	2	43	3	91	4	94	5	11	6	85	7	96	8	15	9	31	10	45	11	8	12	9	13	62	14	31	15	99	16	6	17	70	18	69	19	47	20	60	21	26	22	53	23	18	24	1	25	61	26	45	27	64	28	78	29	10	30	40	31	6	32	97	33	29	34	98	35	76	36	99	37	77	38	2	39	39	40	5	41	95	42	84	43	32	44	38	45	14	46	34	47	66	48	10	49	96
	0	4	1	99	2	96	3	60	4	37	5	70	6	74	7	69	8	6	9	46	10	90	11	84	12	38	13	33	14	57	15	84	16	59	17	39	18	28	19	31	20	82	21	6	22	80	23	33	24	17	25	38	26	7	27	11	28	4	29	90	30	11	31	87	32	57	33	7	34	37	35	55	36	94	37	19	38	87	39	91	40	1	41	26	42	10	43	18	44	27	45	48	46	67	47	31	48	24	49	4
	0	90	1	48	2	87	3	53	4	15	5	47	6	36	7	13	8	36	9	100	10	66	11	34	12	15	13	10	14	47	15	9	16	58	17	19	18	47	19	20	20	16	21	47	22	18	23	77	24	3	25	67	26	64	27	90	28	10	29	33	30	85	31	73	32	75	33	17	34	52	35	89	36	39	37	26	38	75	39	69	40	81	41	92	42	65	43	63	44	36	45	69	46	91	47	17	48	15	49	73
	0	91	1	84	2	97	3	46	4	90	5	3	6	63	7	50	8	32	9	100	10	79	11	89	12	31	13	21	14	55	15	42	16	82	17	75	18	40	19	48	20	15	21	49	22	30	23	64	24	68	25	44	26	95	27	10	28	99	29	22	30	48	31	52	32	91	33	72	34	20	35	86	36	95	37	30	38	21	39	49	40	32	41	22	42	76	43	39	44	43	45	4	46	87	47	41	48	51	49	21
	0	64	1	81	2	81	3	17	4	3	5	54	6	60	7	45	8	21	9	17	10	77	11	92	12	79	13	6	14	81	15	96	16	37	17	55	18	56	19	15	20	38	21	10	22	84	23	98	24	7	25	61	26	2	27	50	28	10	29	44	30	4	31	92	32	16	33	82	34	45	35	67	36	53	37	67	38	48	39	36	40	52	41	12	42	26	43	70	44	14	45	98	46	68	47	20	48	55	49	28
	0	42	1	38	2	9	3	45	4	30	5	76	6	89	7	72	8	81	9	67	10	44	11	98	12	58	13	2	14	56	15	96	16	24	17	18	18	67	19	71	20	59	21	90	22	32	23	56	24	42	25	76	26	40	27	6	28	26	29	60	30	39	31	71	32	68	33	8	34	60	35	29	36	32	37	1	38	46	39	29	40	48	41	39	42	96	43	62	44	98	45	17	46	5	47	59	48	78	49	18
	0	62	1	98	2	39	3	78	4	14	5	51	6	18	7	6	8	29	9	23	10	1	11	83	12	12	13	38	14	93	15	59	16	54	17	100	18	73	19	23	20	9	21	26	22	70	23	24	24	51	25	10	26	79	27	55	28	40	29	94	30	15	31	38	32	92	33	43	34	57	35	75	36	58	37	37	38	40	39	34	40	34	41	52	42	11	43	7	44	57	45	72	46	21	47	52	48	81	49	62
	0	55	1	93	2	17	3	98	4	4	5	61	6	80	7	29	8	29	9	86	10	95	11	15	12	87	13	79	14	40	15	66	16	99	17	58	18	34	19	93	20	91	21	10	22	91	23	15	24	41	25	4	26	12	27	7	28	3	29	75	30	70	31	81	32	1	33	62	34	19	35	20	36	7	37	61	38	36	39	22	40	44	41	31	42	64	43	23	44	93	45	66	46	24	47	92	48	75	49	4
	0	15	1	36	2	49	3	60	4	20	5	45	6	48	7	94	8	73	9	64	10	34	11	42	12	77	13	89	14	55	15	83	16	68	17	3	18	29	19	14	20	54	21	4	22	91	23	63	24	97	25	9	26	74	27	52	28	93	29	9	30	12	31	92	32	88	33	25	34	87	35	87	36	23	37	90	38	60	39	51	40	96	41	53	42	54	43	94	44	95	45	81	46	78	47	12	48	27	49	98
	0	15	1	87	2	54	3	6	4	8	5	6	6	3	7	54	8	20	9	15	10	32	11	69	12	59	13	4	14	43	15	54	16	73	17	70	18	85	19	12	20	74	21	1	22	92	23	75	24	50	25	99	26	49	27	17	28	57	29	5	30	68	31	98	32	7	33	23	34	35	35	71	36	1	37	35	38	48	39	27	40	64	41	62	42	55	43	89	44	86	45	22	46	80	47	59	48	71	49	66
	0	73	1	88	2	57	3	20	4	33	5	17	6	52	7	49	8	94	9	19	10	94	11	21	12	69	13	31	14	41	15	40	16	83	17	57	18	50	19	78	20	57	21	86	22	85	23	25	24	11	25	48	26	80	27	29	28	7	29	16	30	39	31	6	32	38	33	6	34	48	35	35	36	46	37	58	38	38	39	67	40	22	41	74	42	14	43	19	44	16	45	67	46	49	47	35	48	64	49	37
	0	1	1	14	2	11	3	79	4	7	5	62	6	82	7	91	8	52	9	11	10	38	11	36	12	34	13	1	14	13	15	72	16	56	17	27	18	16	19	64	20	29	21	98	22	55	23	36	24	61	25	61	26	3	27	13	28	57	29	80	30	29	31	97	32	75	33	73	34	50	35	41	36	100	37	59	38	82	39	28	40	33	41	56	42	97	43	72	44	3	45	36	46	15	47	4	48	58	49	27
	0	89	1	92	2	93	3	17	4	49	5	18	6	2	7	10	8	31	9	16	10	89	11	24	12	9	13	37	14	59	15	37	16	72	17	99	18	79	19	27	20	57	21	29	22	71	23	52	24	14	25	16	26	91	27	74	28	43	29	34	30	5	31	17	32	65	33	87	34	42	35	23	36	91	37	100	38	21	39	29	40	12	41	62	42	61	43	92	44	20	45	71	46	14	47	40	48	32	49	67
	0	3	1	6	2	88	3	32	4	38	5	90	6	28	7	99	8	40	9	52	10	77	11	8	12	15	13	33	14	3	15	82	16	34	17	43	18	4	19	27	20	24	21	85	22	62	23	77	24	86	25	87	26	60	27	29	28	68	29	68	30	43	31	48	32	79	33	60	34	87	35	37	36	24	37	60	38	85	39	90	40	85	41	87	42	84	43	87	44	79	45	59	46	21	47	1	48	72	49	32
	0	41	1	5	2	38	3	46	4	6	5	24	6	74	7	88	8	10	9	51	10	21	11	56	12	77	13	36	14	57	15	80	16	100	17	10	18	41	19	57	20	40	21	97	22	57	23	70	24	9	25	45	26	55	27	34	28	93	29	56	30	4	31	67	32	90	33	8	34	7	35	80	36	78	37	7	38	26	39	49	40	34	41	96	42	44	43	93	44	62	45	11	46	33	47	86	48	4	49	79
	0	21	1	75	2	54	3	69	4	81	5	71	6	84	7	72	8	75	9	46	10	53	11	47	12	25	13	57	14	69	15	69	16	100	17	59	18	18	19	67	20	43	21	3	22	79	23	32	24	77	25	18	26	85	27	45	28	49	29	21	30	12	31	36	32	14	33	10	34	99	35	92	36	80	37	33	38	22	39	69	40	40	41	36	42	91	43	67	44	73	45	34	46	32	47	90	48	2	49	54
	0	76	1	87	2	18	3	58	4	74	5	46	6	31	7	24	8	90	9	98	10	91	11	57	12	66	13	39	14	93	15	62	16	50	17	93	18	69	19	80	20	18	21	52	22	19	23	97	24	55	25	93	26	33	27	57	28	63	29	34	30	22	31	40	32	8	33	87	34	42	35	99	36	31	37	36	38	87	39	53	40	80	41	18	42	92	43	92	44	44	45	9	46	50	47	29	48	94	49	35
	0	63	1	8	2	50	3	54	4	54	5	71	6	51	7	95	8	35	9	13	10	81	11	30	12	86	13	92	14	78	15	26	16	97	17	87	18	45	19	15	20	96	21	100	22	14	23	44	24	29	25	50	26	56	27	31	28	99	29	12	30	24	31	23	32	67	33	93	34	82	35	19	36	58	37	55	38	44	39	29	40	53	41	14	42	36	43	68	44	43	45	86	46	59	47	3	48	66	49	60
	0	95	1	9	2	80	3	11	4	12	5	2	6	24	7	82	8	42	9	54	10	72	11	15	12	41	13	1	14	84	15	87	16	55	17	6	18	11	19	95	20	55	21	43	22	9	23	100	24	13	25	7	26	61	27	1	28	30	29	55	30	23	31	34	32	40	33	59	34	31	35	83	36	47	37	9	38	46	39	66	40	79	41	91	42	23	43	41	44	54	45	50	46	13	47	17	48	99	49	86
	0	66	1	90	2	64	3	72	4	67	5	36	6	28	7	65	8	28	9	18	10	80	11	59	12	38	13	99	14	25	15	20	16	11	17	65	18	55	19	69	20	8	21	6	22	75	23	19	24	25	25	97	26	80	27	91	28	48	29	87	30	22	31	49	32	45	33	89	34	9	35	41	36	38	37	14	38	30	39	26	40	54	41	18	42	4	43	30	44	79	45	23	46	75	47	62	48	53	49	59
	0	26	1	78	2	69	3	32	4	70	5	80	6	72	7	89	8	44	9	84	10	76	11	79	12	18	13	94	14	42	15	94	16	84	17	63	18	80	19	55	20	2	21	41	22	67	23	83	24	5	25	24	26	6	27	50	28	100	29	68	30	61	31	17	32	9	33	17	34	32	35	1	36	37	37	79	38	78	39	28	40	76	41	30	42	81	43	50	44	61	45	37	46	19	47	58	48	42	49	42
	0	93	1	3	2	58	3	20	4	16	5	100	6	95	7	34	8	76	9	2	10	92	11	33	12	6	13	42	14	11	15	61	16	47	17	98	18	84	19	85	20	79	21	22	22	19	23	66	24	44	25	34	26	11	27	7	28	10	29	86	30	96	31	68	32	24	33	30	34	46	35	40	36	72	37	54	38	93	39	94	40	41	41	75	42	26	43	71	44	34	45	91	46	98	47	69	48	9	49	33
	0	49	1	32	2	29	3	85	4	20	5	70	6	39	7	43	8	8	9	47	10	18	11	34	12	12	13	24	14	66	15	34	16	47	17	41	18	25	19	33	20	26	21	74	22	48	23	44	24	58	25	6	26	57	27	69	28	92	29	93	30	56	31	42	32	5	33	18	34	3	35	30	36	34	37	58	38	35	39	63	40	76	41	15	42	18	43	11	44	18	45	79	46	56	47	42	48	74	49	29
	0	85	1	26	2	28	3	87	4	41	5	59	6	30	7	77	8	60	9	36	10	72	11	72	12	75	13	90	14	56	15	3	16	97	17	73	18	25	19	86	20	99	21	59	22	23	23	81	24	54	25	74	26	99	27	92	28	77	29	5	30	73	31	72	32	83	33	25	34	42	35	82	36	56	37	48	38	64	39	39	40	98	41	2	42	78	43	35	44	96	45	65	46	39	47	15	48	26	49	29
	0	65	1	48	2	90	3	70	4	37	5	32	6	40	7	36	8	95	9	12	10	57	11	100	12	24	13	2	14	69	15	22	16	19	17	48	18	27	19	14	20	67	21	57	22	95	23	28	24	6	25	98	26	95	27	85	28	26	29	41	30	28	31	18	32	33	33	78	34	64	35	14	36	91	37	67	38	62	39	59	40	8	41	75	42	70	43	34	44	39	45	17	46	15	47	11	48	16	49	13
	0	83	1	37	2	27	3	14	4	46	5	28	6	8	7	70	8	92	9	93	10	20	11	37	12	58	13	60	14	16	15	49	16	73	17	84	18	41	19	99	20	75	21	56	22	94	23	8	24	35	25	37	26	61	27	77	28	13	29	88	30	99	31	46	32	48	33	75	34	16	35	6	36	18	37	67	38	98	39	46	40	55	41	59	42	56	43	21	44	92	45	75	46	9	47	73	48	64	49	50
	0	24	1	56	2	5	3	93	4	70	5	26	6	15	7	67	8	69	9	7	10	75	11	50	12	42	13	52	14	40	15	60	16	89	17	42	18	45	19	61	20	44	21	11	22	95	23	78	24	4	25	73	26	30	27	87	28	14	29	100	30	77	31	59	32	61	33	80	34	47	35	88	36	9	37	33	38	20	39	10	40	72	41	96	42	33	43	96	44	28	45	76	46	74	47	2	48	82	49	46
	0	34	1	78	2	74	3	38	4	69	5	75	6	65	7	40	8	86	9	20	10	42	11	21	12	51	13	35	14	56	15	26	16	68	17	10	18	41	19	24	20	4	21	75	22	15	23	97	24	39	25	26	26	44	27	3	28	61	29	89	30	16	31	55	32	62	33	37	34	72	35	90	36	80	37	97	38	73	39	32	40	1	41	1	42	12	43	64	44	17	45	77	46	95	47	64	48	4	49	78
	0	57	1	79	2	69	3	1	4	72	5	27	6	66	7	43	8	88	9	57	10	4	11	83	12	94	13	22	14	74	15	10	16	82	17	20	18	75	19	21	20	97	21	23	22	30	23	57	24	48	25	97	26	3	27	61	28	48	29	79	30	62	31	64	32	2	33	72	34	58	35	53	36	53	37	67	38	8	39	49	40	66	41	100	42	5	43	23	44	100	45	12	46	88	47	19	48	5	49	69
	0	47	1	50	2	36	3	52	4	54	5	18	6	87	7	28	8	33	9	40	10	67	11	67	12	20	13	93	14	82	15	63	16	63	17	20	18	99	19	63	20	78	21	51	22	91	23	34	24	60	25	27	26	5	27	5	28	92	29	38	30	98	31	67	32	35	33	13	34	23	35	20	36	70	37	15	38	68	39	3	40	25	41	44	42	86	43	42	44	25	45	38	46	59	47	1	48	20	49	20
	0	84	1	23	2	10	3	54	4	82	5	99	6	58	7	86	8	59	9	96	10	43	11	94	12	79	13	33	14	22	15	64	16	24	17	94	18	97	19	79	20	41	21	7	22	93	23	79	24	23	25	29	26	94	27	26	28	53	29	25	30	9	31	97	32	16	33	22	34	59	35	66	36	68	37	76	38	88	39	71	40	95	41	92	42	68	43	63	44	21	45	75	46	36	47	88	48	37	49	5
	0	75	1	45	2	65	3	64	4	45	5	27	6	79	7	68	8	16	9	36	10	42	11	63	12	59	13	22	14	34	15	96	16	97	17	98	18	86	19	82	20	30	21	26	22	32	23	16	24	67	25	75	26	57	27	91	28	54	29	92	30	94	31	46	32	64	33	49	34	4	35	38	36	86	37	48	38	37	39	14	40	49	41	98	42	62	43	32	44	39	45	91	46	12	47	46	48	21	49	60
	0	79	1	77	2	61	3	75	4	69	5	4	6	7	7	9	8	75	9	67	10	93	11	11	12	59	13	76	14	42	15	27	16	31	17	31	18	16	19	78	20	64	21	34	22	22	23	91	24	7	25	37	26	69	27	29	28	55	29	40	30	45	31	67	32	100	33	57	34	53	35	16	36	88	37	5	38	29	39	98	40	25	41	79	42	19	43	8	44	30	45	17	46	12	47	18	48	26	49	84
	0	29	1	27	2	8	3	11	4	35	5	50	6	28	7	74	8	10	9	85	10	1	11	5	12	5	13	31	14	9	15	57	16	75	17	25	18	55	19	85	20	40	21	26	22	11	23	91	24	42	25	71	26	35	27	57	28	92	29	62	30	79	31	79	32	16	33	87	34	100	35	42	36	55	37	59	38	35	39	27	40	70	41	37	42	21	43	35	44	57	45	69	46	72	47	54	48	90	49	54
	0	18	1	22	2	21	3	28	4	96	5	57	6	18	7	15	8	38	9	46	10	24	11	2	12	87	13	34	14	63	15	21	16	57	17	37	18	24	19	53	20	94	21	70	22	2	23	87	24	20	25	89	26	75	27	99	28	65	29	61	30	54	31	32	32	8	33	9	34	21	35	89	36	1	37	19	38	47	39	81	40	33	41	99	42	69	43	80	44	52	45	9	46	50	47	72	48	74	49	19
	0	51	1	20	2	31	3	63	4	5	5	65	6	35	7	89	8	58	9	40	10	71	11	32	12	23	13	64	14	39	15	51	16	60	17	50	18	6	19	9	20	75	21	39	22	50	23	94	24	9	25	42	26	88	27	2	28	53	29	59	30	33	31	29	32	17	33	99	34	28	35	58	36	22	37	28	38	35	39	19	40	21	41	12	42	81	43	58	44	45	45	32	46	6	47	69	48	30	49	98
	0	47	1	48	2	94	3	82	4	49	5	75	6	45	7	33	8	13	9	48	10	45	11	76	12	96	13	18	14	71	15	81	16	27	17	97	18	43	19	59	20	22	21	29	22	1	23	38	24	95	25	71	26	63	27	94	28	91	29	99	30	90	31	77	32	18	33	46	34	41	35	31	36	24	37	48	38	100	39	2	40	57	41	24	42	91	43	95	44	9	45	54	46	35	47	7	48	24	49	7
	0	2	1	68	2	33	3	35	4	56	5	41	6	18	7	42	8	18	9	85	10	55	11	88	12	72	13	78	14	72	15	2	16	98	17	36	18	2	19	84	20	15	21	99	22	53	23	44	24	54	25	65	26	100	27	16	28	1	29	73	30	78	31	8	32	79	33	90	34	34	35	13	36	64	37	47	38	64	39	79	40	45	41	18	42	43	43	100	44	77	45	47	46	19	47	3	48	92	49	69
	0	43	1	18	2	54	3	74	4	46	5	64	6	92	7	9	8	82	9	100	10	29	11	22	12	100	13	7	14	98	15	88	16	27	17	7	18	21	19	83	20	57	21	32	22	73	23	79	24	83	25	12	26	77	27	79	28	26	29	28	30	95	31	32	32	38	33	50	34	100	35	81	36	87	37	75	38	57	39	31	40	48	41	15	42	52	43	51	44	64	45	1	46	31	47	51	48	46	49	21
	0	47	1	77	2	26	3	88	4	27	5	33	6	86	7	14	8	14	9	21	10	20	11	40	12	27	13	53	14	13	15	42	16	56	17	74	18	34	19	11	20	97	21	7	22	76	23	83	24	72	25	10	26	99	27	75	28	93	29	96	30	58	31	26	32	79	33	60	34	9	35	73	36	30	37	22	38	44	39	11	40	1	41	75	42	83	43	97	44	49	45	85	46	26	47	22	48	45	49	8
	0	55	1	41	2	56	3	92	4	26	5	42	6	61	7	99	8	93	9	4	10	44	11	64	12	60	13	57	14	77	15	63	16	52	17	54	18	96	19	64	20	36	21	22	22	19	23	89	24	58	25	43	26	71	27	10	28	67	29	81	30	12	31	41	32	24	33	77	34	73	35	16	36	39	37	42	38	62	39	68	40	90	41	52	42	91	43	25	44	87	45	12	46	20	47	19	48	7	49	36
	0	37	1	52	2	18	3	81	4	22	5	66	6	44	7	9	8	47	9	34	10	61	11	75	12	21	13	32	14	22	15	67	16	81	17	89	18	42	19	50	20	89	21	20	22	94	23	71	24	86	25	74	26	2	27	52	28	7	29	63	30	37	31	61	32	60	33	58	34	35	35	35	36	33	37	61	38	97	39	20	40	76	41	91	42	63	43	22	44	56	45	41	46	41	47	1	48	10	49	93
	0	43	1	43	2	24	3	11	4	65	5	4	6	26	7	33	8	4	9	6	10	58	11	31	12	11	13	13	14	66	15	29	16	9	17	44	18	46	19	78	20	32	21	86	22	3	23	42	24	62	25	7	26	23	27	31	28	79	29	5	30	84	31	90	32	34	33	15	34	22	35	47	36	23	37	81	38	52	39	51	40	22	41	62	42	13	43	61	44	5	45	13	46	54	47	89	48	49	49	84
	0	25	1	75	2	22	3	7	4	17	5	74	6	82	7	77	8	47	9	65	10	41	11	46	12	23	13	16	14	87	15	74	16	6	17	86	18	43	19	23	20	53	21	2	22	22	23	76	24	32	25	93	26	3	27	24	28	15	29	38	30	46	31	45	32	4	33	61	34	97	35	74	36	53	37	99	38	76	39	44	40	73	41	8	42	40	43	29	44	43	45	86	46	61	47	41	48	71	49	36
	0	60	1	37	2	61	3	90	4	98	5	67	6	97	7	68	8	99	9	45	10	37	11	55	12	72	13	30	14	87	15	95	16	45	17	64	18	93	19	58	20	32	21	82	22	67	23	28	24	99	25	100	26	55	27	91	28	94	29	51	30	82	31	59	32	67	33	24	34	54	35	41	36	79	37	17	38	7	39	28	40	93	41	14	42	5	43	92	44	83	45	56	46	50	47	88	48	13	49	47
	0	61	1	18	2	70	3	33	4	16	5	92	6	46	7	41	8	64	9	96	10	8	11	54	12	73	13	68	14	13	15	69	16	57	17	11	18	29	19	72	20	86	21	17	22	93	23	11	24	95	25	79	26	18	27	54	28	36	29	6	30	5	31	77	32	30	33	72	34	45	35	99	36	25	37	70	38	18	39	76	40	71	41	46	42	10	43	13	44	50	45	26	46	6	47	50	48	36	49	81
	0	41	1	44	2	73	3	81	4	15	5	53	6	83	7	24	8	100	9	72	10	63	11	61	12	81	13	2	14	15	15	39	16	41	17	49	18	21	19	35	20	61	21	67	22	72	23	60	24	88	25	6	26	88	27	49	28	11	29	30	30	8	31	60	32	42	33	8	34	31	35	67	36	83	37	96	38	38	39	11	40	31	41	67	42	16	43	21	44	62	45	55	46	78	47	66	48	78	49	14
	0	53	1	58	2	27	3	13	4	61	5	36	6	11	7	25	8	34	9	4	10	52	11	66	12	30	13	81	14	93	15	2	16	43	17	25	18	28	19	34	20	23	21	98	22	100	23	14	24	50	25	4	26	24	27	62	28	27	29	25	30	8	31	91	32	86	33	15	34	77	35	56	36	23	37	47	38	33	39	75	40	4	41	9	42	10	43	99	44	9	45	6	46	88	47	30	48	11	49	4
	0	90	1	4	2	99	3	22	4	76	5	1	6	92	7	79	8	3	9	34	10	13	11	16	12	15	13	39	14	9	15	82	16	78	17	74	18	42	19	42	20	92	21	77	22	84	23	37	24	24	25	63	26	93	27	23	28	52	29	58	30	57	31	56	32	15	33	78	34	20	35	97	36	13	37	29	38	39	39	67	40	92	41	74	42	35	43	65	44	16	45	83	46	31	47	36	48	7	49	85
	0	95	1	47	2	6	3	63	4	31	5	7	6	91	7	80	8	79	9	46	10	44	11	18	12	26	13	35	14	60	15	69	16	38	17	12	18	46	19	14	20	58	21	40	22	42	23	72	24	35	25	25	26	61	27	11	28	78	29	57	30	48	31	47	32	55	33	67	34	78	35	83	36	72	37	93	38	66	39	59	40	6	41	15	42	54	43	5	44	80	45	96	46	86	47	28	48	98	49	34
	0	93	1	87	2	87	3	24	4	60	5	10	6	2	7	74	8	34	9	75	10	100	11	26	12	93	13	55	14	90	15	79	16	92	17	98	18	5	19	21	20	60	21	1	22	61	23	99	24	9	25	78	26	3	27	96	28	64	29	46	30	41	31	4	32	56	33	91	34	32	35	94	36	14	37	57	38	69	39	18	40	51	41	91	42	66	43	24	44	40	45	44	46	65	47	41	48	16	49	84
	0	98	1	67	2	45	3	95	4	76	5	90	6	65	7	60	8	100	9	92	10	74	11	54	12	3	13	43	14	19	15	84	16	72	17	77	18	27	19	70	20	15	21	90	22	59	23	40	24	65	25	37	26	99	27	90	28	38	29	84	30	100	31	31	32	88	33	60	34	48	35	17	36	26	37	10	38	11	39	40	40	95	41	45	42	100	43	19	44	16	45	47	46	49	47	39	48	56	49	51
	0	81	1	97	2	65	3	48	4	40	5	66	6	7	7	49	8	82	9	5	10	64	11	19	12	79	13	44	14	84	15	78	16	55	17	36	18	34	19	5	20	71	21	67	22	32	23	16	24	38	25	50	26	7	27	87	28	96	29	42	30	1	31	49	32	17	33	74	34	89	35	77	36	8	37	78	38	22	39	47	40	15	41	42	42	92	43	30	44	67	45	40	46	66	47	53	48	9	49	6
	0	66	1	50	2	100	3	59	4	77	5	67	6	88	7	94	8	99	9	13	10	92	11	93	12	96	13	50	14	32	15	27	16	100	17	90	18	11	19	47	20	60	21	21	22	27	23	92	24	67	25	80	26	65	27	52	28	81	29	68	30	14	31	74	32	36	33	43	34	87	35	94	36	15	37	64	38	62	39	37	40	9	41	50	42	52	43	6	44	2	45	90	46	81	47	71	48	59	49	25
	0	28	1	12	2	91	3	60	4	57	5	86	6	30	7	8	8	54	9	27	10	50	11	57	12	26	13	72	14	2	15	13	16	53	17	17	18	53	19	72	20	76	21	3	22	49	23	100	24	75	25	11	26	47	27	53	28	77	29	8	30	72	31	46	32	72	33	72	34	6	35	56	36	51	37	94	38	16	39	29	40	97	41	24	42	62	43	6	44	65	45	25	46	66	47	13	48	52	49	34
Reldue
-1	5863	-1	1
-1	9866	-1	1
-1	9569	-1	1
-1	9778	-1	1
-1	7131	-1	1
-1	8462	-1	1
-1	8399	-1	1
-1	8931	-1	1
-1	7359	-1	1
-1	11477	-1	1
-1	12942	-1	1
-1	7483	-1	1
-1	12703	-1	1
-1	8764	-1	1
-1	12532	-1	1
-1	12970	-1	1
-1	6089	-1	1
-1	4845	-1	1
-1	10439	-1	1
-1	6727	-1	1
-1	9584	-1	1
-1	7739	-1	1
-1	8559	-1	1
-1	6277	-1	1
-1	11522	-1	1
-1	9345	-1	1
-1	4866	-1	1
-1	8579	-1	1
-1	11526	-1	1
-1	6451	-1	1
-1	10929	-1	1
-1	6117	-1	1
-1	8903	-1	1
-1	13013	-1	1
-1	7570	-1	1
-1	4791	-1	1
-1	9160	-1	1
-1	7564	-1	1
-1	6068	-1	1
-1	11428	-1	1
-1	6769	-1	1
-1	8836	-1	1
-1	9480	-1	1
-1	6806	-1	1
-1	5212	-1	1
-1	8462	-1	1
-1	9466	-1	1
-1	4660	-1	1
-1	9552	-1	1
-1	13313	-1	1
-1	9887	-1	1
-1	6709	-1	1
-1	11409	-1	1
-1	13238	-1	1
-1	6699	-1	1
-1	13652	-1	1
-1	6773	-1	1
-1	12410	-1	1
-1	11500	-1	1
-1	7374	-1	1
-1	7085	-1	1
-1	8664	-1	1
-1	7079	-1	1
-1	4839	-1	1
-1	6256	-1	1
-1	8710	-1	1
-1	9205	-1	1
-1	12012	-1	1
-1	5842	-1	1
-1	4768	-1	1
-1	8693	-1	1
-1	10304	-1	1
-1	10741	-1	1
-1	5100	-1	1
-1	9127	-1	1
-1	9713	-1	1
-1	10718	-1	1
-1	11943	-1	1
-1	12035	-1	1
-1	12983	-1	1
-1	11073	-1	1
-1	7325	-1	1
-1	4818	-1	1
-1	11879	-1	1
-1	13390	-1	1
-1	9486	-1	1
-1	9050	-1	1
-1	10826	-1	1
-1	5131	-1	1
-1	8823	-1	1
-1	11181	-1	1
-1	11473	-1	1
-1	9944	-1	1
-1	6182	-1	1
-1	11637	-1	1
-1	12917	-1	1
-1	5876	-1	1
-1	12713	-1	1
-1	9786	-1	1
-1	11436	-1	1
-1	5790	-1	1
-1	9990	-1	1
-1	9818	-1	1
-1	13304	-1	1
-1	11110	-1	1
-1	8629	-1	1
-1	6804	-1	1
-1	12530	-1	1
-1	9715	-1	1
-1	7433	-1	1
-1	5955	-1	1
-1	6556	-1	1
-1	8100	-1	1
-1	4997	-1	1
-1	11485	-1	1
-1	6310	-1	1
-1	7920	-1	1
-1	7613	-1	1
-1	6084	-1	1
-1	8473	-1	1
-1	13083	-1	1
-1	7015	-1	1
-1	8335	-1	1
-1	9840	-1	1
-1	9528	-1	1
-1	13602	-1	1
-1	4963	-1	1
-1	8759	-1	1
-1	8427	-1	1
-1	13480	-1	1
-1	5341	-1	1
-1	4931	-1	1
-1	8043	-1	1
-1	12703	-1	1
-1	10563	-1	1
-1	11162	-1	1
-1	6149	-1	1
-1	5057	-1	1
-1	11867	-1	1
-1	10586	-1	1
-1	5135	-1	1
-1	13029	-1	1
-1	7391	-1	1
-1	5592	-1	1
-1	9088	-1	1
-1	6294	-1	1
-1	10265	-1	1
-1	5088	-1	1
-1	5257	-1	1
-1	7458	-1	1
-1	4996	-1	1
-1	9407	-1	1
-1	6960	-1	1
-1	10988	-1	1
-1	12676	-1	1
-1	8738	-1	1
-1	8557	-1	1
-1	11357	-1	1
-1	7009	-1	1
-1	13222	-1	1
-1	7285	-1	1
-1	8757	-1	1
-1	10909	-1	1
-1	7083	-1	1
-1	11212	-1	1
-1	9388	-1	1
-1	10477	-1	1
-1	5048	-1	1
-1	9706	-1	1
-1	12179	-1	1
-1	11517	-1	1
-1	7353	-1	1
-1	13205	-1	1
-1	12667	-1	1
-1	8065	-1	1
-1	8726	-1	1
-1	6053	-1	1
-1	11320	-1	1
-1	9693	-1	1
-1	8579	-1	1
-1	6084	-1	1
-1	6714	-1	1
-1	11408	-1	1
-1	8579	-1	1
-1	6115	-1	1
-1	11164	-1	1
-1	11762	-1	1
-1	13427	-1	1
-1	4746	-1	1
-1	9756	-1	1
-1	13283	-1	1
-1	7286	-1	1
-1	6829	-1	1
-1	5584	-1	1
-1	5652	-1	1
-1	8609	-1	1
-1	13476	-1	1
-1	12676	-1	1
-1	7533	-1	1
-1	6564	-1	1
-1	5473	-1	1
-1	6767	-1	1
-1	7394	-1	1
-1	5306	-1	1
-1	8557	-1	1
-1	11010	-1	1
-1	11849	-1	1
-1	11300	-1	1
-1	11165	-1	1
-1	11176	-1	1
-1	9870	-1	1
-1	11573	-1	1
-1	10654	-1	1
-1	10079	-1	1
-1	11075	-1	1
-1	11375	-1	1
-1	8890	-1	1
-1	11830	-1	1
-1	7590	-1	1
-1	9872	-1	1
-1	9107	-1	1
-1	12389	-1	1
-1	13150	-1	1
-1	5235	-1	1
-1	13299	-1	1
-1	11141	-1	1
-1	6036	-1	1
-1	12948	-1	1
-1	12589	-1	1
-1	5608	-1	1
-1	7284	-1	1
-1	10306	-1	1
-1	11017	-1	1
-1	6900	-1	1
-1	6423	-1	1
-1	5917	-1	1
-1	6561	-1	1
-1	6002	-1	1
-1	7320	-1	1
-1	5371	-1	1
-1	11011	-1	1
-1	6256	-1	1
-1	11613	-1	1
-1	12434	-1	1
-1	9643	-1	1
-1	10960	-1	1
-1	6474	-1	1
-1	6170	-1	1
-1	10910	-1	1
-1	12841	-1	1
LBCmax: 15246
