50  10
	0	56	1	81	2	75	3	7	4	74	5	39	6	28	7	41	8	95	9	100
	0	13	1	1	2	46	3	26	4	84	5	48	6	91	7	5	8	77	9	15
	0	11	1	7	2	28	3	1	4	79	5	19	6	3	7	44	8	92	9	4
	0	21	1	55	2	72	3	33	4	78	5	57	6	25	7	92	8	98	9	61
	0	30	1	54	2	69	3	61	4	98	5	75	6	40	7	40	8	12	9	57
	0	89	1	22	2	61	3	68	4	82	5	4	6	2	7	42	8	92	9	51
	0	29	1	78	2	46	3	48	4	30	5	5	6	5	7	35	8	60	9	7
	0	14	1	77	2	62	3	5	4	78	5	29	6	12	7	44	8	23	9	11
	0	74	1	41	2	80	3	6	4	86	5	75	6	94	7	32	8	14	9	41
	0	20	1	62	2	49	3	94	4	98	5	91	6	35	7	49	8	94	9	74
	0	38	1	22	2	47	3	75	4	16	5	22	6	74	7	18	8	41	9	31
	0	16	1	22	2	67	3	34	4	19	5	46	6	70	7	78	8	100	9	4
	0	1	1	85	2	24	3	9	4	3	5	37	6	2	7	53	8	8	9	14
	0	93	1	47	2	13	3	48	4	48	5	57	6	91	7	26	8	51	9	31
	0	83	1	63	2	37	3	96	4	96	5	14	6	83	7	59	8	91	9	4
	0	21	1	54	2	20	3	96	4	3	5	13	6	85	7	24	8	18	9	65
	0	92	1	56	2	57	3	68	4	38	5	77	6	54	7	39	8	52	9	90
	0	60	1	58	2	81	3	92	4	36	5	23	6	93	7	59	8	54	9	3
	0	21	1	55	2	57	3	29	4	98	5	48	6	9	7	86	8	36	9	93
	0	37	1	22	2	52	3	29	4	49	5	88	6	56	7	73	8	83	9	52
	0	37	1	39	2	9	3	80	4	23	5	97	6	96	7	53	8	3	9	52
	0	25	1	75	2	29	3	11	4	95	5	93	6	33	7	65	8	57	9	27
	0	42	1	14	2	83	3	83	4	72	5	90	6	40	7	97	8	10	9	81
	0	36	1	39	2	54	3	48	4	64	5	65	6	42	7	85	8	32	9	4
	0	98	1	74	2	95	3	8	4	78	5	27	6	1	7	21	8	92	9	25
	0	17	1	25	2	35	3	79	4	13	5	72	6	54	7	97	8	7	9	26
	0	36	1	18	2	99	3	59	4	80	5	44	6	50	7	73	8	18	9	86
	0	95	1	55	2	65	3	9	4	72	5	78	6	28	7	38	8	26	9	3
	0	13	1	55	2	15	3	57	4	91	5	9	6	18	7	75	8	25	9	9
	0	38	1	43	2	65	3	82	4	36	5	83	6	65	7	6	8	48	9	50
	0	75	1	60	2	64	3	51	4	15	5	42	6	71	7	98	8	34	9	51
	0	4	1	44	2	6	3	35	4	39	5	91	6	32	7	52	8	20	9	45
	0	28	1	89	2	26	3	57	4	24	5	44	6	99	7	98	8	26	9	65
	0	99	1	33	2	83	3	92	4	53	5	1	6	78	7	62	8	14	9	20
	0	43	1	52	2	51	3	61	4	48	5	96	6	32	7	83	8	26	9	80
	0	75	1	96	2	28	3	98	4	73	5	13	6	36	7	53	8	20	9	4
	0	52	1	3	2	100	3	47	4	56	5	95	6	11	7	78	8	3	9	55
	0	33	1	36	2	3	3	4	4	65	5	88	6	90	7	22	8	95	9	77
	0	84	1	94	2	71	3	9	4	12	5	2	6	89	7	99	8	19	9	36
	0	13	1	15	2	4	3	53	4	6	5	7	6	54	7	6	8	17	9	16
	0	62	1	14	2	66	3	76	4	52	5	46	6	28	7	69	8	49	9	46
	0	88	1	7	2	64	3	22	4	30	5	27	6	84	7	66	8	91	9	39
	0	84	1	94	2	79	3	60	4	9	5	100	6	30	7	17	8	83	9	91
	0	83	1	19	2	45	3	29	4	59	5	10	6	27	7	93	8	6	9	66
	0	16	1	54	2	27	3	97	4	71	5	15	6	5	7	58	8	71	9	59
	0	5	1	98	2	41	3	5	4	96	5	81	6	69	7	81	8	44	9	69
	0	94	1	41	2	54	3	49	4	63	5	94	6	68	7	47	8	58	9	36
	0	45	1	54	2	52	3	84	4	89	5	59	6	51	7	54	8	84	9	74
	0	19	1	48	2	64	3	78	4	93	5	26	6	30	7	35	8	53	9	85
	0	77	1	44	2	84	3	74	4	10	5	36	6	48	7	3	8	53	9	34
Reldue
-1	2360	-1	1
-1	1599	-1	1
-1	2490	-1	1
-1	874	-1	1
-1	2765	-1	1
-1	1008	-1	1
-1	408	-1	1
-1	3027	-1	1
-1	3204	-1	1
-1	1622	-1	1
-1	2772	-1	1
-1	547	-1	1
-1	3039	-1	1
-1	424	-1	1
-1	522	-1	1
-1	932	-1	1
-1	1424	-1	1
-1	2844	-1	1
-1	1040	-1	1
-1	2994	-1	1
-1	321	-1	1
-1	1788	-1	1
-1	698	-1	1
-1	698	-1	1
-1	2980	-1	1
-1	1318	-1	1
-1	2073	-1	1
-1	2431	-1	1
-1	1792	-1	1
-1	1862	-1	1
-1	2761	-1	1
-1	1995	-1	1
-1	2874	-1	1
-1	2174	-1	1
-1	593	-1	1
-1	2275	-1	1
-1	777	-1	1
-1	787	-1	1
-1	2194	-1	1
-1	2982	-1	1
-1	1911	-1	1
-1	951	-1	1
-1	2102	-1	1
-1	2185	-1	1
-1	2754	-1	1
-1	338	-1	1
-1	2842	-1	1
-1	620	-1	1
-1	2419	-1	1
-1	3169	-1	1
LBCmax: 2927
