50  10
	0	31	1	86	2	25	3	33	4	98	5	61	6	9	7	83	8	25	9	84
	0	38	1	94	2	27	3	88	4	68	5	43	6	87	7	34	8	78	9	51
	0	66	1	8	2	87	3	16	4	15	5	56	6	66	7	74	8	86	9	15
	0	39	1	23	2	63	3	28	4	5	5	65	6	52	7	56	8	42	9	30
	0	90	1	19	2	62	3	84	4	86	5	35	6	32	7	41	8	82	9	31
	0	87	1	39	2	9	3	45	4	78	5	35	6	68	7	55	8	63	9	34
	0	69	1	91	2	14	3	67	4	8	5	21	6	88	7	68	8	49	9	21
	0	15	1	23	2	67	3	62	4	80	5	92	6	50	7	76	8	99	9	25
	0	68	1	86	2	29	3	23	4	65	5	25	6	59	7	8	8	27	9	46
	0	63	1	18	2	28	3	27	4	25	5	34	6	69	7	22	8	56	9	95
	0	47	1	88	2	66	3	76	4	28	5	13	6	67	7	19	8	14	9	21
	0	13	1	53	2	20	3	22	4	5	5	39	6	3	7	26	8	19	9	22
	0	10	1	64	2	29	3	84	4	42	5	63	6	45	7	25	8	46	9	69
	0	76	1	15	2	75	3	35	4	88	5	97	6	89	7	93	8	28	9	32
	0	93	1	84	2	26	3	21	4	11	5	36	6	98	7	37	8	61	9	82
	0	5	1	51	2	81	3	72	4	59	5	55	6	11	7	35	8	55	9	82
	0	34	1	73	2	97	3	10	4	32	5	98	6	32	7	80	8	15	9	53
	0	100	1	60	2	23	3	80	4	97	5	66	6	9	7	5	8	71	9	81
	0	49	1	75	2	25	3	62	4	53	5	57	6	82	7	16	8	57	9	86
	0	44	1	86	2	23	3	24	4	51	5	76	6	87	7	59	8	7	9	9
	0	12	1	70	2	55	3	96	4	60	5	23	6	93	7	62	8	76	9	81
	0	74	1	50	2	46	3	41	4	39	5	6	6	79	7	35	8	61	9	20
	0	19	1	56	2	8	3	56	4	99	5	85	6	52	7	25	8	79	9	54
	0	82	1	58	2	33	3	48	4	98	5	99	6	78	7	33	8	91	9	24
	0	71	1	93	2	38	3	36	4	3	5	66	6	70	7	28	8	61	9	48
	0	92	1	80	2	58	3	88	4	51	5	51	6	42	7	1	8	97	9	79
	0	20	1	72	2	80	3	88	4	77	5	15	6	65	7	90	8	75	9	28
	0	73	1	4	2	48	3	45	4	76	5	46	6	39	7	90	8	97	9	58
	0	44	1	63	2	3	3	76	4	58	5	28	6	85	7	69	8	30	9	89
	0	67	1	78	2	89	3	52	4	85	5	51	6	89	7	29	8	25	9	55
	0	68	1	28	2	30	3	96	4	55	5	20	6	85	7	1	8	45	9	1
	0	55	1	17	2	21	3	75	4	54	5	50	6	18	7	22	8	31	9	46
	0	33	1	43	2	26	3	75	4	37	5	83	6	36	7	87	8	56	9	73
	0	82	1	43	2	92	3	56	4	62	5	31	6	36	7	76	8	44	9	35
	0	81	1	41	2	40	3	16	4	28	5	5	6	41	7	10	8	62	9	18
	0	15	1	58	2	17	3	37	4	17	5	36	6	85	7	8	8	34	9	26
	0	14	1	56	2	70	3	69	4	6	5	36	6	74	7	78	8	31	9	47
	0	16	1	96	2	79	3	3	4	4	5	53	6	47	7	2	8	89	9	25
	0	31	1	66	2	74	3	21	4	47	5	18	6	71	7	41	8	24	9	21
	0	32	1	86	2	41	3	13	4	58	5	11	6	87	7	93	8	81	9	48
	0	74	1	47	2	46	3	48	4	40	5	31	6	57	7	16	8	6	9	40
	0	57	1	32	2	89	3	17	4	51	5	88	6	78	7	11	8	99	9	87
	0	16	1	67	2	47	3	75	4	64	5	9	6	47	7	11	8	33	9	54
	0	5	1	88	2	97	3	61	4	61	5	67	6	35	7	23	8	67	9	82
	0	76	1	19	2	39	3	29	4	18	5	24	6	96	7	52	8	64	9	17
	0	95	1	81	2	92	3	44	4	48	5	89	6	53	7	32	8	69	9	74
	0	63	1	47	2	76	3	87	4	23	5	56	6	72	7	45	8	8	9	24
	0	59	1	18	2	77	3	68	4	60	5	80	6	23	7	40	8	68	9	46
	0	52	1	14	2	36	3	46	4	54	5	98	6	67	7	13	8	22	9	98
	0	93	1	72	2	13	3	4	4	33	5	72	6	75	7	73	8	74	9	86
Reldue
-1	2661	-1	1
-1	2442	-1	1
-1	2327	-1	1
-1	2716	-1	1
-1	2672	-1	1
-1	2474	-1	1
-1	2708	-1	1
-1	2294	-1	1
-1	2382	-1	1
-1	2360	-1	1
-1	2447	-1	1
-1	2477	-1	1
-1	2769	-1	1
-1	2584	-1	1
-1	2744	-1	1
-1	2351	-1	1
-1	2704	-1	1
-1	2418	-1	1
-1	2796	-1	1
-1	2365	-1	1
-1	2435	-1	1
-1	2535	-1	1
-1	2324	-1	1
-1	2464	-1	1
-1	2504	-1	1
-1	2564	-1	1
-1	2346	-1	1
-1	2262	-1	1
-1	2649	-1	1
-1	2400	-1	1
-1	2481	-1	1
-1	2278	-1	1
-1	2237	-1	1
-1	2257	-1	1
-1	2743	-1	1
-1	2263	-1	1
-1	2648	-1	1
-1	2321	-1	1
-1	2733	-1	1
-1	2317	-1	1
-1	2669	-1	1
-1	2393	-1	1
-1	2677	-1	1
-1	2509	-1	1
-1	2255	-1	1
-1	2709	-1	1
-1	2706	-1	1
-1	2566	-1	1
-1	2856	-1	1
-1	2817	-1	1
LBCmax: 3177
