350  30
	0	87	1	87	2	6	3	86	4	98	5	96	6	46	7	66	8	33	9	46	10	54	11	94	12	64	13	18	14	56	15	2	16	39	17	22	18	37	19	54	20	13	21	29	22	32	23	6	24	81	25	19	26	25	27	32	28	66	29	70
	0	10	1	59	2	10	3	6	4	7	5	33	6	85	7	82	8	13	9	19	10	8	11	82	12	41	13	10	14	45	15	45	16	87	17	84	18	22	19	53	20	17	21	40	22	85	23	40	24	63	25	16	26	80	27	13	28	73	29	46
	0	36	1	98	2	57	3	25	4	88	5	31	6	24	7	83	8	41	9	76	10	93	11	98	12	10	13	42	14	34	15	75	16	42	17	18	18	65	19	95	20	28	21	52	22	13	23	7	24	60	25	43	26	23	27	98	28	82	29	38
	0	49	1	85	2	50	3	22	4	96	5	12	6	92	7	67	8	67	9	35	10	40	11	72	12	45	13	29	14	66	15	7	16	23	17	70	18	52	19	50	20	44	21	43	22	77	23	60	24	30	25	11	26	96	27	59	28	98	29	25
	0	38	1	86	2	9	3	63	4	62	5	56	6	84	7	49	8	43	9	44	10	81	11	48	12	73	13	66	14	33	15	82	16	99	17	35	18	79	19	91	20	38	21	5	22	36	23	25	24	36	25	49	26	2	27	68	28	69	29	9
	0	84	1	8	2	95	3	29	4	91	5	8	6	97	7	66	8	38	9	49	10	4	11	22	12	44	13	47	14	52	15	56	16	33	17	62	18	30	19	57	20	57	21	47	22	37	23	1	24	10	25	23	26	16	27	15	28	99	29	60
	0	77	1	16	2	83	3	99	4	94	5	12	6	15	7	60	8	52	9	68	10	30	11	18	12	84	13	84	14	66	15	22	16	8	17	39	18	25	19	14	20	73	21	85	22	94	23	63	24	54	25	5	26	94	27	14	28	75	29	80
	0	22	1	34	2	36	3	5	4	6	5	87	6	73	7	59	8	85	9	77	10	92	11	31	12	92	13	48	14	38	15	42	16	90	17	26	18	95	19	18	20	99	21	23	22	37	23	4	24	10	25	75	26	67	27	36	28	72	29	58
	0	15	1	94	2	7	3	99	4	84	5	1	6	71	7	1	8	64	9	69	10	88	11	27	12	55	13	76	14	12	15	23	16	67	17	34	18	93	19	74	20	85	21	92	22	52	23	13	24	28	25	78	26	8	27	37	28	22	29	66
	0	88	1	10	2	84	3	32	4	20	5	30	6	80	7	33	8	4	9	9	10	95	11	20	12	93	13	94	14	47	15	75	16	39	17	14	18	15	19	23	20	82	21	50	22	72	23	67	24	89	25	45	26	46	27	46	28	73	29	13
	0	36	1	18	2	41	3	9	4	75	5	98	6	61	7	65	8	2	9	30	10	39	11	20	12	89	13	64	14	52	15	77	16	46	17	51	18	75	19	82	20	73	21	100	22	99	23	97	24	69	25	46	26	23	27	23	28	86	29	26
	0	74	1	84	2	97	3	65	4	92	5	85	6	26	7	20	8	64	9	5	10	49	11	22	12	18	13	77	14	65	15	30	16	99	17	88	18	98	19	79	20	84	21	76	22	78	23	84	24	19	25	26	26	10	27	37	28	75	29	85
	0	41	1	8	2	63	3	44	4	61	5	34	6	55	7	59	8	20	9	53	10	94	11	18	12	38	13	42	14	90	15	68	16	36	17	24	18	53	19	52	20	22	21	85	22	86	23	34	24	10	25	17	26	49	27	9	28	49	29	48
	0	73	1	13	2	96	3	63	4	73	5	1	6	58	7	1	8	6	9	38	10	87	11	82	12	49	13	34	14	11	15	24	16	13	17	16	18	11	19	30	20	14	21	10	22	6	23	49	24	59	25	86	26	96	27	70	28	29	29	83
	0	61	1	89	2	53	3	25	4	33	5	37	6	22	7	76	8	84	9	95	10	76	11	19	12	1	13	13	14	62	15	46	16	26	17	4	18	52	19	85	20	94	21	6	22	66	23	15	24	8	25	98	26	39	27	47	28	8	29	41
	0	31	1	51	2	40	3	70	4	59	5	79	6	28	7	52	8	8	9	7	10	10	11	98	12	55	13	90	14	82	15	82	16	96	17	14	18	63	19	19	20	80	21	76	22	86	23	87	24	74	25	37	26	57	27	15	28	20	29	24
	0	64	1	52	2	62	3	78	4	1	5	6	6	44	7	72	8	55	9	7	10	16	11	43	12	73	13	41	14	90	15	25	16	94	17	52	18	48	19	60	20	23	21	6	22	77	23	32	24	80	25	87	26	87	27	57	28	53	29	32
	0	52	1	12	2	25	3	55	4	59	5	94	6	80	7	9	8	67	9	39	10	80	11	78	12	9	13	49	14	83	15	7	16	88	17	89	18	47	19	10	20	49	21	71	22	26	23	8	24	33	25	33	26	68	27	95	28	38	29	72
	0	63	1	35	2	46	3	94	4	100	5	26	6	94	7	91	8	33	9	97	10	96	11	57	12	68	13	16	14	37	15	4	16	20	17	32	18	10	19	36	20	98	21	72	22	60	23	97	24	13	25	64	26	44	27	99	28	35	29	74
	0	41	1	92	2	29	3	58	4	68	5	44	6	42	7	68	8	71	9	28	10	35	11	86	12	5	13	39	14	75	15	51	16	30	17	99	18	33	19	3	20	79	21	9	22	46	23	79	24	78	25	54	26	44	27	19	28	13	29	88
	0	62	1	69	2	93	3	42	4	60	5	89	6	44	7	25	8	49	9	11	10	27	11	26	12	82	13	96	14	78	15	38	16	56	17	87	18	1	19	41	20	43	21	57	22	73	23	38	24	38	25	100	26	30	27	19	28	3	29	18
	0	53	1	99	2	25	3	96	4	74	5	60	6	37	7	67	8	56	9	86	10	65	11	11	12	31	13	72	14	93	15	48	16	6	17	47	18	59	19	7	20	49	21	52	22	39	23	85	24	29	25	45	26	66	27	29	28	78	29	36
	0	90	1	7	2	85	3	67	4	95	5	52	6	49	7	99	8	9	9	83	10	44	11	70	12	79	13	52	14	86	15	15	16	2	17	64	18	88	19	96	20	29	21	70	22	52	23	64	24	84	25	28	26	40	27	40	28	66	29	87
	0	15	1	11	2	27	3	34	4	35	5	69	6	40	7	7	8	61	9	26	10	99	11	79	12	8	13	4	14	26	15	42	16	28	17	69	18	69	19	67	20	30	21	57	22	5	23	8	24	72	25	28	26	7	27	79	28	61	29	21
	0	20	1	22	2	68	3	16	4	57	5	48	6	38	7	19	8	21	9	10	10	40	11	21	12	96	13	49	14	3	15	8	16	85	17	19	18	23	19	12	20	69	21	84	22	47	23	39	24	22	25	36	26	54	27	6	28	10	29	82
	0	100	1	77	2	56	3	10	4	97	5	86	6	43	7	1	8	40	9	72	10	96	11	87	12	98	13	79	14	64	15	38	16	43	17	88	18	82	19	45	20	74	21	87	22	2	23	40	24	61	25	90	26	9	27	40	28	27	29	75
	0	65	1	34	2	25	3	85	4	46	5	49	6	94	7	20	8	68	9	46	10	89	11	21	12	18	13	37	14	29	15	9	16	33	17	42	18	1	19	43	20	86	21	9	22	14	23	99	24	85	25	65	26	2	27	98	28	93	29	84
	0	100	1	25	2	15	3	82	4	62	5	11	6	8	7	70	8	84	9	81	10	34	11	37	12	46	13	98	14	35	15	40	16	9	17	35	18	6	19	11	20	5	21	56	22	13	23	27	24	9	25	18	26	56	27	89	28	7	29	90
	0	95	1	12	2	68	3	63	4	70	5	25	6	96	7	9	8	7	9	24	10	25	11	96	12	67	13	29	14	77	15	74	16	90	17	49	18	100	19	92	20	55	21	45	22	43	23	4	24	25	25	41	26	59	27	79	28	76	29	42
	0	23	1	31	2	29	3	39	4	7	5	6	6	15	7	15	8	66	9	24	10	49	11	93	12	8	13	56	14	9	15	81	16	57	17	60	18	23	19	96	20	42	21	32	22	24	23	94	24	61	25	48	26	27	27	20	28	96	29	81
	0	22	1	59	2	3	3	26	4	8	5	60	6	76	7	87	8	1	9	53	10	73	11	90	12	90	13	84	14	56	15	18	16	25	17	50	18	67	19	3	20	66	21	88	22	63	23	20	24	25	25	62	26	61	27	44	28	72	29	60
	0	86	1	85	2	94	3	75	4	7	5	19	6	38	7	47	8	16	9	55	10	53	11	93	12	72	13	29	14	28	15	31	16	26	17	99	18	99	19	98	20	99	21	94	22	49	23	10	24	70	25	36	26	42	27	4	28	5	29	32
	0	55	1	83	2	24	3	18	4	13	5	24	6	6	7	92	8	22	9	47	10	53	11	70	12	64	13	41	14	80	15	52	16	8	17	95	18	7	19	85	20	37	21	87	22	50	23	59	24	98	25	22	26	54	27	72	28	28	29	26
	0	10	1	43	2	20	3	37	4	44	5	71	6	18	7	46	8	76	9	69	10	56	11	83	12	94	13	8	14	97	15	54	16	68	17	59	18	20	19	62	20	21	21	21	22	64	23	80	24	26	25	65	26	31	27	61	28	90	29	36
	0	7	1	86	2	55	3	97	4	54	5	98	6	7	7	98	8	69	9	80	10	2	11	9	12	33	13	57	14	29	15	57	16	87	17	40	18	68	19	41	20	100	21	45	22	22	23	21	24	25	25	43	26	40	27	18	28	65	29	42
	0	34	1	50	2	75	3	92	4	72	5	4	6	89	7	66	8	10	9	17	10	47	11	66	12	76	13	13	14	41	15	45	16	33	17	22	18	39	19	60	20	66	21	75	22	27	23	85	24	100	25	59	26	86	27	42	28	15	29	61
	0	9	1	54	2	26	3	48	4	95	5	7	6	54	7	61	8	5	9	72	10	82	11	12	12	53	13	48	14	99	15	20	16	64	17	1	18	59	19	19	20	27	21	26	22	10	23	30	24	27	25	48	26	73	27	76	28	34	29	45
	0	79	1	79	2	70	3	65	4	88	5	81	6	3	7	42	8	51	9	56	10	24	11	69	12	85	13	29	14	9	15	69	16	79	17	8	18	79	19	56	20	48	21	80	22	96	23	100	24	3	25	62	26	72	27	27	28	95	29	75
	0	74	1	24	2	69	3	95	4	49	5	18	6	25	7	11	8	3	9	61	10	71	11	64	12	14	13	39	14	13	15	80	16	56	17	76	18	31	19	95	20	61	21	16	22	22	23	52	24	62	25	97	26	6	27	17	28	78	29	42
	0	52	1	23	2	34	3	48	4	30	5	70	6	42	7	34	8	26	9	16	10	72	11	81	12	79	13	53	14	92	15	90	16	95	17	38	18	56	19	14	20	80	21	36	22	79	23	65	24	83	25	93	26	11	27	84	28	40	29	30
	0	7	1	40	2	64	3	54	4	61	5	92	6	15	7	5	8	42	9	8	10	61	11	89	12	56	13	68	14	98	15	74	16	14	17	56	18	90	19	43	20	92	21	34	22	56	23	28	24	98	25	62	26	21	27	77	28	99	29	79
	0	82	1	24	2	65	3	93	4	81	5	62	6	21	7	29	8	84	9	40	10	34	11	15	12	84	13	34	14	70	15	41	16	11	17	73	18	88	19	99	20	91	21	98	22	65	23	86	24	1	25	4	26	76	27	44	28	4	29	92
	0	52	1	50	2	65	3	13	4	6	5	1	6	89	7	9	8	4	9	36	10	5	11	54	12	3	13	4	14	32	15	73	16	2	17	70	18	55	19	81	20	61	21	6	22	25	23	70	24	100	25	21	26	60	27	39	28	70	29	24
	0	86	1	40	2	67	3	21	4	85	5	99	6	27	7	89	8	4	9	17	10	16	11	91	12	56	13	65	14	26	15	1	16	23	17	37	18	7	19	78	20	28	21	21	22	31	23	91	24	50	25	90	26	38	27	93	28	88	29	44
	0	30	1	92	2	2	3	36	4	11	5	62	6	91	7	73	8	71	9	11	10	77	11	76	12	87	13	72	14	19	15	31	16	75	17	10	18	59	19	77	20	15	21	37	22	84	23	2	24	36	25	96	26	58	27	54	28	44	29	58
	0	49	1	72	2	1	3	14	4	71	5	12	6	21	7	98	8	91	9	15	10	26	11	44	12	91	13	37	14	65	15	62	16	86	17	47	18	19	19	9	20	27	21	52	22	20	23	72	24	36	25	25	26	64	27	88	28	72	29	20
	0	1	1	71	2	14	3	13	4	25	5	33	6	95	7	10	8	5	9	6	10	52	11	94	12	25	13	95	14	61	15	17	16	18	17	41	18	58	19	48	20	22	21	55	22	92	23	40	24	93	25	61	26	54	27	78	28	46	29	60
	0	51	1	12	2	14	3	91	4	59	5	97	6	37	7	68	8	56	9	89	10	41	11	12	12	99	13	69	14	49	15	97	16	36	17	96	18	37	19	95	20	40	21	10	22	43	23	81	24	7	25	31	26	70	27	32	28	65	29	39
	0	58	1	34	2	83	3	17	4	7	5	77	6	73	7	92	8	71	9	15	10	23	11	20	12	78	13	94	14	13	15	86	16	21	17	7	18	98	19	19	20	30	21	8	22	49	23	45	24	35	25	95	26	4	27	29	28	60	29	63
	0	57	1	75	2	23	3	55	4	93	5	87	6	24	7	92	8	49	9	8	10	51	11	46	12	44	13	92	14	32	15	85	16	34	17	83	18	10	19	11	20	60	21	93	22	29	23	68	24	8	25	5	26	50	27	84	28	99	29	51
	0	43	1	86	2	72	3	42	4	6	5	98	6	35	7	38	8	31	9	97	10	88	11	89	12	2	13	11	14	53	15	2	16	95	17	65	18	60	19	85	20	32	21	22	22	70	23	93	24	82	25	63	26	47	27	83	28	32	29	9
	0	91	1	32	2	66	3	85	4	13	5	85	6	22	7	64	8	99	9	48	10	14	11	58	12	2	13	24	14	40	15	34	16	65	17	66	18	25	19	68	20	45	21	6	22	47	23	77	24	7	25	53	26	60	27	84	28	4	29	9
	0	20	1	10	2	63	3	15	4	50	5	92	6	37	7	38	8	28	9	78	10	4	11	62	12	77	13	40	14	6	15	36	16	78	17	19	18	78	19	13	20	51	21	80	22	4	23	49	24	59	25	41	26	85	27	75	28	56	29	22
	0	27	1	52	2	51	3	2	4	78	5	64	6	84	7	96	8	64	9	24	10	26	11	94	12	5	13	87	14	47	15	12	16	26	17	90	18	26	19	44	20	73	21	84	22	73	23	37	24	7	25	9	26	21	27	7	28	48	29	24
	0	78	1	71	2	69	3	21	4	56	5	76	6	85	7	50	8	27	9	31	10	67	11	55	12	66	13	92	14	90	15	95	16	70	17	41	18	96	19	89	20	85	21	64	22	14	23	37	24	61	25	27	26	83	27	65	28	28	29	92
	0	74	1	28	2	60	3	26	4	93	5	64	6	60	7	2	8	12	9	64	10	12	11	89	12	78	13	33	14	41	15	78	16	77	17	21	18	14	19	98	20	57	21	76	22	55	23	10	24	47	25	41	26	57	27	91	28	19	29	90
	0	22	1	41	2	76	3	80	4	52	5	83	6	68	7	67	8	86	9	24	10	74	11	8	12	37	13	9	14	90	15	48	16	91	17	86	18	20	19	67	20	64	21	57	22	57	23	31	24	31	25	92	26	2	27	82	28	70	29	19
	0	60	1	43	2	89	3	25	4	96	5	38	6	27	7	40	8	73	9	57	10	50	11	65	12	66	13	99	14	74	15	84	16	50	17	79	18	99	19	74	20	3	21	95	22	28	23	91	24	53	25	75	26	1	27	94	28	92	29	58
	0	82	1	54	2	6	3	72	4	61	5	43	6	12	7	22	8	78	9	97	10	92	11	99	12	64	13	22	14	67	15	67	16	64	17	57	18	64	19	94	20	95	21	30	22	44	23	33	24	34	25	74	26	9	27	68	28	51	29	78
	0	10	1	82	2	44	3	92	4	20	5	16	6	17	7	18	8	33	9	17	10	16	11	55	12	18	13	96	14	35	15	71	16	38	17	57	18	19	19	23	20	97	21	52	22	56	23	65	24	95	25	75	26	29	27	85	28	97	29	8
	0	61	1	82	2	36	3	81	4	78	5	77	6	18	7	3	8	77	9	1	10	1	11	72	12	76	13	16	14	54	15	91	16	67	17	61	18	24	19	28	20	21	21	31	22	70	23	99	24	100	25	19	26	40	27	75	28	82	29	1
	0	98	1	33	2	5	3	20	4	29	5	96	6	76	7	9	8	76	9	47	10	12	11	71	12	91	13	100	14	10	15	86	16	8	17	67	18	58	19	23	20	51	21	53	22	21	23	77	24	62	25	70	26	93	27	58	28	94	29	54
	0	82	1	3	2	99	3	18	4	56	5	84	6	33	7	81	8	100	9	35	10	28	11	54	12	33	13	30	14	12	15	80	16	93	17	69	18	96	19	45	20	100	21	59	22	30	23	19	24	43	25	12	26	12	27	90	28	47	29	74
	0	7	1	97	2	36	3	73	4	96	5	81	6	78	7	41	8	76	9	6	10	83	11	57	12	65	13	19	14	99	15	11	16	4	17	51	18	17	19	73	20	43	21	85	22	83	23	52	24	53	25	27	26	78	27	37	28	14	29	73
	0	18	1	87	2	62	3	52	4	75	5	92	6	93	7	76	8	34	9	36	10	64	11	54	12	28	13	28	14	36	15	24	16	15	17	69	18	41	19	20	20	98	21	8	22	82	23	86	24	91	25	58	26	96	27	92	28	91	29	7
	0	22	1	22	2	7	3	40	4	73	5	30	6	47	7	47	8	100	9	96	10	79	11	90	12	91	13	22	14	8	15	50	16	49	17	42	18	30	19	89	20	28	21	55	22	70	23	83	24	53	25	86	26	3	27	11	28	17	29	44
	0	15	1	24	2	46	3	28	4	61	5	7	6	87	7	9	8	23	9	24	10	37	11	75	12	67	13	100	14	32	15	21	16	67	17	80	18	67	19	35	20	38	21	81	22	6	23	91	24	88	25	11	26	3	27	64	28	93	29	24
	0	57	1	25	2	53	3	46	4	55	5	73	6	73	7	87	8	87	9	29	10	92	11	10	12	30	13	84	14	43	15	39	16	44	17	76	18	18	19	24	20	14	21	52	22	79	23	83	24	46	25	24	26	27	27	5	28	89	29	36
	0	32	1	82	2	41	3	92	4	79	5	80	6	76	7	26	8	80	9	4	10	85	11	95	12	65	13	95	14	15	15	35	16	52	17	60	18	66	19	28	20	46	21	41	22	71	23	34	24	38	25	56	26	54	27	17	28	82	29	82
	0	74	1	57	2	85	3	50	4	74	5	19	6	38	7	86	8	93	9	47	10	65	11	10	12	27	13	74	14	73	15	70	16	34	17	77	18	30	19	88	20	24	21	28	22	6	23	41	24	74	25	9	26	46	27	93	28	66	29	95
	0	70	1	56	2	30	3	21	4	13	5	68	6	47	7	89	8	45	9	74	10	48	11	84	12	56	13	83	14	92	15	1	16	66	17	27	18	37	19	100	20	11	21	28	22	21	23	45	24	22	25	87	26	21	27	95	28	79	29	8
	0	53	1	48	2	27	3	48	4	35	5	63	6	70	7	53	8	32	9	2	10	85	11	8	12	41	13	73	14	26	15	29	16	92	17	72	18	16	19	60	20	82	21	32	22	24	23	60	24	48	25	61	26	89	27	90	28	65	29	98
	0	57	1	45	2	19	3	30	4	10	5	76	6	77	7	55	8	9	9	98	10	84	11	72	12	12	13	1	14	29	15	42	16	95	17	79	18	73	19	47	20	15	21	66	22	35	23	41	24	92	25	40	26	76	27	70	28	73	29	16
	0	18	1	15	2	48	3	75	4	99	5	58	6	94	7	62	8	51	9	9	10	77	11	74	12	42	13	26	14	52	15	18	16	29	17	5	18	26	19	90	20	11	21	51	22	75	23	42	24	71	25	31	26	34	27	2	28	59	29	83
	0	9	1	82	2	49	3	29	4	63	5	92	6	62	7	14	8	77	9	30	10	59	11	76	12	14	13	28	14	25	15	6	16	2	17	77	18	14	19	67	20	29	21	48	22	16	23	74	24	27	25	86	26	70	27	50	28	66	29	56
	0	34	1	23	2	5	3	55	4	85	5	15	6	58	7	21	8	11	9	45	10	77	11	3	12	12	13	46	14	58	15	82	16	39	17	68	18	28	19	47	20	14	21	22	22	59	23	63	24	32	25	68	26	24	27	98	28	22	29	81
	0	96	1	89	2	22	3	28	4	35	5	55	6	12	7	36	8	37	9	10	10	79	11	60	12	31	13	8	14	28	15	47	16	42	17	37	18	68	19	82	20	65	21	48	22	20	23	51	24	15	25	73	26	35	27	51	28	40	29	82
	0	24	1	48	2	31	3	63	4	26	5	50	6	48	7	53	8	73	9	45	10	47	11	36	12	34	13	33	14	97	15	73	16	34	17	49	18	93	19	68	20	83	21	31	22	22	23	52	24	77	25	27	26	43	27	43	28	33	29	3
	0	67	1	39	2	82	3	14	4	70	5	18	6	30	7	54	8	59	9	72	10	68	11	81	12	82	13	100	14	77	15	4	16	54	17	27	18	62	19	57	20	35	21	29	22	35	23	14	24	75	25	82	26	90	27	9	28	34	29	63
	0	68	1	70	2	20	3	76	4	7	5	80	6	9	7	70	8	5	9	21	10	56	11	85	12	56	13	76	14	78	15	33	16	39	17	73	18	1	19	1	20	55	21	18	22	85	23	50	24	60	25	42	26	72	27	13	28	22	29	49
	0	23	1	50	2	15	3	62	4	31	5	98	6	21	7	86	8	39	9	13	10	100	11	45	12	98	13	19	14	53	15	48	16	21	17	89	18	87	19	8	20	56	21	27	22	63	23	18	24	57	25	35	26	75	27	42	28	30	29	72
	0	93	1	84	2	92	3	49	4	79	5	50	6	55	7	14	8	53	9	14	10	47	11	15	12	50	13	34	14	11	15	51	16	33	17	5	18	39	19	51	20	19	21	38	22	58	23	40	24	43	25	81	26	62	27	68	28	80	29	53
	0	38	1	37	2	81	3	42	4	67	5	30	6	3	7	74	8	66	9	35	10	38	11	81	12	14	13	22	14	73	15	9	16	94	17	9	18	29	19	46	20	5	21	28	22	67	23	58	24	67	25	74	26	60	27	70	28	2	29	9
	0	60	1	30	2	55	3	37	4	22	5	40	6	21	7	90	8	57	9	33	10	59	11	70	12	20	13	45	14	18	15	57	16	67	17	8	18	16	19	75	20	29	21	57	22	41	23	55	24	95	25	27	26	64	27	67	28	86	29	87
	0	77	1	91	2	79	3	42	4	8	5	55	6	10	7	85	8	71	9	52	10	48	11	95	12	50	13	33	14	52	15	3	16	30	17	19	18	15	19	81	20	15	21	80	22	83	23	12	24	11	25	94	26	100	27	66	28	48	29	57
	0	4	1	74	2	83	3	29	4	88	5	69	6	97	7	21	8	96	9	70	10	78	11	68	12	15	13	88	14	73	15	39	16	93	17	92	18	18	19	84	20	83	21	91	22	1	23	8	24	94	25	77	26	24	27	33	28	11	29	64
	0	40	1	85	2	1	3	11	4	10	5	11	6	18	7	10	8	91	9	22	10	89	11	81	12	52	13	13	14	28	15	5	16	85	17	3	18	10	19	86	20	45	21	2	22	19	23	17	24	54	25	94	26	26	27	5	28	37	29	88
	0	92	1	70	2	81	3	93	4	73	5	19	6	42	7	2	8	83	9	73	10	30	11	93	12	57	13	90	14	44	15	91	16	91	17	6	18	61	19	43	20	80	21	100	22	69	23	4	24	53	25	52	26	23	27	24	28	1	29	39
	0	50	1	99	2	38	3	98	4	32	5	24	6	26	7	56	8	62	9	44	10	81	11	84	12	24	13	21	14	24	15	60	16	55	17	31	18	42	19	11	20	97	21	79	22	84	23	87	24	45	25	95	26	100	27	2	28	28	29	38
	0	97	1	11	2	9	3	36	4	77	5	29	6	74	7	22	8	71	9	19	10	46	11	56	12	92	13	82	14	53	15	46	16	73	17	42	18	26	19	91	20	50	21	6	22	11	23	30	24	15	25	39	26	20	27	55	28	57	29	88
	0	60	1	24	2	51	3	40	4	6	5	93	6	70	7	4	8	9	9	35	10	27	11	45	12	64	13	33	14	80	15	18	16	69	17	57	18	46	19	75	20	49	21	53	22	18	23	41	24	39	25	19	26	70	27	87	28	39	29	44
	0	2	1	45	2	80	3	25	4	57	5	38	6	77	7	91	8	11	9	31	10	60	11	10	12	24	13	11	14	84	15	47	16	89	17	60	18	91	19	98	20	40	21	90	22	56	23	27	24	80	25	31	26	39	27	70	28	57	29	2
	0	41	1	97	2	98	3	21	4	18	5	32	6	68	7	3	8	6	9	78	10	27	11	81	12	68	13	96	14	95	15	31	16	68	17	45	18	49	19	89	20	11	21	62	22	11	23	5	24	27	25	48	26	5	27	52	28	87	29	8
	0	89	1	94	2	62	3	25	4	90	5	78	6	76	7	92	8	94	9	24	10	18	11	28	12	77	13	88	14	97	15	46	16	85	17	59	18	74	19	53	20	71	21	98	22	91	23	94	24	73	25	28	26	89	27	81	28	94	29	48
	0	83	1	61	2	90	3	10	4	31	5	17	6	6	7	95	8	26	9	99	10	2	11	76	12	87	13	42	14	54	15	52	16	30	17	12	18	44	19	88	20	53	21	72	22	49	23	97	24	63	25	91	26	98	27	54	28	10	29	13
	0	80	1	24	2	44	3	56	4	89	5	38	6	74	7	36	8	57	9	61	10	10	11	1	12	18	13	26	14	30	15	49	16	82	17	36	18	69	19	47	20	32	21	51	22	55	23	79	24	61	25	10	26	28	27	2	28	17	29	71
	0	7	1	60	2	31	3	51	4	8	5	24	6	23	7	6	8	11	9	24	10	35	11	82	12	40	13	98	14	26	15	30	16	12	17	1	18	20	19	68	20	39	21	9	22	15	23	18	24	22	25	30	26	66	27	72	28	59	29	26
	0	16	1	51	2	41	3	66	4	44	5	63	6	35	7	97	8	39	9	78	10	58	11	98	12	18	13	76	14	99	15	41	16	67	17	31	18	40	19	80	20	59	21	37	22	83	23	53	24	68	25	100	26	94	27	56	28	7	29	35
	0	99	1	15	2	40	3	60	4	18	5	98	6	54	7	58	8	4	9	7	10	90	11	60	12	28	13	54	14	64	15	78	16	40	17	31	18	41	19	63	20	69	21	93	22	21	23	1	24	67	25	41	26	73	27	46	28	4	29	63
	0	9	1	65	2	62	3	73	4	93	5	49	6	89	7	53	8	24	9	98	10	13	11	89	12	37	13	95	14	26	15	62	16	16	17	33	18	86	19	23	20	4	21	49	22	97	23	74	24	64	25	78	26	73	27	30	28	20	29	44
	0	81	1	37	2	82	3	39	4	30	5	53	6	35	7	62	8	52	9	52	10	52	11	10	12	84	13	80	14	49	15	67	16	55	17	70	18	98	19	4	20	30	21	21	22	70	23	99	24	70	25	82	26	76	27	51	28	8	29	85
	0	7	1	22	2	51	3	37	4	15	5	53	6	57	7	63	8	85	9	28	10	48	11	45	12	70	13	85	14	55	15	18	16	3	17	96	18	12	19	100	20	17	21	65	22	37	23	84	24	14	25	14	26	78	27	6	28	80	29	69
	0	97	1	68	2	40	3	46	4	33	5	1	6	84	7	12	8	68	9	59	10	20	11	67	12	66	13	6	14	40	15	77	16	88	17	41	18	85	19	45	20	89	21	55	22	65	23	5	24	41	25	20	26	65	27	84	28	54	29	57
	0	31	1	43	2	84	3	46	4	33	5	23	6	43	7	44	8	44	9	38	10	57	11	52	12	74	13	90	14	37	15	36	16	58	17	4	18	63	19	92	20	85	21	13	22	74	23	11	24	13	25	29	26	46	27	88	28	11	29	87
	0	81	1	77	2	15	3	48	4	37	5	83	6	8	7	96	8	91	9	55	10	36	11	67	12	87	13	2	14	40	15	94	16	41	17	65	18	54	19	50	20	80	21	12	22	6	23	40	24	52	25	22	26	19	27	54	28	27	29	1
	0	98	1	91	2	84	3	32	4	54	5	25	6	41	7	50	8	92	9	49	10	83	11	1	12	82	13	49	14	96	15	21	16	66	17	65	18	1	19	48	20	90	21	62	22	63	23	46	24	54	25	3	26	99	27	18	28	21	29	11
	0	30	1	21	2	31	3	53	4	33	5	15	6	100	7	76	8	3	9	15	10	24	11	5	12	20	13	27	14	86	15	46	16	87	17	74	18	61	19	82	20	85	21	64	22	59	23	49	24	51	25	39	26	46	27	21	28	90	29	6
	0	41	1	46	2	69	3	64	4	70	5	18	6	46	7	46	8	41	9	71	10	48	11	51	12	48	13	26	14	99	15	51	16	38	17	36	18	36	19	77	20	90	21	8	22	8	23	24	24	91	25	87	26	7	27	38	28	6	29	48
	0	95	1	69	2	83	3	18	4	31	5	96	6	36	7	21	8	84	9	71	10	94	11	40	12	26	13	30	14	17	15	12	16	11	17	71	18	7	19	12	20	90	21	96	22	77	23	98	24	28	25	61	26	44	27	15	28	13	29	94
	0	65	1	81	2	78	3	68	4	34	5	1	6	71	7	35	8	5	9	87	10	54	11	63	12	11	13	81	14	2	15	27	16	91	17	4	18	44	19	61	20	48	21	78	22	65	23	51	24	3	25	95	26	52	27	36	28	12	29	36
	0	72	1	55	2	62	3	55	4	98	5	38	6	64	7	83	8	17	9	51	10	13	11	28	12	9	13	21	14	78	15	52	16	65	17	18	18	39	19	80	20	81	21	69	22	97	23	55	24	46	25	11	26	7	27	33	28	28	29	37
	0	22	1	17	2	7	3	73	4	45	5	42	6	10	7	93	8	27	9	67	10	64	11	64	12	53	13	46	14	46	15	71	16	10	17	78	18	23	19	81	20	37	21	59	22	98	23	22	24	73	25	76	26	91	27	98	28	85	29	32
	0	52	1	78	2	31	3	89	4	61	5	3	6	69	7	55	8	66	9	23	10	58	11	66	12	80	13	47	14	74	15	32	16	8	17	67	18	59	19	48	20	4	21	95	22	68	23	98	24	69	25	23	26	78	27	90	28	28	29	86
	0	93	1	3	2	65	3	100	4	31	5	47	6	97	7	100	8	97	9	46	10	11	11	94	12	75	13	13	14	2	15	25	16	87	17	67	18	84	19	86	20	7	21	13	22	57	23	41	24	25	25	93	26	63	27	51	28	98	29	58
	0	53	1	1	2	43	3	47	4	53	5	71	6	47	7	51	8	99	9	19	10	99	11	6	12	85	13	47	14	79	15	50	16	38	17	73	18	57	19	19	20	7	21	34	22	71	23	90	24	50	25	1	26	7	27	78	28	43	29	63
	0	99	1	57	2	35	3	17	4	5	5	51	6	46	7	84	8	35	9	24	10	72	11	19	12	53	13	65	14	26	15	4	16	56	17	36	18	66	19	18	20	8	21	48	22	56	23	45	24	98	25	58	26	74	27	60	28	21	29	29
	0	68	1	92	2	33	3	76	4	11	5	64	6	7	7	94	8	23	9	59	10	86	11	53	12	39	13	61	14	47	15	90	16	64	17	60	18	71	19	43	20	33	21	40	22	23	23	99	24	55	25	76	26	70	27	64	28	37	29	3
	0	83	1	59	2	92	3	45	4	33	5	20	6	91	7	21	8	35	9	42	10	4	11	45	12	23	13	90	14	46	15	4	16	73	17	91	18	28	19	86	20	75	21	57	22	60	23	68	24	41	25	11	26	75	27	13	28	1	29	14
	0	70	1	16	2	15	3	20	4	66	5	10	6	15	7	8	8	52	9	20	10	32	11	52	12	56	13	14	14	1	15	50	16	57	17	13	18	35	19	13	20	39	21	33	22	100	23	79	24	33	25	86	26	59	27	8	28	30	29	68
	0	38	1	82	2	22	3	89	4	49	5	4	6	34	7	48	8	78	9	70	10	44	11	43	12	1	13	67	14	93	15	67	16	8	17	12	18	59	19	51	20	41	21	44	22	14	23	25	24	62	25	22	26	14	27	26	28	34	29	4
	0	79	1	78	2	61	3	4	4	65	5	12	6	23	7	41	8	36	9	98	10	3	11	55	12	86	13	24	14	100	15	24	16	72	17	31	18	67	19	22	20	56	21	85	22	9	23	8	24	68	25	65	26	58	27	15	28	31	29	73
	0	77	1	4	2	29	3	11	4	84	5	80	6	89	7	77	8	83	9	1	10	8	11	76	12	56	13	21	14	68	15	50	16	47	17	44	18	97	19	58	20	30	21	85	22	76	23	82	24	65	25	69	26	7	27	32	28	70	29	2
	0	84	1	65	2	62	3	100	4	31	5	56	6	50	7	77	8	5	9	76	10	83	11	93	12	81	13	74	14	83	15	44	16	50	17	58	18	16	19	39	20	15	21	28	22	84	23	75	24	63	25	11	26	41	27	31	28	36	29	80
	0	61	1	37	2	43	3	89	4	15	5	74	6	80	7	32	8	38	9	21	10	46	11	6	12	86	13	64	14	81	15	59	16	15	17	13	18	62	19	37	20	41	21	12	22	21	23	49	24	50	25	26	26	85	27	43	28	79	29	36
	0	53	1	42	2	78	3	92	4	49	5	86	6	24	7	97	8	18	9	84	10	60	11	7	12	61	13	61	14	62	15	1	16	30	17	78	18	66	19	29	20	5	21	27	22	11	23	52	24	53	25	53	26	80	27	39	28	28	29	50
	0	27	1	64	2	53	3	27	4	51	5	52	6	12	7	47	8	34	9	27	10	31	11	83	12	60	13	91	14	25	15	41	16	88	17	29	18	44	19	52	20	29	21	10	22	50	23	22	24	76	25	39	26	97	27	100	28	59	29	77
	0	1	1	6	2	43	3	38	4	25	5	18	6	91	7	15	8	14	9	14	10	46	11	15	12	53	13	26	14	13	15	94	16	29	17	46	18	49	19	15	20	36	21	79	22	86	23	86	24	38	25	64	26	42	27	41	28	81	29	75
	0	5	1	69	2	30	3	87	4	89	5	15	6	54	7	77	8	94	9	94	10	6	11	83	12	21	13	99	14	59	15	39	16	30	17	1	18	86	19	75	20	40	21	62	22	12	23	34	24	96	25	2	26	80	27	49	28	71	29	15
	0	81	1	91	2	69	3	7	4	63	5	68	6	40	7	95	8	19	9	43	10	38	11	15	12	10	13	99	14	76	15	4	16	74	17	73	18	53	19	62	20	28	21	32	22	60	23	13	24	77	25	68	26	4	27	18	28	59	29	23
	0	87	1	9	2	18	3	89	4	35	5	47	6	69	7	30	8	73	9	15	10	98	11	31	12	83	13	21	14	18	15	60	16	88	17	48	18	64	19	3	20	57	21	89	22	10	23	21	24	20	25	49	26	27	27	9	28	38	29	5
	0	26	1	86	2	69	3	58	4	56	5	32	6	19	7	8	8	36	9	52	10	78	11	52	12	59	13	30	14	73	15	64	16	91	17	15	18	90	19	36	20	44	21	36	22	50	23	59	24	5	25	49	26	35	27	93	28	56	29	63
	0	6	1	51	2	5	3	87	4	54	5	86	6	7	7	15	8	71	9	76	10	73	11	15	12	51	13	21	14	70	15	10	16	34	17	16	18	64	19	65	20	73	21	62	22	71	23	1	24	72	25	15	26	7	27	21	28	30	29	5
	0	54	1	8	2	3	3	57	4	87	5	27	6	38	7	8	8	27	9	55	10	73	11	99	12	9	13	2	14	93	15	78	16	91	17	15	18	76	19	59	20	38	21	62	22	86	23	8	24	50	25	56	26	98	27	61	28	30	29	48
	0	39	1	83	2	4	3	4	4	3	5	38	6	37	7	61	8	73	9	26	10	18	11	99	12	40	13	88	14	93	15	100	16	17	17	15	18	79	19	64	20	89	21	89	22	87	23	11	24	37	25	48	26	30	27	85	28	33	29	66
	0	9	1	40	2	100	3	66	4	85	5	85	6	64	7	24	8	87	9	92	10	71	11	32	12	26	13	18	14	19	15	22	16	96	17	93	18	43	19	67	20	87	21	57	22	50	23	18	24	54	25	66	26	90	27	43	28	6	29	97
	0	18	1	65	2	99	3	9	4	61	5	32	6	71	7	61	8	29	9	57	10	41	11	76	12	100	13	7	14	45	15	11	16	92	17	39	18	7	19	69	20	96	21	4	22	61	23	66	24	15	25	72	26	54	27	35	28	67	29	44
	0	17	1	30	2	23	3	55	4	74	5	69	6	80	7	97	8	34	9	19	10	20	11	95	12	74	13	22	14	87	15	20	16	10	17	3	18	72	19	44	20	37	21	19	22	11	23	39	24	44	25	43	26	24	27	90	28	71	29	77
	0	50	1	89	2	48	3	47	4	54	5	97	6	32	7	35	8	18	9	17	10	38	11	24	12	45	13	9	14	29	15	89	16	16	17	32	18	6	19	46	20	4	21	7	22	16	23	33	24	31	25	20	26	75	27	14	28	2	29	25
	0	59	1	100	2	76	3	8	4	31	5	38	6	48	7	17	8	86	9	23	10	48	11	86	12	44	13	16	14	93	15	85	16	22	17	88	18	28	19	90	20	61	21	18	22	68	23	60	24	96	25	3	26	7	27	38	28	86	29	83
	0	54	1	45	2	43	3	68	4	41	5	18	6	41	7	21	8	76	9	5	10	75	11	52	12	49	13	37	14	8	15	11	16	36	17	22	18	37	19	81	20	25	21	32	22	47	23	24	24	76	25	99	26	48	27	24	28	96	29	20
	0	5	1	31	2	69	3	31	4	19	5	93	6	100	7	25	8	99	9	37	10	41	11	14	12	53	13	43	14	8	15	45	16	80	17	4	18	30	19	33	20	29	21	83	22	64	23	83	24	84	25	95	26	73	27	86	28	62	29	92
	0	64	1	34	2	58	3	14	4	18	5	78	6	50	7	40	8	64	9	27	10	71	11	56	12	79	13	63	14	98	15	15	16	20	17	20	18	8	19	64	20	14	21	47	22	25	23	58	24	60	25	59	26	35	27	90	28	35	29	46
	0	53	1	4	2	85	3	86	4	62	5	66	6	56	7	97	8	75	9	26	10	1	11	7	12	70	13	76	14	59	15	33	16	7	17	93	18	87	19	13	20	33	21	38	22	6	23	5	24	20	25	25	26	87	27	64	28	11	29	94
	0	74	1	67	2	51	3	58	4	41	5	21	6	33	7	97	8	20	9	12	10	98	11	19	12	41	13	39	14	52	15	19	16	83	17	71	18	98	19	1	20	20	21	15	22	92	23	50	24	12	25	63	26	81	27	51	28	76	29	93
	0	66	1	16	2	32	3	2	4	9	5	55	6	22	7	25	8	80	9	93	10	30	11	59	12	96	13	37	14	67	15	87	16	20	17	33	18	85	19	86	20	8	21	66	22	38	23	53	24	19	25	99	26	18	27	91	28	43	29	58
	0	16	1	26	2	99	3	95	4	85	5	68	6	100	7	96	8	23	9	19	10	8	11	16	12	90	13	91	14	16	15	53	16	23	17	2	18	22	19	96	20	32	21	53	22	94	23	14	24	65	25	98	26	40	27	61	28	93	29	72
	0	15	1	16	2	54	3	36	4	57	5	95	6	43	7	47	8	18	9	87	10	51	11	68	12	18	13	8	14	84	15	73	16	74	17	88	18	9	19	26	20	49	21	10	22	25	23	9	24	37	25	76	26	37	27	54	28	78	29	90
	0	89	1	4	2	73	3	50	4	94	5	84	6	30	7	7	8	46	9	84	10	75	11	30	12	18	13	72	14	6	15	84	16	81	17	87	18	58	19	18	20	85	21	88	22	42	23	3	24	97	25	57	26	33	27	81	28	95	29	69
	0	53	1	14	2	41	3	100	4	64	5	35	6	99	7	19	8	54	9	49	10	68	11	88	12	6	13	34	14	45	15	72	16	62	17	37	18	33	19	25	20	26	21	67	22	65	23	9	24	83	25	31	26	13	27	63	28	3	29	63
	0	89	1	28	2	78	3	40	4	67	5	85	6	6	7	97	8	89	9	80	10	10	11	63	12	18	13	33	14	65	15	6	16	60	17	49	18	73	19	36	20	73	21	95	22	6	23	14	24	25	25	95	26	1	27	78	28	72	29	58
	0	85	1	56	2	75	3	55	4	61	5	51	6	67	7	100	8	89	9	13	10	42	11	95	12	25	13	22	14	35	15	55	16	26	17	56	18	100	19	21	20	20	21	26	22	19	23	21	24	96	25	86	26	96	27	46	28	71	29	50
	0	5	1	36	2	39	3	94	4	19	5	14	6	8	7	6	8	25	9	99	10	69	11	15	12	94	13	81	14	70	15	21	16	91	17	56	18	84	19	95	20	8	21	45	22	81	23	32	24	71	25	38	26	64	27	65	28	68	29	46
	0	12	1	85	2	77	3	55	4	45	5	15	6	95	7	7	8	17	9	40	10	6	11	50	12	75	13	82	14	39	15	43	16	63	17	84	18	93	19	2	20	54	21	36	22	36	23	19	24	29	25	51	26	10	27	96	28	50	29	82
	0	89	1	72	2	89	3	43	4	85	5	39	6	4	7	59	8	82	9	75	10	84	11	65	12	60	13	35	14	8	15	48	16	28	17	76	18	67	19	62	20	79	21	23	22	71	23	95	24	45	25	80	26	29	27	59	28	2	29	60
	0	62	1	22	2	64	3	87	4	12	5	13	6	57	7	73	8	35	9	64	10	70	11	99	12	100	13	72	14	19	15	51	16	36	17	98	18	71	19	66	20	89	21	31	22	20	23	11	24	92	25	85	26	2	27	1	28	46	29	8
	0	96	1	9	2	81	3	18	4	57	5	47	6	37	7	10	8	58	9	8	10	80	11	73	12	55	13	99	14	49	15	24	16	96	17	8	18	98	19	66	20	34	21	84	22	83	23	95	24	20	25	25	26	92	27	26	28	81	29	97
	0	38	1	27	2	23	3	34	4	55	5	59	6	88	7	92	8	65	9	76	10	82	11	59	12	99	13	29	14	41	15	33	16	12	17	64	18	90	19	30	20	5	21	42	22	43	23	93	24	47	25	84	26	16	27	86	28	67	29	37
	0	67	1	21	2	58	3	21	4	95	5	42	6	6	7	82	8	36	9	56	10	41	11	79	12	58	13	5	14	75	15	77	16	40	17	99	18	66	19	11	20	81	21	57	22	38	23	62	24	81	25	44	26	24	27	53	28	77	29	81
	0	34	1	37	2	50	3	66	4	55	5	72	6	10	7	54	8	23	9	76	10	38	11	58	12	57	13	14	14	46	15	89	16	9	17	63	18	72	19	33	20	83	21	59	22	32	23	41	24	46	25	20	26	87	27	78	28	4	29	86
	0	7	1	59	2	31	3	50	4	29	5	63	6	73	7	39	8	48	9	4	10	68	11	85	12	89	13	9	14	50	15	1	16	41	17	17	18	23	19	36	20	65	21	13	22	28	23	81	24	88	25	48	26	51	27	55	28	60	29	24
	0	22	1	93	2	40	3	34	4	14	5	98	6	10	7	82	8	52	9	55	10	70	11	41	12	72	13	99	14	40	15	8	16	3	17	89	18	70	19	61	20	59	21	45	22	54	23	52	24	65	25	24	26	78	27	60	28	44	29	63
	0	57	1	100	2	56	3	9	4	44	5	84	6	61	7	9	8	9	9	33	10	26	11	34	12	22	13	29	14	35	15	64	16	2	17	42	18	41	19	53	20	91	21	56	22	81	23	41	24	82	25	5	26	50	27	13	28	14	29	70
	0	86	1	88	2	92	3	15	4	33	5	98	6	21	7	51	8	69	9	7	10	46	11	64	12	26	13	63	14	31	15	43	16	30	17	77	18	43	19	89	20	39	21	92	22	98	23	1	24	72	25	77	26	2	27	64	28	37	29	50
	0	90	1	89	2	10	3	27	4	36	5	63	6	21	7	48	8	4	9	41	10	58	11	23	12	52	13	63	14	78	15	6	16	9	17	75	18	98	19	84	20	88	21	14	22	13	23	35	24	14	25	58	26	34	27	8	28	70	29	63
	0	74	1	13	2	83	3	38	4	17	5	30	6	18	7	32	8	38	9	75	10	60	11	25	12	65	13	85	14	66	15	57	16	1	17	5	18	48	19	29	20	53	21	84	22	20	23	73	24	28	25	35	26	99	27	55	28	91	29	89
	0	55	1	71	2	3	3	56	4	52	5	56	6	80	7	95	8	27	9	96	10	44	11	22	12	88	13	37	14	49	15	27	16	32	17	10	18	12	19	77	20	25	21	26	22	76	23	30	24	83	25	10	26	92	27	74	28	44	29	84
	0	88	1	77	2	31	3	100	4	64	5	9	6	42	7	92	8	42	9	74	10	8	11	18	12	45	13	58	14	20	15	75	16	90	17	80	18	3	19	29	20	22	21	17	22	99	23	97	24	21	25	22	26	73	27	59	28	59	29	59
	0	70	1	100	2	89	3	31	4	80	5	98	6	91	7	82	8	76	9	13	10	16	11	71	12	63	13	52	14	93	15	78	16	21	17	2	18	87	19	79	20	43	21	56	22	38	23	96	24	11	25	89	26	11	27	15	28	49	29	41
	0	28	1	23	2	36	3	22	4	77	5	13	6	92	7	53	8	12	9	57	10	64	11	96	12	86	13	40	14	54	15	39	16	85	17	4	18	89	19	43	20	59	21	61	22	18	23	76	24	62	25	61	26	88	27	65	28	39	29	15
	0	25	1	68	2	44	3	26	4	29	5	34	6	59	7	84	8	66	9	95	10	54	11	96	12	97	13	37	14	4	15	87	16	100	17	10	18	63	19	84	20	54	21	90	22	48	23	65	24	7	25	9	26	91	27	36	28	36	29	100
	0	70	1	77	2	74	3	41	4	96	5	56	6	73	7	83	8	60	9	7	10	7	11	88	12	35	13	36	14	48	15	41	16	96	17	70	18	76	19	85	20	14	21	95	22	81	23	97	24	12	25	28	26	94	27	16	28	18	29	22
	0	46	1	82	2	37	3	12	4	26	5	50	6	20	7	26	8	22	9	80	10	24	11	49	12	28	13	38	14	71	15	91	16	75	17	30	18	56	19	99	20	16	21	74	22	72	23	38	24	65	25	83	26	34	27	93	28	71	29	99
	0	31	1	96	2	90	3	16	4	46	5	78	6	70	7	71	8	97	9	76	10	64	11	3	12	18	13	75	14	52	15	90	16	72	17	50	18	17	19	40	20	48	21	34	22	15	23	74	24	14	25	40	26	35	27	30	28	13	29	1
	0	39	1	95	2	13	3	12	4	25	5	18	6	70	7	88	8	51	9	75	10	51	11	73	12	18	13	89	14	28	15	55	16	7	17	28	18	45	19	82	20	96	21	20	22	7	23	89	24	20	25	72	26	64	27	58	28	53	29	85
	0	71	1	97	2	6	3	84	4	43	5	99	6	90	7	20	8	56	9	6	10	73	11	16	12	55	13	10	14	39	15	44	16	61	17	57	18	31	19	75	20	90	21	30	22	17	23	34	24	38	25	26	26	40	27	46	28	92	29	72
	0	13	1	59	2	50	3	27	4	88	5	81	6	93	7	65	8	6	9	68	10	18	11	45	12	98	13	41	14	25	15	6	16	13	17	35	18	43	19	54	20	68	21	91	22	4	23	13	24	70	25	59	26	18	27	61	28	41	29	60
	0	10	1	90	2	45	3	27	4	13	5	38	6	9	7	45	8	35	9	93	10	78	11	22	12	42	13	72	14	46	15	85	16	22	17	8	18	57	19	93	20	21	21	19	22	71	23	79	24	79	25	29	26	23	27	88	28	92	29	63
	0	45	1	68	2	78	3	47	4	6	5	28	6	40	7	78	8	100	9	70	10	31	11	43	12	92	13	54	14	85	15	5	16	93	17	72	18	54	19	89	20	25	21	15	22	63	23	26	24	100	25	78	26	3	27	50	28	32	29	25
	0	76	1	49	2	35	3	14	4	2	5	4	6	91	7	65	8	34	9	99	10	100	11	90	12	43	13	52	14	20	15	54	16	73	17	14	18	75	19	14	20	72	21	47	22	100	23	62	24	57	25	51	26	24	27	66	28	57	29	27
	0	32	1	90	2	58	3	89	4	48	5	31	6	30	7	49	8	26	9	5	10	20	11	51	12	58	13	80	14	24	15	32	16	14	17	22	18	3	19	20	20	85	21	14	22	75	23	10	24	100	25	56	26	10	27	72	28	19	29	63
	0	19	1	86	2	44	3	18	4	93	5	7	6	82	7	40	8	59	9	96	10	69	11	79	12	39	13	89	14	27	15	51	16	26	17	73	18	9	19	75	20	41	21	95	22	73	23	63	24	6	25	29	26	75	27	86	28	52	29	69
	0	69	1	25	2	62	3	30	4	68	5	57	6	9	7	74	8	92	9	52	10	30	11	85	12	12	13	82	14	55	15	67	16	71	17	56	18	94	19	42	20	24	21	43	22	25	23	64	24	48	25	40	26	53	27	84	28	7	29	5
	0	29	1	21	2	66	3	48	4	56	5	38	6	90	7	68	8	4	9	16	10	90	11	66	12	27	13	85	14	79	15	73	16	52	17	43	18	60	19	85	20	69	21	81	22	60	23	69	24	63	25	3	26	76	27	16	28	49	29	80
	0	14	1	28	2	13	3	12	4	8	5	68	6	63	7	66	8	77	9	27	10	45	11	10	12	45	13	71	14	83	15	89	16	28	17	77	18	34	19	74	20	74	21	67	22	88	23	9	24	2	25	12	26	32	27	38	28	82	29	49
	0	74	1	50	2	42	3	37	4	91	5	26	6	4	7	59	8	42	9	47	10	81	11	25	12	70	13	84	14	87	15	46	16	73	17	17	18	48	19	79	20	26	21	20	22	97	23	73	24	82	25	23	26	16	27	44	28	82	29	48
	0	47	1	85	2	51	3	51	4	74	5	75	6	74	7	48	8	69	9	34	10	48	11	90	12	34	13	66	14	88	15	17	16	1	17	56	18	21	19	17	20	61	21	33	22	73	23	42	24	24	25	8	26	78	27	95	28	52	29	51
	0	29	1	65	2	12	3	61	4	51	5	71	6	24	7	50	8	91	9	65	10	25	11	46	12	31	13	80	14	52	15	67	16	78	17	41	18	31	19	58	20	92	21	62	22	25	23	52	24	39	25	4	26	58	27	22	28	99	29	74
	0	43	1	34	2	64	3	70	4	73	5	3	6	88	7	20	8	39	9	37	10	93	11	66	12	3	13	85	14	35	15	81	16	35	17	63	18	89	19	38	20	78	21	97	22	100	23	52	24	27	25	18	26	10	27	69	28	7	29	99
	0	62	1	84	2	4	3	6	4	46	5	96	6	86	7	26	8	23	9	37	10	99	11	70	12	50	13	41	14	43	15	84	16	1	17	31	18	64	19	97	20	40	21	44	22	2	23	7	24	3	25	15	26	88	27	73	28	91	29	5
	0	89	1	65	2	81	3	30	4	33	5	96	6	4	7	29	8	65	9	32	10	60	11	87	12	15	13	52	14	53	15	81	16	90	17	11	18	64	19	45	20	4	21	32	22	20	23	42	24	19	25	11	26	4	27	3	28	62	29	25
	0	9	1	77	2	30	3	83	4	62	5	89	6	12	7	48	8	37	9	6	10	80	11	15	12	51	13	61	14	35	15	45	16	13	17	81	18	99	19	75	20	55	21	16	22	3	23	42	24	90	25	72	26	5	27	21	28	50	29	97
	0	37	1	46	2	10	3	56	4	63	5	57	6	10	7	16	8	3	9	16	10	17	11	15	12	61	13	55	14	92	15	78	16	35	17	81	18	62	19	35	20	31	21	23	22	1	23	11	24	89	25	15	26	80	27	22	28	93	29	38
	0	36	1	2	2	31	3	71	4	61	5	13	6	28	7	30	8	24	9	44	10	54	11	72	12	84	13	95	14	93	15	25	16	25	17	83	18	28	19	50	20	51	21	40	22	57	23	44	24	23	25	76	26	78	27	53	28	91	29	34
	0	72	1	54	2	2	3	52	4	98	5	2	6	48	7	18	8	75	9	83	10	99	11	80	12	95	13	100	14	47	15	38	16	22	17	84	18	35	19	47	20	56	21	10	22	53	23	93	24	55	25	61	26	37	27	33	28	64	29	74
	0	94	1	98	2	92	3	46	4	31	5	6	6	23	7	1	8	78	9	47	10	60	11	35	12	22	13	10	14	36	15	100	16	89	17	87	18	50	19	81	20	55	21	66	22	97	23	83	24	60	25	94	26	9	27	42	28	56	29	80
	0	25	1	9	2	29	3	59	4	58	5	84	6	53	7	51	8	23	9	96	10	80	11	74	12	47	13	47	14	80	15	96	16	74	17	84	18	61	19	37	20	37	21	53	22	63	23	67	24	61	25	52	26	85	27	45	28	13	29	88
	0	88	1	91	2	24	3	1	4	9	5	12	6	35	7	26	8	43	9	99	10	51	11	80	12	2	13	77	14	9	15	17	16	52	17	74	18	86	19	78	20	85	21	33	22	100	23	28	24	82	25	100	26	88	27	68	28	60	29	48
	0	68	1	44	2	35	3	19	4	5	5	11	6	15	7	4	8	44	9	17	10	22	11	89	12	88	13	9	14	10	15	34	16	26	17	82	18	14	19	61	20	33	21	24	22	52	23	74	24	15	25	22	26	78	27	43	28	55	29	43
	0	40	1	7	2	84	3	91	4	95	5	90	6	95	7	10	8	99	9	33	10	65	11	93	12	55	13	88	14	53	15	3	16	95	17	25	18	85	19	20	20	36	21	46	22	59	23	76	24	25	25	7	26	17	27	41	28	66	29	99
	0	70	1	55	2	97	3	29	4	76	5	51	6	62	7	10	8	3	9	86	10	85	11	50	12	36	13	80	14	53	15	87	16	94	17	46	18	64	19	32	20	82	21	46	22	85	23	99	24	89	25	5	26	37	27	35	28	96	29	77
	0	4	1	99	2	73	3	45	4	27	5	20	6	70	7	84	8	24	9	59	10	23	11	41	12	64	13	55	14	51	15	90	16	72	17	6	18	93	19	87	20	48	21	38	22	20	23	14	24	21	25	62	26	33	27	92	28	90	29	10
	0	1	1	15	2	96	3	100	4	38	5	18	6	42	7	89	8	97	9	90	10	65	11	95	12	30	13	88	14	100	15	3	16	64	17	27	18	15	19	89	20	66	21	38	22	94	23	27	24	12	25	19	26	3	27	58	28	83	29	35
	0	58	1	35	2	40	3	27	4	91	5	87	6	71	7	44	8	78	9	48	10	98	11	6	12	65	13	53	14	82	15	57	16	27	17	97	18	85	19	83	20	27	21	10	22	60	23	75	24	74	25	87	26	76	27	93	28	81	29	83
	0	13	1	45	2	85	3	66	4	77	5	74	6	85	7	69	8	12	9	56	10	90	11	8	12	21	13	10	14	98	15	42	16	21	17	92	18	47	19	95	20	84	21	37	22	2	23	66	24	56	25	39	26	77	27	4	28	38	29	9
	0	3	1	12	2	81	3	47	4	83	5	10	6	35	7	7	8	16	9	84	10	32	11	52	12	52	13	83	14	22	15	18	16	35	17	51	18	70	19	50	20	36	21	3	22	87	23	62	24	77	25	83	26	67	27	35	28	14	29	69
	0	34	1	77	2	11	3	95	4	28	5	81	6	39	7	25	8	94	9	66	10	70	11	95	12	37	13	93	14	61	15	88	16	64	17	87	18	40	19	43	20	36	21	2	22	37	23	81	24	77	25	15	26	34	27	13	28	40	29	31
	0	15	1	71	2	5	3	48	4	44	5	59	6	77	7	1	8	5	9	22	10	92	11	78	12	78	13	91	14	63	15	5	16	33	17	40	18	19	19	10	20	74	21	58	22	9	23	34	24	66	25	40	26	98	27	44	28	2	29	33
	0	53	1	60	2	31	3	5	4	4	5	11	6	34	7	8	8	33	9	73	10	7	11	62	12	26	13	62	14	15	15	90	16	82	17	78	18	2	19	57	20	66	21	22	22	94	23	14	24	61	25	45	26	6	27	43	28	49	29	87
	0	54	1	50	2	18	3	18	4	34	5	64	6	86	7	93	8	11	9	22	10	85	11	79	12	41	13	59	14	50	15	25	16	2	17	35	18	96	19	65	20	27	21	60	22	91	23	95	24	49	25	4	26	47	27	48	28	14	29	3
	0	88	1	71	2	9	3	93	4	81	5	67	6	15	7	43	8	20	9	62	10	98	11	58	12	6	13	15	14	71	15	77	16	74	17	61	18	6	19	95	20	42	21	85	22	83	23	69	24	91	25	40	26	88	27	98	28	6	29	72
	0	16	1	86	2	31	3	10	4	31	5	22	6	18	7	32	8	86	9	41	10	77	11	25	12	14	13	50	14	49	15	90	16	33	17	33	18	69	19	57	20	39	21	67	22	89	23	19	24	68	25	7	26	67	27	10	28	51	29	43
	0	58	1	58	2	6	3	10	4	50	5	9	6	29	7	21	8	40	9	100	10	80	11	55	12	40	13	27	14	73	15	7	16	51	17	29	18	34	19	95	20	61	21	85	22	58	23	73	24	38	25	14	26	99	27	100	28	30	29	93
	0	75	1	62	2	7	3	62	4	52	5	43	6	78	7	61	8	59	9	100	10	90	11	26	12	48	13	86	14	99	15	52	16	87	17	16	18	34	19	68	20	49	21	82	22	36	23	9	24	65	25	63	26	23	27	78	28	14	29	74
	0	99	1	19	2	94	3	55	4	39	5	53	6	89	7	5	8	2	9	48	10	20	11	98	12	44	13	27	14	65	15	37	16	49	17	25	18	59	19	39	20	99	21	60	22	26	23	66	24	38	25	82	26	7	27	13	28	13	29	88
	0	71	1	55	2	99	3	56	4	35	5	98	6	24	7	16	8	25	9	69	10	71	11	43	12	58	13	79	14	11	15	83	16	23	17	10	18	98	19	6	20	90	21	18	22	32	23	71	24	82	25	68	26	65	27	43	28	78	29	25
	0	7	1	80	2	49	3	74	4	64	5	11	6	21	7	44	8	14	9	48	10	37	11	57	12	88	13	6	14	63	15	33	16	31	17	39	18	36	19	10	20	56	21	99	22	76	23	67	24	3	25	81	26	3	27	64	28	77	29	23
	0	17	1	29	2	38	3	57	4	46	5	61	6	37	7	30	8	70	9	22	10	43	11	61	12	73	13	45	14	15	15	87	16	71	17	79	18	80	19	6	20	37	21	45	22	45	23	43	24	8	25	80	26	61	27	83	28	48	29	79
	0	91	1	42	2	6	3	80	4	73	5	85	6	80	7	49	8	66	9	98	10	97	11	40	12	30	13	82	14	50	15	59	16	74	17	24	18	64	19	59	20	65	21	56	22	80	23	23	24	94	25	19	26	72	27	25	28	42	29	86
	0	44	1	90	2	81	3	8	4	75	5	61	6	8	7	94	8	92	9	72	10	9	11	40	12	10	13	78	14	74	15	51	16	56	17	77	18	43	19	46	20	68	21	45	22	25	23	27	24	41	25	52	26	38	27	46	28	50	29	50
	0	62	1	11	2	91	3	26	4	77	5	17	6	97	7	79	8	77	9	80	10	41	11	64	12	31	13	19	14	13	15	97	16	60	17	21	18	50	19	30	20	56	21	68	22	55	23	33	24	34	25	20	26	13	27	45	28	22	29	80
	0	19	1	75	2	20	3	96	4	55	5	68	6	71	7	57	8	94	9	71	10	43	11	100	12	6	13	64	14	5	15	37	16	6	17	32	18	53	19	61	20	61	21	97	22	8	23	98	24	43	25	47	26	96	27	1	28	13	29	15
	0	98	1	20	2	51	3	1	4	100	5	91	6	77	7	48	8	10	9	3	10	28	11	98	12	2	13	77	14	89	15	10	16	13	17	36	18	85	19	96	20	2	21	54	22	87	23	13	24	51	25	29	26	93	27	38	28	51	29	99
	0	74	1	76	2	25	3	2	4	14	5	3	6	67	7	59	8	65	9	48	10	99	11	20	12	12	13	50	14	86	15	97	16	9	17	42	18	42	19	96	20	39	21	76	22	40	23	95	24	98	25	61	26	93	27	47	28	14	29	82
	0	70	1	7	2	54	3	43	4	70	5	100	6	71	7	32	8	69	9	79	10	100	11	6	12	2	13	60	14	99	15	40	16	56	17	12	18	8	19	2	20	88	21	38	22	54	23	40	24	80	25	95	26	34	27	78	28	2	29	24
	0	58	1	81	2	56	3	85	4	28	5	35	6	10	7	28	8	80	9	18	10	38	11	44	12	30	13	6	14	39	15	67	16	91	17	10	18	9	19	36	20	46	21	34	22	58	23	19	24	10	25	28	26	20	27	79	28	4	29	50
	0	2	1	23	2	25	3	68	4	47	5	53	6	92	7	70	8	27	9	40	10	94	11	66	12	85	13	60	14	77	15	88	16	89	17	73	18	34	19	29	20	71	21	47	22	6	23	81	24	61	25	38	26	85	27	59	28	40	29	86
	0	90	1	17	2	77	3	94	4	58	5	96	6	13	7	97	8	63	9	69	10	13	11	28	12	63	13	58	14	10	15	47	16	29	17	41	18	90	19	98	20	20	21	91	22	5	23	90	24	88	25	92	26	19	27	31	28	50	29	29
	0	4	1	67	2	41	3	70	4	67	5	78	6	46	7	51	8	54	9	67	10	78	11	56	12	65	13	23	14	30	15	52	16	90	17	41	18	49	19	7	20	35	21	52	22	85	23	18	24	4	25	70	26	16	27	13	28	58	29	75
	0	71	1	9	2	57	3	89	4	78	5	50	6	71	7	5	8	24	9	40	10	8	11	78	12	94	13	52	14	91	15	97	16	36	17	83	18	88	19	91	20	68	21	78	22	76	23	34	24	11	25	58	26	96	27	58	28	31	29	94
	0	15	1	83	2	10	3	47	4	28	5	34	6	94	7	52	8	44	9	93	10	71	11	1	12	42	13	6	14	89	15	84	16	5	17	57	18	14	19	62	20	50	21	58	22	86	23	100	24	25	25	33	26	26	27	84	28	38	29	90
	0	96	1	87	2	32	3	11	4	25	5	68	6	28	7	96	8	48	9	20	10	100	11	49	12	13	13	96	14	57	15	95	16	60	17	79	18	29	19	53	20	96	21	78	22	2	23	20	24	76	25	68	26	48	27	24	28	2	29	98
	0	24	1	65	2	94	3	44	4	61	5	51	6	70	7	73	8	51	9	84	10	74	11	52	12	12	13	70	14	19	15	14	16	87	17	49	18	27	19	65	20	93	21	73	22	5	23	95	24	56	25	67	26	79	27	29	28	72	29	74
	0	58	1	27	2	80	3	45	4	29	5	19	6	60	7	35	8	91	9	41	10	75	11	20	12	74	13	96	14	9	15	41	16	5	17	71	18	98	19	41	20	27	21	72	22	35	23	42	24	64	25	55	26	6	27	5	28	8	29	83
	0	80	1	39	2	56	3	26	4	62	5	59	6	24	7	69	8	97	9	34	10	32	11	25	12	60	13	43	14	19	15	52	16	79	17	38	18	33	19	10	20	89	21	3	22	18	23	32	24	1	25	27	26	89	27	75	28	27	29	53
	0	46	1	82	2	13	3	62	4	6	5	75	6	61	7	97	8	23	9	50	10	46	11	59	12	33	13	57	14	47	15	2	16	53	17	71	18	66	19	24	20	9	21	99	22	93	23	34	24	82	25	78	26	44	27	33	28	89	29	49
	0	78	1	44	2	45	3	26	4	70	5	77	6	61	7	81	8	2	9	15	10	91	11	23	12	89	13	59	14	26	15	45	16	64	17	64	18	88	19	57	20	74	21	52	22	83	23	34	24	75	25	97	26	16	27	44	28	26	29	3
	0	74	1	49	2	3	3	24	4	29	5	71	6	9	7	6	8	20	9	78	10	40	11	32	12	12	13	46	14	17	15	23	16	42	17	72	18	18	19	7	20	9	21	64	22	63	23	63	24	54	25	36	26	33	27	17	28	40	29	68
	0	15	1	20	2	43	3	22	4	24	5	56	6	91	7	21	8	45	9	60	10	28	11	27	12	66	13	32	14	90	15	83	16	27	17	77	18	5	19	100	20	99	21	24	22	69	23	99	24	53	25	89	26	63	27	56	28	97	29	86
	0	96	1	87	2	88	3	6	4	95	5	92	6	51	7	14	8	95	9	33	10	49	11	41	12	76	13	13	14	99	15	62	16	53	17	97	18	25	19	89	20	35	21	65	22	84	23	23	24	92	25	20	26	20	27	50	28	99	29	67
	0	30	1	58	2	42	3	40	4	30	5	22	6	22	7	59	8	72	9	88	10	76	11	17	12	53	13	37	14	98	15	52	16	97	17	34	18	44	19	53	20	25	21	63	22	47	23	81	24	27	25	25	26	73	27	35	28	98	29	55
	0	92	1	71	2	29	3	52	4	60	5	69	6	34	7	69	8	12	9	1	10	62	11	80	12	38	13	31	14	44	15	28	16	74	17	82	18	46	19	23	20	29	21	18	22	49	23	45	24	52	25	40	26	68	27	66	28	75	29	5
	0	79	1	1	2	23	3	97	4	23	5	50	6	50	7	16	8	100	9	85	10	49	11	71	12	77	13	10	14	56	15	89	16	68	17	80	18	31	19	71	20	66	21	70	22	96	23	60	24	25	25	18	26	55	27	7	28	31	29	95
	0	35	1	44	2	14	3	77	4	14	5	100	6	74	7	99	8	35	9	24	10	36	11	49	12	10	13	99	14	54	15	8	16	74	17	53	18	30	19	51	20	39	21	11	22	11	23	78	24	50	25	50	26	90	27	4	28	59	29	27
	0	19	1	76	2	57	3	15	4	9	5	58	6	35	7	61	8	76	9	11	10	55	11	41	12	57	13	77	14	70	15	93	16	17	17	19	18	9	19	38	20	91	21	87	22	15	23	23	24	67	25	14	26	18	27	58	28	90	29	67
	0	58	1	19	2	22	3	86	4	17	5	33	6	31	7	9	8	98	9	87	10	57	11	59	12	73	13	13	14	89	15	27	16	98	17	36	18	68	19	4	20	47	21	10	22	70	23	21	24	22	25	52	26	54	27	12	28	47	29	58
	0	77	1	6	2	47	3	81	4	10	5	17	6	62	7	67	8	3	9	86	10	65	11	15	12	77	13	83	14	71	15	88	16	62	17	93	18	59	19	88	20	97	21	36	22	42	23	88	24	45	25	79	26	65	27	71	28	21	29	66
	0	5	1	25	2	11	3	61	4	10	5	84	6	37	7	75	8	6	9	34	10	6	11	31	12	38	13	4	14	29	15	85	16	51	17	18	18	16	19	11	20	12	21	84	22	72	23	2	24	23	25	41	26	52	27	73	28	97	29	80
	0	55	1	37	2	79	3	34	4	62	5	12	6	32	7	80	8	39	9	79	10	37	11	6	12	79	13	77	14	69	15	43	16	39	17	34	18	37	19	54	20	97	21	53	22	12	23	39	24	46	25	6	26	85	27	89	28	81	29	5
	0	17	1	5	2	72	3	49	4	78	5	63	6	4	7	77	8	89	9	95	10	35	11	64	12	12	13	3	14	19	15	46	16	53	17	45	18	66	19	59	20	71	21	49	22	62	23	32	24	10	25	42	26	55	27	62	28	95	29	6
	0	86	1	66	2	66	3	98	4	23	5	90	6	29	7	92	8	22	9	12	10	54	11	31	12	28	13	77	14	58	15	99	16	80	17	48	18	31	19	52	20	2	21	57	22	18	23	60	24	73	25	100	26	51	27	60	28	18	29	1
	0	91	1	17	2	73	3	37	4	34	5	39	6	90	7	13	8	82	9	2	10	8	11	14	12	97	13	68	14	2	15	81	16	72	17	20	18	76	19	83	20	88	21	31	22	70	23	87	24	60	25	42	26	99	27	48	28	77	29	34
	0	36	1	66	2	81	3	95	4	10	5	86	6	53	7	32	8	90	9	33	10	5	11	74	12	61	13	18	14	81	15	62	16	25	17	51	18	22	19	42	20	76	21	39	22	55	23	75	24	29	25	71	26	2	27	53	28	21	29	5
	0	24	1	84	2	93	3	16	4	42	5	70	6	20	7	72	8	3	9	11	10	70	11	31	12	88	13	92	14	89	15	98	16	65	17	46	18	48	19	77	20	47	21	92	22	8	23	95	24	10	25	6	26	67	27	97	28	69	29	54
	0	24	1	40	2	24	3	6	4	56	5	23	6	23	7	19	8	86	9	42	10	9	11	34	12	13	13	51	14	40	15	43	16	6	17	68	18	3	19	28	20	4	21	65	22	54	23	52	24	58	25	17	26	74	27	70	28	8	29	17
	0	5	1	5	2	2	3	61	4	3	5	73	6	75	7	74	8	42	9	74	10	47	11	34	12	39	13	86	14	31	15	3	16	92	17	14	18	36	19	80	20	44	21	95	22	10	23	31	24	23	25	51	26	70	27	62	28	15	29	41
	0	7	1	46	2	75	3	70	4	58	5	15	6	84	7	34	8	82	9	67	10	88	11	16	12	1	13	71	14	9	15	79	16	74	17	58	18	93	19	93	20	10	21	26	22	35	23	9	24	63	25	8	26	2	27	72	28	45	29	74
	0	44	1	19	2	53	3	64	4	65	5	13	6	100	7	89	8	84	9	13	10	92	11	18	12	21	13	79	14	3	15	69	16	78	17	52	18	19	19	53	20	14	21	69	22	65	23	36	24	14	25	8	26	46	27	44	28	11	29	51
	0	43	1	87	2	20	3	31	4	67	5	15	6	81	7	100	8	46	9	6	10	17	11	14	12	5	13	56	14	69	15	48	16	67	17	32	18	53	19	69	20	81	21	89	22	46	23	36	24	50	25	80	26	18	27	8	28	23	29	97
	0	40	1	72	2	81	3	25	4	47	5	30	6	3	7	5	8	48	9	98	10	22	11	32	12	91	13	15	14	100	15	22	16	34	17	60	18	64	19	51	20	83	21	23	22	3	23	30	24	100	25	87	26	17	27	66	28	78	29	2
	0	43	1	43	2	48	3	75	4	34	5	99	6	72	7	96	8	48	9	8	10	13	11	77	12	61	13	69	14	9	15	71	16	41	17	73	18	84	19	3	20	21	21	9	22	66	23	31	24	66	25	6	26	8	27	15	28	28	29	43
	0	19	1	57	2	34	3	70	4	66	5	46	6	34	7	12	8	89	9	36	10	21	11	58	12	42	13	8	14	4	15	60	16	70	17	14	18	77	19	80	20	61	21	16	22	27	23	76	24	43	25	39	26	79	27	9	28	21	29	19
	0	55	1	97	2	64	3	18	4	11	5	81	6	95	7	28	8	72	9	52	10	37	11	82	12	75	13	56	14	22	15	62	16	99	17	85	18	68	19	53	20	34	21	27	22	75	23	92	24	26	25	13	26	100	27	17	28	86	29	95
	0	11	1	95	2	74	3	53	4	29	5	8	6	68	7	92	8	5	9	12	10	97	11	1	12	1	13	95	14	96	15	65	16	61	17	13	18	4	19	67	20	93	21	72	22	27	23	14	24	7	25	73	26	19	27	69	28	69	29	63
	0	65	1	87	2	71	3	44	4	71	5	78	6	26	7	25	8	85	9	35	10	38	11	41	12	14	13	25	14	11	15	59	16	100	17	14	18	86	19	38	20	82	21	63	22	30	23	33	24	49	25	52	26	9	27	54	28	67	29	80
	0	29	1	2	2	24	3	69	4	14	5	66	6	38	7	74	8	63	9	43	10	23	11	54	12	5	13	13	14	88	15	84	16	41	17	89	18	41	19	94	20	45	21	12	22	5	23	73	24	58	25	74	26	80	27	69	28	2	29	80
	0	87	1	75	2	1	3	85	4	7	5	90	6	72	7	64	8	79	9	85	10	42	11	14	12	27	13	7	14	88	15	72	16	40	17	22	18	12	19	22	20	100	21	63	22	7	23	14	24	55	25	34	26	53	27	10	28	79	29	5
	0	79	1	50	2	57	3	69	4	53	5	89	6	87	7	64	8	100	9	44	10	100	11	93	12	62	13	65	14	23	15	69	16	40	17	18	18	51	19	76	20	90	21	25	22	94	23	39	24	59	25	25	26	18	27	23	28	86	29	31
	0	90	1	17	2	2	3	13	4	8	5	67	6	99	7	18	8	74	9	67	10	70	11	9	12	19	13	19	14	15	15	1	16	21	17	25	18	82	19	1	20	57	21	71	22	85	23	91	24	74	25	7	26	11	27	25	28	90	29	55
	0	24	1	6	2	39	3	72	4	3	5	69	6	33	7	64	8	98	9	3	10	8	11	41	12	77	13	69	14	61	15	24	16	92	17	4	18	14	19	78	20	8	21	21	22	53	23	20	24	54	25	38	26	21	27	16	28	92	29	99
	0	75	1	85	2	26	3	79	4	36	5	53	6	85	7	71	8	80	9	44	10	53	11	1	12	62	13	91	14	34	15	31	16	57	17	6	18	75	19	31	20	78	21	41	22	81	23	33	24	94	25	26	26	98	27	11	28	50	29	78
	0	51	1	30	2	84	3	7	4	50	5	70	6	72	7	59	8	22	9	22	10	57	11	78	12	14	13	96	14	43	15	87	16	77	17	7	18	49	19	5	20	44	21	15	22	71	23	44	24	34	25	41	26	89	27	81	28	65	29	83
	0	8	1	70	2	58	3	6	4	35	5	55	6	49	7	78	8	22	9	99	10	58	11	78	12	29	13	27	14	75	15	98	16	90	17	62	18	61	19	8	20	83	21	97	22	74	23	68	24	33	25	32	26	71	27	1	28	8	29	65
	0	46	1	53	2	77	3	31	4	3	5	14	6	57	7	99	8	68	9	77	10	44	11	100	12	5	13	47	14	17	15	43	16	76	17	45	18	75	19	14	20	60	21	48	22	16	23	99	24	34	25	77	26	90	27	59	28	66	29	21
	0	76	1	50	2	79	3	45	4	70	5	67	6	96	7	43	8	83	9	51	10	51	11	16	12	78	13	1	14	49	15	86	16	2	17	65	18	3	19	99	20	3	21	4	22	71	23	42	24	12	25	66	26	91	27	6	28	48	29	99
	0	63	1	60	2	79	3	94	4	48	5	12	6	33	7	46	8	68	9	85	10	57	11	61	12	36	13	22	14	47	15	55	16	44	17	6	18	23	19	21	20	85	21	50	22	11	23	59	24	9	25	8	26	41	27	94	28	4	29	95
	0	95	1	37	2	77	3	30	4	58	5	45	6	79	7	31	8	46	9	1	10	71	11	32	12	28	13	18	14	57	15	1	16	57	17	29	18	14	19	69	20	76	21	29	22	99	23	16	24	71	25	66	26	10	27	63	28	84	29	16
	0	29	1	61	2	6	3	72	4	93	5	92	6	13	7	40	8	47	9	8	10	19	11	28	12	75	13	79	14	54	15	50	16	40	17	32	18	97	19	6	20	56	21	88	22	14	23	96	24	66	25	40	26	85	27	82	28	30	29	27
	0	27	1	4	2	18	3	98	4	35	5	17	6	67	7	61	8	2	9	6	10	70	11	73	12	98	13	89	14	72	15	20	16	2	17	25	18	11	19	71	20	39	21	80	22	34	23	27	24	49	25	18	26	52	27	90	28	89	29	23
	0	48	1	23	2	64	3	71	4	16	5	76	6	19	7	1	8	24	9	2	10	41	11	58	12	12	13	86	14	60	15	8	16	74	17	53	18	46	19	49	20	89	21	52	22	37	23	62	24	84	25	3	26	50	27	79	28	70	29	64
	0	52	1	71	2	58	3	72	4	99	5	67	6	67	7	42	8	80	9	65	10	59	11	33	12	3	13	100	14	84	15	30	16	15	17	75	18	14	19	78	20	66	21	68	22	88	23	86	24	29	25	75	26	12	27	84	28	46	29	53
	0	75	1	84	2	76	3	72	4	80	5	100	6	43	7	82	8	7	9	18	10	22	11	64	12	40	13	23	14	19	15	26	16	39	17	16	18	7	19	42	20	43	21	93	22	52	23	65	24	18	25	58	26	33	27	56	28	95	29	90
	0	20	1	4	2	70	3	99	4	95	5	37	6	51	7	32	8	12	9	45	10	69	11	5	12	31	13	69	14	2	15	91	16	78	17	18	18	78	19	83	20	11	21	26	22	35	23	2	24	2	25	65	26	83	27	32	28	54	29	59
	0	79	1	91	2	16	3	83	4	4	5	87	6	77	7	39	8	29	9	97	10	35	11	25	12	79	13	79	14	76	15	63	16	53	17	9	18	27	19	48	20	45	21	94	22	37	23	9	24	84	25	8	26	21	27	29	28	86	29	47
	0	77	1	48	2	82	3	11	4	35	5	32	6	69	7	48	8	22	9	17	10	91	11	23	12	43	13	28	14	63	15	92	16	10	17	45	18	70	19	1	20	71	21	76	22	32	23	41	24	25	25	35	26	1	27	16	28	21	29	60
	0	20	1	19	2	70	3	3	4	90	5	22	6	35	7	80	8	3	9	13	10	63	11	72	12	38	13	42	14	80	15	100	16	37	17	75	18	66	19	26	20	100	21	43	22	71	23	52	24	75	25	40	26	50	27	15	28	22	29	32
	0	23	1	99	2	78	3	42	4	85	5	19	6	62	7	53	8	32	9	48	10	90	11	36	12	65	13	72	14	88	15	86	16	95	17	28	18	15	19	33	20	64	21	33	22	61	23	59	24	49	25	16	26	55	27	37	28	20	29	21
	0	1	1	65	2	55	3	24	4	45	5	84	6	56	7	4	8	25	9	78	10	1	11	42	12	60	13	100	14	28	15	46	16	79	17	88	18	44	19	34	20	7	21	49	22	3	23	5	24	41	25	29	26	82	27	94	28	98	29	100
	0	73	1	90	2	11	3	24	4	54	5	55	6	3	7	92	8	100	9	80	10	78	11	29	12	73	13	61	14	85	15	15	16	81	17	90	18	73	19	85	20	94	21	83	22	17	23	83	24	66	25	97	26	99	27	83	28	7	29	3
	0	77	1	27	2	84	3	25	4	48	5	21	6	64	7	50	8	30	9	88	10	16	11	83	12	89	13	84	14	39	15	91	16	87	17	14	18	91	19	60	20	48	21	14	22	18	23	76	24	44	25	69	26	21	27	76	28	64	29	1
	0	16	1	50	2	8	3	42	4	58	5	90	6	27	7	69	8	36	9	6	10	97	11	71	12	87	13	63	14	97	15	76	16	46	17	7	18	29	19	61	20	53	21	81	22	5	23	12	24	95	25	57	26	84	27	20	28	16	29	26
	0	34	1	16	2	62	3	30	4	55	5	95	6	32	7	16	8	83	9	82	10	31	11	59	12	73	13	16	14	78	15	85	16	11	17	88	18	99	19	74	20	22	21	43	22	98	23	38	24	64	25	21	26	15	27	4	28	27	29	25
	0	82	1	43	2	78	3	13	4	54	5	26	6	24	7	63	8	78	9	95	10	72	11	76	12	16	13	83	14	20	15	76	16	38	17	27	18	12	19	56	20	61	21	46	22	22	23	76	24	88	25	82	26	67	27	83	28	74	29	37
	0	58	1	50	2	34	3	37	4	37	5	27	6	58	7	12	8	69	9	49	10	1	11	86	12	69	13	68	14	66	15	94	16	96	17	79	18	98	19	82	20	48	21	67	22	54	23	65	24	29	25	100	26	19	27	29	28	74	29	39
	0	76	1	16	2	58	3	36	4	71	5	32	6	21	7	46	8	100	9	50	10	90	11	83	12	37	13	11	14	72	15	79	16	64	17	44	18	55	19	31	20	71	21	56	22	40	23	58	24	57	25	63	26	89	27	86	28	18	29	56
	0	67	1	37	2	34	3	38	4	3	5	2	6	71	7	68	8	9	9	10	10	63	11	91	12	28	13	21	14	56	15	54	16	97	17	27	18	2	19	25	20	45	21	13	22	55	23	70	24	78	25	19	26	6	27	60	28	94	29	26
	0	48	1	6	2	48	3	21	4	67	5	39	6	66	7	43	8	97	9	96	10	53	11	8	12	87	13	76	14	74	15	47	16	60	17	67	18	80	19	37	20	78	21	69	22	12	23	84	24	27	25	58	26	23	27	93	28	95	29	68
	0	80	1	42	2	1	3	88	4	39	5	40	6	3	7	96	8	12	9	31	10	97	11	84	12	74	13	83	14	70	15	33	16	63	17	70	18	85	19	63	20	79	21	31	22	98	23	46	24	94	25	79	26	52	27	69	28	7	29	71
	0	77	1	83	2	31	3	83	4	5	5	70	6	82	7	43	8	77	9	24	10	4	11	14	12	98	13	12	14	61	15	28	16	69	17	82	18	72	19	25	20	98	21	19	22	72	23	35	24	78	25	66	26	26	27	9	28	73	29	65
	0	30	1	98	2	62	3	95	4	72	5	22	6	18	7	90	8	40	9	83	10	33	11	77	12	100	13	16	14	12	15	75	16	79	17	90	18	98	19	30	20	29	21	76	22	1	23	79	24	57	25	76	26	39	27	77	28	39	29	62
	0	19	1	25	2	65	3	71	4	18	5	81	6	77	7	61	8	34	9	45	10	96	11	10	12	22	13	47	14	51	15	40	16	33	17	82	18	57	19	64	20	28	21	73	22	2	23	13	24	27	25	48	26	51	27	82	28	11	29	67
	0	57	1	4	2	100	3	38	4	52	5	37	6	71	7	6	8	63	9	27	10	78	11	99	12	54	13	81	14	2	15	66	16	7	17	63	18	38	19	56	20	98	21	100	22	90	23	98	24	9	25	49	26	43	27	97	28	93	29	84
	0	32	1	62	2	2	3	74	4	10	5	10	6	6	7	95	8	3	9	26	10	95	11	73	12	7	13	79	14	36	15	50	16	41	17	7	18	11	19	39	20	88	21	34	22	75	23	96	24	69	25	77	26	9	27	30	28	49	29	59
	0	43	1	12	2	48	3	29	4	90	5	92	6	25	7	60	8	8	9	97	10	57	11	85	12	81	13	82	14	12	15	76	16	88	17	74	18	13	19	79	20	1	21	99	22	24	23	66	24	31	25	6	26	13	27	77	28	8	29	22
	0	75	1	34	2	78	3	1	4	12	5	71	6	31	7	51	8	4	9	20	10	11	11	43	12	32	13	17	14	73	15	60	16	17	17	46	18	73	19	14	20	1	21	31	22	11	23	52	24	72	25	19	26	78	27	31	28	24	29	49
	0	60	1	21	2	88	3	83	4	100	5	85	6	86	7	33	8	33	9	21	10	90	11	38	12	39	13	89	14	84	15	43	16	73	17	40	18	78	19	9	20	76	21	30	22	93	23	52	24	71	25	81	26	41	27	71	28	100	29	27
	0	62	1	35	2	60	3	51	4	86	5	32	6	26	7	100	8	38	9	98	10	98	11	52	12	6	13	75	14	85	15	40	16	29	17	75	18	25	19	84	20	85	21	47	22	2	23	82	24	90	25	69	26	5	27	47	28	23	29	15
	0	52	1	100	2	47	3	66	4	50	5	58	6	98	7	74	8	98	9	85	10	45	11	88	12	22	13	66	14	61	15	6	16	13	17	52	18	38	19	13	20	17	21	77	22	59	23	8	24	76	25	36	26	95	27	49	28	34	29	88
	0	89	1	59	2	56	3	7	4	54	5	62	6	19	7	19	8	88	9	61	10	76	11	78	12	93	13	63	14	99	15	64	16	44	17	22	18	58	19	34	20	43	21	48	22	86	23	34	24	55	25	4	26	43	27	57	28	24	29	98
	0	72	1	16	2	99	3	24	4	7	5	58	6	19	7	33	8	99	9	36	10	52	11	12	12	41	13	21	14	74	15	24	16	17	17	24	18	30	19	24	20	23	21	47	22	32	23	57	24	12	25	95	26	61	27	10	28	71	29	11
	0	97	1	59	2	30	3	24	4	90	5	46	6	71	7	14	8	33	9	76	10	69	11	35	12	20	13	12	14	93	15	56	16	87	17	9	18	58	19	99	20	74	21	31	22	84	23	2	24	50	25	8	26	21	27	26	28	97	29	67
	0	43	1	66	2	44	3	17	4	15	5	76	6	86	7	74	8	81	9	87	10	47	11	78	12	51	13	73	14	53	15	5	16	54	17	27	18	42	19	98	20	1	21	19	22	14	23	74	24	86	25	63	26	1	27	59	28	84	29	19
	0	16	1	77	2	68	3	93	4	1	5	94	6	26	7	18	8	92	9	72	10	44	11	42	12	67	13	17	14	14	15	31	16	46	17	3	18	65	19	80	20	54	21	7	22	21	23	91	24	73	25	98	26	44	27	44	28	48	29	54
	0	17	1	96	2	6	3	10	4	72	5	62	6	14	7	52	8	62	9	69	10	96	11	17	12	34	13	93	14	61	15	56	16	73	17	17	18	27	19	81	20	89	21	63	22	46	23	93	24	86	25	98	26	55	27	64	28	44	29	11
	0	9	1	30	2	83	3	2	4	83	5	96	6	2	7	48	8	35	9	92	10	13	11	26	12	68	13	100	14	99	15	9	16	50	17	51	18	87	19	65	20	55	21	78	22	8	23	23	24	51	25	51	26	60	27	1	28	47	29	46
	0	42	1	83	2	62	3	8	4	87	5	10	6	1	7	32	8	26	9	25	10	24	11	55	12	66	13	63	14	63	15	29	16	53	17	8	18	16	19	45	20	61	21	36	22	24	23	96	24	24	25	13	26	8	27	16	28	5	29	36
	0	19	1	30	2	65	3	30	4	42	5	4	6	84	7	20	8	44	9	78	10	31	11	68	12	51	13	18	14	5	15	28	16	16	17	22	18	84	19	60	20	99	21	70	22	45	23	19	24	60	25	4	26	60	27	82	28	64	29	60
	0	74	1	16	2	24	3	18	4	9	5	71	6	42	7	18	8	69	9	57	10	28	11	58	12	25	13	55	14	91	15	100	16	7	17	48	18	47	19	13	20	49	21	87	22	95	23	49	24	34	25	26	26	22	27	31	28	59	29	86
	0	74	1	98	2	17	3	31	4	98	5	28	6	42	7	80	8	13	9	41	10	87	11	74	12	5	13	60	14	36	15	66	16	27	17	58	18	45	19	27	20	59	21	51	22	74	23	63	24	58	25	91	26	68	27	1	28	100	29	74
	0	86	1	78	2	1	3	79	4	82	5	46	6	59	7	88	8	100	9	82	10	63	11	55	12	25	13	50	14	56	15	36	16	14	17	82	18	53	19	89	20	88	21	43	22	35	23	97	24	57	25	12	26	1	27	96	28	35	29	8
	0	20	1	91	2	23	3	16	4	15	5	96	6	9	7	5	8	8	9	42	10	91	11	51	12	58	13	28	14	18	15	91	16	99	17	3	18	28	19	85	20	66	21	27	22	99	23	53	24	45	25	28	26	67	27	11	28	95	29	54
	0	64	1	43	2	38	3	6	4	75	5	58	6	96	7	77	8	34	9	27	10	30	11	49	12	94	13	15	14	23	15	18	16	44	17	29	18	81	19	41	20	65	21	59	22	76	23	47	24	37	25	89	26	37	27	33	28	41	29	88
	0	67	1	41	2	33	3	26	4	45	5	6	6	67	7	63	8	28	9	92	10	89	11	8	12	92	13	81	14	56	15	53	16	39	17	72	18	27	19	22	20	84	21	94	22	37	23	90	24	96	25	62	26	56	27	61	28	46	29	17
	0	87	1	24	2	4	3	26	4	64	5	5	6	63	7	43	8	42	9	94	10	7	11	48	12	1	13	20	14	43	15	25	16	96	17	96	18	47	19	28	20	38	21	57	22	22	23	72	24	73	25	64	26	50	27	25	28	7	29	54
	0	88	1	98	2	84	3	48	4	48	5	63	6	23	7	52	8	47	9	31	10	67	11	12	12	34	13	93	14	92	15	13	16	16	17	79	18	4	19	26	20	44	21	11	22	90	23	44	24	41	25	45	26	24	27	70	28	68	29	27
	0	33	1	30	2	61	3	8	4	82	5	44	6	2	7	98	8	24	9	67	10	88	11	52	12	26	13	82	14	20	15	13	16	80	17	11	18	26	19	59	20	38	21	75	22	85	23	35	24	45	25	23	26	23	27	52	28	59	29	99
	0	90	1	98	2	76	3	29	4	48	5	93	6	100	7	46	8	24	9	65	10	24	11	79	12	4	13	48	14	26	15	70	16	80	17	32	18	78	19	17	20	71	21	94	22	27	23	30	24	84	25	3	26	6	27	58	28	79	29	92
	0	70	1	42	2	61	3	9	4	72	5	65	6	13	7	15	8	27	9	41	10	33	11	86	12	26	13	39	14	52	15	27	16	92	17	45	18	41	19	15	20	94	21	10	22	33	23	25	24	72	25	27	26	11	27	9	28	27	29	42
	0	55	1	31	2	68	3	92	4	36	5	68	6	50	7	32	8	4	9	47	10	23	11	65	12	2	13	75	14	79	15	28	16	17	17	61	18	70	19	74	20	37	21	65	22	31	23	45	24	75	25	9	26	43	27	54	28	96	29	35
	0	2	1	91	2	29	3	97	4	84	5	46	6	78	7	22	8	37	9	96	10	50	11	79	12	20	13	8	14	65	15	32	16	77	17	52	18	18	19	86	20	28	21	28	22	7	23	24	24	89	25	54	26	44	27	16	28	81	29	51
	0	25	1	50	2	73	3	52	4	12	5	83	6	70	7	98	8	54	9	59	10	54	11	4	12	64	13	12	14	16	15	10	16	12	17	49	18	59	19	45	20	10	21	1	22	52	23	81	24	1	25	73	26	61	27	45	28	70	29	33
	0	95	1	9	2	43	3	15	4	26	5	94	6	49	7	47	8	99	9	47	10	45	11	5	12	20	13	78	14	44	15	64	16	84	17	63	18	91	19	3	20	8	21	65	22	76	23	70	24	49	25	5	26	75	27	34	28	38	29	3
	0	63	1	56	2	67	3	72	4	52	5	79	6	95	7	17	8	15	9	8	10	63	11	93	12	34	13	23	14	44	15	14	16	66	17	65	18	64	19	12	20	10	21	64	22	55	23	99	24	35	25	23	26	47	27	76	28	93	29	65
	0	3	1	90	2	21	3	99	4	49	5	34	6	11	7	79	8	55	9	44	10	21	11	52	12	73	13	37	14	16	15	19	16	36	17	89	18	93	19	60	20	69	21	52	22	31	23	88	24	76	25	60	26	39	27	49	28	94	29	71
	0	29	1	64	2	38	3	43	4	19	5	88	6	62	7	40	8	40	9	43	10	31	11	26	12	8	13	29	14	65	15	81	16	91	17	36	18	98	19	53	20	69	21	8	22	79	23	28	24	76	25	24	26	89	27	86	28	69	29	7
	0	59	1	69	2	61	3	71	4	17	5	78	6	20	7	66	8	99	9	90	10	13	11	87	12	89	13	41	14	52	15	50	16	90	17	30	18	68	19	54	20	27	21	34	22	21	23	81	24	48	25	41	26	26	27	6	28	61	29	44
	0	44	1	16	2	29	3	49	4	78	5	60	6	11	7	85	8	66	9	86	10	21	11	31	12	64	13	16	14	44	15	93	16	61	17	95	18	22	19	90	20	64	21	97	22	18	23	37	24	59	25	68	26	97	27	39	28	17	29	59
	0	4	1	26	2	13	3	59	4	13	5	93	6	75	7	49	8	86	9	32	10	85	11	17	12	61	13	65	14	85	15	24	16	53	17	13	18	75	19	3	20	57	21	68	22	4	23	23	24	59	25	43	26	76	27	68	28	20	29	25
	0	45	1	96	2	72	3	51	4	57	5	86	6	41	7	85	8	56	9	91	10	4	11	65	12	84	13	43	14	23	15	44	16	24	17	95	18	22	19	58	20	69	21	80	22	7	23	73	24	19	25	33	26	34	27	10	28	47	29	98
	0	79	1	51	2	63	3	21	4	68	5	65	6	92	7	10	8	62	9	9	10	32	11	81	12	22	13	2	14	56	15	61	16	79	17	72	18	89	19	1	20	98	21	11	22	47	23	97	24	7	25	15	26	51	27	64	28	22	29	71
	0	30	1	85	2	9	3	22	4	82	5	26	6	39	7	39	8	65	9	5	10	46	11	51	12	22	13	51	14	90	15	43	16	77	17	83	18	73	19	4	20	45	21	2	22	77	23	84	24	51	25	85	26	12	27	7	28	47	29	94
	0	98	1	38	2	67	3	74	4	12	5	95	6	70	7	91	8	76	9	72	10	57	11	14	12	83	13	100	14	53	15	73	16	57	17	61	18	2	19	32	20	19	21	47	22	13	23	51	24	98	25	12	26	51	27	43	28	99	29	63
	0	63	1	39	2	33	3	97	4	81	5	22	6	63	7	77	8	55	9	86	10	18	11	89	12	82	13	40	14	83	15	44	16	60	17	59	18	66	19	6	20	73	21	49	22	2	23	61	24	75	25	86	26	47	27	59	28	52	29	32
	0	61	1	97	2	62	3	56	4	90	5	13	6	80	7	100	8	6	9	27	10	19	11	71	12	48	13	42	14	85	15	52	16	77	17	75	18	85	19	58	20	53	21	6	22	12	23	87	24	75	25	54	26	68	27	36	28	54	29	16
	0	93	1	78	2	15	3	26	4	16	5	38	6	32	7	26	8	53	9	94	10	56	11	57	12	6	13	93	14	92	15	10	16	47	17	83	18	16	19	85	20	79	21	60	22	53	23	64	24	27	25	14	26	64	27	89	28	90	29	18
	0	96	1	99	2	43	3	71	4	97	5	69	6	4	7	20	8	13	9	52	10	72	11	2	12	98	13	29	14	16	15	91	16	26	17	97	18	77	19	29	20	71	21	69	22	99	23	92	24	94	25	61	26	5	27	11	28	63	29	79
	0	92	1	40	2	92	3	51	4	6	5	65	6	64	7	46	8	14	9	73	10	85	11	87	12	93	13	39	14	87	15	57	16	5	17	89	18	67	19	35	20	22	21	52	22	34	23	22	24	12	25	23	26	99	27	53	28	18	29	74
	0	39	1	89	2	88	3	97	4	10	5	42	6	18	7	76	8	92	9	77	10	39	11	11	12	94	13	99	14	53	15	33	16	49	17	6	18	90	19	3	20	80	21	81	22	59	23	76	24	18	25	41	26	91	27	58	28	88	29	74
	0	21	1	12	2	27	3	36	4	47	5	73	6	61	7	68	8	48	9	88	10	79	11	87	12	83	13	83	14	83	15	35	16	74	17	24	18	80	19	95	20	45	21	39	22	75	23	20	24	98	25	91	26	53	27	26	28	18	29	43
	0	76	1	34	2	51	3	49	4	33	5	86	6	95	7	44	8	3	9	51	10	97	11	47	12	42	13	99	14	57	15	80	16	88	17	18	18	58	19	70	20	46	21	90	22	99	23	88	24	5	25	64	26	81	27	48	28	93	29	76
	0	83	1	63	2	72	3	19	4	28	5	23	6	33	7	60	8	18	9	71	10	37	11	42	12	100	13	61	14	18	15	41	16	78	17	31	18	42	19	49	20	94	21	38	22	83	23	14	24	43	25	35	26	71	27	49	28	86	29	67
Reldue
-1	10074	-1	1
-1	13281	-1	1
-1	12860	-1	1
-1	11201	-1	1
-1	12842	-1	1
-1	13266	-1	1
-1	11797	-1	1
-1	12971	-1	1
-1	12559	-1	1
-1	10803	-1	1
-1	11978	-1	1
-1	9953	-1	1
-1	10138	-1	1
-1	10321	-1	1
-1	10622	-1	1
-1	9906	-1	1
-1	12219	-1	1
-1	11162	-1	1
-1	12459	-1	1
-1	9782	-1	1
-1	12475	-1	1
-1	9801	-1	1
-1	11559	-1	1
-1	10224	-1	1
-1	13488	-1	1
-1	11111	-1	1
-1	10538	-1	1
-1	11570	-1	1
-1	10389	-1	1
-1	11269	-1	1
-1	10478	-1	1
-1	10677	-1	1
-1	13504	-1	1
-1	12841	-1	1
-1	10491	-1	1
-1	11102	-1	1
-1	9868	-1	1
-1	13331	-1	1
-1	10332	-1	1
-1	9761	-1	1
-1	12551	-1	1
-1	10280	-1	1
-1	10426	-1	1
-1	13292	-1	1
-1	10462	-1	1
-1	12657	-1	1
-1	12399	-1	1
-1	10432	-1	1
-1	12142	-1	1
-1	10532	-1	1
-1	12540	-1	1
-1	9827	-1	1
-1	9779	-1	1
-1	11004	-1	1
-1	12607	-1	1
-1	13379	-1	1
-1	12377	-1	1
-1	12910	-1	1
-1	11330	-1	1
-1	13254	-1	1
-1	11143	-1	1
-1	10843	-1	1
-1	10708	-1	1
-1	12470	-1	1
-1	12451	-1	1
-1	11473	-1	1
-1	10155	-1	1
-1	11858	-1	1
-1	11140	-1	1
-1	11233	-1	1
-1	12899	-1	1
-1	11766	-1	1
-1	10434	-1	1
-1	13310	-1	1
-1	11866	-1	1
-1	11985	-1	1
-1	9693	-1	1
-1	11695	-1	1
-1	12408	-1	1
-1	9827	-1	1
-1	10077	-1	1
-1	10550	-1	1
-1	10655	-1	1
-1	12779	-1	1
-1	11661	-1	1
-1	12441	-1	1
-1	10044	-1	1
-1	13329	-1	1
-1	11387	-1	1
-1	10759	-1	1
-1	12244	-1	1
-1	10232	-1	1
-1	12205	-1	1
-1	10975	-1	1
-1	12708	-1	1
-1	10230	-1	1
-1	12102	-1	1
-1	13312	-1	1
-1	12652	-1	1
-1	11170	-1	1
-1	12433	-1	1
-1	10569	-1	1
-1	9858	-1	1
-1	11004	-1	1
-1	12318	-1	1
-1	13140	-1	1
-1	13055	-1	1
-1	10653	-1	1
-1	11072	-1	1
-1	13469	-1	1
-1	13197	-1	1
-1	10661	-1	1
-1	10636	-1	1
-1	12472	-1	1
-1	12600	-1	1
-1	10314	-1	1
-1	10902	-1	1
-1	10469	-1	1
-1	12306	-1	1
-1	11085	-1	1
-1	11208	-1	1
-1	13440	-1	1
-1	10187	-1	1
-1	11759	-1	1
-1	12849	-1	1
-1	13370	-1	1
-1	12879	-1	1
-1	10676	-1	1
-1	10679	-1	1
-1	10923	-1	1
-1	11332	-1	1
-1	12131	-1	1
-1	13221	-1	1
-1	10150	-1	1
-1	10283	-1	1
-1	11664	-1	1
-1	11535	-1	1
-1	12767	-1	1
-1	12991	-1	1
-1	13492	-1	1
-1	11845	-1	1
-1	13412	-1	1
-1	10836	-1	1
-1	10233	-1	1
-1	11466	-1	1
-1	9863	-1	1
-1	12848	-1	1
-1	11127	-1	1
-1	11727	-1	1
-1	12167	-1	1
-1	11663	-1	1
-1	12078	-1	1
-1	11380	-1	1
-1	12352	-1	1
-1	12062	-1	1
-1	11161	-1	1
-1	10231	-1	1
-1	13006	-1	1
-1	12771	-1	1
-1	11381	-1	1
-1	11069	-1	1
-1	12435	-1	1
-1	11477	-1	1
-1	11594	-1	1
-1	12793	-1	1
-1	11753	-1	1
-1	10954	-1	1
-1	10729	-1	1
-1	11896	-1	1
-1	13311	-1	1
-1	12913	-1	1
-1	12649	-1	1
-1	11014	-1	1
-1	11866	-1	1
-1	10416	-1	1
-1	12205	-1	1
-1	11001	-1	1
-1	11852	-1	1
-1	10047	-1	1
-1	9922	-1	1
-1	10428	-1	1
-1	12076	-1	1
-1	11345	-1	1
-1	10656	-1	1
-1	10291	-1	1
-1	12522	-1	1
-1	11507	-1	1
-1	12969	-1	1
-1	11014	-1	1
-1	9771	-1	1
-1	11329	-1	1
-1	12401	-1	1
-1	13068	-1	1
-1	10536	-1	1
-1	10920	-1	1
-1	11803	-1	1
-1	10256	-1	1
-1	12373	-1	1
-1	11862	-1	1
-1	13479	-1	1
-1	12181	-1	1
-1	10139	-1	1
-1	12426	-1	1
-1	11472	-1	1
-1	13214	-1	1
-1	10199	-1	1
-1	10550	-1	1
-1	11091	-1	1
-1	12339	-1	1
-1	12125	-1	1
-1	10904	-1	1
-1	10669	-1	1
-1	10867	-1	1
-1	11581	-1	1
-1	10039	-1	1
-1	13341	-1	1
-1	12933	-1	1
-1	13222	-1	1
-1	12155	-1	1
-1	13536	-1	1
-1	11989	-1	1
-1	12332	-1	1
-1	12647	-1	1
-1	12399	-1	1
-1	13384	-1	1
-1	13476	-1	1
-1	11671	-1	1
-1	12641	-1	1
-1	12290	-1	1
-1	11972	-1	1
-1	12331	-1	1
-1	10234	-1	1
-1	10023	-1	1
-1	12243	-1	1
-1	13374	-1	1
-1	12887	-1	1
-1	13208	-1	1
-1	10812	-1	1
-1	11123	-1	1
-1	11640	-1	1
-1	11613	-1	1
-1	12180	-1	1
-1	10797	-1	1
-1	11099	-1	1
-1	12849	-1	1
-1	11158	-1	1
-1	13521	-1	1
-1	11694	-1	1
-1	11516	-1	1
-1	11848	-1	1
-1	12123	-1	1
-1	12670	-1	1
-1	11705	-1	1
-1	11006	-1	1
-1	10461	-1	1
-1	12522	-1	1
-1	13389	-1	1
-1	10188	-1	1
-1	12170	-1	1
-1	11628	-1	1
-1	9887	-1	1
-1	13479	-1	1
-1	11017	-1	1
-1	11240	-1	1
-1	13532	-1	1
-1	11236	-1	1
-1	12091	-1	1
-1	11644	-1	1
-1	11389	-1	1
-1	13257	-1	1
-1	13289	-1	1
-1	13334	-1	1
-1	13496	-1	1
-1	9700	-1	1
-1	13161	-1	1
-1	10460	-1	1
-1	12121	-1	1
-1	10376	-1	1
-1	11392	-1	1
-1	13327	-1	1
-1	12605	-1	1
-1	11669	-1	1
-1	11775	-1	1
-1	9753	-1	1
-1	10465	-1	1
-1	12643	-1	1
-1	11409	-1	1
-1	12523	-1	1
-1	11367	-1	1
-1	12919	-1	1
-1	11157	-1	1
-1	11674	-1	1
-1	13238	-1	1
-1	11162	-1	1
-1	9789	-1	1
-1	11785	-1	1
-1	10285	-1	1
-1	12355	-1	1
-1	11027	-1	1
-1	9820	-1	1
-1	9911	-1	1
-1	10364	-1	1
-1	11724	-1	1
-1	10385	-1	1
-1	11818	-1	1
-1	10182	-1	1
-1	10106	-1	1
-1	13388	-1	1
-1	12000	-1	1
-1	11770	-1	1
-1	11970	-1	1
-1	10894	-1	1
-1	9987	-1	1
-1	10202	-1	1
-1	9836	-1	1
-1	11495	-1	1
-1	10330	-1	1
-1	13497	-1	1
-1	11770	-1	1
-1	10763	-1	1
-1	10263	-1	1
-1	10723	-1	1
-1	11552	-1	1
-1	13328	-1	1
-1	12972	-1	1
-1	10011	-1	1
-1	9848	-1	1
-1	11577	-1	1
-1	9967	-1	1
-1	11209	-1	1
-1	10997	-1	1
-1	12945	-1	1
-1	12680	-1	1
-1	11498	-1	1
-1	10129	-1	1
-1	11115	-1	1
-1	12827	-1	1
-1	11428	-1	1
-1	13424	-1	1
-1	10529	-1	1
-1	11745	-1	1
-1	13090	-1	1
-1	11280	-1	1
-1	13095	-1	1
-1	11801	-1	1
-1	10838	-1	1
-1	11148	-1	1
-1	12556	-1	1
-1	11242	-1	1
-1	10847	-1	1
LBCmax: 19371
