50  30
	0	35	1	74	2	25	3	24	4	66	5	41	6	23	7	91	8	54	9	18	10	99	11	45	12	92	13	18	14	74	15	63	16	81	17	92	18	15	19	81	20	90	21	45	22	85	23	22	24	66	25	87	26	19	27	51	28	16	29	85
	0	69	1	45	2	30	3	82	4	72	5	32	6	13	7	73	8	54	9	55	10	33	11	76	12	66	13	39	14	21	15	39	16	12	17	83	18	67	19	57	20	22	21	9	22	5	23	96	24	72	25	27	26	81	27	48	28	67	29	100
	0	33	1	74	2	17	3	29	4	47	5	91	6	97	7	85	8	64	9	20	10	57	11	52	12	40	13	1	14	17	15	66	16	89	17	44	18	86	19	63	20	68	21	66	22	61	23	76	24	84	25	31	26	20	27	24	28	17	29	9
	0	100	1	6	2	7	3	2	4	21	5	87	6	39	7	9	8	22	9	26	10	22	11	36	12	88	13	1	14	62	15	67	16	3	17	18	18	53	19	46	20	50	21	18	22	44	23	44	24	52	25	11	26	70	27	11	28	20	29	8
	0	40	1	37	2	41	3	26	4	10	5	64	6	44	7	84	8	17	9	30	10	11	11	25	12	22	13	40	14	25	15	24	16	94	17	86	18	70	19	68	20	50	21	74	22	31	23	14	24	9	25	7	26	59	27	75	28	42	29	61
	0	83	1	78	2	22	3	38	4	9	5	94	6	97	7	70	8	23	9	35	10	52	11	40	12	78	13	77	14	34	15	12	16	64	17	44	18	38	19	9	20	60	21	60	22	1	23	68	24	25	25	67	26	36	27	60	28	90	29	50
	0	10	1	70	2	42	3	32	4	46	5	57	6	20	7	19	8	4	9	44	10	63	11	10	12	71	13	12	14	78	15	6	16	59	17	99	18	22	19	85	20	6	21	25	22	10	23	18	24	10	25	84	26	97	27	46	28	58	29	96
	0	1	1	48	2	16	3	92	4	50	5	70	6	2	7	80	8	83	9	89	10	52	11	24	12	42	13	27	14	59	15	10	16	15	17	61	18	32	19	12	20	38	21	74	22	14	23	63	24	53	25	43	26	63	27	93	28	85	29	72
	0	63	1	97	2	92	3	7	4	38	5	42	6	79	7	95	8	85	9	29	10	3	11	65	12	44	13	61	14	6	15	57	16	58	17	85	18	37	19	18	20	19	21	23	22	69	23	38	24	90	25	92	26	16	27	10	28	30	29	78
	0	95	1	16	2	97	3	35	4	8	5	91	6	83	7	2	8	23	9	9	10	3	11	68	12	81	13	89	14	65	15	21	16	72	17	24	18	69	19	79	20	36	21	80	22	22	23	72	24	94	25	7	26	67	27	18	28	22	29	72
	0	63	1	37	2	4	3	2	4	66	5	71	6	40	7	91	8	92	9	19	10	94	11	18	12	66	13	97	14	12	15	75	16	83	17	85	18	27	19	2	20	52	21	23	22	50	23	75	24	73	25	61	26	11	27	11	28	87	29	89
	0	91	1	59	2	96	3	82	4	60	5	5	6	32	7	54	8	23	9	24	10	42	11	99	12	28	13	29	14	96	15	57	16	87	17	17	18	51	19	46	20	29	21	15	22	22	23	34	24	63	25	60	26	38	27	55	28	40	29	83
	0	100	1	88	2	35	3	76	4	47	5	39	6	81	7	51	8	15	9	23	10	39	11	34	12	38	13	18	14	78	15	49	16	21	17	29	18	93	19	84	20	2	21	12	22	6	23	42	24	53	25	21	26	5	27	16	28	16	29	86
	0	20	1	57	2	63	3	40	4	64	5	8	6	18	7	49	8	55	9	19	10	93	11	7	12	15	13	91	14	20	15	12	16	18	17	89	18	78	19	31	20	11	21	23	22	53	23	6	24	57	25	11	26	78	27	83	28	48	29	53
	0	37	1	47	2	10	3	69	4	40	5	9	6	81	7	11	8	90	9	64	10	40	11	38	12	2	13	21	14	22	15	94	16	62	17	83	18	43	19	59	20	11	21	21	22	19	23	54	24	4	25	64	26	49	27	4	28	85	29	4
	0	14	1	5	2	66	3	98	4	90	5	54	6	6	7	98	8	88	9	23	10	31	11	55	12	65	13	90	14	36	15	71	16	79	17	64	18	69	19	97	20	69	21	73	22	71	23	96	24	88	25	78	26	37	27	36	28	22	29	51
	0	24	1	61	2	67	3	34	4	1	5	60	6	61	7	53	8	41	9	46	10	78	11	56	12	88	13	3	14	28	15	6	16	46	17	54	18	46	19	53	20	79	21	82	22	31	23	45	24	18	25	92	26	87	27	70	28	18	29	87
	0	85	1	36	2	99	3	18	4	16	5	30	6	70	7	20	8	43	9	6	10	33	11	36	12	41	13	98	14	95	15	4	16	1	17	73	18	42	19	52	20	32	21	38	22	63	23	33	24	84	25	91	26	20	27	84	28	78	29	82
	0	95	1	94	2	17	3	95	4	73	5	29	6	19	7	7	8	37	9	29	10	77	11	53	12	80	13	87	14	64	15	15	16	66	17	68	18	21	19	25	20	91	21	40	22	91	23	21	24	26	25	8	26	4	27	29	28	52	29	87
	0	19	1	43	2	99	3	51	4	69	5	15	6	67	7	37	8	74	9	6	10	96	11	2	12	23	13	39	14	84	15	57	16	28	17	49	18	97	19	22	20	100	21	49	22	17	23	78	24	20	25	32	26	5	27	27	28	88	29	77
	0	98	1	52	2	64	3	57	4	43	5	63	6	60	7	33	8	61	9	72	10	29	11	97	12	77	13	18	14	65	15	8	16	59	17	45	18	8	19	19	20	70	21	2	22	17	23	86	24	3	25	19	26	64	27	28	28	69	29	77
	0	53	1	57	2	47	3	74	4	62	5	8	6	26	7	52	8	81	9	40	10	91	11	57	12	75	13	72	14	40	15	19	16	2	17	7	18	23	19	86	20	76	21	18	22	47	23	61	24	22	25	26	26	90	27	3	28	12	29	92
	0	21	1	9	2	35	3	91	4	99	5	82	6	57	7	53	8	24	9	52	10	92	11	76	12	51	13	100	14	48	15	55	16	80	17	12	18	59	19	85	20	6	21	58	22	99	23	20	24	74	25	67	26	38	27	10	28	77	29	59
	0	97	1	33	2	95	3	35	4	91	5	2	6	61	7	48	8	89	9	27	10	2	11	12	12	26	13	35	14	94	15	1	16	32	17	92	18	22	19	68	20	76	21	89	22	42	23	74	24	38	25	73	26	79	27	99	28	55	29	33
	0	19	1	5	2	1	3	88	4	61	5	33	6	100	7	16	8	47	9	81	10	92	11	42	12	4	13	94	14	83	15	61	16	30	17	48	18	52	19	58	20	26	21	23	22	16	23	72	24	74	25	88	26	53	27	1	28	75	29	54
	0	35	1	40	2	31	3	50	4	47	5	18	6	18	7	47	8	59	9	60	10	79	11	29	12	97	13	86	14	58	15	76	16	34	17	51	18	26	19	17	20	82	21	54	22	86	23	75	24	63	25	87	26	54	27	95	28	94	29	5
	0	56	1	39	2	10	3	28	4	84	5	89	6	6	7	15	8	1	9	81	10	86	11	62	12	87	13	81	14	28	15	23	16	75	17	48	18	23	19	52	20	9	21	76	22	40	23	8	24	25	25	87	26	21	27	87	28	40	29	26
	0	11	1	63	2	98	3	77	4	81	5	45	6	8	7	8	8	94	9	92	10	76	11	7	12	20	13	53	14	9	15	61	16	7	17	95	18	48	19	15	20	61	21	63	22	62	23	78	24	89	25	73	26	2	27	88	28	12	29	29
	0	100	1	52	2	47	3	31	4	61	5	7	6	22	7	91	8	91	9	82	10	72	11	93	12	43	13	58	14	19	15	63	16	91	17	38	18	49	19	20	20	53	21	97	22	30	23	35	24	26	25	68	26	38	27	30	28	7	29	67
	0	80	1	70	2	7	3	83	4	40	5	39	6	89	7	77	8	75	9	17	10	77	11	75	12	46	13	87	14	34	15	33	16	64	17	27	18	86	19	14	20	67	21	91	22	50	23	26	24	85	25	70	26	1	27	80	28	41	29	87
	0	65	1	81	2	91	3	69	4	45	5	68	6	24	7	94	8	6	9	55	10	53	11	28	12	70	13	40	14	68	15	69	16	13	17	94	18	52	19	79	20	55	21	35	22	66	23	79	24	80	25	50	26	48	27	23	28	43	29	36
	0	96	1	77	2	31	3	49	4	28	5	86	6	3	7	97	8	30	9	81	10	21	11	18	12	40	13	77	14	30	15	18	16	34	17	61	18	79	19	68	20	5	21	55	22	67	23	82	24	49	25	33	26	69	27	30	28	13	29	98
	0	67	1	47	2	49	3	61	4	94	5	54	6	96	7	83	8	80	9	97	10	80	11	61	12	25	13	61	14	89	15	71	16	77	17	41	18	87	19	11	20	61	21	44	22	61	23	93	24	100	25	78	26	14	27	76	28	23	29	40
	0	43	1	53	2	46	3	14	4	90	5	25	6	78	7	45	8	22	9	25	10	81	11	33	12	96	13	70	14	93	15	90	16	25	17	67	18	86	19	27	20	14	21	96	22	25	23	79	24	82	25	33	26	38	27	84	28	51	29	8
	0	34	1	71	2	74	3	96	4	10	5	26	6	53	7	84	8	36	9	31	10	49	11	76	12	19	13	12	14	93	15	23	16	81	17	27	18	41	19	75	20	93	21	88	22	49	23	16	24	65	25	90	26	49	27	15	28	73	29	100
	0	50	1	7	2	74	3	26	4	8	5	87	6	47	7	62	8	19	9	76	10	56	11	90	12	45	13	4	14	17	15	78	16	81	17	10	18	28	19	8	20	3	21	56	22	89	23	19	24	69	25	100	26	11	27	60	28	61	29	83
	0	6	1	65	2	94	3	27	4	99	5	23	6	22	7	39	8	4	9	90	10	14	11	68	12	58	13	61	14	95	15	76	16	3	17	15	18	66	19	98	20	56	21	81	22	46	23	23	24	24	25	10	26	97	27	2	28	24	29	36
	0	41	1	80	2	45	3	57	4	62	5	98	6	48	7	92	8	61	9	14	10	85	11	66	12	9	13	55	14	97	15	48	16	6	17	62	18	14	19	45	20	50	21	31	22	72	23	10	24	75	25	38	26	5	27	35	28	4	29	5
	0	100	1	28	2	30	3	52	4	6	5	94	6	26	7	26	8	44	9	79	10	39	11	28	12	50	13	35	14	21	15	55	16	57	17	18	18	4	19	34	20	96	21	31	22	28	23	28	24	64	25	74	26	65	27	19	28	100	29	61
	0	2	1	17	2	65	3	12	4	90	5	46	6	13	7	32	8	57	9	95	10	89	11	45	12	43	13	45	14	20	15	34	16	10	17	14	18	59	19	3	20	37	21	66	22	1	23	72	24	94	25	87	26	1	27	63	28	62	29	32
	0	30	1	42	2	51	3	71	4	81	5	26	6	3	7	11	8	97	9	66	10	19	11	65	12	72	13	62	14	29	15	86	16	71	17	86	18	86	19	6	20	52	21	100	22	72	23	31	24	90	25	10	26	32	27	80	28	37	29	84
	0	83	1	95	2	77	3	21	4	56	5	29	6	40	7	74	8	72	9	98	10	98	11	31	12	71	13	72	14	62	15	19	16	23	17	19	18	40	19	3	20	99	21	30	22	23	23	69	24	97	25	5	26	30	27	24	28	28	29	58
	0	10	1	55	2	15	3	80	4	80	5	31	6	67	7	79	8	67	9	23	10	20	11	58	12	62	13	100	14	69	15	30	16	13	17	18	18	21	19	64	20	18	21	88	22	47	23	12	24	88	25	33	26	19	27	67	28	99	29	30
	0	57	1	46	2	38	3	12	4	13	5	8	6	36	7	92	8	79	9	34	10	23	11	3	12	90	13	45	14	46	15	86	16	64	17	28	18	60	19	73	20	92	21	96	22	56	23	33	24	73	25	5	26	98	27	82	28	68	29	96
	0	79	1	87	2	94	3	49	4	24	5	3	6	6	7	53	8	100	9	17	10	33	11	36	12	98	13	10	14	46	15	14	16	11	17	41	18	100	19	32	20	21	21	16	22	72	23	38	24	64	25	16	26	67	27	87	28	35	29	66
	0	92	1	72	2	62	3	90	4	6	5	44	6	52	7	88	8	91	9	38	10	84	11	4	12	14	13	53	14	17	15	4	16	71	17	21	18	28	19	55	20	20	21	85	22	98	23	91	24	69	25	65	26	6	27	8	28	61	29	64
	0	15	1	2	2	60	3	78	4	49	5	75	6	57	7	88	8	90	9	44	10	35	11	42	12	57	13	43	14	55	15	77	16	36	17	6	18	69	19	25	20	77	21	57	22	58	23	7	24	76	25	54	26	61	27	5	28	9	29	66
	0	34	1	68	2	87	3	71	4	60	5	99	6	46	7	16	8	7	9	15	10	89	11	61	12	77	13	92	14	49	15	11	16	32	17	29	18	47	19	6	20	65	21	86	22	42	23	18	24	48	25	93	26	20	27	80	28	95	29	38
	0	52	1	38	2	10	3	59	4	33	5	18	6	4	7	18	8	69	9	27	10	9	11	32	12	81	13	44	14	25	15	68	16	45	17	75	18	67	19	58	20	71	21	54	22	4	23	65	24	19	25	45	26	16	27	16	28	80	29	53
	0	92	1	93	2	77	3	61	4	60	5	21	6	65	7	50	8	20	9	25	10	41	11	59	12	13	13	26	14	84	15	11	16	58	17	1	18	89	19	91	20	26	21	35	22	64	23	66	24	51	25	24	26	9	27	84	28	84	29	25
Reldue
-1	1907	-1	1
-1	1778	-1	1
-1	1500	-1	1
-1	1606	-1	1
-1	1831	-1	1
-1	1658	-1	1
-1	1963	-1	1
-1	1719	-1	1
-1	1441	-1	1
-1	1505	-1	1
-1	1660	-1	1
-1	1237	-1	1
-1	1919	-1	1
-1	1223	-1	1
-1	1707	-1	1
-1	1653	-1	1
-1	1951	-1	1
-1	1932	-1	1
-1	1386	-1	1
-1	1774	-1	1
-1	1840	-1	1
-1	1215	-1	1
-1	1367	-1	1
-1	1677	-1	1
-1	1307	-1	1
-1	1362	-1	1
-1	1910	-1	1
-1	1413	-1	1
-1	1358	-1	1
-1	1359	-1	1
-1	1745	-1	1
-1	1543	-1	1
-1	1704	-1	1
-1	1648	-1	1
-1	1954	-1	1
-1	1587	-1	1
-1	1337	-1	1
-1	1569	-1	1
-1	1851	-1	1
-1	1460	-1	1
-1	1290	-1	1
-1	1385	-1	1
-1	1919	-1	1
-1	1611	-1	1
-1	1672	-1	1
-1	1935	-1	1
-1	1223	-1	1
-1	1738	-1	1
-1	1971	-1	1
-1	1494	-1	1
LBCmax: 3973
