50  50
	0	47	1	64	2	81	3	79	4	11	5	66	6	70	7	43	8	47	9	22	10	71	11	37	12	75	13	23	14	27	15	83	16	37	17	98	18	19	19	11	20	26	21	46	22	99	23	58	24	57	25	25	26	50	27	82	28	52	29	92	30	70	31	5	32	11	33	77	34	39	35	57	36	75	37	24	38	15	39	5	40	16	41	42	42	88	43	77	44	97	45	42	46	50	47	17	48	95	49	56
	0	96	1	33	2	81	3	67	4	56	5	23	6	93	7	90	8	1	9	89	10	54	11	85	12	97	13	79	14	21	15	98	16	1	17	10	18	51	19	47	20	3	21	69	22	44	23	16	24	68	25	92	26	84	27	18	28	46	29	67	30	87	31	22	32	31	33	10	34	42	35	91	36	97	37	10	38	81	39	47	40	48	41	55	42	31	43	57	44	53	45	65	46	34	47	45	48	54	49	97
	0	30	1	23	2	62	3	18	4	39	5	24	6	95	7	38	8	95	9	92	10	13	11	57	12	10	13	24	14	43	15	77	16	79	17	3	18	21	19	65	20	47	21	57	22	84	23	85	24	96	25	20	26	82	27	23	28	39	29	2	30	1	31	82	32	9	33	79	34	17	35	14	36	93	37	59	38	23	39	19	40	49	41	96	42	93	43	34	44	94	45	52	46	72	47	72	48	68	49	24
	0	28	1	14	2	98	3	96	4	75	5	36	6	24	7	73	8	75	9	41	10	59	11	17	12	68	13	27	14	95	15	83	16	88	17	93	18	80	19	28	20	76	21	95	22	23	23	49	24	72	25	74	26	3	27	60	28	79	29	36	30	94	31	15	32	8	33	55	34	25	35	53	36	54	37	16	38	44	39	7	40	65	41	31	42	47	43	1	44	1	45	98	46	100	47	39	48	91	49	70
	0	56	1	52	2	48	3	73	4	51	5	61	6	85	7	78	8	34	9	67	10	45	11	9	12	49	13	76	14	52	15	68	16	1	17	32	18	26	19	87	20	44	21	100	22	35	23	35	24	93	25	30	26	65	27	61	28	46	29	93	30	36	31	35	32	61	33	67	34	4	35	16	36	25	37	30	38	9	39	75	40	14	41	55	42	70	43	33	44	35	45	46	46	40	47	5	48	82	49	49
	0	65	1	58	2	71	3	20	4	9	5	18	6	15	7	43	8	46	9	85	10	63	11	27	12	29	13	55	14	18	15	23	16	79	17	36	18	96	19	43	20	67	21	20	22	7	23	73	24	75	25	53	26	58	27	4	28	53	29	97	30	6	31	37	32	17	33	95	34	28	35	23	36	60	37	73	38	68	39	45	40	52	41	41	42	88	43	65	44	71	45	73	46	31	47	83	48	77	49	97
	0	71	1	76	2	29	3	94	4	7	5	29	6	4	7	15	8	35	9	66	10	64	11	50	12	96	13	41	14	97	15	11	16	77	17	55	18	2	19	21	20	37	21	3	22	9	23	98	24	65	25	69	26	58	27	10	28	89	29	24	30	76	31	13	32	15	33	95	34	8	35	6	36	41	37	100	38	16	39	65	40	91	41	90	42	42	43	48	44	56	45	21	46	92	47	74	48	37	49	52
	0	99	1	8	2	42	3	49	4	63	5	31	6	47	7	39	8	83	9	63	10	63	11	39	12	20	13	54	14	52	15	53	16	64	17	89	18	70	19	24	20	95	21	52	22	55	23	70	24	51	25	51	26	72	27	50	28	56	29	100	30	87	31	36	32	56	33	6	34	34	35	80	36	83	37	14	38	94	39	16	40	33	41	4	42	6	43	33	44	27	45	37	46	63	47	95	48	2	49	5
	0	86	1	4	2	43	3	28	4	68	5	40	6	52	7	95	8	16	9	17	10	16	11	60	12	60	13	21	14	27	15	14	16	97	17	54	18	56	19	23	20	75	21	78	22	90	23	83	24	54	25	26	26	81	27	32	28	87	29	52	30	72	31	41	32	17	33	7	34	84	35	43	36	77	37	76	38	100	39	94	40	39	41	23	42	70	43	74	44	50	45	10	46	9	47	60	48	49	49	97
	0	90	1	36	2	67	3	43	4	31	5	26	6	27	7	52	8	41	9	62	10	21	11	47	12	68	13	12	14	19	15	64	16	59	17	51	18	37	19	88	20	45	21	37	22	78	23	83	24	84	25	16	26	7	27	92	28	46	29	95	30	40	31	96	32	14	33	32	34	52	35	68	36	31	37	38	38	27	39	58	40	34	41	99	42	19	43	90	44	32	45	59	46	85	47	72	48	34	49	8
	0	11	1	29	2	32	3	90	4	51	5	29	6	95	7	9	8	40	9	49	10	25	11	98	12	53	13	4	14	75	15	92	16	22	17	51	18	57	19	96	20	39	21	7	22	57	23	70	24	95	25	81	26	50	27	48	28	40	29	88	30	90	31	70	32	69	33	90	34	3	35	95	36	60	37	3	38	12	39	29	40	16	41	49	42	80	43	76	44	4	45	37	46	44	47	98	48	78	49	25
	0	73	1	57	2	31	3	75	4	78	5	50	6	17	7	8	8	53	9	75	10	39	11	36	12	34	13	95	14	90	15	99	16	94	17	74	18	88	19	65	20	12	21	4	22	58	23	51	24	90	25	60	26	41	27	76	28	10	29	35	30	27	31	65	32	38	33	54	34	53	35	51	36	34	37	67	38	15	39	50	40	17	41	59	42	75	43	4	44	89	45	43	46	60	47	27	48	37	49	20
	0	2	1	86	2	43	3	12	4	49	5	2	6	79	7	8	8	46	9	64	10	81	11	87	12	83	13	85	14	7	15	96	16	38	17	41	18	35	19	2	20	74	21	72	22	64	23	47	24	68	25	42	26	100	27	75	28	74	29	80	30	59	31	7	32	53	33	52	34	24	35	84	36	28	37	38	38	18	39	8	40	32	41	10	42	88	43	43	44	69	45	37	46	28	47	69	48	3	49	62
	0	60	1	85	2	38	3	32	4	63	5	13	6	75	7	68	8	32	9	54	10	32	11	7	12	82	13	84	14	72	15	64	16	45	17	2	18	93	19	86	20	20	21	69	22	48	23	88	24	82	25	90	26	18	27	12	28	48	29	34	30	46	31	47	32	56	33	99	34	8	35	74	36	24	37	58	38	85	39	59	40	71	41	45	42	45	43	92	44	24	45	76	46	76	47	37	48	63	49	100
	0	99	1	59	2	46	3	32	4	72	5	32	6	32	7	19	8	66	9	42	10	5	11	32	12	50	13	42	14	44	15	79	16	44	17	33	18	7	19	7	20	18	21	60	22	21	23	14	24	31	25	61	26	97	27	85	28	61	29	97	30	9	31	62	32	59	33	61	34	1	35	60	36	18	37	45	38	30	39	22	40	61	41	95	42	37	43	76	44	78	45	7	46	14	47	11	48	63	49	30
	0	14	1	15	2	28	3	79	4	10	5	27	6	14	7	78	8	11	9	91	10	11	11	89	12	82	13	25	14	45	15	86	16	37	17	45	18	30	19	91	20	87	21	92	22	56	23	80	24	74	25	59	26	79	27	17	28	25	29	31	30	39	31	79	32	93	33	61	34	2	35	87	36	83	37	55	38	28	39	47	40	68	41	47	42	87	43	68	44	54	45	78	46	86	47	13	48	50	49	7
	0	87	1	98	2	34	3	24	4	15	5	46	6	41	7	50	8	83	9	61	10	7	11	30	12	6	13	81	14	39	15	52	16	61	17	20	18	7	19	68	20	14	21	9	22	67	23	87	24	36	25	5	26	63	27	61	28	67	29	15	30	80	31	88	32	1	33	60	34	23	35	14	36	6	37	78	38	61	39	94	40	2	41	41	42	61	43	47	44	54	45	26	46	91	47	20	48	56	49	78
	0	70	1	38	2	20	3	47	4	2	5	19	6	89	7	85	8	21	9	64	10	34	11	51	12	14	13	61	14	14	15	33	16	26	17	60	18	7	19	4	20	50	21	13	22	33	23	73	24	59	25	75	26	31	27	94	28	32	29	25	30	73	31	24	32	77	33	39	34	4	35	79	36	64	37	27	38	58	39	6	40	9	41	31	42	89	43	71	44	86	45	23	46	4	47	38	48	36	49	63
	0	4	1	86	2	21	3	4	4	53	5	90	6	41	7	58	8	44	9	53	10	94	11	54	12	29	13	88	14	58	15	46	16	29	17	66	18	36	19	73	20	37	21	82	22	79	23	56	24	91	25	11	26	71	27	99	28	81	29	61	30	65	31	22	32	91	33	31	34	80	35	42	36	25	37	34	38	20	39	91	40	56	41	60	42	50	43	18	44	77	45	61	46	59	47	37	48	67	49	7
	0	99	1	95	2	4	3	38	4	52	5	86	6	60	7	100	8	94	9	40	10	86	11	51	12	46	13	42	14	67	15	80	16	32	17	80	18	93	19	66	20	76	21	20	22	90	23	62	24	21	25	58	26	98	27	98	28	49	29	90	30	99	31	38	32	29	33	7	34	20	35	17	36	20	37	18	38	70	39	52	40	21	41	23	42	94	43	20	44	33	45	26	46	43	47	16	48	73	49	44
	0	84	1	59	2	62	3	45	4	25	5	95	6	73	7	39	8	11	9	22	10	17	11	84	12	13	13	38	14	95	15	2	16	28	17	73	18	45	19	1	20	54	21	74	22	66	23	53	24	14	25	46	26	99	27	80	28	34	29	60	30	97	31	39	32	7	33	98	34	100	35	15	36	98	37	83	38	16	39	53	40	65	41	14	42	72	43	2	44	4	45	20	46	65	47	47	48	56	49	74
	0	61	1	36	2	6	3	60	4	87	5	59	6	87	7	70	8	39	9	11	10	66	11	73	12	93	13	47	14	56	15	86	16	84	17	31	18	5	19	40	20	8	21	19	22	40	23	25	24	41	25	27	26	76	27	40	28	99	29	85	30	11	31	5	32	69	33	75	34	72	35	93	36	90	37	100	38	85	39	98	40	67	41	29	42	71	43	53	44	45	45	24	46	6	47	37	48	77	49	48
	0	99	1	69	2	49	3	83	4	54	5	66	6	76	7	43	8	39	9	93	10	55	11	38	12	86	13	62	14	45	15	23	16	62	17	44	18	22	19	59	20	16	21	99	22	17	23	43	24	89	25	39	26	33	27	6	28	16	29	80	30	11	31	68	32	91	33	62	34	87	35	17	36	52	37	13	38	45	39	37	40	14	41	10	42	83	43	4	44	56	45	56	46	30	47	34	48	38	49	77
	0	79	1	46	2	18	3	7	4	43	5	67	6	67	7	8	8	30	9	2	10	26	11	60	12	91	13	50	14	49	15	100	16	13	17	20	18	17	19	8	20	39	21	97	22	26	23	63	24	32	25	56	26	77	27	13	28	39	29	16	30	25	31	40	32	100	33	98	34	64	35	19	36	23	37	13	38	63	39	77	40	7	41	100	42	60	43	32	44	90	45	100	46	99	47	52	48	66	49	16
	0	61	1	55	2	68	3	12	4	11	5	65	6	44	7	44	8	92	9	72	10	56	11	28	12	1	13	75	14	71	15	79	16	58	17	96	18	50	19	97	20	38	21	1	22	29	23	64	24	26	25	69	26	54	27	78	28	27	29	78	30	28	31	57	32	30	33	22	34	63	35	73	36	11	37	64	38	57	39	97	40	22	41	87	42	35	43	78	44	7	45	8	46	22	47	79	48	39	49	64
	0	41	1	36	2	66	3	76	4	57	5	35	6	12	7	56	8	97	9	95	10	74	11	27	12	27	13	23	14	4	15	43	16	75	17	73	18	77	19	50	20	5	21	18	22	73	23	24	24	2	25	30	26	36	27	59	28	28	29	14	30	75	31	14	32	32	33	49	34	25	35	34	36	46	37	29	38	92	39	93	40	3	41	13	42	41	43	34	44	37	45	17	46	95	47	13	48	75	49	5
	0	66	1	52	2	15	3	87	4	35	5	66	6	52	7	96	8	45	9	33	10	12	11	28	12	71	13	99	14	80	15	54	16	1	17	49	18	49	19	40	20	20	21	92	22	28	23	47	24	84	25	27	26	77	27	70	28	46	29	94	30	55	31	66	32	44	33	36	34	11	35	60	36	80	37	8	38	50	39	42	40	43	41	26	42	39	43	89	44	63	45	36	46	61	47	73	48	91	49	32
	0	10	1	37	2	35	3	82	4	98	5	62	6	20	7	21	8	10	9	42	10	37	11	11	12	27	13	53	14	86	15	9	16	14	17	72	18	60	19	60	20	32	21	83	22	1	23	24	24	22	25	96	26	20	27	8	28	72	29	30	30	96	31	34	32	73	33	69	34	57	35	5	36	9	37	74	38	22	39	20	40	46	41	17	42	76	43	53	44	22	45	65	46	73	47	16	48	37	49	32
	0	15	1	45	2	3	3	88	4	45	5	100	6	16	7	69	8	43	9	60	10	31	11	49	12	27	13	45	14	74	15	57	16	89	17	15	18	26	19	54	20	21	21	17	22	40	23	5	24	7	25	72	26	95	27	1	28	94	29	41	30	90	31	26	32	63	33	1	34	42	35	76	36	61	37	18	38	25	39	59	40	67	41	3	42	75	43	56	44	3	45	94	46	46	47	2	48	20	49	84
	0	87	1	21	2	6	3	95	4	92	5	44	6	6	7	86	8	16	9	64	10	46	11	9	12	78	13	18	14	9	15	81	16	93	17	18	18	93	19	28	20	97	21	42	22	59	23	11	24	63	25	79	26	49	27	49	28	16	29	79	30	17	31	94	32	98	33	47	34	24	35	26	36	48	37	100	38	82	39	76	40	81	41	58	42	35	43	82	44	2	45	48	46	36	47	49	48	74	49	37
	0	39	1	73	2	24	3	21	4	19	5	22	6	73	7	48	8	99	9	18	10	8	11	43	12	32	13	44	14	37	15	55	16	80	17	71	18	97	19	61	20	75	21	87	22	2	23	87	24	73	25	61	26	57	27	32	28	14	29	87	30	73	31	6	32	60	33	83	34	45	35	23	36	81	37	39	38	4	39	92	40	96	41	46	42	40	43	22	44	2	45	45	46	51	47	21	48	35	49	78
	0	75	1	47	2	62	3	28	4	12	5	58	6	82	7	87	8	35	9	61	10	95	11	87	12	46	13	53	14	71	15	76	16	42	17	5	18	9	19	26	20	74	21	46	22	89	23	18	24	26	25	23	26	43	27	25	28	57	29	71	30	11	31	87	32	65	33	100	34	48	35	73	36	67	37	80	38	88	39	40	40	22	41	7	42	12	43	59	44	23	45	54	46	47	47	61	48	47	49	50
	0	4	1	16	2	23	3	41	4	34	5	60	6	74	7	28	8	55	9	22	10	45	11	83	12	86	13	26	14	93	15	91	16	74	17	58	18	41	19	61	20	30	21	39	22	99	23	13	24	82	25	23	26	2	27	38	28	19	29	35	30	31	31	65	32	95	33	1	34	10	35	15	36	98	37	33	38	90	39	96	40	23	41	91	42	72	43	87	44	94	45	11	46	30	47	18	48	12	49	87
	0	28	1	14	2	50	3	41	4	43	5	4	6	5	7	17	8	50	9	85	10	78	11	85	12	16	13	87	14	47	15	42	16	16	17	3	18	53	19	42	20	72	21	62	22	13	23	1	24	67	25	64	26	30	27	48	28	94	29	3	30	68	31	23	32	43	33	51	34	100	35	44	36	27	37	78	38	64	39	91	40	7	41	28	42	70	43	87	44	66	45	77	46	58	47	60	48	40	49	45
	0	80	1	26	2	16	3	41	4	73	5	33	6	29	7	47	8	46	9	33	10	47	11	98	12	81	13	97	14	22	15	87	16	41	17	84	18	19	19	11	20	23	21	9	22	82	23	50	24	2	25	4	26	90	27	24	28	56	29	42	30	4	31	82	32	67	33	68	34	12	35	19	36	34	37	84	38	27	39	20	40	50	41	49	42	98	43	78	44	21	45	2	46	21	47	37	48	40	49	35
	0	81	1	54	2	32	3	50	4	55	5	86	6	36	7	91	8	46	9	42	10	5	11	38	12	48	13	54	14	12	15	86	16	45	17	62	18	13	19	65	20	2	21	19	22	10	23	70	24	99	25	48	26	94	27	97	28	16	29	20	30	72	31	12	32	72	33	37	34	20	35	5	36	75	37	24	38	94	39	90	40	33	41	74	42	100	43	63	44	33	45	5	46	18	47	39	48	97	49	14
	0	6	1	100	2	63	3	32	4	51	5	58	6	49	7	36	8	34	9	2	10	2	11	54	12	21	13	68	14	45	15	64	16	3	17	82	18	63	19	100	20	54	21	32	22	97	23	87	24	70	25	97	26	40	27	80	28	97	29	24	30	44	31	91	32	93	33	27	34	91	35	98	36	56	37	63	38	92	39	1	40	14	41	3	42	97	43	60	44	76	45	96	46	48	47	18	48	76	49	100
	0	8	1	5	2	54	3	39	4	31	5	76	6	75	7	82	8	72	9	26	10	70	11	80	12	56	13	89	14	37	15	99	16	36	17	6	18	64	19	27	20	16	21	23	22	33	23	51	24	37	25	61	26	38	27	26	28	27	29	57	30	19	31	96	32	73	33	81	34	87	35	21	36	70	37	62	38	9	39	24	40	51	41	90	42	63	43	81	44	2	45	80	46	85	47	83	48	19	49	1
	0	75	1	79	2	56	3	14	4	29	5	59	6	80	7	79	8	13	9	29	10	21	11	16	12	94	13	17	14	88	15	20	16	5	17	75	18	97	19	94	20	99	21	96	22	18	23	23	24	13	25	42	26	43	27	13	28	65	29	60	30	31	31	74	32	45	33	37	34	93	35	8	36	69	37	6	38	3	39	41	40	14	41	15	42	64	43	6	44	46	45	26	46	53	47	68	48	20	49	92
	0	40	1	45	2	5	3	31	4	38	5	75	6	62	7	17	8	36	9	11	10	87	11	24	12	34	13	72	14	87	15	9	16	50	17	70	18	54	19	33	20	5	21	74	22	65	23	32	24	86	25	15	26	4	27	100	28	42	29	19	30	98	31	46	32	70	33	17	34	19	35	30	36	92	37	98	38	62	39	1	40	35	41	76	42	48	43	84	44	60	45	92	46	73	47	91	48	99	49	87
	0	18	1	46	2	3	3	6	4	95	5	68	6	14	7	9	8	77	9	31	10	96	11	22	12	66	13	5	14	6	15	37	16	65	17	54	18	84	19	48	20	72	21	23	22	87	23	86	24	23	25	64	26	11	27	81	28	34	29	69	30	54	31	76	32	28	33	17	34	36	35	66	36	42	37	48	38	67	39	28	40	60	41	22	42	28	43	75	44	7	45	23	46	12	47	59	48	2	49	32
	0	38	1	80	2	58	3	57	4	36	5	96	6	73	7	99	8	59	9	40	10	57	11	17	12	77	13	80	14	81	15	78	16	63	17	87	18	51	19	40	20	63	21	90	22	28	23	93	24	19	25	30	26	63	27	46	28	95	29	65	30	21	31	55	32	98	33	52	34	95	35	11	36	21	37	37	38	40	39	42	40	47	41	20	42	86	43	100	44	75	45	67	46	12	47	29	48	62	49	2
	0	77	1	48	2	11	3	89	4	41	5	77	6	24	7	90	8	32	9	5	10	10	11	60	12	46	13	78	14	27	15	22	16	66	17	36	18	75	19	15	20	49	21	58	22	89	23	25	24	24	25	70	26	98	27	32	28	85	29	32	30	34	31	46	32	81	33	15	34	19	35	96	36	40	37	21	38	65	39	7	40	71	41	24	42	57	43	79	44	32	45	20	46	12	47	52	48	60	49	19
	0	28	1	17	2	10	3	24	4	68	5	8	6	34	7	69	8	44	9	98	10	97	11	13	12	98	13	55	14	31	15	25	16	89	17	59	18	51	19	87	20	35	21	87	22	96	23	14	24	79	25	82	26	68	27	66	28	56	29	2	30	76	31	89	32	5	33	1	34	14	35	36	36	37	37	78	38	33	39	28	40	55	41	14	42	79	43	63	44	94	45	66	46	4	47	99	48	18	49	2
	0	81	1	50	2	100	3	88	4	79	5	75	6	66	7	57	8	78	9	61	10	85	11	37	12	19	13	11	14	25	15	6	16	33	17	100	18	21	19	90	20	98	21	67	22	19	23	54	24	95	25	36	26	83	27	19	28	85	29	98	30	99	31	26	32	20	33	98	34	92	35	17	36	50	37	98	38	54	39	16	40	15	41	20	42	44	43	22	44	2	45	91	46	4	47	45	48	26	49	37
	0	14	1	55	2	63	3	95	4	67	5	20	6	41	7	51	8	45	9	56	10	68	11	23	12	19	13	6	14	41	15	36	16	18	17	36	18	98	19	59	20	24	21	99	22	68	23	15	24	100	25	25	26	48	27	74	28	52	29	8	30	31	31	83	32	81	33	33	34	21	35	10	36	80	37	41	38	46	39	91	40	81	41	19	42	51	43	13	44	62	45	98	46	1	47	81	48	50	49	55
	0	68	1	28	2	100	3	74	4	56	5	89	6	38	7	12	8	86	9	44	10	76	11	64	12	71	13	88	14	56	15	38	16	20	17	100	18	79	19	71	20	72	21	2	22	13	23	51	24	43	25	46	26	7	27	31	28	39	29	65	30	35	31	39	32	65	33	61	34	55	35	33	36	33	37	44	38	65	39	54	40	52	41	22	42	76	43	54	44	51	45	15	46	46	47	32	48	70	49	40
	0	34	1	92	2	13	3	95	4	83	5	99	6	60	7	39	8	27	9	12	10	75	11	32	12	88	13	1	14	50	15	3	16	4	17	97	18	85	19	48	20	7	21	23	22	92	23	72	24	49	25	100	26	60	27	41	28	24	29	32	30	35	31	96	32	58	33	12	34	96	35	46	36	51	37	11	38	26	39	49	40	92	41	25	42	14	43	43	44	95	45	8	46	42	47	90	48	10	49	10
	0	31	1	33	2	13	3	92	4	58	5	93	6	87	7	98	8	68	9	59	10	39	11	4	12	40	13	23	14	12	15	65	16	83	17	93	18	1	19	33	20	73	21	70	22	66	23	29	24	44	25	72	26	12	27	79	28	20	29	46	30	79	31	47	32	23	33	95	34	48	35	34	36	11	37	27	38	77	39	21	40	28	41	73	42	5	43	69	44	64	45	64	46	100	47	13	48	67	49	38
	0	35	1	18	2	39	3	38	4	8	5	62	6	35	7	6	8	65	9	82	10	17	11	82	12	64	13	6	14	45	15	94	16	2	17	27	18	18	19	51	20	2	21	19	22	78	23	5	24	10	25	94	26	48	27	50	28	72	29	43	30	72	31	51	32	75	33	17	34	72	35	26	36	75	37	35	38	39	39	46	40	51	41	39	42	27	43	3	44	62	45	14	46	15	47	55	48	81	49	48
Reldue
-1	3015	-1	1
-1	3280	-1	1
-1	2831	-1	1
-1	2640	-1	1
-1	2816	-1	1
-1	3315	-1	1
-1	2552	-1	1
-1	2496	-1	1
-1	3320	-1	1
-1	2505	-1	1
-1	2689	-1	1
-1	3147	-1	1
-1	3036	-1	1
-1	3047	-1	1
-1	3109	-1	1
-1	3275	-1	1
-1	2728	-1	1
-1	2912	-1	1
-1	2605	-1	1
-1	2845	-1	1
-1	3371	-1	1
-1	2556	-1	1
-1	2821	-1	1
-1	2682	-1	1
-1	3445	-1	1
-1	3417	-1	1
-1	2627	-1	1
-1	2681	-1	1
-1	3260	-1	1
-1	3098	-1	1
-1	2605	-1	1
-1	3211	-1	1
-1	2556	-1	1
-1	3268	-1	1
-1	3046	-1	1
-1	2677	-1	1
-1	2508	-1	1
-1	3128	-1	1
-1	2771	-1	1
-1	3154	-1	1
-1	2830	-1	1
-1	2832	-1	1
-1	3392	-1	1
-1	2792	-1	1
-1	2631	-1	1
-1	3066	-1	1
-1	3153	-1	1
-1	3165	-1	1
-1	3124	-1	1
-1	2956	-1	1
LBCmax: 4923
