50  30
	0	20	1	42	2	25	3	98	4	76	5	65	6	29	7	49	8	69	9	25	10	19	11	27	12	1	13	33	14	89	15	18	16	25	17	59	18	4	19	37	20	61	21	87	22	78	23	48	24	77	25	88	26	26	27	40	28	81	29	56
	0	42	1	47	2	88	3	8	4	90	5	92	6	59	7	42	8	94	9	95	10	21	11	11	12	83	13	83	14	18	15	42	16	22	17	80	18	55	19	31	20	22	21	79	22	30	23	73	24	31	25	3	26	72	27	7	28	33	29	29
	0	21	1	8	2	12	3	25	4	28	5	36	6	62	7	17	8	58	9	19	10	44	11	86	12	13	13	51	14	21	15	79	16	25	17	19	18	29	19	65	20	79	21	89	22	59	23	72	24	64	25	17	26	56	27	6	28	60	29	73
	0	68	1	2	2	15	3	79	4	95	5	98	6	69	7	5	8	21	9	4	10	25	11	89	12	29	13	12	14	77	15	51	16	37	17	83	18	44	19	26	20	5	21	89	22	72	23	48	24	84	25	7	26	98	27	39	28	31	29	90
	0	98	1	5	2	3	3	61	4	49	5	29	6	92	7	3	8	85	9	18	10	78	11	52	12	32	13	46	14	6	15	1	16	43	17	90	18	21	19	77	20	72	21	77	22	3	23	59	24	55	25	52	26	100	27	36	28	90	29	57
	0	43	1	28	2	37	3	94	4	94	5	17	6	78	7	74	8	61	9	66	10	93	11	8	12	78	13	21	14	68	15	84	16	43	17	20	18	33	19	26	20	44	21	56	22	74	23	36	24	37	25	71	26	94	27	70	28	44	29	79
	0	15	1	94	2	88	3	33	4	24	5	12	6	78	7	99	8	27	9	79	10	17	11	2	12	58	13	33	14	100	15	36	16	47	17	3	18	13	19	75	20	68	21	91	22	60	23	30	24	85	25	19	26	74	27	11	28	2	29	99
	0	85	1	16	2	72	3	72	4	69	5	54	6	1	7	5	8	77	9	49	10	93	11	61	12	33	13	16	14	89	15	76	16	51	17	85	18	2	19	100	20	97	21	13	22	61	23	96	24	8	25	22	26	12	27	95	28	42	29	51
	0	36	1	62	2	25	3	94	4	77	5	16	6	94	7	81	8	4	9	96	10	93	11	22	12	41	13	89	14	41	15	1	16	41	17	49	18	77	19	22	20	83	21	76	22	85	23	16	24	22	25	26	26	6	27	71	28	32	29	83
	0	27	1	55	2	98	3	9	4	97	5	23	6	68	7	53	8	84	9	45	10	66	11	85	12	15	13	88	14	9	15	82	16	29	17	40	18	15	19	90	20	53	21	65	22	65	23	33	24	73	25	10	26	57	27	46	28	58	29	28
	0	90	1	53	2	72	3	75	4	35	5	14	6	69	7	77	8	4	9	9	10	64	11	12	12	14	13	49	14	9	15	31	16	2	17	14	18	45	19	5	20	55	21	64	22	88	23	93	24	40	25	74	26	68	27	55	28	66	29	95
	0	49	1	60	2	4	3	30	4	76	5	52	6	41	7	81	8	42	9	94	10	63	11	14	12	68	13	90	14	73	15	40	16	30	17	49	18	99	19	7	20	93	21	55	22	52	23	60	24	23	25	52	26	22	27	4	28	82	29	55
	0	45	1	89	2	48	3	45	4	61	5	87	6	99	7	16	8	54	9	38	10	48	11	76	12	43	13	100	14	37	15	25	16	60	17	88	18	11	19	53	20	47	21	37	22	36	23	41	24	42	25	96	26	32	27	52	28	45	29	31
	0	35	1	50	2	84	3	20	4	7	5	79	6	19	7	49	8	57	9	86	10	58	11	42	12	53	13	90	14	63	15	97	16	22	17	2	18	89	19	98	20	71	21	71	22	63	23	29	24	93	25	1	26	7	27	16	28	23	29	66
	0	63	1	61	2	56	3	19	4	71	5	59	6	58	7	68	8	6	9	94	10	24	11	71	12	81	13	75	14	56	15	66	16	63	17	41	18	79	19	46	20	69	21	55	22	10	23	41	24	36	25	63	26	43	27	63	28	72	29	91
	0	36	1	31	2	51	3	6	4	81	5	82	6	86	7	50	8	20	9	36	10	21	11	52	12	32	13	68	14	97	15	45	16	88	17	98	18	2	19	68	20	74	21	20	22	4	23	15	24	10	25	19	26	25	27	67	28	22	29	45
	0	11	1	18	2	43	3	48	4	2	5	76	6	55	7	96	8	7	9	17	10	92	11	19	12	31	13	1	14	71	15	64	16	27	17	87	18	13	19	46	20	61	21	13	22	80	23	27	24	95	25	16	26	40	27	72	28	57	29	24
	0	24	1	52	2	39	3	20	4	51	5	84	6	33	7	84	8	29	9	58	10	6	11	59	12	57	13	67	14	75	15	75	16	88	17	33	18	36	19	64	20	28	21	30	22	38	23	15	24	77	25	7	26	35	27	70	28	47	29	84
	0	32	1	65	2	99	3	78	4	21	5	47	6	97	7	67	8	79	9	44	10	62	11	5	12	51	13	50	14	79	15	43	16	64	17	58	18	89	19	41	20	33	21	65	22	63	23	39	24	56	25	16	26	54	27	41	28	15	29	65
	0	63	1	49	2	19	3	75	4	57	5	9	6	62	7	77	8	52	9	92	10	94	11	74	12	23	13	10	14	4	15	44	16	8	17	28	18	75	19	83	20	37	21	41	22	73	23	3	24	81	25	23	26	55	27	56	28	9	29	50
	0	22	1	68	2	2	3	79	4	58	5	90	6	66	7	17	8	18	9	12	10	22	11	16	12	57	13	89	14	87	15	90	16	24	17	68	18	74	19	12	20	60	21	38	22	54	23	76	24	59	25	21	26	77	27	96	28	95	29	79
	0	43	1	92	2	35	3	19	4	63	5	98	6	60	7	98	8	50	9	64	10	85	11	83	12	42	13	61	14	61	15	9	16	37	17	96	18	65	19	29	20	91	21	4	22	39	23	61	24	17	25	77	26	35	27	87	28	79	29	37
	0	59	1	30	2	71	3	63	4	31	5	37	6	25	7	44	8	3	9	37	10	93	11	2	12	9	13	46	14	82	15	13	16	26	17	56	18	63	19	21	20	75	21	7	22	55	23	22	24	1	25	42	26	64	27	65	28	94	29	95
	0	49	1	89	2	48	3	56	4	12	5	3	6	81	7	18	8	52	9	71	10	40	11	98	12	33	13	72	14	77	15	83	16	45	17	21	18	86	19	51	20	65	21	96	22	98	23	62	24	46	25	2	26	8	27	23	28	89	29	51
	0	71	1	67	2	80	3	60	4	85	5	4	6	93	7	85	8	53	9	33	10	89	11	45	12	90	13	24	14	71	15	1	16	25	17	5	18	67	19	99	20	100	21	18	22	50	23	92	24	74	25	28	26	26	27	93	28	90	29	96
	0	44	1	32	2	50	3	51	4	99	5	19	6	11	7	24	8	49	9	25	10	8	11	31	12	65	13	46	14	46	15	8	16	62	17	10	18	33	19	47	20	14	21	27	22	45	23	82	24	30	25	19	26	38	27	16	28	41	29	57
	0	50	1	5	2	40	3	98	4	57	5	20	6	65	7	3	8	90	9	67	10	25	11	78	12	4	13	36	14	91	15	71	16	68	17	96	18	20	19	4	20	24	21	73	22	89	23	44	24	19	25	70	26	30	27	23	28	20	29	16
	0	18	1	71	2	58	3	48	4	44	5	24	6	66	7	77	8	72	9	9	10	5	11	87	12	72	13	35	14	94	15	50	16	61	17	26	18	89	19	83	20	17	21	82	22	70	23	71	24	24	25	59	26	40	27	12	28	78	29	95
	0	45	1	91	2	67	3	27	4	57	5	71	6	82	7	77	8	94	9	49	10	43	11	2	12	58	13	36	14	47	15	30	16	25	17	50	18	54	19	36	20	10	21	20	22	83	23	28	24	86	25	57	26	87	27	40	28	47	29	36
	0	13	1	59	2	35	3	83	4	83	5	29	6	60	7	74	8	38	9	13	10	4	11	88	12	38	13	9	14	74	15	71	16	19	17	33	18	42	19	91	20	28	21	37	22	5	23	5	24	5	25	18	26	33	27	74	28	76	29	23
	0	99	1	75	2	80	3	82	4	4	5	9	6	42	7	95	8	48	9	7	10	52	11	75	12	5	13	78	14	46	15	21	16	96	17	50	18	61	19	55	20	82	21	4	22	26	23	81	24	16	25	90	26	28	27	14	28	18	29	90
	0	24	1	5	2	74	3	62	4	33	5	68	6	64	7	64	8	2	9	60	10	75	11	73	12	25	13	97	14	52	15	23	16	91	17	92	18	90	19	32	20	55	21	45	22	81	23	96	24	74	25	32	26	56	27	79	28	55	29	70
	0	92	1	2	2	96	3	50	4	72	5	31	6	33	7	62	8	23	9	19	10	6	11	71	12	65	13	26	14	13	15	2	16	43	17	59	18	30	19	44	20	38	21	76	22	93	23	91	24	66	25	53	26	81	27	70	28	8	29	26
	0	48	1	28	2	52	3	31	4	90	5	82	6	13	7	19	8	49	9	45	10	82	11	20	12	78	13	87	14	10	15	71	16	31	17	99	18	23	19	46	20	52	21	58	22	48	23	45	24	72	25	21	26	63	27	34	28	37	29	88
	0	27	1	36	2	24	3	19	4	40	5	25	6	36	7	94	8	37	9	64	10	58	11	41	12	38	13	93	14	26	15	86	16	74	17	66	18	51	19	91	20	81	21	70	22	79	23	84	24	42	25	3	26	98	27	1	28	92	29	77
	0	16	1	93	2	37	3	70	4	61	5	62	6	43	7	60	8	98	9	39	10	5	11	5	12	45	13	10	14	85	15	38	16	41	17	56	18	93	19	18	20	4	21	66	22	54	23	45	24	65	25	31	26	68	27	15	28	84	29	37
	0	68	1	95	2	75	3	7	4	31	5	34	6	93	7	67	8	96	9	38	10	71	11	36	12	96	13	83	14	2	15	52	16	9	17	31	18	95	19	1	20	69	21	88	22	78	23	4	24	21	25	11	26	99	27	77	28	91	29	48
	0	52	1	73	2	2	3	80	4	53	5	65	6	74	7	91	8	12	9	32	10	75	11	87	12	86	13	68	14	13	15	40	16	29	17	7	18	94	19	27	20	45	21	37	22	79	23	88	24	19	25	71	26	9	27	35	28	100	29	60
	0	97	1	70	2	31	3	94	4	100	5	98	6	74	7	16	8	2	9	53	10	67	11	44	12	4	13	62	14	3	15	82	16	76	17	22	18	35	19	52	20	20	21	55	22	29	23	98	24	67	25	81	26	31	27	25	28	88	29	10
	0	22	1	85	2	93	3	51	4	59	5	21	6	62	7	92	8	42	9	25	10	20	11	83	12	67	13	79	14	53	15	44	16	18	17	88	18	27	19	73	20	35	21	5	22	58	23	24	24	68	25	27	26	49	27	81	28	76	29	11
	0	75	1	54	2	52	3	19	4	6	5	62	6	79	7	17	8	85	9	83	10	46	11	68	12	3	13	98	14	77	15	3	16	34	17	42	18	58	19	61	20	28	21	41	22	54	23	22	24	80	25	15	26	69	27	86	28	11	29	56
	0	73	1	64	2	31	3	16	4	7	5	95	6	81	7	77	8	45	9	82	10	62	11	68	12	55	13	38	14	98	15	65	16	21	17	70	18	8	19	89	20	82	21	41	22	61	23	74	24	23	25	99	26	49	27	89	28	16	29	46
	0	8	1	22	2	99	3	9	4	65	5	67	6	41	7	7	8	88	9	69	10	17	11	57	12	78	13	19	14	25	15	40	16	20	17	2	18	79	19	24	20	79	21	47	22	86	23	30	24	29	25	24	26	81	27	70	28	25	29	83
	0	82	1	98	2	67	3	51	4	90	5	57	6	27	7	8	8	36	9	18	10	14	11	16	12	63	13	21	14	18	15	86	16	90	17	94	18	56	19	80	20	91	21	96	22	98	23	4	24	93	25	95	26	55	27	41	28	76	29	8
	0	63	1	9	2	18	3	41	4	85	5	62	6	38	7	12	8	16	9	63	10	11	11	49	12	66	13	96	14	61	15	90	16	58	17	97	18	71	19	34	20	64	21	20	22	54	23	9	24	59	25	74	26	64	27	68	28	81	29	80
	0	62	1	27	2	14	3	57	4	60	5	93	6	29	7	28	8	95	9	64	10	75	11	85	12	15	13	90	14	74	15	86	16	92	17	24	18	71	19	53	20	70	21	8	22	69	23	97	24	22	25	73	26	3	27	97	28	88	29	44
	0	73	1	95	2	3	3	77	4	23	5	94	6	27	7	83	8	36	9	74	10	68	11	93	12	92	13	54	14	32	15	93	16	85	17	68	18	50	19	17	20	27	21	34	22	71	23	78	24	70	25	34	26	7	27	88	28	17	29	42
	0	92	1	81	2	12	3	43	4	68	5	50	6	31	7	62	8	20	9	54	10	14	11	75	12	23	13	69	14	1	15	76	16	78	17	74	18	69	19	25	20	34	21	5	22	88	23	96	24	42	25	19	26	35	27	9	28	80	29	43
	0	31	1	1	2	32	3	4	4	3	5	83	6	37	7	75	8	75	9	80	10	23	11	66	12	41	13	59	14	86	15	50	16	80	17	82	18	100	19	14	20	15	21	41	22	51	23	63	24	14	25	72	26	34	27	23	28	1	29	50
	0	69	1	15	2	23	3	96	4	98	5	100	6	72	7	73	8	96	9	22	10	87	11	44	12	3	13	91	14	65	15	5	16	38	17	83	18	55	19	31	20	81	21	56	22	33	23	100	24	16	25	3	26	59	27	71	28	81	29	93
Reldue
-1	3465	-1	1
-1	1814	-1	1
-1	2749	-1	1
-1	3194	-1	1
-1	909	-1	1
-1	3304	-1	1
-1	870	-1	1
-1	1139	-1	1
-1	2848	-1	1
-1	3418	-1	1
-1	1929	-1	1
-1	4237	-1	1
-1	4086	-1	1
-1	1479	-1	1
-1	787	-1	1
-1	927	-1	1
-1	535	-1	1
-1	2054	-1	1
-1	1149	-1	1
-1	567	-1	1
-1	4112	-1	1
-1	705	-1	1
-1	1721	-1	1
-1	771	-1	1
-1	2445	-1	1
-1	3976	-1	1
-1	2456	-1	1
-1	3491	-1	1
-1	3260	-1	1
-1	3533	-1	1
-1	4242	-1	1
-1	2245	-1	1
-1	2080	-1	1
-1	4304	-1	1
-1	4189	-1	1
-1	3059	-1	1
-1	3168	-1	1
-1	667	-1	1
-1	1626	-1	1
-1	3497	-1	1
-1	1924	-1	1
-1	2555	-1	1
-1	3061	-1	1
-1	2301	-1	1
-1	1019	-1	1
-1	3512	-1	1
-1	3424	-1	1
-1	1795	-1	1
-1	2281	-1	1
-1	2512	-1	1
LBCmax: 3976
