150  50
	0	14	1	24	2	82	3	46	4	98	5	2	6	79	7	74	8	74	9	99	10	22	11	10	12	53	13	3	14	100	15	89	16	3	17	16	18	14	19	88	20	87	21	7	22	53	23	61	24	20	25	61	26	87	27	70	28	32	29	83	30	46	31	51	32	72	33	57	34	48	35	45	36	74	37	62	38	11	39	82	40	63	41	73	42	35	43	10	44	96	45	31	46	58	47	95	48	50	49	40
	0	15	1	35	2	95	3	27	4	59	5	70	6	32	7	80	8	10	9	80	10	80	11	42	12	61	13	96	14	19	15	35	16	46	17	74	18	58	19	31	20	35	21	3	22	71	23	4	24	43	25	46	26	97	27	25	28	47	29	44	30	37	31	87	32	36	33	15	34	67	35	60	36	73	37	43	38	56	39	35	40	17	41	35	42	66	43	95	44	35	45	87	46	56	47	7	48	20	49	94
	0	32	1	55	2	73	3	84	4	18	5	30	6	32	7	75	8	24	9	65	10	47	11	74	12	39	13	70	14	36	15	70	16	96	17	3	18	71	19	94	20	59	21	3	22	82	23	46	24	46	25	45	26	75	27	3	28	82	29	2	30	97	31	75	32	47	33	32	34	5	35	61	36	71	37	19	38	17	39	17	40	65	41	31	42	47	43	61	44	28	45	81	46	59	47	54	48	44	49	6
	0	87	1	30	2	54	3	89	4	15	5	92	6	91	7	99	8	100	9	68	10	90	11	25	12	88	13	7	14	27	15	14	16	69	17	57	18	39	19	63	20	49	21	55	22	29	23	4	24	43	25	22	26	69	27	88	28	31	29	36	30	44	31	70	32	13	33	45	34	100	35	23	36	56	37	13	38	96	39	65	40	32	41	41	42	70	43	56	44	84	45	89	46	64	47	1	48	60	49	88
	0	79	1	79	2	8	3	39	4	45	5	67	6	37	7	10	8	24	9	35	10	62	11	100	12	99	13	46	14	97	15	21	16	1	17	62	18	78	19	15	20	76	21	50	22	6	23	21	24	4	25	53	26	63	27	36	28	21	29	46	30	30	31	56	32	93	33	15	34	10	35	80	36	62	37	5	38	41	39	20	40	49	41	44	42	43	43	42	44	82	45	40	46	47	47	31	48	6	49	90
	0	88	1	68	2	65	3	66	4	60	5	47	6	74	7	49	8	81	9	79	10	31	11	55	12	91	13	52	14	29	15	42	16	3	17	55	18	51	19	4	20	73	21	84	22	96	23	10	24	48	25	74	26	36	27	5	28	27	29	36	30	10	31	18	32	24	33	4	34	17	35	24	36	44	37	96	38	52	39	57	40	80	41	60	42	99	43	83	44	11	45	57	46	77	47	58	48	67	49	5
	0	2	1	53	2	62	3	76	4	13	5	9	6	37	7	21	8	77	9	50	10	60	11	88	12	52	13	82	14	60	15	22	16	9	17	39	18	12	19	85	20	9	21	63	22	83	23	36	24	99	25	38	26	17	27	43	28	75	29	89	30	16	31	34	32	24	33	40	34	41	35	4	36	43	37	91	38	49	39	22	40	87	41	33	42	26	43	25	44	18	45	46	46	100	47	83	48	35	49	25
	0	28	1	69	2	11	3	31	4	99	5	79	6	74	7	79	8	93	9	67	10	7	11	86	12	96	13	11	14	49	15	58	16	53	17	21	18	22	19	83	20	6	21	32	22	21	23	64	24	63	25	76	26	38	27	100	28	81	29	12	30	12	31	99	32	65	33	44	34	17	35	2	36	16	37	74	38	39	39	18	40	82	41	78	42	100	43	29	44	87	45	69	46	28	47	97	48	49	49	14
	0	86	1	89	2	16	3	16	4	5	5	5	6	68	7	59	8	89	9	60	10	74	11	100	12	76	13	80	14	100	15	41	16	85	17	91	18	6	19	22	20	81	21	17	22	82	23	13	24	29	25	21	26	99	27	4	28	31	29	53	30	86	31	12	32	61	33	89	34	67	35	57	36	33	37	69	38	95	39	81	40	91	41	70	42	82	43	100	44	83	45	88	46	21	47	35	48	64	49	94
	0	26	1	34	2	52	3	90	4	53	5	98	6	11	7	94	8	77	9	77	10	51	11	21	12	31	13	83	14	72	15	40	16	30	17	51	18	71	19	20	20	54	21	36	22	10	23	99	24	41	25	31	26	10	27	44	28	23	29	37	30	2	31	80	32	12	33	40	34	81	35	2	36	9	37	49	38	11	39	6	40	100	41	13	42	100	43	98	44	57	45	32	46	38	47	76	48	61	49	7
	0	54	1	76	2	16	3	11	4	59	5	43	6	21	7	73	8	53	9	71	10	9	11	98	12	41	13	96	14	87	15	80	16	61	17	71	18	24	19	69	20	38	21	42	22	77	23	1	24	9	25	84	26	45	27	5	28	73	29	5	30	95	31	49	32	89	33	4	34	7	35	79	36	94	37	26	38	22	39	73	40	32	41	93	42	89	43	8	44	16	45	64	46	52	47	11	48	61	49	66
	0	29	1	53	2	48	3	12	4	52	5	94	6	32	7	78	8	86	9	87	10	88	11	16	12	54	13	14	14	52	15	23	16	14	17	3	18	18	19	97	20	80	21	41	22	82	23	37	24	81	25	95	26	62	27	85	28	96	29	1	30	15	31	6	32	14	33	83	34	39	35	55	36	100	37	9	38	40	39	83	40	77	41	1	42	87	43	70	44	40	45	55	46	90	47	6	48	78	49	35
	0	79	1	32	2	61	3	52	4	63	5	31	6	11	7	29	8	6	9	36	10	86	11	36	12	31	13	65	14	24	15	31	16	58	17	35	18	30	19	27	20	29	21	1	22	21	23	9	24	72	25	8	26	39	27	36	28	20	29	73	30	1	31	17	32	69	33	32	34	66	35	42	36	53	37	4	38	14	39	16	40	70	41	68	42	76	43	13	44	87	45	64	46	64	47	57	48	95	49	42
	0	84	1	94	2	10	3	39	4	34	5	14	6	37	7	45	8	19	9	40	10	29	11	1	12	41	13	77	14	27	15	29	16	28	17	15	18	50	19	86	20	31	21	2	22	74	23	12	24	100	25	45	26	29	27	79	28	98	29	10	30	86	31	95	32	36	33	18	34	18	35	2	36	34	37	55	38	73	39	75	40	32	41	58	42	75	43	14	44	14	45	36	46	37	47	76	48	12	49	37
	0	73	1	11	2	12	3	72	4	31	5	73	6	76	7	56	8	76	9	37	10	45	11	30	12	12	13	36	14	93	15	74	16	7	17	99	18	50	19	14	20	68	21	67	22	12	23	100	24	86	25	89	26	95	27	3	28	27	29	56	30	17	31	38	32	62	33	11	34	14	35	51	36	49	37	35	38	5	39	87	40	16	41	16	42	83	43	45	44	100	45	36	46	95	47	97	48	51	49	40
	0	19	1	8	2	2	3	66	4	75	5	88	6	59	7	57	8	15	9	73	10	72	11	79	12	75	13	13	14	76	15	23	16	2	17	3	18	34	19	56	20	69	21	93	22	6	23	45	24	48	25	70	26	22	27	93	28	15	29	91	30	45	31	36	32	85	33	95	34	53	35	96	36	22	37	57	38	65	39	96	40	64	41	34	42	91	43	79	44	49	45	20	46	95	47	84	48	49	49	29
	0	85	1	72	2	35	3	41	4	77	5	5	6	34	7	13	8	95	9	29	10	58	11	20	12	5	13	99	14	99	15	73	16	93	17	54	18	35	19	58	20	41	21	39	22	90	23	61	24	49	25	18	26	37	27	82	28	19	29	32	30	36	31	71	32	97	33	95	34	51	35	15	36	26	37	30	38	93	39	69	40	82	41	96	42	64	43	14	44	65	45	45	46	22	47	77	48	90	49	17
	0	79	1	56	2	96	3	70	4	99	5	18	6	56	7	85	8	69	9	85	10	69	11	8	12	52	13	9	14	59	15	14	16	51	17	10	18	24	19	4	20	33	21	20	22	90	23	70	24	3	25	66	26	81	27	90	28	21	29	83	30	6	31	38	32	3	33	29	34	11	35	24	36	53	37	60	38	69	39	95	40	6	41	79	42	86	43	53	44	93	45	64	46	59	47	95	48	47	49	36
	0	9	1	63	2	22	3	41	4	72	5	54	6	78	7	35	8	29	9	50	10	70	11	5	12	100	13	43	14	37	15	68	16	35	17	88	18	74	19	29	20	87	21	89	22	45	23	81	24	31	25	11	26	63	27	94	28	76	29	80	30	38	31	19	32	93	33	94	34	84	35	94	36	28	37	78	38	28	39	42	40	7	41	44	42	54	43	95	44	25	45	40	46	96	47	82	48	89	49	99
	0	40	1	56	2	57	3	35	4	14	5	67	6	85	7	26	8	74	9	96	10	88	11	87	12	4	13	97	14	54	15	36	16	3	17	29	18	1	19	99	20	22	21	73	22	29	23	95	24	64	25	47	26	31	27	9	28	76	29	90	30	62	31	48	32	88	33	63	34	70	35	29	36	74	37	83	38	51	39	46	40	47	41	8	42	64	43	11	44	8	45	22	46	45	47	80	48	20	49	88
	0	79	1	99	2	62	3	77	4	34	5	24	6	97	7	91	8	60	9	9	10	56	11	27	12	16	13	76	14	12	15	59	16	63	17	91	18	18	19	33	20	50	21	17	22	8	23	5	24	73	25	23	26	96	27	61	28	85	29	68	30	31	31	99	32	98	33	89	34	84	35	69	36	78	37	54	38	61	39	98	40	54	41	75	42	98	43	42	44	81	45	76	46	65	47	43	48	19	49	70
	0	74	1	90	2	24	3	91	4	94	5	3	6	76	7	73	8	95	9	96	10	67	11	94	12	94	13	81	14	37	15	3	16	55	17	27	18	39	19	11	20	70	21	78	22	47	23	18	24	49	25	98	26	60	27	92	28	58	29	3	30	64	31	39	32	1	33	87	34	37	35	17	36	47	37	54	38	31	39	85	40	19	41	19	42	51	43	3	44	23	45	42	46	22	47	6	48	76	49	93
	0	15	1	23	2	46	3	78	4	68	5	27	6	35	7	70	8	23	9	21	10	57	11	17	12	70	13	100	14	92	15	26	16	72	17	49	18	19	19	53	20	90	21	61	22	61	23	42	24	69	25	92	26	89	27	78	28	21	29	85	30	82	31	72	32	24	33	17	34	19	35	87	36	43	37	66	38	67	39	52	40	13	41	11	42	88	43	50	44	57	45	81	46	70	47	67	48	31	49	41
	0	69	1	32	2	3	3	77	4	97	5	86	6	25	7	10	8	23	9	75	10	52	11	58	12	39	13	36	14	5	15	23	16	28	17	31	18	94	19	76	20	39	21	46	22	42	23	59	24	36	25	57	26	88	27	34	28	95	29	40	30	39	31	48	32	63	33	61	34	11	35	89	36	89	37	89	38	89	39	56	40	10	41	7	42	75	43	66	44	45	45	18	46	17	47	74	48	17	49	76
	0	35	1	76	2	27	3	73	4	93	5	18	6	41	7	83	8	71	9	42	10	58	11	35	12	39	13	29	14	76	15	51	16	54	17	28	18	79	19	1	20	5	21	81	22	98	23	38	24	97	25	78	26	34	27	17	28	38	29	2	30	40	31	26	32	79	33	59	34	90	35	65	36	19	37	90	38	2	39	61	40	59	41	11	42	80	43	7	44	96	45	41	46	90	47	51	48	66	49	1
	0	92	1	88	2	87	3	90	4	88	5	21	6	68	7	90	8	71	9	96	10	68	11	43	12	59	13	26	14	32	15	96	16	70	17	70	18	43	19	27	20	77	21	13	22	53	23	74	24	20	25	75	26	95	27	47	28	96	29	49	30	76	31	93	32	36	33	29	34	17	35	37	36	42	37	98	38	86	39	24	40	52	41	79	42	27	43	32	44	42	45	58	46	96	47	36	48	92	49	48
	0	58	1	37	2	80	3	51	4	97	5	93	6	67	7	25	8	39	9	7	10	92	11	74	12	8	13	64	14	3	15	17	16	49	17	27	18	79	19	1	20	94	21	28	22	9	23	59	24	54	25	7	26	66	27	45	28	68	29	1	30	64	31	76	32	29	33	76	34	85	35	75	36	81	37	55	38	41	39	2	40	56	41	85	42	82	43	91	44	84	45	51	46	67	47	59	48	8	49	19
	0	74	1	47	2	78	3	78	4	6	5	90	6	11	7	8	8	17	9	47	10	41	11	92	12	75	13	42	14	90	15	52	16	20	17	75	18	39	19	71	20	99	21	18	22	89	23	48	24	82	25	6	26	17	27	69	28	85	29	78	30	87	31	23	32	62	33	48	34	72	35	75	36	37	37	89	38	78	39	76	40	86	41	64	42	3	43	87	44	99	45	49	46	44	47	26	48	75	49	30
	0	53	1	84	2	27	3	50	4	6	5	60	6	11	7	63	8	19	9	7	10	95	11	7	12	52	13	98	14	36	15	1	16	53	17	47	18	33	19	41	20	56	21	53	22	75	23	36	24	37	25	39	26	93	27	16	28	68	29	9	30	96	31	6	32	48	33	59	34	47	35	37	36	91	37	91	38	1	39	47	40	96	41	33	42	22	43	98	44	37	45	58	46	45	47	93	48	45	49	51
	0	55	1	92	2	67	3	84	4	90	5	40	6	22	7	78	8	94	9	74	10	7	11	65	12	86	13	61	14	96	15	89	16	11	17	82	18	52	19	11	20	87	21	80	22	48	23	91	24	68	25	13	26	48	27	66	28	97	29	1	30	18	31	66	32	99	33	52	34	51	35	15	36	48	37	95	38	32	39	12	40	24	41	68	42	75	43	8	44	7	45	41	46	13	47	94	48	6	49	54
	0	16	1	92	2	14	3	23	4	73	5	100	6	24	7	29	8	60	9	39	10	58	11	89	12	84	13	1	14	90	15	97	16	71	17	91	18	73	19	56	20	35	21	24	22	88	23	59	24	58	25	5	26	78	27	80	28	60	29	21	30	50	31	85	32	29	33	5	34	35	35	79	36	61	37	57	38	59	39	40	40	20	41	43	42	50	43	13	44	4	45	91	46	90	47	65	48	10	49	63
	0	97	1	19	2	96	3	73	4	73	5	19	6	14	7	74	8	77	9	2	10	44	11	42	12	95	13	70	14	59	15	26	16	11	17	86	18	1	19	36	20	27	21	49	22	43	23	97	24	56	25	15	26	83	27	96	28	92	29	60	30	69	31	80	32	58	33	18	34	75	35	96	36	49	37	36	38	67	39	84	40	40	41	20	42	19	43	57	44	25	45	69	46	94	47	31	48	10	49	23
	0	74	1	85	2	65	3	78	4	16	5	72	6	13	7	29	8	69	9	5	10	21	11	48	12	72	13	96	14	4	15	26	16	28	17	7	18	70	19	13	20	15	21	56	22	58	23	37	24	82	25	92	26	59	27	7	28	41	29	98	30	8	31	10	32	59	33	32	34	92	35	60	36	96	37	88	38	20	39	75	40	59	41	32	42	37	43	61	44	61	45	62	46	91	47	58	48	4	49	94
	0	69	1	65	2	24	3	64	4	82	5	43	6	75	7	98	8	46	9	72	10	30	11	5	12	89	13	2	14	29	15	79	16	10	17	43	18	10	19	21	20	30	21	64	22	93	23	16	24	31	25	94	26	1	27	34	28	80	29	63	30	49	31	24	32	67	33	23	34	33	35	31	36	22	37	19	38	87	39	56	40	68	41	16	42	8	43	35	44	45	45	96	46	51	47	7	48	4	49	90
	0	56	1	94	2	57	3	97	4	58	5	27	6	27	7	6	8	75	9	69	10	42	11	33	12	5	13	40	14	65	15	30	16	48	17	33	18	43	19	34	20	52	21	71	22	43	23	55	24	45	25	69	26	74	27	27	28	90	29	70	30	42	31	75	32	1	33	84	34	69	35	61	36	84	37	57	38	83	39	20	40	88	41	26	42	57	43	97	44	7	45	62	46	46	47	44	48	49	49	97
	0	70	1	46	2	49	3	75	4	18	5	69	6	29	7	90	8	86	9	70	10	4	11	1	12	74	13	89	14	84	15	20	16	96	17	35	18	48	19	27	20	88	21	24	22	63	23	63	24	9	25	24	26	88	27	84	28	77	29	38	30	82	31	2	32	84	33	2	34	1	35	26	36	74	37	4	38	72	39	86	40	94	41	37	42	48	43	11	44	33	45	37	46	13	47	81	48	23	49	86
	0	72	1	85	2	65	3	70	4	46	5	42	6	94	7	23	8	74	9	80	10	9	11	97	12	67	13	79	14	26	15	39	16	79	17	11	18	27	19	68	20	2	21	42	22	22	23	82	24	73	25	83	26	36	27	36	28	67	29	98	30	94	31	69	32	23	33	3	34	71	35	73	36	1	37	25	38	13	39	40	40	88	41	98	42	74	43	23	44	92	45	10	46	92	47	82	48	98	49	41
	0	22	1	32	2	70	3	48	4	100	5	96	6	21	7	82	8	82	9	20	10	94	11	54	12	11	13	29	14	14	15	83	16	92	17	12	18	15	19	79	20	76	21	62	22	47	23	65	24	87	25	29	26	17	27	28	28	39	29	46	30	16	31	55	32	41	33	35	34	46	35	93	36	68	37	9	38	35	39	45	40	52	41	34	42	15	43	84	44	32	45	1	46	3	47	50	48	51	49	31
	0	92	1	67	2	1	3	12	4	64	5	81	6	46	7	44	8	71	9	19	10	79	11	35	12	41	13	17	14	94	15	75	16	21	17	70	18	71	19	91	20	48	21	88	22	11	23	38	24	18	25	73	26	75	27	8	28	92	29	58	30	1	31	37	32	59	33	59	34	12	35	56	36	48	37	26	38	32	39	10	40	54	41	18	42	84	43	41	44	23	45	20	46	29	47	19	48	7	49	72
	0	64	1	51	2	94	3	2	4	6	5	8	6	64	7	58	8	14	9	61	10	31	11	88	12	30	13	4	14	61	15	23	16	43	17	97	18	2	19	56	20	10	21	84	22	37	23	16	24	82	25	46	26	58	27	81	28	22	29	95	30	34	31	94	32	9	33	36	34	96	35	58	36	68	37	32	38	84	39	30	40	84	41	63	42	12	43	44	44	57	45	65	46	67	47	29	48	34	49	76
	0	25	1	1	2	25	3	36	4	59	5	50	6	61	7	20	8	87	9	45	10	86	11	96	12	55	13	31	14	75	15	33	16	78	17	99	18	10	19	12	20	77	21	28	22	73	23	3	24	76	25	61	26	34	27	22	28	62	29	51	30	36	31	76	32	10	33	71	34	8	35	51	36	32	37	13	38	64	39	24	40	97	41	83	42	64	43	78	44	42	45	83	46	41	47	68	48	56	49	47
	0	27	1	65	2	15	3	45	4	31	5	61	6	7	7	98	8	47	9	38	10	54	11	61	12	3	13	16	14	49	15	51	16	69	17	28	18	36	19	48	20	94	21	6	22	21	23	93	24	32	25	63	26	87	27	49	28	92	29	7	30	42	31	100	32	98	33	22	34	39	35	24	36	63	37	5	38	33	39	42	40	14	41	42	42	71	43	36	44	1	45	57	46	24	47	1	48	6	49	80
	0	23	1	48	2	10	3	4	4	35	5	100	6	1	7	36	8	2	9	30	10	21	11	52	12	43	13	34	14	85	15	28	16	60	17	61	18	34	19	93	20	31	21	3	22	86	23	24	24	59	25	51	26	2	27	96	28	17	29	59	30	95	31	33	32	15	33	61	34	32	35	46	36	62	37	55	38	13	39	46	40	22	41	28	42	29	43	48	44	62	45	100	46	32	47	41	48	61	49	2
	0	66	1	71	2	21	3	23	4	46	5	42	6	89	7	87	8	85	9	71	10	3	11	42	12	97	13	28	14	4	15	84	16	34	17	48	18	71	19	35	20	42	21	5	22	99	23	48	24	25	25	75	26	98	27	25	28	65	29	35	30	94	31	47	32	37	33	76	34	68	35	67	36	12	37	16	38	47	39	22	40	40	41	59	42	53	43	39	44	55	45	20	46	51	47	66	48	50	49	14
	0	75	1	44	2	97	3	92	4	7	5	97	6	27	7	56	8	44	9	14	10	96	11	97	12	80	13	44	14	87	15	30	16	83	17	27	18	32	19	30	20	44	21	38	22	60	23	76	24	32	25	19	26	96	27	79	28	91	29	7	30	72	31	39	32	31	33	12	34	18	35	48	36	39	37	80	38	57	39	50	40	88	41	49	42	16	43	27	44	14	45	96	46	9	47	50	48	23	49	22
	0	88	1	31	2	7	3	19	4	50	5	76	6	3	7	25	8	30	9	87	10	25	11	61	12	48	13	7	14	45	15	98	16	79	17	77	18	11	19	8	20	50	21	58	22	14	23	86	24	1	25	41	26	58	27	56	28	56	29	36	30	89	31	98	32	96	33	34	34	87	35	50	36	21	37	53	38	21	39	79	40	47	41	42	42	27	43	31	44	86	45	89	46	66	47	85	48	87	49	50
	0	57	1	91	2	45	3	16	4	2	5	59	6	9	7	67	8	45	9	28	10	41	11	82	12	28	13	26	14	4	15	13	16	53	17	15	18	92	19	41	20	39	21	79	22	23	23	55	24	40	25	72	26	50	27	47	28	87	29	83	30	80	31	99	32	32	33	40	34	90	35	4	36	27	37	81	38	82	39	50	40	79	41	68	42	31	43	68	44	33	45	6	46	91	47	11	48	96	49	5
	0	90	1	10	2	3	3	97	4	15	5	50	6	79	7	92	8	63	9	31	10	50	11	28	12	31	13	23	14	10	15	70	16	40	17	36	18	58	19	37	20	44	21	46	22	34	23	85	24	53	25	64	26	40	27	62	28	72	29	30	30	25	31	7	32	50	33	73	34	58	35	85	36	63	37	68	38	28	39	49	40	5	41	81	42	38	43	86	44	44	45	83	46	88	47	95	48	60	49	69
	0	61	1	92	2	1	3	27	4	55	5	38	6	91	7	29	8	33	9	46	10	93	11	40	12	71	13	13	14	14	15	78	16	40	17	70	18	92	19	62	20	41	21	53	22	15	23	26	24	83	25	45	26	57	27	5	28	82	29	34	30	21	31	98	32	96	33	86	34	43	35	79	36	57	37	37	38	88	39	11	40	40	41	37	42	32	43	74	44	86	45	16	46	32	47	16	48	83	49	56
	0	6	1	99	2	43	3	66	4	89	5	83	6	61	7	22	8	41	9	78	10	27	11	3	12	2	13	55	14	19	15	37	16	42	17	100	18	24	19	45	20	42	21	48	22	34	23	39	24	2	25	27	26	41	27	10	28	63	29	14	30	15	31	22	32	94	33	60	34	29	35	2	36	80	37	60	38	92	39	60	40	98	41	56	42	80	43	22	44	90	45	14	46	82	47	36	48	54	49	4
	0	11	1	77	2	13	3	66	4	34	5	84	6	47	7	62	8	27	9	89	10	72	11	41	12	60	13	26	14	29	15	43	16	65	17	24	18	100	19	50	20	43	21	29	22	66	23	57	24	18	25	15	26	80	27	87	28	31	29	56	30	16	31	20	32	45	33	98	34	16	35	79	36	5	37	30	38	44	39	3	40	56	41	53	42	34	43	1	44	38	45	1	46	64	47	55	48	86	49	50
	0	19	1	41	2	26	3	26	4	12	5	63	6	37	7	2	8	75	9	24	10	7	11	42	12	49	13	88	14	20	15	24	16	23	17	93	18	55	19	61	20	5	21	39	22	61	23	98	24	30	25	41	26	62	27	58	28	37	29	21	30	98	31	47	32	64	33	5	34	98	35	73	36	38	37	20	38	56	39	9	40	85	41	16	42	48	43	18	44	58	45	64	46	5	47	25	48	67	49	1
	0	39	1	89	2	71	3	23	4	95	5	27	6	49	7	45	8	44	9	81	10	69	11	78	12	79	13	35	14	19	15	6	16	61	17	19	18	79	19	38	20	13	21	62	22	28	23	91	24	86	25	83	26	28	27	19	28	34	29	21	30	36	31	85	32	58	33	51	34	20	35	72	36	29	37	40	38	89	39	36	40	87	41	35	42	60	43	79	44	74	45	85	46	29	47	95	48	63	49	41
	0	3	1	91	2	64	3	90	4	31	5	17	6	50	7	15	8	28	9	35	10	15	11	84	12	76	13	18	14	57	15	11	16	59	17	67	18	58	19	41	20	54	21	77	22	92	23	60	24	99	25	89	26	1	27	20	28	93	29	13	30	96	31	41	32	9	33	18	34	89	35	20	36	27	37	2	38	61	39	64	40	12	41	12	42	25	43	37	44	94	45	59	46	26	47	61	48	31	49	54
	0	94	1	36	2	57	3	70	4	55	5	71	6	52	7	88	8	47	9	14	10	70	11	92	12	100	13	47	14	30	15	20	16	86	17	84	18	59	19	92	20	40	21	62	22	13	23	61	24	12	25	56	26	50	27	58	28	2	29	17	30	9	31	41	32	72	33	31	34	20	35	56	36	68	37	60	38	72	39	71	40	70	41	92	42	76	43	49	44	58	45	17	46	32	47	63	48	74	49	14
	0	75	1	72	2	98	3	15	4	50	5	7	6	93	7	66	8	66	9	54	10	65	11	24	12	100	13	2	14	45	15	33	16	70	17	14	18	15	19	99	20	91	21	45	22	97	23	32	24	86	25	94	26	99	27	32	28	14	29	79	30	92	31	45	32	33	33	65	34	46	35	4	36	23	37	92	38	57	39	47	40	19	41	75	42	42	43	51	44	46	45	74	46	89	47	54	48	44	49	62
	0	80	1	32	2	29	3	33	4	27	5	64	6	32	7	24	8	97	9	100	10	7	11	62	12	1	13	11	14	99	15	37	16	88	17	89	18	15	19	70	20	61	21	27	22	46	23	38	24	6	25	97	26	18	27	59	28	98	29	3	30	85	31	60	32	39	33	81	34	83	35	70	36	29	37	66	38	3	39	25	40	71	41	58	42	75	43	69	44	79	45	50	46	45	47	88	48	22	49	6
	0	93	1	8	2	36	3	88	4	39	5	48	6	73	7	85	8	22	9	23	10	87	11	95	12	47	13	4	14	64	15	47	16	37	17	7	18	41	19	72	20	47	21	72	22	87	23	66	24	16	25	25	26	28	27	1	28	52	29	61	30	45	31	67	32	5	33	88	34	79	35	62	36	51	37	1	38	5	39	64	40	97	41	95	42	91	43	43	44	87	45	29	46	23	47	4	48	55	49	9
	0	73	1	64	2	70	3	30	4	54	5	14	6	58	7	14	8	67	9	4	10	9	11	36	12	47	13	61	14	83	15	9	16	60	17	35	18	90	19	81	20	12	21	13	22	14	23	68	24	67	25	64	26	75	27	12	28	79	29	4	30	87	31	53	32	4	33	79	34	34	35	53	36	29	37	16	38	66	39	88	40	38	41	100	42	12	43	33	44	13	45	53	46	42	47	79	48	19	49	41
	0	25	1	61	2	46	3	33	4	76	5	100	6	89	7	75	8	85	9	66	10	90	11	77	12	63	13	33	14	84	15	2	16	61	17	84	18	12	19	15	20	33	21	62	22	2	23	33	24	65	25	10	26	23	27	86	28	79	29	23	30	65	31	69	32	79	33	3	34	5	35	55	36	21	37	13	38	55	39	95	40	100	41	44	42	10	43	27	44	97	45	55	46	33	47	73	48	29	49	53
	0	49	1	77	2	89	3	14	4	40	5	48	6	81	7	65	8	55	9	77	10	75	11	80	12	80	13	58	14	36	15	59	16	33	17	35	18	18	19	93	20	81	21	45	22	12	23	39	24	87	25	37	26	86	27	39	28	41	29	80	30	75	31	82	32	31	33	99	34	94	35	88	36	54	37	92	38	79	39	36	40	80	41	23	42	92	43	3	44	13	45	98	46	36	47	68	48	20	49	56
	0	71	1	90	2	4	3	47	4	19	5	81	6	66	7	64	8	8	9	20	10	71	11	66	12	94	13	82	14	96	15	1	16	43	17	90	18	66	19	11	20	87	21	97	22	64	23	94	24	76	25	57	26	86	27	30	28	77	29	60	30	99	31	29	32	13	33	18	34	82	35	25	36	27	37	43	38	87	39	44	40	27	41	46	42	51	43	22	44	38	45	49	46	26	47	31	48	61	49	91
	0	19	1	57	2	40	3	63	4	70	5	39	6	56	7	25	8	90	9	50	10	17	11	53	12	51	13	88	14	13	15	54	16	91	17	4	18	52	19	32	20	83	21	88	22	87	23	81	24	85	25	95	26	16	27	74	28	47	29	63	30	9	31	26	32	75	33	80	34	82	35	90	36	55	37	82	38	44	39	100	40	87	41	3	42	68	43	56	44	100	45	97	46	73	47	41	48	30	49	11
	0	15	1	97	2	86	3	84	4	16	5	2	6	43	7	79	8	98	9	32	10	32	11	99	12	79	13	94	14	17	15	32	16	64	17	69	18	71	19	26	20	33	21	92	22	8	23	84	24	2	25	64	26	17	27	44	28	25	29	85	30	17	31	76	32	46	33	26	34	20	35	98	36	26	37	99	38	67	39	23	40	8	41	89	42	100	43	66	44	97	45	60	46	49	47	69	48	45	49	33
	0	68	1	47	2	1	3	23	4	55	5	43	6	50	7	63	8	18	9	47	10	37	11	56	12	91	13	27	14	83	15	46	16	6	17	69	18	8	19	77	20	71	21	25	22	31	23	2	24	14	25	17	26	19	27	48	28	95	29	46	30	91	31	54	32	89	33	1	34	7	35	31	36	1	37	80	38	98	39	29	40	63	41	46	42	8	43	89	44	9	45	96	46	72	47	22	48	61	49	16
	0	40	1	55	2	36	3	37	4	7	5	14	6	83	7	35	8	36	9	52	10	97	11	19	12	77	13	40	14	71	15	18	16	95	17	66	18	89	19	45	20	92	21	23	22	59	23	11	24	69	25	81	26	53	27	18	28	67	29	60	30	95	31	33	32	81	33	67	34	16	35	61	36	35	37	58	38	59	39	25	40	73	41	26	42	22	43	50	44	86	45	42	46	50	47	6	48	90	49	94
	0	32	1	43	2	35	3	1	4	57	5	38	6	87	7	95	8	20	9	25	10	28	11	2	12	16	13	92	14	72	15	59	16	34	17	50	18	73	19	57	20	44	21	22	22	86	23	91	24	52	25	97	26	7	27	48	28	54	29	50	30	100	31	94	32	14	33	28	34	87	35	3	36	54	37	49	38	58	39	58	40	31	41	56	42	24	43	32	44	25	45	39	46	39	47	93	48	83	49	10
	0	36	1	23	2	80	3	86	4	64	5	28	6	94	7	23	8	38	9	86	10	8	11	9	12	17	13	59	14	88	15	7	16	68	17	60	18	93	19	91	20	13	21	60	22	25	23	47	24	33	25	72	26	20	27	98	28	89	29	44	30	28	31	99	32	95	33	55	34	59	35	4	36	28	37	86	38	72	39	92	40	86	41	21	42	32	43	22	44	13	45	97	46	77	47	36	48	54	49	92
	0	61	1	41	2	16	3	55	4	64	5	38	6	39	7	82	8	93	9	71	10	13	11	2	12	2	13	24	14	82	15	43	16	15	17	89	18	35	19	77	20	32	21	69	22	64	23	60	24	42	25	2	26	47	27	28	28	78	29	25	30	80	31	9	32	91	33	100	34	63	35	63	36	28	37	70	38	35	39	64	40	32	41	33	42	83	43	69	44	10	45	46	46	84	47	66	48	29	49	82
	0	70	1	76	2	40	3	20	4	94	5	47	6	48	7	39	8	58	9	88	10	53	11	36	12	37	13	8	14	60	15	96	16	83	17	66	18	17	19	85	20	21	21	55	22	21	23	40	24	55	25	63	26	28	27	77	28	49	29	91	30	26	31	49	32	55	33	22	34	82	35	14	36	4	37	66	38	55	39	1	40	67	41	28	42	39	43	80	44	75	45	77	46	94	47	85	48	38	49	11
	0	54	1	29	2	5	3	35	4	38	5	21	6	69	7	16	8	99	9	79	10	78	11	76	12	78	13	83	14	44	15	21	16	65	17	21	18	32	19	39	20	65	21	30	22	81	23	9	24	41	25	22	26	2	27	92	28	59	29	47	30	22	31	8	32	79	33	46	34	3	35	20	36	57	37	83	38	45	39	74	40	40	41	68	42	35	43	66	44	2	45	3	46	21	47	39	48	14	49	13
	0	22	1	29	2	75	3	48	4	88	5	11	6	33	7	78	8	84	9	18	10	71	11	91	12	63	13	33	14	55	15	83	16	39	17	67	18	47	19	9	20	90	21	95	22	36	23	10	24	39	25	95	26	58	27	57	28	7	29	8	30	78	31	61	32	27	33	35	34	77	35	51	36	57	37	24	38	63	39	14	40	44	41	10	42	89	43	51	44	21	45	24	46	65	47	90	48	45	49	72
	0	72	1	60	2	88	3	55	4	44	5	24	6	66	7	89	8	54	9	17	10	52	11	25	12	24	13	42	14	8	15	99	16	57	17	12	18	43	19	54	20	46	21	50	22	63	23	11	24	18	25	89	26	90	27	84	28	9	29	17	30	59	31	68	32	93	33	71	34	12	35	40	36	90	37	77	38	52	39	59	40	43	41	82	42	42	43	49	44	39	45	31	46	34	47	99	48	98	49	80
	0	83	1	22	2	69	3	55	4	80	5	54	6	7	7	91	8	95	9	81	10	13	11	16	12	30	13	29	14	64	15	56	16	13	17	52	18	70	19	93	20	90	21	8	22	21	23	79	24	92	25	5	26	32	27	6	28	79	29	53	30	77	31	83	32	95	33	61	34	89	35	52	36	93	37	60	38	51	39	73	40	95	41	46	42	18	43	40	44	11	45	68	46	36	47	5	48	27	49	7
	0	52	1	42	2	31	3	26	4	33	5	60	6	55	7	80	8	30	9	46	10	28	11	18	12	69	13	23	14	82	15	19	16	32	17	13	18	55	19	40	20	93	21	75	22	82	23	74	24	88	25	44	26	67	27	37	28	55	29	84	30	73	31	36	32	72	33	50	34	83	35	95	36	66	37	3	38	12	39	28	40	84	41	32	42	73	43	91	44	41	45	79	46	28	47	57	48	98	49	65
	0	79	1	93	2	17	3	65	4	79	5	24	6	7	7	86	8	67	9	25	10	61	11	35	12	52	13	82	14	40	15	92	16	13	17	83	18	55	19	15	20	80	21	64	22	60	23	47	24	13	25	6	26	57	27	8	28	1	29	53	30	52	31	83	32	35	33	8	34	55	35	36	36	45	37	19	38	79	39	22	40	90	41	64	42	92	43	78	44	48	45	3	46	31	47	96	48	44	49	49
	0	77	1	28	2	7	3	68	4	50	5	74	6	57	7	38	8	75	9	43	10	53	11	96	12	34	13	95	14	52	15	64	16	83	17	8	18	68	19	47	20	29	21	14	22	23	23	21	24	78	25	9	26	29	27	72	28	96	29	41	30	59	31	39	32	57	33	1	34	73	35	86	36	62	37	99	38	17	39	1	40	51	41	91	42	15	43	91	44	52	45	82	46	16	47	27	48	24	49	30
	0	73	1	59	2	1	3	22	4	58	5	6	6	47	7	100	8	43	9	75	10	52	11	56	12	97	13	91	14	65	15	18	16	95	17	25	18	27	19	8	20	19	21	47	22	34	23	40	24	5	25	54	26	84	27	75	28	69	29	52	30	44	31	74	32	14	33	71	34	61	35	9	36	99	37	63	38	21	39	100	40	23	41	11	42	89	43	24	44	56	45	30	46	16	47	92	48	18	49	58
	0	94	1	92	2	92	3	66	4	69	5	51	6	20	7	20	8	80	9	55	10	14	11	86	12	56	13	42	14	79	15	63	16	94	17	40	18	55	19	81	20	18	21	35	22	85	23	96	24	65	25	79	26	92	27	70	28	70	29	62	30	22	31	22	32	34	33	39	34	76	35	91	36	96	37	64	38	44	39	35	40	59	41	58	42	9	43	61	44	18	45	58	46	91	47	77	48	5	49	80
	0	44	1	83	2	50	3	7	4	28	5	58	6	10	7	5	8	17	9	14	10	32	11	92	12	20	13	17	14	38	15	43	16	16	17	90	18	51	19	93	20	41	21	58	22	11	23	70	24	73	25	2	26	34	27	77	28	3	29	23	30	21	31	97	32	90	33	34	34	26	35	95	36	31	37	39	38	24	39	39	40	3	41	57	42	54	43	74	44	58	45	9	46	17	47	95	48	67	49	72
	0	65	1	31	2	57	3	64	4	95	5	28	6	79	7	20	8	51	9	80	10	2	11	70	12	87	13	61	14	27	15	37	16	49	17	53	18	59	19	95	20	77	21	71	22	79	23	79	24	30	25	26	26	14	27	25	28	4	29	91	30	92	31	85	32	63	33	46	34	24	35	42	36	43	37	21	38	61	39	16	40	63	41	71	42	7	43	57	44	71	45	42	46	96	47	35	48	18	49	14
	0	58	1	99	2	10	3	39	4	30	5	51	6	4	7	93	8	98	9	59	10	48	11	27	12	58	13	16	14	68	15	83	16	54	17	94	18	54	19	89	20	9	21	82	22	10	23	84	24	72	25	81	26	60	27	12	28	46	29	8	30	28	31	86	32	58	33	33	34	33	35	34	36	3	37	33	38	61	39	45	40	55	41	68	42	23	43	2	44	46	45	90	46	96	47	64	48	43	49	38
	0	100	1	26	2	72	3	95	4	76	5	79	6	81	7	7	8	60	9	45	10	33	11	78	12	68	13	54	14	71	15	96	16	27	17	1	18	98	19	73	20	33	21	82	22	61	23	72	24	21	25	15	26	39	27	73	28	60	29	88	30	69	31	3	32	21	33	74	34	55	35	26	36	90	37	42	38	52	39	64	40	100	41	16	42	22	43	3	44	23	45	80	46	92	47	3	48	44	49	32
	0	76	1	11	2	99	3	27	4	26	5	57	6	55	7	67	8	32	9	68	10	66	11	28	12	95	13	35	14	30	15	29	16	23	17	30	18	28	19	85	20	37	21	43	22	27	23	3	24	84	25	82	26	72	27	1	28	99	29	78	30	6	31	76	32	55	33	72	34	80	35	32	36	92	37	72	38	57	39	62	40	25	41	18	42	18	43	37	44	64	45	93	46	8	47	38	48	98	49	56
	0	10	1	48	2	19	3	1	4	9	5	84	6	1	7	53	8	92	9	33	10	53	11	64	12	4	13	28	14	11	15	74	16	45	17	73	18	35	19	30	20	82	21	2	22	27	23	7	24	13	25	42	26	4	27	49	28	8	29	99	30	59	31	38	32	2	33	97	34	15	35	57	36	35	37	38	38	59	39	92	40	52	41	66	42	97	43	15	44	1	45	38	46	77	47	21	48	7	49	55
	0	61	1	9	2	3	3	94	4	56	5	54	6	46	7	48	8	24	9	90	10	51	11	62	12	44	13	1	14	14	15	23	16	73	17	95	18	14	19	48	20	54	21	15	22	20	23	68	24	58	25	1	26	30	27	8	28	45	29	7	30	24	31	9	32	13	33	48	34	13	35	46	36	34	37	20	38	4	39	36	40	18	41	19	42	32	43	29	44	47	45	59	46	3	47	46	48	77	49	65
	0	75	1	97	2	90	3	77	4	56	5	84	6	43	7	4	8	93	9	89	10	63	11	15	12	1	13	91	14	64	15	55	16	27	17	67	18	96	19	4	20	73	21	63	22	60	23	48	24	12	25	53	26	22	27	15	28	71	29	12	30	41	31	79	32	67	33	70	34	78	35	71	36	17	37	34	38	47	39	21	40	64	41	85	42	39	43	19	44	87	45	86	46	19	47	98	48	80	49	66
	0	81	1	45	2	30	3	64	4	9	5	9	6	25	7	39	8	81	9	60	10	64	11	92	12	13	13	13	14	60	15	52	16	38	17	32	18	55	19	16	20	43	21	64	22	87	23	52	24	37	25	79	26	76	27	4	28	19	29	11	30	26	31	56	32	38	33	21	34	51	35	49	36	6	37	44	38	76	39	42	40	90	41	76	42	75	43	85	44	74	45	7	46	44	47	32	48	95	49	29
	0	17	1	4	2	88	3	58	4	74	5	97	6	81	7	46	8	9	9	81	10	34	11	91	12	42	13	52	14	21	15	46	16	6	17	5	18	75	19	10	20	37	21	71	22	78	23	32	24	41	25	16	26	37	27	66	28	30	29	99	30	85	31	76	32	47	33	48	34	24	35	42	36	12	37	77	38	50	39	60	40	70	41	82	42	71	43	100	44	21	45	67	46	94	47	79	48	60	49	97
	0	24	1	79	2	54	3	84	4	28	5	88	6	45	7	37	8	48	9	60	10	48	11	45	12	51	13	20	14	81	15	76	16	73	17	71	18	53	19	5	20	82	21	49	22	90	23	96	24	66	25	63	26	81	27	18	28	30	29	12	30	74	31	65	32	41	33	36	34	42	35	94	36	83	37	92	38	15	39	26	40	86	41	19	42	50	43	61	44	42	45	53	46	53	47	91	48	41	49	10
	0	23	1	41	2	74	3	30	4	44	5	40	6	91	7	71	8	58	9	25	10	6	11	79	12	3	13	26	14	98	15	81	16	84	17	62	18	42	19	81	20	25	21	89	22	63	23	42	24	6	25	42	26	17	27	1	28	93	29	74	30	17	31	42	32	17	33	98	34	80	35	11	36	55	37	57	38	48	39	77	40	7	41	7	42	11	43	54	44	99	45	73	46	52	47	28	48	37	49	2
	0	63	1	81	2	94	3	56	4	24	5	89	6	8	7	83	8	41	9	33	10	22	11	81	12	73	13	62	14	1	15	41	16	11	17	87	18	88	19	17	20	73	21	99	22	6	23	86	24	39	25	47	26	8	27	76	28	40	29	3	30	26	31	81	32	62	33	7	34	85	35	85	36	46	37	85	38	68	39	82	40	89	41	55	42	62	43	46	44	64	45	81	46	10	47	87	48	37	49	43
	0	55	1	15	2	36	3	19	4	51	5	84	6	93	7	11	8	72	9	83	10	83	11	49	12	47	13	14	14	12	15	64	16	8	17	62	18	40	19	19	20	19	21	38	22	42	23	11	24	25	25	79	26	26	27	21	28	50	29	3	30	84	31	53	32	13	33	76	34	37	35	83	36	61	37	26	38	83	39	34	40	28	41	16	42	84	43	21	44	66	45	72	46	44	47	46	48	18	49	97
	0	49	1	43	2	13	3	51	4	89	5	87	6	23	7	66	8	79	9	21	10	98	11	10	12	39	13	80	14	65	15	48	16	12	17	1	18	73	19	38	20	27	21	47	22	9	23	76	24	30	25	89	26	21	27	74	28	47	29	35	30	14	31	28	32	48	33	76	34	23	35	23	36	28	37	6	38	60	39	70	40	27	41	32	42	1	43	78	44	43	45	76	46	58	47	7	48	28	49	47
	0	45	1	48	2	52	3	16	4	42	5	38	6	91	7	37	8	17	9	92	10	69	11	2	12	43	13	19	14	46	15	98	16	41	17	57	18	63	19	30	20	36	21	31	22	54	23	20	24	75	25	30	26	99	27	82	28	85	29	55	30	85	31	60	32	55	33	86	34	92	35	49	36	51	37	55	38	19	39	64	40	31	41	49	42	13	43	8	44	94	45	60	46	85	47	54	48	83	49	59
	0	8	1	62	2	48	3	65	4	30	5	66	6	8	7	40	8	63	9	29	10	85	11	23	12	16	13	40	14	2	15	81	16	88	17	92	18	54	19	57	20	47	21	80	22	12	23	21	24	42	25	2	26	4	27	71	28	40	29	54	30	81	31	35	32	83	33	41	34	86	35	65	36	7	37	62	38	57	39	33	40	53	41	35	42	41	43	65	44	86	45	56	46	5	47	68	48	90	49	31
	0	65	1	50	2	95	3	12	4	78	5	34	6	77	7	25	8	54	9	93	10	16	11	71	12	89	13	93	14	17	15	48	16	37	17	100	18	17	19	18	20	51	21	88	22	43	23	9	24	82	25	64	26	95	27	36	28	3	29	78	30	55	31	89	32	92	33	17	34	62	35	1	36	16	37	66	38	95	39	2	40	70	41	98	42	55	43	42	44	83	45	43	46	45	47	2	48	82	49	16
	0	77	1	56	2	88	3	33	4	64	5	47	6	83	7	28	8	73	9	76	10	56	11	49	12	49	13	31	14	40	15	17	16	32	17	100	18	84	19	47	20	33	21	52	22	26	23	83	24	30	25	69	26	56	27	96	28	13	29	60	30	99	31	36	32	89	33	11	34	36	35	49	36	7	37	38	38	63	39	93	40	85	41	35	42	44	43	17	44	44	45	58	46	9	47	85	48	72	49	77
	0	12	1	58	2	83	3	80	4	37	5	72	6	44	7	17	8	24	9	66	10	71	11	19	12	59	13	59	14	34	15	35	16	34	17	67	18	19	19	55	20	86	21	20	22	28	23	33	24	67	25	20	26	21	27	12	28	93	29	34	30	29	31	16	32	99	33	32	34	99	35	82	36	66	37	14	38	38	39	16	40	23	41	67	42	80	43	16	44	30	45	59	46	77	47	90	48	92	49	71
	0	5	1	64	2	64	3	99	4	31	5	59	6	45	7	100	8	68	9	73	10	83	11	52	12	36	13	11	14	13	15	53	16	88	17	40	18	21	19	87	20	83	21	60	22	7	23	14	24	7	25	25	26	76	27	90	28	67	29	57	30	89	31	96	32	29	33	19	34	51	35	44	36	58	37	63	38	20	39	98	40	84	41	62	42	65	43	6	44	7	45	75	46	95	47	58	48	18	49	29
	0	56	1	93	2	82	3	6	4	54	5	26	6	27	7	61	8	55	9	80	10	35	11	26	12	75	13	30	14	12	15	61	16	48	17	97	18	4	19	60	20	53	21	56	22	70	23	36	24	19	25	36	26	40	27	30	28	55	29	33	30	13	31	10	32	68	33	62	34	72	35	76	36	58	37	21	38	23	39	77	40	19	41	34	42	94	43	6	44	69	45	9	46	32	47	22	48	2	49	26
	0	97	1	27	2	25	3	21	4	40	5	95	6	21	7	62	8	16	9	17	10	73	11	18	12	58	13	35	14	2	15	52	16	23	17	55	18	38	19	20	20	87	21	65	22	18	23	34	24	42	25	16	26	63	27	25	28	27	29	24	30	4	31	25	32	97	33	9	34	37	35	38	36	13	37	73	38	44	39	79	40	96	41	87	42	99	43	3	44	92	45	45	46	46	47	45	48	37	49	94
	0	30	1	45	2	18	3	56	4	96	5	38	6	57	7	90	8	18	9	18	10	90	11	77	12	90	13	17	14	100	15	13	16	13	17	56	18	18	19	48	20	53	21	58	22	27	23	7	24	55	25	30	26	13	27	68	28	36	29	50	30	50	31	7	32	90	33	21	34	21	35	22	36	93	37	82	38	2	39	79	40	63	41	82	42	74	43	78	44	44	45	48	46	31	47	8	48	94	49	24
	0	89	1	34	2	12	3	48	4	38	5	57	6	31	7	94	8	78	9	22	10	51	11	4	12	30	13	72	14	98	15	72	16	11	17	70	18	43	19	77	20	21	21	44	22	2	23	61	24	90	25	16	26	91	27	93	28	50	29	31	30	43	31	93	32	69	33	85	34	77	35	73	36	39	37	34	38	90	39	40	40	1	41	17	42	15	43	69	44	78	45	30	46	50	47	26	48	10	49	50
	0	77	1	11	2	44	3	62	4	5	5	50	6	4	7	69	8	5	9	54	10	50	11	79	12	43	13	16	14	11	15	95	16	1	17	35	18	26	19	45	20	63	21	63	22	54	23	47	24	99	25	35	26	27	27	89	28	65	29	10	30	49	31	50	32	20	33	48	34	80	35	24	36	14	37	98	38	43	39	1	40	5	41	57	42	56	43	18	44	98	45	48	46	73	47	95	48	33	49	11
	0	75	1	13	2	53	3	14	4	66	5	99	6	20	7	17	8	44	9	17	10	81	11	56	12	66	13	96	14	92	15	30	16	23	17	36	18	42	19	4	20	90	21	70	22	52	23	57	24	25	25	73	26	31	27	43	28	21	29	56	30	15	31	57	32	46	33	76	34	31	35	92	36	24	37	48	38	37	39	58	40	28	41	50	42	57	43	94	44	5	45	54	46	10	47	75	48	49	49	16
	0	72	1	19	2	87	3	17	4	56	5	34	6	48	7	36	8	86	9	61	10	30	11	89	12	87	13	2	14	83	15	85	16	41	17	47	18	75	19	56	20	57	21	26	22	12	23	85	24	73	25	58	26	20	27	28	28	85	29	77	30	18	31	98	32	56	33	45	34	32	35	78	36	71	37	96	38	50	39	62	40	27	41	59	42	83	43	43	44	83	45	56	46	10	47	4	48	96	49	85
	0	20	1	78	2	32	3	18	4	61	5	86	6	27	7	83	8	74	9	62	10	24	11	6	12	70	13	27	14	18	15	36	16	84	17	74	18	96	19	76	20	85	21	72	22	40	23	98	24	69	25	7	26	31	27	1	28	35	29	13	30	78	31	58	32	22	33	54	34	58	35	55	36	71	37	78	38	40	39	5	40	33	41	40	42	28	43	11	44	32	45	67	46	51	47	97	48	55	49	17
	0	75	1	35	2	44	3	47	4	29	5	40	6	87	7	8	8	57	9	99	10	51	11	5	12	43	13	74	14	97	15	16	16	78	17	86	18	75	19	52	20	52	21	62	22	77	23	83	24	96	25	15	26	11	27	91	28	19	29	85	30	20	31	6	32	99	33	60	34	49	35	37	36	19	37	49	38	43	39	12	40	80	41	87	42	30	43	87	44	14	45	90	46	24	47	84	48	80	49	86
	0	35	1	62	2	22	3	92	4	88	5	53	6	19	7	18	8	96	9	90	10	57	11	9	12	8	13	33	14	2	15	64	16	53	17	51	18	56	19	90	20	49	21	24	22	16	23	79	24	30	25	81	26	86	27	16	28	37	29	67	30	96	31	57	32	47	33	28	34	32	35	39	36	61	37	48	38	85	39	99	40	61	41	67	42	69	43	29	44	8	45	74	46	66	47	87	48	46	49	67
	0	5	1	30	2	28	3	91	4	75	5	65	6	91	7	23	8	22	9	12	10	27	11	62	12	4	13	27	14	41	15	32	16	83	17	42	18	94	19	9	20	79	21	10	22	63	23	39	24	29	25	57	26	66	27	99	28	15	29	95	30	47	31	24	32	53	33	37	34	9	35	95	36	63	37	12	38	34	39	61	40	59	41	91	42	44	43	58	44	29	45	51	46	78	47	21	48	96	49	48
	0	97	1	14	2	78	3	82	4	40	5	37	6	84	7	57	8	86	9	63	10	22	11	83	12	10	13	25	14	7	15	81	16	29	17	58	18	82	19	64	20	65	21	59	22	100	23	17	24	96	25	31	26	37	27	10	28	53	29	5	30	13	31	2	32	85	33	80	34	56	35	22	36	13	37	8	38	47	39	42	40	28	41	13	42	2	43	69	44	20	45	39	46	92	47	34	48	32	49	43
	0	27	1	41	2	72	3	96	4	23	5	5	6	49	7	45	8	45	9	12	10	94	11	60	12	95	13	50	14	82	15	63	16	83	17	13	18	87	19	11	20	7	21	79	22	13	23	83	24	17	25	100	26	97	27	97	28	57	29	68	30	71	31	51	32	91	33	39	34	26	35	62	36	73	37	24	38	27	39	55	40	10	41	93	42	61	43	24	44	25	45	43	46	20	47	59	48	22	49	15
	0	49	1	19	2	17	3	86	4	19	5	98	6	75	7	49	8	93	9	96	10	68	11	59	12	7	13	22	14	61	15	32	16	80	17	63	18	66	19	91	20	9	21	5	22	39	23	13	24	47	25	100	26	5	27	29	28	38	29	2	30	34	31	65	32	70	33	22	34	5	35	34	36	79	37	69	38	27	39	14	40	91	41	95	42	14	43	82	44	9	45	34	46	20	47	70	48	71	49	19
	0	89	1	77	2	36	3	27	4	80	5	59	6	77	7	56	8	59	9	61	10	82	11	66	12	74	13	75	14	2	15	19	16	67	17	42	18	87	19	100	20	72	21	23	22	9	23	19	24	2	25	15	26	51	27	6	28	45	29	78	30	18	31	65	32	99	33	3	34	4	35	43	36	30	37	47	38	11	39	23	40	29	41	93	42	9	43	63	44	92	45	36	46	80	47	28	48	71	49	83
	0	94	1	81	2	53	3	28	4	98	5	55	6	61	7	38	8	19	9	94	10	8	11	60	12	23	13	47	14	22	15	44	16	68	17	62	18	29	19	16	20	41	21	95	22	79	23	80	24	81	25	45	26	34	27	13	28	24	29	77	30	54	31	83	32	9	33	93	34	57	35	7	36	40	37	56	38	40	39	30	40	4	41	96	42	80	43	96	44	72	45	29	46	57	47	24	48	40	49	86
	0	62	1	34	2	89	3	32	4	93	5	77	6	69	7	3	8	42	9	49	10	35	11	12	12	23	13	15	14	97	15	5	16	18	17	66	18	50	19	39	20	6	21	76	22	4	23	45	24	23	25	41	26	31	27	85	28	71	29	19	30	91	31	3	32	62	33	96	34	15	35	58	36	76	37	44	38	51	39	66	40	50	41	64	42	96	43	91	44	57	45	9	46	83	47	74	48	16	49	38
	0	78	1	83	2	51	3	58	4	29	5	17	6	96	7	28	8	52	9	7	10	2	11	59	12	48	13	90	14	5	15	21	16	7	17	60	18	50	19	41	20	13	21	3	22	92	23	53	24	75	25	85	26	3	27	42	28	48	29	49	30	74	31	82	32	6	33	33	34	82	35	62	36	93	37	25	38	53	39	66	40	67	41	97	42	58	43	21	44	97	45	15	46	12	47	57	48	88	49	89
	0	62	1	28	2	49	3	23	4	94	5	90	6	22	7	80	8	81	9	45	10	33	11	65	12	63	13	82	14	46	15	98	16	31	17	75	18	18	19	21	20	45	21	41	22	94	23	76	24	19	25	39	26	83	27	33	28	51	29	77	30	15	31	61	32	76	33	68	34	62	35	71	36	78	37	22	38	68	39	78	40	78	41	1	42	35	43	49	44	96	45	50	46	46	47	50	48	48	49	86
	0	37	1	97	2	16	3	15	4	30	5	74	6	34	7	94	8	6	9	89	10	34	11	82	12	75	13	55	14	78	15	26	16	61	17	35	18	62	19	75	20	30	21	92	22	55	23	42	24	10	25	15	26	35	27	26	28	87	29	26	30	2	31	86	32	86	33	83	34	7	35	27	36	58	37	39	38	22	39	21	40	26	41	18	42	20	43	98	44	89	45	15	46	73	47	68	48	64	49	39
	0	59	1	53	2	5	3	50	4	41	5	54	6	70	7	66	8	84	9	73	10	80	11	25	12	85	13	65	14	14	15	49	16	53	17	92	18	41	19	30	20	72	21	5	22	60	23	43	24	12	25	78	26	13	27	49	28	88	29	61	30	95	31	47	32	77	33	32	34	75	35	96	36	36	37	73	38	87	39	95	40	95	41	85	42	71	43	14	44	8	45	18	46	73	47	3	48	85	49	3
	0	29	1	23	2	44	3	85	4	83	5	75	6	57	7	3	8	32	9	28	10	68	11	74	12	89	13	63	14	20	15	69	16	4	17	86	18	10	19	89	20	90	21	84	22	64	23	78	24	38	25	21	26	3	27	38	28	27	29	94	30	29	31	28	32	50	33	5	34	70	35	49	36	28	37	17	38	50	39	79	40	66	41	89	42	81	43	79	44	85	45	29	46	86	47	96	48	37	49	90
	0	3	1	40	2	65	3	4	4	32	5	97	6	93	7	39	8	21	9	24	10	44	11	8	12	7	13	11	14	18	15	80	16	49	17	38	18	84	19	57	20	30	21	38	22	67	23	31	24	13	25	48	26	33	27	26	28	70	29	20	30	4	31	93	32	26	33	18	34	56	35	14	36	85	37	15	38	78	39	24	40	35	41	72	42	3	43	71	44	35	45	76	46	29	47	64	48	52	49	45
	0	2	1	77	2	81	3	41	4	22	5	18	6	72	7	53	8	90	9	74	10	62	11	28	12	19	13	93	14	61	15	67	16	67	17	63	18	57	19	28	20	72	21	98	22	36	23	82	24	89	25	48	26	27	27	19	28	61	29	88	30	21	31	12	32	87	33	44	34	33	35	74	36	48	37	78	38	84	39	72	40	19	41	34	42	45	43	79	44	74	45	4	46	58	47	79	48	57	49	90
	0	24	1	61	2	83	3	45	4	38	5	56	6	95	7	43	8	88	9	16	10	76	11	96	12	67	13	35	14	2	15	15	16	61	17	48	18	96	19	3	20	99	21	80	22	93	23	3	24	1	25	13	26	50	27	53	28	39	29	3	30	44	31	21	32	9	33	65	34	55	35	15	36	73	37	96	38	23	39	99	40	22	41	18	42	18	43	48	44	73	45	61	46	70	47	38	48	85	49	4
	0	50	1	50	2	84	3	56	4	93	5	19	6	4	7	43	8	6	9	79	10	97	11	35	12	3	13	72	14	80	15	18	16	60	17	22	18	96	19	6	20	81	21	98	22	27	23	53	24	14	25	16	26	89	27	89	28	70	29	47	30	72	31	8	32	25	33	38	34	28	35	80	36	5	37	59	38	25	39	62	40	85	41	39	42	94	43	24	44	69	45	49	46	50	47	23	48	9	49	41
	0	79	1	92	2	86	3	61	4	97	5	26	6	74	7	88	8	40	9	68	10	40	11	69	12	31	13	51	14	73	15	52	16	39	17	34	18	25	19	39	20	31	21	37	22	14	23	1	24	62	25	71	26	33	27	46	28	78	29	11	30	42	31	15	32	16	33	63	34	63	35	49	36	20	37	17	38	90	39	64	40	17	41	100	42	75	43	15	44	20	45	52	46	74	47	40	48	47	49	1
	0	57	1	12	2	83	3	12	4	3	5	48	6	4	7	29	8	43	9	46	10	68	11	40	12	31	13	49	14	23	15	26	16	45	17	60	18	80	19	84	20	39	21	60	22	84	23	38	24	28	25	90	26	39	27	58	28	44	29	15	30	2	31	65	32	13	33	74	34	37	35	8	36	43	37	78	38	94	39	2	40	7	41	22	42	69	43	93	44	85	45	12	46	33	47	92	48	70	49	34
	0	57	1	62	2	79	3	4	4	74	5	87	6	10	7	85	8	36	9	39	10	31	11	53	12	72	13	14	14	11	15	57	16	45	17	23	18	8	19	2	20	76	21	44	22	89	23	34	24	76	25	81	26	40	27	38	28	1	29	73	30	87	31	47	32	24	33	60	34	50	35	41	36	90	37	3	38	89	39	81	40	4	41	96	42	15	43	94	44	48	45	35	46	77	47	33	48	55	49	30
	0	57	1	44	2	62	3	64	4	13	5	34	6	29	7	41	8	71	9	24	10	3	11	84	12	53	13	17	14	53	15	67	16	78	17	27	18	8	19	94	20	93	21	48	22	78	23	52	24	9	25	44	26	41	27	17	28	48	29	13	30	9	31	81	32	30	33	45	34	38	35	19	36	58	37	61	38	12	39	35	40	81	41	32	42	35	43	38	44	30	45	98	46	8	47	46	48	67	49	34
	0	71	1	19	2	5	3	45	4	44	5	60	6	61	7	70	8	80	9	51	10	65	11	47	12	46	13	1	14	49	15	58	16	57	17	20	18	63	19	43	20	57	21	54	22	9	23	88	24	11	25	54	26	90	27	85	28	50	29	38	30	9	31	48	32	94	33	89	34	68	35	20	36	27	37	98	38	48	39	6	40	18	41	31	42	79	43	25	44	98	45	96	46	22	47	50	48	46	49	28
	0	24	1	99	2	39	3	15	4	24	5	81	6	69	7	49	8	12	9	13	10	35	11	59	12	75	13	66	14	62	15	66	16	81	17	10	18	3	19	70	20	82	21	48	22	25	23	49	24	47	25	73	26	94	27	45	28	36	29	2	30	98	31	56	32	95	33	34	34	79	35	61	36	30	37	65	38	64	39	43	40	84	41	53	42	14	43	3	44	21	45	5	46	31	47	65	48	2	49	43
	0	90	1	9	2	10	3	57	4	94	5	2	6	36	7	61	8	58	9	5	10	64	11	11	12	80	13	71	14	86	15	45	16	44	17	61	18	64	19	58	20	74	21	57	22	100	23	17	24	34	25	41	26	84	27	90	28	25	29	52	30	47	31	32	32	51	33	73	34	7	35	57	36	35	37	87	38	20	39	93	40	9	41	10	42	59	43	86	44	26	45	87	46	69	47	17	48	45	49	11
	0	93	1	42	2	95	3	16	4	63	5	57	6	36	7	18	8	87	9	63	10	41	11	43	12	89	13	83	14	97	15	45	16	84	17	39	18	81	19	3	20	80	21	16	22	62	23	69	24	59	25	50	26	44	27	73	28	69	29	23	30	40	31	36	32	19	33	63	34	46	35	43	36	83	37	62	38	57	39	59	40	31	41	81	42	46	43	7	44	60	45	88	46	82	47	37	48	84	49	55
	0	86	1	51	2	6	3	14	4	26	5	69	6	85	7	42	8	10	9	48	10	73	11	27	12	30	13	83	14	78	15	30	16	63	17	64	18	78	19	62	20	31	21	62	22	4	23	13	24	75	25	64	26	48	27	31	28	6	29	86	30	84	31	21	32	21	33	31	34	94	35	10	36	7	37	73	38	38	39	13	40	70	41	84	42	23	43	80	44	65	45	29	46	36	47	19	48	5	49	7
	0	76	1	24	2	84	3	5	4	75	5	43	6	35	7	87	8	100	9	83	10	14	11	58	12	91	13	20	14	80	15	48	16	50	17	68	18	4	19	21	20	5	21	30	22	41	23	2	24	19	25	24	26	35	27	77	28	94	29	67	30	50	31	2	32	9	33	55	34	40	35	40	36	96	37	69	38	5	39	99	40	21	41	4	42	98	43	42	44	48	45	96	46	77	47	7	48	86	49	88
	0	14	1	28	2	55	3	71	4	11	5	79	6	21	7	88	8	81	9	55	10	84	11	77	12	98	13	80	14	19	15	2	16	18	17	96	18	2	19	3	20	30	21	74	22	73	23	45	24	92	25	56	26	29	27	59	28	45	29	14	30	24	31	11	32	28	33	88	34	37	35	32	36	37	37	38	38	44	39	92	40	85	41	19	42	73	43	14	44	65	45	72	46	57	47	50	48	30	49	80
	0	10	1	71	2	30	3	39	4	77	5	43	6	79	7	44	8	40	9	81	10	38	11	77	12	91	13	17	14	32	15	70	16	87	17	20	18	48	19	57	20	63	21	45	22	77	23	52	24	58	25	9	26	93	27	12	28	79	29	23	30	86	31	75	32	22	33	13	34	92	35	73	36	10	37	27	38	85	39	77	40	23	41	1	42	31	43	7	44	24	45	26	46	8	47	20	48	22	49	58
	0	41	1	66	2	10	3	43	4	31	5	62	6	72	7	57	8	41	9	37	10	50	11	84	12	91	13	39	14	20	15	84	16	74	17	5	18	9	19	14	20	82	21	51	22	49	23	20	24	19	25	15	26	67	27	94	28	32	29	60	30	41	31	81	32	86	33	45	34	75	35	73	36	66	37	85	38	78	39	16	40	89	41	84	42	44	43	37	44	44	45	8	46	71	47	51	48	6	49	17
	0	67	1	10	2	87	3	91	4	25	5	2	6	17	7	13	8	72	9	19	10	77	11	90	12	27	13	41	14	20	15	25	16	5	17	11	18	47	19	81	20	73	21	8	22	36	23	90	24	41	25	22	26	40	27	94	28	24	29	96	30	86	31	40	32	36	33	9	34	62	35	45	36	88	37	79	38	60	39	16	40	99	41	38	42	12	43	84	44	45	45	100	46	54	47	91	48	5	49	21
	0	84	1	41	2	88	3	21	4	4	5	97	6	30	7	20	8	68	9	87	10	9	11	18	12	84	13	60	14	24	15	96	16	16	17	92	18	10	19	43	20	3	21	40	22	15	23	24	24	97	25	95	26	43	27	39	28	67	29	77	30	39	31	56	32	34	33	79	34	84	35	4	36	33	37	45	38	7	39	50	40	16	41	52	42	43	43	24	44	40	45	12	46	100	47	44	48	2	49	34
	0	96	1	53	2	23	3	2	4	95	5	92	6	93	7	52	8	52	9	48	10	8	11	70	12	28	13	60	14	96	15	36	16	58	17	73	18	84	19	79	20	77	21	72	22	63	23	31	24	23	25	41	26	63	27	84	28	87	29	14	30	17	31	2	32	81	33	29	34	17	35	22	36	23	37	95	38	51	39	60	40	87	41	36	42	98	43	9	44	50	45	64	46	16	47	81	48	38	49	6
	0	39	1	44	2	51	3	84	4	87	5	41	6	27	7	7	8	33	9	15	10	69	11	59	12	7	13	51	14	35	15	58	16	100	17	20	18	90	19	26	20	23	21	100	22	43	23	21	24	28	25	83	26	43	27	89	28	88	29	9	30	84	31	47	32	100	33	85	34	50	35	20	36	57	37	80	38	21	39	74	40	3	41	96	42	87	43	19	44	60	45	65	46	62	47	90	48	10	49	19
	0	93	1	16	2	50	3	32	4	1	5	40	6	58	7	34	8	1	9	44	10	46	11	39	12	90	13	1	14	89	15	50	16	1	17	59	18	42	19	17	20	49	21	10	22	91	23	68	24	38	25	23	26	10	27	53	28	96	29	38	30	4	31	42	32	41	33	35	34	73	35	90	36	22	37	40	38	18	39	54	40	76	41	29	42	73	43	22	44	84	45	41	46	48	47	91	48	39	49	14
	0	3	1	1	2	40	3	94	4	90	5	26	6	80	7	89	8	37	9	52	10	5	11	81	12	60	13	15	14	47	15	93	16	28	17	86	18	51	19	85	20	12	21	89	22	77	23	31	24	97	25	30	26	25	27	1	28	40	29	56	30	9	31	40	32	98	33	58	34	5	35	21	36	61	37	15	38	25	39	25	40	66	41	23	42	91	43	61	44	75	45	65	46	33	47	39	48	42	49	7
	0	17	1	51	2	9	3	34	4	74	5	28	6	90	7	65	8	5	9	80	10	49	11	100	12	60	13	30	14	80	15	88	16	40	17	1	18	37	19	31	20	45	21	28	22	68	23	57	24	87	25	83	26	67	27	20	28	30	29	59	30	44	31	18	32	30	33	29	34	53	35	37	36	92	37	86	38	70	39	55	40	48	41	42	42	76	43	77	44	53	45	16	46	97	47	69	48	20	49	57
	0	18	1	23	2	72	3	82	4	58	5	69	6	59	7	19	8	76	9	10	10	75	11	81	12	52	13	61	14	83	15	24	16	56	17	96	18	14	19	59	20	1	21	53	22	14	23	13	24	47	25	42	26	53	27	68	28	91	29	56	30	6	31	25	32	78	33	91	34	91	35	64	36	97	37	1	38	7	39	2	40	60	41	67	42	14	43	70	44	83	45	53	46	54	47	56	48	100	49	64
	0	82	1	93	2	91	3	40	4	93	5	86	6	4	7	52	8	35	9	98	10	2	11	81	12	41	13	57	14	60	15	87	16	47	17	36	18	91	19	23	20	63	21	31	22	98	23	24	24	1	25	31	26	49	27	89	28	100	29	57	30	38	31	42	32	94	33	20	34	93	35	24	36	9	37	14	38	13	39	68	40	82	41	54	42	65	43	49	44	50	45	17	46	76	47	14	48	45	49	52
	0	93	1	30	2	93	3	67	4	90	5	17	6	96	7	8	8	55	9	40	10	64	11	74	12	94	13	84	14	9	15	63	16	9	17	37	18	17	19	19	20	58	21	49	22	83	23	26	24	7	25	46	26	41	27	85	28	11	29	26	30	45	31	53	32	99	33	44	34	93	35	39	36	55	37	80	38	70	39	83	40	5	41	52	42	71	43	69	44	61	45	96	46	40	47	33	48	81	49	41
	0	8	1	82	2	44	3	57	4	38	5	39	6	54	7	33	8	5	9	54	10	17	11	29	12	66	13	70	14	50	15	13	16	95	17	35	18	33	19	52	20	97	21	80	22	95	23	50	24	27	25	17	26	3	27	34	28	60	29	30	30	100	31	23	32	2	33	53	34	95	35	56	36	51	37	62	38	26	39	46	40	18	41	31	42	19	43	82	44	84	45	23	46	36	47	13	48	61	49	10
Reldue
-1	8607	-1	1
-1	8358	-1	1
-1	8196	-1	1
-1	8062	-1	1
-1	7282	-1	1
-1	7616	-1	1
-1	7411	-1	1
-1	7064	-1	1
-1	7996	-1	1
-1	7057	-1	1
-1	8887	-1	1
-1	7807	-1	1
-1	8909	-1	1
-1	8802	-1	1
-1	8016	-1	1
-1	7745	-1	1
-1	8083	-1	1
-1	7148	-1	1
-1	7631	-1	1
-1	8871	-1	1
-1	7670	-1	1
-1	8899	-1	1
-1	7596	-1	1
-1	7679	-1	1
-1	7138	-1	1
-1	8778	-1	1
-1	7574	-1	1
-1	7352	-1	1
-1	8659	-1	1
-1	7819	-1	1
-1	8679	-1	1
-1	8592	-1	1
-1	8740	-1	1
-1	8559	-1	1
-1	8177	-1	1
-1	7268	-1	1
-1	8155	-1	1
-1	8577	-1	1
-1	7632	-1	1
-1	7777	-1	1
-1	7305	-1	1
-1	8415	-1	1
-1	7847	-1	1
-1	8014	-1	1
-1	8182	-1	1
-1	8863	-1	1
-1	8014	-1	1
-1	7407	-1	1
-1	8893	-1	1
-1	8705	-1	1
-1	7208	-1	1
-1	8789	-1	1
-1	8909	-1	1
-1	8596	-1	1
-1	8793	-1	1
-1	7132	-1	1
-1	8074	-1	1
-1	7420	-1	1
-1	7037	-1	1
-1	8188	-1	1
-1	8594	-1	1
-1	7688	-1	1
-1	7051	-1	1
-1	7699	-1	1
-1	7992	-1	1
-1	7415	-1	1
-1	8796	-1	1
-1	8870	-1	1
-1	7128	-1	1
-1	7900	-1	1
-1	7253	-1	1
-1	7761	-1	1
-1	8369	-1	1
-1	7930	-1	1
-1	7873	-1	1
-1	7496	-1	1
-1	7224	-1	1
-1	8874	-1	1
-1	7357	-1	1
-1	7738	-1	1
-1	7002	-1	1
-1	8111	-1	1
-1	7238	-1	1
-1	7572	-1	1
-1	7306	-1	1
-1	8253	-1	1
-1	7340	-1	1
-1	8856	-1	1
-1	8811	-1	1
-1	8680	-1	1
-1	7955	-1	1
-1	7650	-1	1
-1	7899	-1	1
-1	7869	-1	1
-1	8434	-1	1
-1	7355	-1	1
-1	8767	-1	1
-1	7780	-1	1
-1	8234	-1	1
-1	8474	-1	1
-1	7741	-1	1
-1	8167	-1	1
-1	7043	-1	1
-1	7641	-1	1
-1	8123	-1	1
-1	8838	-1	1
-1	7061	-1	1
-1	7377	-1	1
-1	7444	-1	1
-1	8698	-1	1
-1	7102	-1	1
-1	8815	-1	1
-1	8481	-1	1
-1	8733	-1	1
-1	8454	-1	1
-1	7651	-1	1
-1	8828	-1	1
-1	8730	-1	1
-1	7304	-1	1
-1	8168	-1	1
-1	7472	-1	1
-1	7884	-1	1
-1	8503	-1	1
-1	7248	-1	1
-1	7938	-1	1
-1	7992	-1	1
-1	8761	-1	1
-1	7774	-1	1
-1	7927	-1	1
-1	8578	-1	1
-1	8787	-1	1
-1	8405	-1	1
-1	7493	-1	1
-1	7532	-1	1
-1	7431	-1	1
-1	8318	-1	1
-1	8852	-1	1
-1	7469	-1	1
-1	8612	-1	1
-1	8564	-1	1
-1	7185	-1	1
-1	8727	-1	1
-1	6971	-1	1
-1	8018	-1	1
-1	7919	-1	1
-1	8023	-1	1
-1	7782	-1	1
-1	8269	-1	1
-1	7462	-1	1
-1	8447	-1	1
LBCmax: 9899
