50  10
	0	33	1	49	2	83	3	21	4	51	5	51	6	25	7	45	8	35	9	74
	0	27	1	63	2	58	3	97	4	96	5	6	6	47	7	43	8	38	9	16
	0	26	1	52	2	67	3	65	4	89	5	27	6	45	7	36	8	94	9	85
	0	29	1	90	2	12	3	37	4	70	5	75	6	42	7	73	8	10	9	43
	0	96	1	10	2	65	3	69	4	10	5	61	6	94	7	17	8	29	9	99
	0	80	1	70	2	88	3	39	4	86	5	27	6	65	7	75	8	61	9	45
	0	97	1	17	2	98	3	59	4	69	5	35	6	80	7	27	8	39	9	7
	0	69	1	73	2	35	3	10	4	100	5	24	6	42	7	19	8	20	9	66
	0	91	1	89	2	63	3	77	4	75	5	52	6	39	7	86	8	86	9	38
	0	16	1	88	2	48	3	2	4	89	5	8	6	57	7	35	8	69	9	91
	0	97	1	67	2	59	3	63	4	70	5	7	6	76	7	87	8	47	9	65
	0	41	1	21	2	56	3	70	4	57	5	32	6	51	7	55	8	36	9	38
	0	18	1	85	2	47	3	82	4	24	5	63	6	97	7	49	8	21	9	8
	0	73	1	94	2	42	3	20	4	96	5	27	6	66	7	57	8	70	9	85
	0	35	1	99	2	29	3	89	4	45	5	75	6	18	7	46	8	54	9	64
	0	48	1	68	2	72	3	12	4	22	5	9	6	23	7	22	8	26	9	33
	0	4	1	1	2	15	3	77	4	70	5	81	6	54	7	69	8	33	9	45
	0	92	1	6	2	40	3	18	4	67	5	14	6	71	7	15	8	82	9	41
	0	89	1	48	2	1	3	49	4	6	5	43	6	44	7	15	8	62	9	4
	0	86	1	49	2	42	3	37	4	97	5	97	6	47	7	21	8	64	9	83
	0	25	1	84	2	86	3	3	4	13	5	23	6	44	7	81	8	45	9	74
	0	70	1	56	2	33	3	26	4	81	5	45	6	21	7	27	8	45	9	10
	0	79	1	36	2	95	3	26	4	68	5	15	6	7	7	23	8	10	9	58
	0	15	1	52	2	41	3	9	4	28	5	93	6	29	7	16	8	57	9	14
	0	71	1	18	2	84	3	43	4	32	5	69	6	30	7	8	8	66	9	39
	0	95	1	68	2	32	3	44	4	79	5	33	6	9	7	12	8	12	9	40
	0	65	1	66	2	53	3	47	4	28	5	86	6	26	7	57	8	79	9	100
	0	11	1	75	2	50	3	85	4	10	5	67	6	3	7	100	8	49	9	79
	0	33	1	82	2	92	3	28	4	98	5	59	6	72	7	77	8	90	9	81
	0	67	1	44	2	89	3	67	4	84	5	29	6	76	7	6	8	22	9	41
	0	77	1	81	2	19	3	66	4	77	5	91	6	16	7	8	8	34	9	93
	0	97	1	87	2	62	3	85	4	71	5	92	6	78	7	10	8	16	9	4
	0	28	1	51	2	4	3	49	4	31	5	36	6	69	7	47	8	22	9	85
	0	90	1	54	2	58	3	64	4	2	5	28	6	44	7	30	8	55	9	61
	0	82	1	74	2	90	3	53	4	35	5	4	6	96	7	25	8	89	9	31
	0	60	1	98	2	36	3	29	4	43	5	80	6	8	7	100	8	29	9	40
	0	45	1	68	2	38	3	69	4	75	5	59	6	88	7	39	8	37	9	71
	0	59	1	33	2	75	3	19	4	3	5	84	6	81	7	22	8	67	9	59
	0	71	1	55	2	62	3	85	4	25	5	97	6	83	7	77	8	8	9	38
	0	43	1	36	2	73	3	25	4	5	5	23	6	3	7	75	8	13	9	21
	0	38	1	59	2	47	3	47	4	12	5	59	6	66	7	77	8	75	9	46
	0	14	1	87	2	84	3	19	4	87	5	28	6	98	7	13	8	8	9	95
	0	90	1	78	2	45	3	53	4	78	5	53	6	64	7	18	8	36	9	23
	0	21	1	29	2	23	3	16	4	17	5	39	6	61	7	73	8	71	9	20
	0	36	1	12	2	2	3	68	4	8	5	58	6	8	7	29	8	54	9	15
	0	84	1	1	2	82	3	2	4	29	5	94	6	77	7	76	8	21	9	20
	0	91	1	16	2	65	3	61	4	66	5	43	6	52	7	58	8	61	9	94
	0	64	1	88	2	29	3	83	4	28	5	26	6	42	7	12	8	6	9	29
	0	90	1	14	2	61	3	79	4	83	5	43	6	48	7	57	8	33	9	45
	0	14	1	57	2	1	3	69	4	4	5	53	6	33	7	14	8	18	9	71
Reldue
-1	1695	-1	1
-1	1586	-1	1
-1	1881	-1	1
-1	1841	-1	1
-1	1964	-1	1
-1	1846	-1	1
-1	1693	-1	1
-1	1843	-1	1
-1	1607	-1	1
-1	1689	-1	1
-1	1989	-1	1
-1	1621	-1	1
-1	2152	-1	1
-1	2178	-1	1
-1	1990	-1	1
-1	1710	-1	1
-1	1954	-1	1
-1	2092	-1	1
-1	1623	-1	1
-1	1715	-1	1
-1	1891	-1	1
-1	1775	-1	1
-1	1648	-1	1
-1	1714	-1	1
-1	1702	-1	1
-1	2172	-1	1
-1	1597	-1	1
-1	2061	-1	1
-1	2106	-1	1
-1	2076	-1	1
-1	1952	-1	1
-1	1899	-1	1
-1	1696	-1	1
-1	1810	-1	1
-1	2159	-1	1
-1	1840	-1	1
-1	2173	-1	1
-1	1663	-1	1
-1	1843	-1	1
-1	2048	-1	1
-1	1844	-1	1
-1	1724	-1	1
-1	2144	-1	1
-1	2125	-1	1
-1	1898	-1	1
-1	1780	-1	1
-1	1706	-1	1
-1	1853	-1	1
-1	1943	-1	1
-1	1962	-1	1
LBCmax: 3126
