350  30
	0	56	1	73	2	96	3	90	4	82	5	93	6	92	7	14	8	77	9	97	10	81	11	24	12	18	13	5	14	25	15	52	16	2	17	96	18	66	19	95	20	46	21	64	22	37	23	4	24	5	25	12	26	71	27	45	28	3	29	16
	0	88	1	50	2	31	3	33	4	56	5	50	6	60	7	29	8	70	9	78	10	4	11	31	12	91	13	76	14	85	15	62	16	25	17	38	18	17	19	95	20	62	21	88	22	3	23	29	24	82	25	56	26	2	27	87	28	1	29	18
	0	29	1	78	2	32	3	3	4	76	5	86	6	53	7	88	8	83	9	65	10	36	11	26	12	79	13	53	14	68	15	90	16	90	17	48	18	59	19	23	20	81	21	96	22	34	23	20	24	58	25	81	26	40	27	90	28	81	29	38
	0	29	1	73	2	36	3	6	4	87	5	10	6	79	7	98	8	16	9	87	10	56	11	67	12	11	13	7	14	38	15	76	16	63	17	53	18	58	19	20	20	89	21	55	22	15	23	41	24	89	25	70	26	90	27	48	28	50	29	38
	0	87	1	27	2	58	3	67	4	96	5	93	6	5	7	73	8	46	9	41	10	84	11	71	12	80	13	80	14	2	15	86	16	86	17	65	18	82	19	42	20	56	21	56	22	9	23	44	24	62	25	77	26	45	27	56	28	72	29	39
	0	34	1	44	2	36	3	71	4	50	5	45	6	26	7	60	8	74	9	60	10	4	11	85	12	99	13	1	14	53	15	23	16	96	17	39	18	99	19	33	20	92	21	22	22	99	23	67	24	47	25	65	26	83	27	51	28	25	29	33
	0	74	1	37	2	96	3	70	4	15	5	35	6	25	7	43	8	87	9	52	10	12	11	3	12	99	13	3	14	16	15	77	16	65	17	93	18	64	19	58	20	22	21	50	22	16	23	48	24	46	25	87	26	63	27	57	28	60	29	11
	0	59	1	97	2	59	3	1	4	24	5	88	6	78	7	37	8	59	9	85	10	87	11	42	12	70	13	98	14	100	15	71	16	95	17	40	18	5	19	63	20	60	21	50	22	72	23	33	24	36	25	62	26	2	27	75	28	50	29	24
	0	97	1	8	2	89	3	82	4	88	5	68	6	88	7	86	8	52	9	47	10	88	11	83	12	78	13	29	14	34	15	5	16	93	17	65	18	3	19	69	20	53	21	83	22	20	23	33	24	36	25	53	26	89	27	97	28	17	29	21
	0	35	1	31	2	15	3	95	4	61	5	62	6	17	7	51	8	40	9	66	10	34	11	85	12	6	13	39	14	57	15	40	16	20	17	49	18	88	19	61	20	18	21	82	22	89	23	79	24	64	25	42	26	69	27	32	28	73	29	75
	0	86	1	39	2	76	3	11	4	58	5	24	6	30	7	50	8	94	9	39	10	16	11	44	12	92	13	26	14	61	15	45	16	67	17	28	18	79	19	17	20	12	21	39	22	22	23	35	24	86	25	55	26	93	27	25	28	100	29	42
	0	43	1	7	2	51	3	69	4	64	5	59	6	91	7	50	8	59	9	97	10	67	11	100	12	35	13	50	14	61	15	91	16	64	17	81	18	98	19	70	20	93	21	62	22	14	23	81	24	9	25	26	26	10	27	90	28	93	29	43
	0	26	1	10	2	11	3	92	4	96	5	78	6	24	7	33	8	95	9	31	10	18	11	93	12	76	13	76	14	98	15	28	16	51	17	58	18	81	19	16	20	82	21	73	22	78	23	100	24	63	25	69	26	76	27	89	28	28	29	39
	0	31	1	73	2	15	3	11	4	48	5	19	6	54	7	61	8	12	9	57	10	76	11	24	12	86	13	70	14	57	15	85	16	89	17	36	18	39	19	54	20	35	21	8	22	98	23	69	24	84	25	11	26	48	27	86	28	32	29	99
	0	97	1	36	2	57	3	5	4	5	5	75	6	80	7	66	8	1	9	38	10	20	11	19	12	58	13	90	14	49	15	95	16	42	17	25	18	75	19	46	20	73	21	58	22	8	23	4	24	71	25	17	26	90	27	40	28	79	29	18
	0	92	1	69	2	71	3	90	4	6	5	43	6	3	7	79	8	95	9	99	10	58	11	57	12	70	13	70	14	86	15	88	16	2	17	76	18	59	19	67	20	6	21	45	22	72	23	99	24	41	25	42	26	70	27	2	28	12	29	95
	0	86	1	52	2	78	3	51	4	1	5	85	6	93	7	6	8	90	9	57	10	36	11	76	12	94	13	90	14	17	15	26	16	25	17	84	18	46	19	60	20	29	21	60	22	14	23	32	24	25	25	61	26	31	27	46	28	11	29	36
	0	97	1	49	2	18	3	77	4	23	5	38	6	31	7	86	8	17	9	25	10	14	11	89	12	4	13	39	14	20	15	38	16	50	17	65	18	60	19	39	20	90	21	34	22	70	23	30	24	15	25	22	26	90	27	77	28	33	29	31
	0	52	1	58	2	24	3	38	4	48	5	83	6	63	7	59	8	2	9	29	10	60	11	47	12	95	13	12	14	59	15	25	16	94	17	27	18	89	19	33	20	98	21	22	22	54	23	22	24	95	25	79	26	7	27	44	28	99	29	31
	0	61	1	100	2	1	3	32	4	6	5	63	6	65	7	63	8	46	9	84	10	49	11	32	12	86	13	32	14	21	15	10	16	18	17	55	18	20	19	12	20	90	21	35	22	63	23	99	24	61	25	89	26	13	27	87	28	70	29	40
	0	49	1	61	2	85	3	47	4	7	5	51	6	88	7	89	8	80	9	8	10	26	11	21	12	3	13	85	14	43	15	55	16	54	17	22	18	56	19	42	20	46	21	71	22	39	23	45	24	2	25	40	26	44	27	38	28	26	29	7
	0	70	1	66	2	12	3	54	4	35	5	53	6	67	7	31	8	49	9	45	10	26	11	14	12	64	13	20	14	91	15	58	16	62	17	5	18	23	19	36	20	5	21	88	22	66	23	12	24	55	25	98	26	83	27	14	28	46	29	11
	0	34	1	72	2	51	3	93	4	28	5	52	6	97	7	89	8	22	9	19	10	99	11	23	12	54	13	79	14	32	15	65	16	33	17	96	18	55	19	84	20	29	21	92	22	57	23	82	24	18	25	68	26	92	27	94	28	91	29	96
	0	14	1	89	2	30	3	90	4	45	5	6	6	8	7	44	8	16	9	14	10	59	11	84	12	83	13	81	14	35	15	98	16	6	17	84	18	47	19	19	20	17	21	9	22	44	23	84	24	59	25	4	26	88	27	97	28	33	29	97
	0	34	1	57	2	6	3	93	4	5	5	46	6	62	7	4	8	33	9	74	10	93	11	78	12	10	13	26	14	78	15	39	16	63	17	73	18	71	19	41	20	45	21	27	22	29	23	10	24	7	25	55	26	17	27	22	28	6	29	86
	0	98	1	34	2	41	3	74	4	85	5	82	6	44	7	3	8	98	9	98	10	54	11	37	12	89	13	19	14	53	15	69	16	92	17	82	18	50	19	5	20	22	21	40	22	34	23	94	24	50	25	33	26	31	27	100	28	96	29	95
	0	45	1	47	2	38	3	99	4	58	5	24	6	23	7	55	8	25	9	97	10	31	11	17	12	92	13	79	14	22	15	63	16	9	17	63	18	68	19	60	20	30	21	95	22	59	23	25	24	17	25	72	26	26	27	36	28	98	29	65
	0	18	1	68	2	26	3	21	4	35	5	46	6	53	7	84	8	2	9	50	10	25	11	43	12	22	13	100	14	41	15	97	16	68	17	27	18	48	19	86	20	82	21	85	22	54	23	49	24	92	25	76	26	93	27	88	28	83	29	92
	0	60	1	50	2	62	3	77	4	16	5	72	6	8	7	97	8	16	9	36	10	8	11	42	12	14	13	33	14	14	15	4	16	62	17	40	18	60	19	15	20	82	21	41	22	40	23	36	24	98	25	72	26	36	27	17	28	53	29	47
	0	32	1	88	2	40	3	5	4	65	5	46	6	25	7	94	8	4	9	35	10	55	11	60	12	38	13	48	14	59	15	35	16	33	17	96	18	89	19	9	20	90	21	23	22	70	23	61	24	85	25	52	26	56	27	72	28	17	29	5
	0	88	1	30	2	65	3	26	4	29	5	30	6	24	7	91	8	9	9	4	10	6	11	10	12	100	13	41	14	94	15	23	16	21	17	92	18	89	19	61	20	23	21	57	22	6	23	33	24	16	25	2	26	89	27	41	28	41	29	58
	0	67	1	42	2	82	3	95	4	57	5	19	6	92	7	80	8	90	9	13	10	70	11	49	12	29	13	32	14	99	15	62	16	88	17	60	18	56	19	26	20	73	21	94	22	38	23	88	24	15	25	18	26	70	27	47	28	60	29	70
	0	87	1	39	2	26	3	66	4	12	5	75	6	67	7	99	8	61	9	58	10	75	11	4	12	55	13	100	14	22	15	80	16	23	17	10	18	39	19	92	20	17	21	34	22	61	23	9	24	78	25	56	26	83	27	39	28	25	29	8
	0	35	1	74	2	51	3	29	4	42	5	53	6	56	7	82	8	37	9	7	10	41	11	22	12	47	13	45	14	56	15	57	16	64	17	92	18	62	19	73	20	75	21	91	22	51	23	89	24	9	25	28	26	57	27	69	28	32	29	46
	0	22	1	20	2	87	3	49	4	7	5	41	6	71	7	20	8	81	9	3	10	89	11	1	12	6	13	78	14	33	15	7	16	11	17	44	18	68	19	75	20	25	21	41	22	29	23	69	24	100	25	44	26	58	27	93	28	59	29	86
	0	43	1	80	2	46	3	48	4	21	5	59	6	51	7	90	8	76	9	24	10	54	11	1	12	32	13	53	14	99	15	86	16	18	17	48	18	2	19	13	20	82	21	96	22	44	23	4	24	44	25	75	26	2	27	24	28	31	29	56
	0	39	1	16	2	53	3	68	4	27	5	81	6	75	7	27	8	99	9	93	10	30	11	58	12	34	13	18	14	53	15	48	16	37	17	57	18	43	19	16	20	58	21	43	22	84	23	88	24	70	25	54	26	70	27	98	28	91	29	34
	0	35	1	86	2	20	3	22	4	58	5	29	6	42	7	36	8	19	9	45	10	86	11	68	12	10	13	56	14	79	15	69	16	27	17	85	18	2	19	54	20	8	21	49	22	52	23	38	24	86	25	47	26	74	27	87	28	67	29	67
	0	95	1	54	2	58	3	62	4	99	5	16	6	13	7	69	8	10	9	57	10	56	11	66	12	70	13	35	14	4	15	91	16	39	17	49	18	7	19	78	20	52	21	90	22	72	23	73	24	3	25	30	26	33	27	36	28	47	29	98
	0	99	1	49	2	38	3	40	4	72	5	82	6	41	7	64	8	29	9	84	10	100	11	12	12	23	13	7	14	27	15	16	16	8	17	74	18	60	19	28	20	33	21	55	22	11	23	32	24	49	25	3	26	75	27	76	28	2	29	79
	0	2	1	83	2	40	3	50	4	39	5	26	6	30	7	54	8	82	9	82	10	76	11	58	12	22	13	99	14	88	15	51	16	54	17	34	18	23	19	58	20	85	21	52	22	25	23	57	24	76	25	96	26	13	27	44	28	77	29	62
	0	4	1	63	2	71	3	42	4	72	5	16	6	13	7	22	8	71	9	3	10	28	11	38	12	81	13	67	14	34	15	40	16	53	17	43	18	69	19	13	20	60	21	30	22	51	23	44	24	86	25	40	26	12	27	51	28	95	29	89
	0	65	1	98	2	81	3	44	4	7	5	76	6	85	7	31	8	69	9	14	10	15	11	66	12	55	13	50	14	29	15	72	16	38	17	84	18	52	19	94	20	9	21	79	22	38	23	22	24	90	25	5	26	3	27	74	28	57	29	17
	0	84	1	20	2	37	3	22	4	10	5	37	6	82	7	85	8	75	9	19	10	13	11	66	12	63	13	95	14	9	15	92	16	62	17	25	18	81	19	7	20	53	21	78	22	32	23	61	24	82	25	100	26	30	27	11	28	45	29	42
	0	16	1	67	2	28	3	10	4	40	5	99	6	99	7	24	8	89	9	74	10	48	11	42	12	45	13	17	14	3	15	56	16	9	17	84	18	82	19	69	20	57	21	13	22	56	23	33	24	18	25	87	26	27	27	71	28	93	29	14
	0	65	1	44	2	68	3	24	4	30	5	18	6	65	7	18	8	89	9	50	10	42	11	48	12	16	13	2	14	60	15	83	16	2	17	28	18	41	19	1	20	48	21	32	22	5	23	29	24	93	25	61	26	63	27	88	28	14	29	83
	0	99	1	45	2	97	3	90	4	60	5	62	6	53	7	94	8	46	9	98	10	56	11	25	12	76	13	13	14	100	15	39	16	51	17	57	18	12	19	7	20	63	21	70	22	74	23	35	24	6	25	12	26	32	27	28	28	88	29	97
	0	93	1	19	2	61	3	8	4	59	5	6	6	10	7	8	8	18	9	78	10	66	11	83	12	6	13	21	14	43	15	78	16	29	17	34	18	2	19	9	20	67	21	100	22	3	23	67	24	37	25	85	26	92	27	44	28	69	29	65
	0	32	1	48	2	22	3	5	4	88	5	88	6	52	7	34	8	5	9	41	10	2	11	97	12	51	13	43	14	80	15	76	16	19	17	52	18	38	19	5	20	97	21	84	22	84	23	29	24	59	25	21	26	67	27	80	28	35	29	34
	0	37	1	67	2	54	3	76	4	64	5	4	6	85	7	42	8	58	9	26	10	5	11	90	12	41	13	68	14	73	15	74	16	49	17	92	18	98	19	46	20	73	21	10	22	11	23	5	24	62	25	30	26	100	27	13	28	54	29	6
	0	56	1	16	2	100	3	91	4	35	5	19	6	94	7	17	8	51	9	7	10	45	11	52	12	37	13	36	14	29	15	96	16	49	17	2	18	20	19	33	20	95	21	74	22	84	23	46	24	17	25	70	26	84	27	54	28	64	29	75
	0	47	1	39	2	18	3	54	4	54	5	60	6	73	7	14	8	92	9	88	10	80	11	95	12	60	13	94	14	2	15	12	16	18	17	78	18	42	19	75	20	31	21	30	22	46	23	50	24	31	25	49	26	83	27	56	28	16	29	66
	0	62	1	90	2	50	3	43	4	34	5	35	6	31	7	62	8	91	9	2	10	46	11	96	12	64	13	95	14	36	15	47	16	68	17	3	18	16	19	96	20	60	21	70	22	54	23	77	24	7	25	90	26	83	27	95	28	72	29	14
	0	6	1	42	2	72	3	93	4	26	5	72	6	57	7	74	8	91	9	45	10	29	11	26	12	54	13	60	14	88	15	72	16	87	17	23	18	75	19	44	20	92	21	25	22	55	23	92	24	91	25	30	26	52	27	11	28	13	29	97
	0	42	1	74	2	84	3	77	4	44	5	72	6	98	7	69	8	89	9	13	10	31	11	27	12	48	13	28	14	19	15	41	16	33	17	68	18	12	19	46	20	33	21	23	22	69	23	25	24	26	25	69	26	81	27	12	28	80	29	33
	0	6	1	8	2	46	3	39	4	65	5	75	6	99	7	64	8	42	9	64	10	77	11	21	12	79	13	84	14	29	15	53	16	54	17	34	18	74	19	2	20	89	21	54	22	22	23	78	24	31	25	49	26	18	27	58	28	93	29	8
	0	6	1	76	2	53	3	21	4	34	5	93	6	45	7	59	8	26	9	59	10	97	11	80	12	10	13	91	14	96	15	60	16	74	17	47	18	78	19	78	20	84	21	69	22	82	23	100	24	94	25	2	26	18	27	37	28	18	29	43
	0	29	1	69	2	67	3	63	4	52	5	67	6	49	7	94	8	3	9	63	10	87	11	99	12	56	13	26	14	27	15	45	16	76	17	62	18	6	19	60	20	18	21	47	22	30	23	40	24	36	25	52	26	68	27	35	28	29	29	19
	0	62	1	32	2	25	3	8	4	21	5	16	6	9	7	17	8	31	9	76	10	2	11	35	12	13	13	76	14	73	15	100	16	9	17	32	18	45	19	61	20	67	21	40	22	12	23	58	24	73	25	64	26	82	27	88	28	37	29	71
	0	19	1	12	2	29	3	62	4	49	5	3	6	45	7	63	8	40	9	80	10	15	11	52	12	87	13	38	14	5	15	36	16	56	17	92	18	83	19	24	20	64	21	91	22	19	23	38	24	1	25	63	26	71	27	66	28	29	29	5
	0	61	1	56	2	3	3	24	4	45	5	96	6	1	7	97	8	37	9	30	10	66	11	4	12	30	13	8	14	86	15	49	16	35	17	74	18	75	19	77	20	23	21	24	22	24	23	53	24	46	25	8	26	37	27	56	28	76	29	46
	0	72	1	12	2	73	3	87	4	53	5	51	6	79	7	22	8	16	9	96	10	16	11	44	12	17	13	77	14	3	15	10	16	9	17	59	18	45	19	38	20	53	21	22	22	46	23	59	24	50	25	9	26	51	27	3	28	78	29	70
	0	38	1	84	2	89	3	30	4	74	5	11	6	97	7	81	8	47	9	57	10	59	11	69	12	19	13	37	14	31	15	26	16	55	17	100	18	50	19	73	20	48	21	27	22	77	23	82	24	15	25	83	26	1	27	86	28	58	29	79
	0	93	1	74	2	98	3	33	4	39	5	98	6	38	7	30	8	25	9	86	10	11	11	43	12	31	13	51	14	5	15	40	16	55	17	17	18	100	19	94	20	85	21	10	22	25	23	91	24	85	25	1	26	40	27	76	28	68	29	76
	0	10	1	95	2	54	3	80	4	97	5	24	6	64	7	65	8	7	9	94	10	80	11	31	12	76	13	49	14	63	15	41	16	55	17	85	18	40	19	54	20	51	21	87	22	73	23	3	24	30	25	34	26	78	27	13	28	74	29	46
	0	73	1	34	2	72	3	8	4	45	5	37	6	67	7	65	8	92	9	98	10	95	11	7	12	66	13	68	14	94	15	70	16	21	17	100	18	67	19	9	20	49	21	81	22	14	23	50	24	57	25	100	26	86	27	9	28	13	29	40
	0	16	1	27	2	73	3	80	4	29	5	79	6	55	7	33	8	39	9	40	10	28	11	76	12	84	13	24	14	44	15	41	16	62	17	28	18	2	19	56	20	60	21	46	22	51	23	80	24	91	25	30	26	60	27	60	28	87	29	21
	0	5	1	94	2	12	3	79	4	58	5	97	6	85	7	71	8	83	9	95	10	36	11	10	12	66	13	92	14	28	15	49	16	33	17	78	18	23	19	73	20	36	21	98	22	76	23	36	24	22	25	75	26	79	27	52	28	91	29	60
	0	96	1	28	2	25	3	74	4	50	5	88	6	49	7	32	8	66	9	46	10	34	11	91	12	80	13	12	14	79	15	52	16	52	17	43	18	8	19	1	20	63	21	79	22	88	23	82	24	74	25	17	26	48	27	26	28	72	29	16
	0	40	1	90	2	49	3	38	4	5	5	70	6	66	7	69	8	1	9	97	10	17	11	71	12	23	13	25	14	84	15	60	16	23	17	79	18	50	19	13	20	5	21	19	22	16	23	48	24	54	25	26	26	35	27	31	28	20	29	33
	0	57	1	99	2	80	3	51	4	48	5	11	6	32	7	62	8	41	9	61	10	2	11	68	12	4	13	12	14	69	15	42	16	61	17	44	18	38	19	8	20	86	21	20	22	15	23	29	24	60	25	8	26	61	27	12	28	60	29	19
	0	39	1	35	2	17	3	55	4	67	5	63	6	70	7	60	8	53	9	16	10	100	11	31	12	73	13	84	14	14	15	38	16	4	17	26	18	14	19	32	20	47	21	88	22	96	23	78	24	89	25	20	26	18	27	14	28	74	29	88
	0	71	1	27	2	13	3	10	4	30	5	14	6	40	7	56	8	60	9	46	10	72	11	89	12	15	13	72	14	66	15	50	16	52	17	17	18	63	19	100	20	47	21	67	22	55	23	84	24	84	25	50	26	33	27	66	28	59	29	48
	0	85	1	64	2	9	3	100	4	59	5	76	6	72	7	83	8	21	9	76	10	32	11	86	12	50	13	28	14	2	15	4	16	68	17	33	18	45	19	23	20	91	21	26	22	55	23	69	24	50	25	71	26	27	27	52	28	15	29	34
	0	98	1	18	2	23	3	15	4	35	5	84	6	100	7	89	8	10	9	45	10	13	11	83	12	73	13	45	14	6	15	67	16	22	17	73	18	97	19	65	20	42	21	27	22	42	23	3	24	30	25	34	26	3	27	44	28	71	29	51
	0	56	1	77	2	93	3	57	4	47	5	80	6	34	7	30	8	67	9	45	10	10	11	60	12	5	13	50	14	39	15	41	16	19	17	29	18	84	19	52	20	6	21	42	22	8	23	4	24	76	25	73	26	60	27	37	28	66	29	6
	0	31	1	65	2	39	3	40	4	49	5	28	6	51	7	62	8	6	9	87	10	100	11	77	12	30	13	65	14	65	15	65	16	56	17	45	18	22	19	29	20	38	21	40	22	78	23	24	24	32	25	32	26	61	27	14	28	26	29	26
	0	78	1	78	2	94	3	66	4	2	5	55	6	17	7	18	8	62	9	29	10	74	11	7	12	46	13	60	14	27	15	73	16	48	17	31	18	20	19	76	20	10	21	67	22	84	23	63	24	31	25	36	26	22	27	86	28	72	29	45
	0	7	1	29	2	57	3	94	4	18	5	74	6	42	7	43	8	91	9	41	10	36	11	10	12	83	13	44	14	60	15	5	16	51	17	74	18	89	19	62	20	100	21	8	22	32	23	36	24	63	25	75	26	16	27	65	28	6	29	47
	0	95	1	22	2	76	3	47	4	5	5	1	6	28	7	64	8	14	9	15	10	13	11	38	12	67	13	3	14	95	15	52	16	5	17	66	18	47	19	33	20	6	21	89	22	32	23	65	24	97	25	14	26	64	27	53	28	14	29	63
	0	33	1	96	2	21	3	41	4	100	5	61	6	7	7	62	8	24	9	60	10	30	11	71	12	68	13	77	14	78	15	65	16	95	17	89	18	52	19	31	20	57	21	94	22	100	23	56	24	23	25	23	26	72	27	72	28	21	29	3
	0	43	1	48	2	72	3	14	4	49	5	39	6	45	7	26	8	30	9	53	10	72	11	39	12	60	13	99	14	87	15	50	16	27	17	20	18	86	19	13	20	78	21	32	22	16	23	75	24	57	25	21	26	53	27	8	28	80	29	68
	0	13	1	58	2	50	3	98	4	12	5	86	6	87	7	88	8	68	9	75	10	26	11	63	12	10	13	29	14	33	15	77	16	48	17	80	18	3	19	55	20	93	21	83	22	71	23	37	24	57	25	73	26	41	27	56	28	68	29	100
	0	4	1	49	2	64	3	77	4	17	5	60	6	62	7	97	8	49	9	3	10	24	11	18	12	28	13	98	14	48	15	10	16	34	17	73	18	72	19	12	20	30	21	23	22	60	23	61	24	25	25	53	26	6	27	60	28	5	29	48
	0	89	1	30	2	84	3	51	4	44	5	45	6	58	7	41	8	54	9	35	10	60	11	36	12	63	13	40	14	51	15	75	16	64	17	12	18	7	19	41	20	27	21	21	22	63	23	38	24	54	25	9	26	41	27	28	28	87	29	85
	0	79	1	96	2	2	3	79	4	17	5	100	6	66	7	73	8	20	9	13	10	36	11	88	12	49	13	78	14	29	15	3	16	96	17	26	18	6	19	19	20	54	21	28	22	24	23	7	24	90	25	80	26	58	27	92	28	28	29	48
	0	15	1	74	2	79	3	16	4	69	5	81	6	58	7	11	8	93	9	1	10	83	11	14	12	79	13	46	14	55	15	61	16	64	17	46	18	42	19	99	20	95	21	66	22	33	23	67	24	22	25	96	26	32	27	93	28	79	29	76
	0	6	1	38	2	5	3	29	4	4	5	35	6	18	7	21	8	20	9	87	10	29	11	93	12	59	13	44	14	75	15	2	16	25	17	52	18	2	19	85	20	56	21	53	22	20	23	37	24	63	25	81	26	24	27	42	28	45	29	84
	0	43	1	29	2	98	3	63	4	65	5	28	6	34	7	95	8	50	9	36	10	76	11	21	12	25	13	40	14	95	15	68	16	35	17	47	18	13	19	63	20	74	21	12	22	85	23	62	24	41	25	70	26	17	27	83	28	78	29	24
	0	13	1	26	2	96	3	20	4	38	5	24	6	97	7	27	8	34	9	54	10	33	11	14	12	53	13	94	14	77	15	62	16	68	17	14	18	89	19	79	20	81	21	39	22	7	23	94	24	58	25	16	26	88	27	56	28	29	29	73
	0	78	1	49	2	58	3	53	4	5	5	19	6	67	7	65	8	2	9	57	10	50	11	82	12	10	13	95	14	38	15	77	16	26	17	2	18	89	19	75	20	90	21	91	22	99	23	68	24	23	25	78	26	89	27	18	28	62	29	33
	0	89	1	43	2	64	3	51	4	32	5	66	6	57	7	98	8	33	9	66	10	73	11	28	12	10	13	64	14	90	15	70	16	76	17	31	18	60	19	33	20	2	21	9	22	10	23	84	24	44	25	75	26	37	27	85	28	73	29	83
	0	34	1	94	2	46	3	70	4	19	5	88	6	19	7	29	8	59	9	32	10	94	11	49	12	100	13	23	14	29	15	98	16	55	17	82	18	69	19	3	20	10	21	51	22	84	23	37	24	41	25	57	26	3	27	27	28	63	29	12
	0	90	1	42	2	45	3	84	4	6	5	25	6	74	7	46	8	39	9	70	10	38	11	96	12	14	13	73	14	67	15	5	16	100	17	98	18	55	19	26	20	77	21	33	22	54	23	81	24	44	25	42	26	96	27	9	28	67	29	26
	0	7	1	36	2	100	3	41	4	7	5	97	6	32	7	64	8	3	9	39	10	41	11	81	12	43	13	67	14	65	15	36	16	54	17	12	18	1	19	89	20	14	21	47	22	18	23	46	24	14	25	75	26	25	27	75	28	8	29	46
	0	40	1	15	2	72	3	7	4	49	5	38	6	1	7	80	8	47	9	35	10	27	11	6	12	11	13	18	14	42	15	23	16	26	17	76	18	38	19	57	20	94	21	13	22	23	23	45	24	67	25	60	26	59	27	9	28	2	29	49
	0	31	1	69	2	28	3	78	4	57	5	53	6	62	7	7	8	80	9	32	10	30	11	71	12	12	13	12	14	63	15	1	16	22	17	44	18	86	19	69	20	88	21	33	22	21	23	25	24	43	25	67	26	59	27	79	28	1	29	88
	0	83	1	41	2	38	3	87	4	49	5	34	6	55	7	79	8	51	9	33	10	66	11	2	12	19	13	99	14	68	15	50	16	48	17	15	18	94	19	12	20	41	21	32	22	71	23	7	24	10	25	94	26	9	27	14	28	84	29	98
	0	100	1	43	2	8	3	92	4	22	5	5	6	28	7	45	8	55	9	65	10	7	11	18	12	53	13	93	14	9	15	32	16	51	17	39	18	48	19	7	20	86	21	11	22	93	23	18	24	49	25	24	26	68	27	3	28	22	29	39
	0	92	1	99	2	59	3	30	4	52	5	7	6	99	7	33	8	98	9	9	10	40	11	70	12	6	13	78	14	2	15	57	16	52	17	73	18	64	19	24	20	77	21	91	22	47	23	24	24	55	25	23	26	77	27	4	28	89	29	49
	0	57	1	46	2	90	3	56	4	28	5	34	6	20	7	57	8	3	9	81	10	97	11	65	12	90	13	28	14	7	15	42	16	48	17	98	18	61	19	14	20	53	21	77	22	84	23	43	24	48	25	39	26	44	27	78	28	8	29	44
	0	46	1	44	2	56	3	90	4	42	5	29	6	1	7	64	8	51	9	73	10	89	11	62	12	74	13	90	14	79	15	48	16	51	17	52	18	94	19	74	20	3	21	36	22	11	23	97	24	49	25	2	26	79	27	43	28	89	29	55
	0	89	1	20	2	97	3	12	4	33	5	78	6	72	7	69	8	18	9	58	10	19	11	55	12	32	13	89	14	85	15	1	16	78	17	19	18	61	19	66	20	15	21	92	22	5	23	8	24	74	25	9	26	85	27	75	28	49	29	25
	0	23	1	67	2	63	3	80	4	84	5	94	6	74	7	69	8	58	9	16	10	64	11	80	12	26	13	64	14	28	15	78	16	94	17	53	18	52	19	4	20	45	21	56	22	54	23	12	24	52	25	90	26	27	27	65	28	40	29	29
	0	89	1	77	2	90	3	62	4	68	5	53	6	28	7	41	8	31	9	72	10	41	11	98	12	70	13	18	14	13	15	24	16	92	17	44	18	72	19	41	20	62	21	44	22	91	23	7	24	27	25	43	26	85	27	29	28	96	29	43
	0	91	1	97	2	52	3	91	4	39	5	30	6	36	7	43	8	36	9	23	10	31	11	51	12	15	13	33	14	12	15	90	16	47	17	27	18	61	19	7	20	98	21	99	22	62	23	56	24	73	25	18	26	19	27	50	28	4	29	64
	0	56	1	48	2	50	3	76	4	7	5	61	6	29	7	99	8	97	9	29	10	96	11	20	12	69	13	17	14	35	15	28	16	10	17	39	18	34	19	26	20	91	21	87	22	59	23	100	24	5	25	34	26	46	27	3	28	84	29	45
	0	68	1	21	2	25	3	12	4	63	5	26	6	46	7	83	8	26	9	37	10	75	11	68	12	81	13	28	14	9	15	35	16	12	17	78	18	32	19	35	20	8	21	38	22	59	23	4	24	51	25	54	26	37	27	46	28	47	29	89
	0	48	1	94	2	91	3	14	4	67	5	92	6	7	7	74	8	82	9	54	10	3	11	49	12	87	13	94	14	45	15	56	16	87	17	23	18	15	19	68	20	88	21	74	22	40	23	46	24	61	25	82	26	75	27	14	28	100	29	41
	0	98	1	19	2	8	3	15	4	47	5	48	6	92	7	73	8	92	9	7	10	47	11	74	12	43	13	82	14	50	15	16	16	25	17	29	18	10	19	48	20	73	21	72	22	36	23	78	24	29	25	95	26	17	27	46	28	42	29	69
	0	31	1	41	2	2	3	48	4	29	5	77	6	68	7	16	8	55	9	66	10	61	11	78	12	93	13	42	14	34	15	19	16	73	17	22	18	40	19	85	20	55	21	30	22	70	23	54	24	79	25	98	26	12	27	96	28	62	29	22
	0	71	1	47	2	62	3	46	4	46	5	45	6	49	7	99	8	42	9	2	10	55	11	10	12	90	13	5	14	94	15	60	16	73	17	84	18	61	19	73	20	95	21	74	22	67	23	39	24	48	25	64	26	64	27	9	28	56	29	22
	0	56	1	36	2	88	3	18	4	22	5	32	6	98	7	96	8	73	9	54	10	16	11	76	12	38	13	67	14	88	15	69	16	41	17	32	18	66	19	40	20	13	21	11	22	74	23	63	24	64	25	98	26	10	27	45	28	83	29	13
	0	59	1	13	2	77	3	20	4	26	5	87	6	33	7	53	8	12	9	97	10	80	11	64	12	95	13	99	14	95	15	29	16	97	17	15	18	50	19	63	20	26	21	88	22	28	23	50	24	46	25	32	26	33	27	82	28	12	29	27
	0	76	1	40	2	57	3	70	4	23	5	3	6	28	7	2	8	13	9	38	10	21	11	60	12	16	13	6	14	41	15	22	16	61	17	13	18	90	19	52	20	53	21	59	22	72	23	69	24	94	25	85	26	63	27	75	28	31	29	16
	0	73	1	28	2	26	3	46	4	13	5	59	6	13	7	18	8	42	9	48	10	77	11	92	12	44	13	13	14	100	15	5	16	75	17	81	18	18	19	63	20	75	21	54	22	5	23	29	24	35	25	63	26	98	27	83	28	58	29	100
	0	88	1	77	2	65	3	57	4	62	5	12	6	27	7	11	8	86	9	99	10	27	11	49	12	34	13	99	14	81	15	94	16	20	17	39	18	74	19	7	20	92	21	50	22	92	23	58	24	81	25	83	26	49	27	89	28	23	29	92
	0	48	1	29	2	1	3	95	4	20	5	11	6	58	7	47	8	30	9	20	10	3	11	81	12	47	13	67	14	87	15	18	16	16	17	58	18	33	19	39	20	75	21	15	22	55	23	71	24	13	25	65	26	74	27	31	28	59	29	5
	0	45	1	33	2	34	3	98	4	38	5	50	6	30	7	77	8	34	9	87	10	87	11	45	12	43	13	2	14	76	15	7	16	37	17	84	18	14	19	73	20	70	21	86	22	70	23	11	24	25	25	49	26	45	27	41	28	1	29	87
	0	17	1	7	2	37	3	5	4	97	5	58	6	39	7	74	8	40	9	30	10	55	11	94	12	94	13	8	14	6	15	100	16	94	17	8	18	78	19	10	20	24	21	22	22	28	23	11	24	12	25	90	26	65	27	35	28	25	29	16
	0	96	1	65	2	82	3	31	4	65	5	84	6	3	7	73	8	12	9	51	10	57	11	35	12	30	13	56	14	81	15	96	16	13	17	15	18	90	19	53	20	100	21	84	22	79	23	1	24	77	25	1	26	10	27	37	28	81	29	5
	0	26	1	83	2	16	3	82	4	23	5	53	6	94	7	23	8	1	9	22	10	38	11	15	12	43	13	45	14	16	15	88	16	11	17	59	18	4	19	90	20	59	21	59	22	90	23	72	24	93	25	20	26	57	27	89	28	31	29	24
	0	27	1	62	2	50	3	99	4	35	5	54	6	14	7	87	8	81	9	50	10	21	11	96	12	66	13	54	14	20	15	3	16	13	17	31	18	80	19	13	20	42	21	67	22	8	23	87	24	28	25	16	26	63	27	5	28	79	29	65
	0	100	1	15	2	1	3	37	4	35	5	88	6	52	7	100	8	38	9	86	10	80	11	69	12	77	13	3	14	16	15	5	16	67	17	41	18	67	19	55	20	14	21	35	22	7	23	92	24	47	25	33	26	90	27	35	28	70	29	92
	0	21	1	67	2	99	3	59	4	48	5	86	6	50	7	33	8	81	9	43	10	87	11	42	12	39	13	64	14	66	15	62	16	79	17	58	18	20	19	80	20	70	21	53	22	77	23	70	24	1	25	11	26	96	27	35	28	48	29	23
	0	76	1	36	2	35	3	86	4	70	5	97	6	57	7	92	8	99	9	87	10	61	11	3	12	59	13	87	14	3	15	92	16	67	17	10	18	15	19	56	20	74	21	28	22	58	23	47	24	61	25	23	26	46	27	71	28	83	29	69
	0	69	1	53	2	28	3	2	4	42	5	64	6	11	7	59	8	61	9	64	10	16	11	61	12	48	13	4	14	62	15	91	16	12	17	88	18	42	19	94	20	56	21	90	22	81	23	86	24	14	25	84	26	93	27	67	28	85	29	23
	0	44	1	48	2	15	3	72	4	53	5	72	6	33	7	94	8	77	9	63	10	41	11	39	12	69	13	35	14	20	15	73	16	8	17	63	18	100	19	64	20	37	21	77	22	4	23	6	24	51	25	42	26	65	27	40	28	33	29	35
	0	81	1	18	2	22	3	28	4	43	5	5	6	65	7	40	8	70	9	22	10	83	11	17	12	21	13	79	14	59	15	50	16	75	17	35	18	20	19	52	20	96	21	8	22	78	23	35	24	28	25	99	26	52	27	71	28	83	29	15
	0	72	1	27	2	15	3	8	4	68	5	2	6	6	7	54	8	56	9	16	10	84	11	45	12	1	13	17	14	73	15	73	16	20	17	13	18	32	19	20	20	30	21	46	22	28	23	84	24	78	25	61	26	73	27	17	28	10	29	41
	0	87	1	36	2	37	3	6	4	93	5	48	6	40	7	1	8	52	9	96	10	3	11	21	12	78	13	12	14	60	15	49	16	11	17	38	18	19	19	94	20	27	21	58	22	73	23	71	24	15	25	34	26	30	27	59	28	50	29	60
	0	7	1	7	2	40	3	58	4	85	5	100	6	37	7	94	8	7	9	96	10	25	11	86	12	68	13	94	14	24	15	21	16	48	17	87	18	97	19	15	20	54	21	26	22	22	23	79	24	96	25	93	26	74	27	76	28	9	29	48
	0	41	1	78	2	87	3	12	4	50	5	61	6	7	7	99	8	92	9	3	10	41	11	99	12	62	13	56	14	92	15	85	16	65	17	26	18	10	19	96	20	36	21	74	22	59	23	9	24	93	25	18	26	53	27	17	28	15	29	3
	0	75	1	60	2	100	3	72	4	47	5	90	6	72	7	53	8	26	9	59	10	21	11	33	12	26	13	58	14	100	15	12	16	1	17	59	18	14	19	28	20	48	21	28	22	81	23	10	24	98	25	5	26	42	27	8	28	4	29	86
	0	46	1	87	2	70	3	44	4	50	5	99	6	45	7	64	8	5	9	67	10	100	11	100	12	10	13	46	14	51	15	61	16	65	17	39	18	3	19	96	20	54	21	83	22	25	23	24	24	28	25	46	26	68	27	39	28	88	29	88
	0	19	1	84	2	69	3	75	4	18	5	60	6	85	7	62	8	96	9	45	10	93	11	64	12	16	13	4	14	63	15	4	16	16	17	37	18	84	19	97	20	90	21	88	22	40	23	96	24	58	25	17	26	20	27	29	28	1	29	4
	0	70	1	93	2	75	3	32	4	80	5	92	6	28	7	84	8	68	9	18	10	72	11	33	12	27	13	30	14	97	15	21	16	6	17	70	18	24	19	51	20	77	21	25	22	36	23	44	24	95	25	26	26	25	27	26	28	45	29	35
	0	60	1	53	2	50	3	64	4	56	5	91	6	72	7	37	8	89	9	5	10	34	11	77	12	3	13	17	14	40	15	79	16	98	17	60	18	84	19	9	20	91	21	9	22	57	23	35	24	96	25	84	26	13	27	82	28	58	29	59
	0	34	1	65	2	40	3	4	4	8	5	41	6	54	7	62	8	34	9	88	10	74	11	26	12	88	13	99	14	78	15	78	16	15	17	52	18	6	19	98	20	62	21	89	22	38	23	56	24	37	25	18	26	12	27	44	28	61	29	25
	0	52	1	16	2	66	3	49	4	72	5	42	6	44	7	68	8	71	9	84	10	49	11	98	12	41	13	65	14	3	15	95	16	42	17	81	18	77	19	13	20	42	21	74	22	28	23	77	24	93	25	75	26	22	27	42	28	4	29	73
	0	71	1	68	2	54	3	83	4	65	5	40	6	17	7	11	8	81	9	89	10	15	11	34	12	95	13	98	14	26	15	53	16	25	17	28	18	1	19	84	20	96	21	58	22	60	23	93	24	87	25	44	26	94	27	89	28	13	29	49
	0	79	1	35	2	50	3	74	4	74	5	37	6	99	7	21	8	69	9	24	10	60	11	48	12	100	13	31	14	46	15	95	16	53	17	36	18	71	19	13	20	14	21	33	22	89	23	5	24	45	25	22	26	67	27	61	28	85	29	60
	0	6	1	59	2	25	3	8	4	74	5	58	6	77	7	43	8	83	9	100	10	57	11	55	12	43	13	93	14	52	15	30	16	71	17	72	18	26	19	75	20	24	21	17	22	3	23	62	24	19	25	1	26	15	27	93	28	14	29	1
	0	20	1	89	2	94	3	70	4	12	5	83	6	87	7	90	8	86	9	55	10	76	11	10	12	39	13	43	14	12	15	74	16	1	17	27	18	34	19	89	20	31	21	41	22	43	23	58	24	43	25	96	26	92	27	19	28	24	29	2
	0	96	1	38	2	59	3	16	4	64	5	55	6	93	7	66	8	7	9	86	10	82	11	16	12	82	13	13	14	11	15	92	16	70	17	40	18	87	19	57	20	96	21	82	22	39	23	23	24	52	25	5	26	71	27	47	28	60	29	57
	0	55	1	9	2	1	3	49	4	70	5	20	6	98	7	64	8	6	9	76	10	21	11	17	12	5	13	60	14	53	15	96	16	96	17	67	18	39	19	44	20	57	21	92	22	12	23	65	24	3	25	24	26	49	27	79	28	78	29	17
	0	22	1	43	2	26	3	38	4	36	5	12	6	29	7	18	8	74	9	22	10	70	11	49	12	84	13	5	14	51	15	8	16	82	17	75	18	55	19	100	20	63	21	39	22	67	23	45	24	32	25	27	26	58	27	58	28	1	29	53
	0	16	1	98	2	19	3	28	4	86	5	78	6	30	7	5	8	20	9	68	10	65	11	32	12	87	13	31	14	24	15	24	16	74	17	70	18	11	19	89	20	79	21	87	22	5	23	79	24	78	25	69	26	1	27	35	28	22	29	57
	0	44	1	52	2	94	3	70	4	42	5	92	6	19	7	80	8	32	9	10	10	35	11	66	12	39	13	75	14	41	15	84	16	39	17	99	18	88	19	47	20	25	21	7	22	91	23	87	24	50	25	23	26	62	27	54	28	62	29	31
	0	99	1	63	2	88	3	50	4	77	5	1	6	22	7	40	8	41	9	62	10	11	11	9	12	74	13	48	14	60	15	7	16	1	17	86	18	96	19	5	20	62	21	26	22	57	23	21	24	50	25	23	26	1	27	27	28	98	29	29
	0	49	1	34	2	70	3	35	4	9	5	75	6	90	7	51	8	39	9	4	10	100	11	2	12	56	13	87	14	43	15	87	16	87	17	59	18	16	19	25	20	34	21	72	22	25	23	86	24	82	25	53	26	45	27	82	28	82	29	51
	0	71	1	63	2	95	3	40	4	3	5	45	6	56	7	6	8	15	9	66	10	18	11	44	12	77	13	46	14	76	15	27	16	59	17	97	18	75	19	41	20	21	21	6	22	60	23	78	24	62	25	93	26	23	27	50	28	98	29	17
	0	39	1	58	2	75	3	65	4	28	5	23	6	49	7	80	8	48	9	74	10	91	11	83	12	28	13	44	14	87	15	3	16	2	17	19	18	43	19	30	20	73	21	39	22	31	23	47	24	55	25	56	26	18	27	5	28	46	29	85
	0	67	1	41	2	37	3	9	4	12	5	81	6	68	7	30	8	39	9	39	10	73	11	60	12	17	13	28	14	84	15	16	16	76	17	44	18	83	19	49	20	27	21	78	22	26	23	15	24	45	25	81	26	66	27	88	28	93	29	64
	0	64	1	58	2	38	3	36	4	61	5	70	6	93	7	97	8	34	9	87	10	89	11	38	12	91	13	99	14	47	15	14	16	45	17	100	18	25	19	6	20	91	21	10	22	49	23	72	24	74	25	8	26	46	27	54	28	13	29	7
	0	47	1	7	2	36	3	96	4	33	5	45	6	16	7	6	8	35	9	39	10	39	11	97	12	97	13	3	14	31	15	74	16	94	17	46	18	18	19	60	20	47	21	91	22	16	23	91	24	57	25	81	26	53	27	33	28	97	29	27
	0	87	1	1	2	97	3	55	4	64	5	53	6	7	7	74	8	29	9	85	10	62	11	70	12	91	13	39	14	44	15	79	16	93	17	24	18	31	19	16	20	54	21	87	22	85	23	62	24	69	25	87	26	3	27	14	28	94	29	82
	0	47	1	73	2	46	3	7	4	17	5	21	6	96	7	8	8	46	9	97	10	46	11	75	12	8	13	94	14	93	15	66	16	94	17	21	18	47	19	36	20	85	21	7	22	47	23	99	24	20	25	48	26	82	27	93	28	50	29	18
	0	23	1	24	2	24	3	81	4	21	5	14	6	42	7	6	8	27	9	68	10	70	11	49	12	33	13	48	14	15	15	53	16	44	17	12	18	94	19	100	20	34	21	50	22	44	23	88	24	41	25	43	26	61	27	43	28	7	29	5
	0	68	1	80	2	61	3	4	4	44	5	55	6	13	7	61	8	61	9	1	10	96	11	66	12	30	13	30	14	79	15	76	16	30	17	29	18	39	19	85	20	72	21	100	22	64	23	58	24	51	25	19	26	22	27	88	28	53	29	4
	0	15	1	21	2	35	3	27	4	26	5	44	6	100	7	10	8	92	9	43	10	23	11	84	12	87	13	60	14	14	15	3	16	89	17	33	18	10	19	41	20	67	21	70	22	41	23	21	24	19	25	2	26	9	27	50	28	21	29	32
	0	73	1	51	2	99	3	40	4	36	5	22	6	29	7	42	8	72	9	78	10	1	11	1	12	33	13	26	14	29	15	39	16	38	17	98	18	91	19	94	20	21	21	49	22	13	23	27	24	97	25	75	26	50	27	77	28	79	29	19
	0	16	1	100	2	30	3	69	4	72	5	64	6	65	7	71	8	78	9	72	10	21	11	3	12	50	13	32	14	57	15	81	16	98	17	13	18	53	19	5	20	34	21	35	22	33	23	52	24	57	25	96	26	17	27	89	28	78	29	29
	0	77	1	52	2	30	3	44	4	65	5	7	6	68	7	96	8	22	9	16	10	76	11	86	12	92	13	44	14	22	15	83	16	15	17	99	18	15	19	23	20	44	21	81	22	85	23	37	24	27	25	87	26	74	27	91	28	62	29	4
	0	97	1	56	2	81	3	66	4	31	5	39	6	56	7	79	8	38	9	40	10	16	11	39	12	21	13	12	14	12	15	75	16	68	17	51	18	88	19	13	20	44	21	34	22	27	23	46	24	34	25	78	26	91	27	32	28	36	29	3
	0	74	1	75	2	67	3	6	4	22	5	65	6	31	7	92	8	9	9	62	10	57	11	2	12	64	13	61	14	6	15	55	16	90	17	81	18	11	19	87	20	12	21	50	22	97	23	38	24	50	25	85	26	88	27	40	28	21	29	1
	0	7	1	99	2	82	3	71	4	22	5	82	6	93	7	45	8	91	9	31	10	64	11	97	12	19	13	88	14	91	15	44	16	20	17	95	18	20	19	65	20	44	21	93	22	83	23	21	24	30	25	55	26	97	27	46	28	77	29	6
	0	19	1	49	2	50	3	25	4	93	5	74	6	64	7	34	8	43	9	87	10	13	11	15	12	97	13	90	14	39	15	9	16	30	17	85	18	47	19	90	20	76	21	41	22	30	23	21	24	54	25	31	26	44	27	30	28	83	29	41
	0	51	1	62	2	98	3	71	4	21	5	1	6	100	7	83	8	67	9	67	10	79	11	66	12	48	13	27	14	13	15	9	16	50	17	74	18	19	19	23	20	66	21	74	22	18	23	38	24	2	25	76	26	36	27	72	28	88	29	35
	0	54	1	47	2	79	3	93	4	76	5	98	6	73	7	24	8	77	9	8	10	75	11	37	12	66	13	41	14	88	15	77	16	51	17	89	18	7	19	96	20	8	21	36	22	52	23	58	24	85	25	1	26	65	27	15	28	98	29	23
	0	52	1	68	2	92	3	3	4	51	5	87	6	80	7	4	8	51	9	69	10	82	11	75	12	2	13	50	14	25	15	64	16	76	17	3	18	83	19	27	20	87	21	88	22	52	23	41	24	75	25	29	26	3	27	85	28	92	29	45
	0	66	1	56	2	74	3	55	4	11	5	16	6	78	7	34	8	45	9	99	10	100	11	86	12	55	13	23	14	31	15	64	16	38	17	74	18	94	19	68	20	15	21	85	22	84	23	66	24	14	25	92	26	100	27	52	28	78	29	62
	0	27	1	25	2	25	3	29	4	37	5	48	6	55	7	53	8	90	9	25	10	13	11	34	12	57	13	2	14	20	15	5	16	17	17	91	18	43	19	100	20	75	21	62	22	83	23	88	24	15	25	46	26	66	27	85	28	88	29	65
	0	100	1	19	2	86	3	67	4	16	5	90	6	70	7	25	8	5	9	47	10	38	11	52	12	35	13	97	14	55	15	21	16	82	17	89	18	85	19	92	20	36	21	59	22	94	23	1	24	58	25	25	26	15	27	47	28	88	29	53
	0	94	1	88	2	40	3	54	4	53	5	33	6	39	7	77	8	46	9	90	10	73	11	95	12	95	13	10	14	69	15	16	16	23	17	23	18	30	19	56	20	30	21	80	22	71	23	59	24	72	25	29	26	44	27	52	28	41	29	89
	0	66	1	69	2	70	3	12	4	55	5	81	6	83	7	37	8	53	9	15	10	83	11	76	12	2	13	58	14	51	15	94	16	81	17	59	18	85	19	65	20	37	21	2	22	18	23	19	24	58	25	94	26	75	27	15	28	77	29	85
	0	70	1	92	2	96	3	44	4	63	5	9	6	82	7	27	8	3	9	45	10	73	11	21	12	46	13	40	14	70	15	60	16	18	17	1	18	44	19	33	20	60	21	81	22	55	23	37	24	85	25	27	26	69	27	49	28	15	29	55
	0	24	1	7	2	99	3	81	4	79	5	30	6	14	7	24	8	43	9	35	10	8	11	73	12	72	13	99	14	44	15	66	16	89	17	91	18	28	19	31	20	40	21	82	22	62	23	79	24	24	25	85	26	36	27	72	28	29	29	100
	0	50	1	74	2	89	3	63	4	45	5	80	6	26	7	16	8	60	9	81	10	39	11	59	12	65	13	91	14	81	15	41	16	32	17	67	18	100	19	3	20	35	21	83	22	59	23	91	24	1	25	48	26	61	27	82	28	47	29	72
	0	25	1	8	2	82	3	19	4	6	5	64	6	46	7	14	8	56	9	32	10	34	11	80	12	60	13	71	14	9	15	19	16	90	17	31	18	9	19	79	20	79	21	14	22	11	23	60	24	98	25	83	26	82	27	50	28	72	29	81
	0	67	1	98	2	99	3	26	4	57	5	67	6	42	7	83	8	60	9	12	10	95	11	45	12	63	13	97	14	72	15	53	16	48	17	28	18	45	19	40	20	22	21	66	22	36	23	5	24	48	25	65	26	61	27	22	28	6	29	24
	0	40	1	49	2	11	3	75	4	52	5	94	6	71	7	20	8	96	9	59	10	66	11	3	12	77	13	63	14	71	15	86	16	29	17	3	18	59	19	43	20	50	21	28	22	61	23	21	24	12	25	20	26	62	27	2	28	62	29	9
	0	69	1	87	2	35	3	64	4	67	5	75	6	42	7	43	8	60	9	8	10	3	11	95	12	62	13	18	14	43	15	32	16	76	17	74	18	66	19	34	20	90	21	38	22	69	23	46	24	61	25	59	26	82	27	70	28	85	29	80
	0	22	1	84	2	60	3	31	4	8	5	21	6	92	7	24	8	85	9	93	10	8	11	85	12	27	13	56	14	67	15	89	16	43	17	37	18	92	19	70	20	100	21	72	22	58	23	40	24	22	25	32	26	5	27	25	28	52	29	28
	0	72	1	6	2	68	3	28	4	68	5	27	6	94	7	28	8	16	9	100	10	57	11	50	12	44	13	36	14	68	15	72	16	20	17	50	18	35	19	2	20	28	21	55	22	31	23	57	24	52	25	26	26	86	27	14	28	19	29	90
	0	62	1	30	2	98	3	89	4	36	5	58	6	74	7	19	8	8	9	7	10	35	11	32	12	88	13	14	14	43	15	67	16	57	17	39	18	81	19	36	20	83	21	91	22	88	23	88	24	44	25	43	26	29	27	27	28	97	29	9
	0	74	1	49	2	86	3	79	4	56	5	41	6	72	7	34	8	53	9	30	10	51	11	94	12	18	13	100	14	69	15	70	16	24	17	15	18	57	19	15	20	31	21	86	22	60	23	6	24	71	25	5	26	3	27	98	28	19	29	23
	0	50	1	23	2	88	3	28	4	28	5	40	6	62	7	76	8	27	9	52	10	80	11	59	12	5	13	40	14	5	15	37	16	47	17	93	18	53	19	41	20	67	21	21	22	68	23	36	24	48	25	88	26	74	27	18	28	59	29	4
	0	21	1	48	2	96	3	50	4	23	5	77	6	28	7	42	8	51	9	6	10	61	11	47	12	21	13	82	14	36	15	9	16	5	17	25	18	28	19	49	20	38	21	33	22	15	23	46	24	14	25	29	26	35	27	19	28	85	29	17
	0	43	1	58	2	4	3	86	4	43	5	75	6	88	7	71	8	56	9	79	10	80	11	49	12	40	13	96	14	40	15	51	16	92	17	80	18	97	19	100	20	74	21	90	22	36	23	8	24	65	25	39	26	10	27	5	28	17	29	18
	0	91	1	67	2	69	3	71	4	8	5	73	6	59	7	72	8	35	9	14	10	17	11	10	12	23	13	22	14	42	15	12	16	94	17	95	18	4	19	44	20	30	21	48	22	8	23	60	24	47	25	6	26	12	27	15	28	16	29	7
	0	98	1	43	2	72	3	9	4	35	5	67	6	42	7	96	8	70	9	1	10	63	11	37	12	47	13	55	14	79	15	44	16	47	17	49	18	37	19	18	20	85	21	9	22	26	23	9	24	7	25	90	26	18	27	96	28	83	29	53
	0	15	1	82	2	92	3	92	4	5	5	62	6	22	7	84	8	88	9	94	10	57	11	15	12	16	13	96	14	16	15	100	16	62	17	35	18	49	19	98	20	18	21	3	22	33	23	94	24	74	25	71	26	8	27	1	28	40	29	72
	0	41	1	96	2	7	3	74	4	16	5	2	6	61	7	22	8	91	9	75	10	95	11	59	12	62	13	54	14	82	15	72	16	26	17	96	18	10	19	19	20	44	21	92	22	82	23	8	24	26	25	35	26	36	27	76	28	6	29	3
	0	50	1	55	2	79	3	51	4	16	5	33	6	100	7	50	8	7	9	59	10	90	11	6	12	84	13	31	14	82	15	47	16	97	17	78	18	14	19	56	20	80	21	18	22	41	23	100	24	67	25	69	26	27	27	81	28	42	29	17
	0	54	1	95	2	30	3	94	4	24	5	89	6	83	7	7	8	79	9	49	10	6	11	23	12	46	13	60	14	48	15	5	16	75	17	12	18	39	19	47	20	46	21	58	22	51	23	58	24	53	25	31	26	8	27	95	28	82	29	94
	0	94	1	39	2	60	3	64	4	7	5	62	6	35	7	44	8	72	9	48	10	95	11	53	12	14	13	38	14	71	15	29	16	47	17	27	18	53	19	58	20	35	21	43	22	25	23	44	24	19	25	67	26	2	27	36	28	36	29	77
	0	17	1	50	2	64	3	37	4	94	5	88	6	54	7	62	8	4	9	16	10	65	11	9	12	1	13	57	14	84	15	5	16	59	17	24	18	13	19	92	20	89	21	80	22	53	23	56	24	82	25	21	26	3	27	72	28	19	29	100
	0	77	1	77	2	44	3	42	4	93	5	60	6	80	7	33	8	90	9	20	10	58	11	69	12	65	13	44	14	54	15	92	16	65	17	2	18	88	19	66	20	49	21	50	22	12	23	65	24	11	25	100	26	86	27	59	28	41	29	4
	0	41	1	51	2	50	3	38	4	55	5	73	6	94	7	6	8	3	9	54	10	76	11	90	12	53	13	29	14	97	15	9	16	22	17	29	18	100	19	84	20	18	21	94	22	27	23	100	24	10	25	86	26	69	27	19	28	36	29	92
	0	93	1	94	2	15	3	54	4	72	5	77	6	29	7	63	8	50	9	27	10	3	11	95	12	22	13	53	14	80	15	87	16	4	17	61	18	80	19	78	20	27	21	82	22	90	23	58	24	90	25	95	26	29	27	8	28	33	29	81
	0	63	1	18	2	37	3	76	4	92	5	15	6	54	7	89	8	22	9	45	10	13	11	24	12	81	13	90	14	82	15	16	16	64	17	100	18	51	19	59	20	9	21	89	22	81	23	4	24	31	25	23	26	50	27	36	28	70	29	84
	0	54	1	82	2	32	3	100	4	73	5	84	6	36	7	76	8	2	9	44	10	78	11	67	12	8	13	51	14	92	15	60	16	55	17	13	18	59	19	86	20	21	21	64	22	100	23	50	24	91	25	32	26	49	27	69	28	92	29	80
	0	95	1	56	2	31	3	44	4	42	5	64	6	21	7	54	8	14	9	22	10	20	11	90	12	22	13	88	14	26	15	15	16	52	17	18	18	86	19	5	20	57	21	28	22	22	23	38	24	50	25	88	26	81	27	29	28	35	29	89
	0	69	1	31	2	23	3	53	4	4	5	16	6	23	7	1	8	20	9	25	10	4	11	73	12	4	13	51	14	60	15	86	16	33	17	72	18	33	19	64	20	65	21	78	22	78	23	76	24	76	25	44	26	67	27	71	28	73	29	32
	0	63	1	89	2	5	3	48	4	30	5	97	6	62	7	72	8	39	9	64	10	31	11	36	12	91	13	91	14	47	15	27	16	83	17	48	18	63	19	30	20	65	21	87	22	26	23	46	24	77	25	39	26	30	27	48	28	62	29	3
	0	79	1	54	2	90	3	92	4	95	5	40	6	51	7	97	8	38	9	14	10	85	11	74	12	36	13	28	14	66	15	77	16	36	17	96	18	64	19	78	20	19	21	49	22	38	23	66	24	50	25	48	26	43	27	94	28	50	29	16
	0	58	1	29	2	13	3	86	4	56	5	33	6	3	7	68	8	77	9	50	10	8	11	72	12	91	13	13	14	34	15	43	16	31	17	68	18	55	19	11	20	60	21	95	22	78	23	43	24	96	25	68	26	64	27	52	28	95	29	80
	0	22	1	17	2	84	3	33	4	78	5	95	6	82	7	61	8	64	9	45	10	59	11	44	12	98	13	98	14	18	15	26	16	47	17	25	18	93	19	44	20	83	21	2	22	8	23	29	24	84	25	72	26	44	27	51	28	38	29	51
	0	87	1	2	2	53	3	21	4	77	5	38	6	77	7	24	8	74	9	40	10	83	11	35	12	5	13	55	14	76	15	76	16	62	17	26	18	17	19	21	20	68	21	21	22	93	23	77	24	32	25	25	26	52	27	54	28	43	29	60
	0	88	1	63	2	4	3	27	4	68	5	99	6	81	7	5	8	6	9	94	10	20	11	47	12	37	13	53	14	79	15	49	16	55	17	13	18	49	19	87	20	6	21	78	22	81	23	56	24	55	25	19	26	34	27	45	28	68	29	53
	0	14	1	30	2	77	3	36	4	67	5	87	6	16	7	25	8	50	9	35	10	57	11	1	12	91	13	75	14	71	15	66	16	5	17	79	18	96	19	44	20	40	21	48	22	95	23	44	24	62	25	45	26	33	27	87	28	3	29	60
	0	89	1	88	2	32	3	85	4	11	5	43	6	26	7	78	8	64	9	72	10	44	11	69	12	17	13	18	14	41	15	29	16	1	17	94	18	65	19	90	20	2	21	29	22	28	23	12	24	89	25	69	26	51	27	21	28	86	29	19
	0	8	1	60	2	41	3	29	4	33	5	37	6	43	7	82	8	65	9	60	10	99	11	17	12	31	13	85	14	69	15	95	16	5	17	28	18	14	19	6	20	97	21	13	22	25	23	56	24	39	25	46	26	8	27	7	28	96	29	59
	0	70	1	26	2	2	3	46	4	20	5	96	6	11	7	89	8	71	9	79	10	3	11	57	12	30	13	38	14	87	15	1	16	89	17	59	18	4	19	7	20	67	21	24	22	98	23	70	24	59	25	41	26	32	27	82	28	98	29	9
	0	50	1	70	2	36	3	100	4	22	5	33	6	94	7	62	8	16	9	33	10	37	11	88	12	90	13	57	14	85	15	14	16	97	17	74	18	52	19	12	20	40	21	14	22	87	23	22	24	24	25	73	26	45	27	22	28	98	29	13
	0	20	1	32	2	78	3	7	4	29	5	6	6	85	7	53	8	100	9	51	10	56	11	47	12	30	13	88	14	7	15	13	16	12	17	25	18	52	19	1	20	26	21	34	22	96	23	10	24	71	25	25	26	85	27	20	28	69	29	69
	0	62	1	1	2	60	3	31	4	50	5	61	6	90	7	87	8	92	9	48	10	45	11	39	12	97	13	2	14	84	15	83	16	72	17	41	18	80	19	55	20	51	21	16	22	74	23	82	24	41	25	72	26	88	27	9	28	54	29	100
	0	63	1	74	2	81	3	68	4	21	5	66	6	44	7	60	8	56	9	62	10	29	11	77	12	8	13	54	14	65	15	56	16	77	17	6	18	33	19	22	20	80	21	88	22	2	23	95	24	56	25	86	26	26	27	90	28	75	29	2
	0	57	1	92	2	2	3	59	4	44	5	1	6	27	7	95	8	47	9	75	10	58	11	27	12	61	13	13	14	36	15	74	16	40	17	55	18	34	19	17	20	70	21	99	22	20	23	8	24	20	25	50	26	25	27	58	28	84	29	68
	0	40	1	85	2	80	3	61	4	9	5	69	6	75	7	51	8	23	9	81	10	52	11	12	12	23	13	54	14	39	15	40	16	49	17	30	18	63	19	37	20	24	21	99	22	99	23	81	24	30	25	3	26	28	27	34	28	32	29	82
	0	31	1	24	2	63	3	88	4	68	5	65	6	51	7	80	8	29	9	36	10	75	11	85	12	61	13	19	14	73	15	93	16	95	17	61	18	36	19	4	20	31	21	27	22	62	23	66	24	66	25	40	26	61	27	61	28	57	29	38
	0	21	1	21	2	66	3	90	4	93	5	94	6	21	7	48	8	41	9	91	10	94	11	33	12	68	13	73	14	85	15	81	16	27	17	69	18	45	19	88	20	55	21	29	22	100	23	39	24	8	25	56	26	51	27	14	28	83	29	73
	0	46	1	94	2	33	3	13	4	70	5	13	6	49	7	37	8	99	9	43	10	36	11	28	12	93	13	87	14	8	15	11	16	40	17	25	18	96	19	85	20	86	21	51	22	36	23	91	24	83	25	77	26	69	27	33	28	67	29	3
	0	86	1	31	2	40	3	69	4	3	5	74	6	9	7	54	8	21	9	4	10	20	11	76	12	40	13	46	14	78	15	5	16	19	17	65	18	53	19	13	20	90	21	18	22	100	23	91	24	78	25	25	26	51	27	34	28	94	29	90
	0	59	1	72	2	83	3	27	4	94	5	74	6	62	7	97	8	29	9	87	10	68	11	32	12	57	13	56	14	1	15	24	16	37	17	60	18	50	19	6	20	56	21	50	22	12	23	25	24	50	25	66	26	53	27	22	28	32	29	92
	0	80	1	44	2	5	3	49	4	5	5	58	6	71	7	56	8	37	9	48	10	62	11	99	12	21	13	9	14	45	15	86	16	13	17	68	18	89	19	86	20	66	21	3	22	89	23	77	24	60	25	36	26	83	27	46	28	1	29	19
	0	14	1	20	2	68	3	40	4	17	5	28	6	3	7	18	8	40	9	2	10	48	11	75	12	19	13	95	14	81	15	78	16	73	17	56	18	14	19	12	20	87	21	84	22	55	23	30	24	3	25	76	26	30	27	61	28	29	29	15
	0	31	1	9	2	40	3	80	4	45	5	49	6	38	7	64	8	50	9	7	10	78	11	37	12	14	13	98	14	97	15	91	16	18	17	29	18	89	19	46	20	90	21	15	22	16	23	18	24	23	25	59	26	53	27	67	28	9	29	85
	0	100	1	73	2	26	3	35	4	14	5	20	6	43	7	70	8	45	9	80	10	37	11	24	12	72	13	27	14	45	15	15	16	75	17	17	18	74	19	6	20	1	21	23	22	71	23	63	24	95	25	16	26	99	27	67	28	4	29	10
	0	84	1	68	2	90	3	31	4	37	5	91	6	95	7	77	8	39	9	26	10	48	11	61	12	79	13	70	14	14	15	76	16	49	17	2	18	13	19	18	20	61	21	6	22	71	23	46	24	30	25	69	26	73	27	69	28	30	29	30
	0	28	1	3	2	34	3	49	4	78	5	18	6	85	7	24	8	1	9	80	10	57	11	69	12	89	13	55	14	7	15	48	16	5	17	26	18	29	19	10	20	57	21	54	22	60	23	73	24	23	25	60	26	89	27	71	28	36	29	35
	0	84	1	26	2	5	3	83	4	35	5	43	6	25	7	74	8	63	9	30	10	8	11	43	12	64	13	76	14	43	15	75	16	75	17	61	18	56	19	60	20	84	21	66	22	33	23	96	24	23	25	8	26	34	27	3	28	12	29	37
	0	98	1	32	2	50	3	36	4	23	5	29	6	57	7	41	8	73	9	53	10	33	11	59	12	50	13	73	14	73	15	52	16	17	17	99	18	57	19	17	20	81	21	98	22	6	23	75	24	51	25	33	26	73	27	60	28	44	29	97
	0	12	1	58	2	11	3	47	4	37	5	42	6	78	7	54	8	67	9	10	10	50	11	26	12	27	13	12	14	17	15	64	16	43	17	26	18	54	19	69	20	46	21	22	22	6	23	2	24	84	25	18	26	3	27	65	28	2	29	31
	0	47	1	57	2	45	3	53	4	55	5	26	6	73	7	27	8	72	9	14	10	25	11	95	12	63	13	74	14	49	15	42	16	59	17	98	18	79	19	56	20	26	21	88	22	58	23	85	24	64	25	70	26	3	27	53	28	67	29	7
	0	75	1	73	2	96	3	86	4	11	5	68	6	47	7	82	8	9	9	74	10	18	11	3	12	89	13	17	14	6	15	95	16	71	17	51	18	83	19	48	20	28	21	27	22	39	23	28	24	26	25	17	26	93	27	41	28	41	29	14
	0	99	1	88	2	24	3	92	4	2	5	76	6	58	7	74	8	33	9	92	10	14	11	72	12	35	13	54	14	11	15	73	16	53	17	1	18	38	19	97	20	54	21	76	22	87	23	47	24	34	25	21	26	6	27	30	28	44	29	93
	0	73	1	12	2	41	3	53	4	53	5	44	6	33	7	8	8	79	9	71	10	94	11	96	12	78	13	7	14	48	15	38	16	38	17	37	18	62	19	16	20	63	21	84	22	94	23	32	24	94	25	55	26	81	27	65	28	72	29	37
	0	70	1	41	2	70	3	34	4	16	5	57	6	36	7	35	8	17	9	51	10	10	11	84	12	44	13	98	14	12	15	69	16	93	17	67	18	11	19	60	20	72	21	80	22	30	23	73	24	83	25	55	26	35	27	13	28	86	29	22
	0	21	1	55	2	36	3	41	4	96	5	43	6	33	7	72	8	17	9	27	10	37	11	65	12	34	13	63	14	29	15	68	16	45	17	49	18	13	19	91	20	71	21	69	22	7	23	47	24	95	25	73	26	60	27	75	28	41	29	12
	0	86	1	17	2	68	3	99	4	13	5	88	6	12	7	81	8	79	9	85	10	12	11	29	12	36	13	97	14	81	15	89	16	28	17	38	18	30	19	39	20	58	21	98	22	49	23	68	24	74	25	83	26	81	27	46	28	22	29	8
	0	87	1	68	2	53	3	39	4	50	5	88	6	80	7	16	8	75	9	63	10	28	11	94	12	4	13	5	14	14	15	86	16	22	17	64	18	53	19	5	20	38	21	35	22	86	23	17	24	74	25	36	26	60	27	71	28	85	29	6
	0	21	1	62	2	94	3	24	4	88	5	44	6	22	7	41	8	25	9	97	10	34	11	85	12	35	13	12	14	50	15	67	16	28	17	57	18	77	19	22	20	48	21	30	22	60	23	30	24	62	25	16	26	70	27	31	28	38	29	5
	0	71	1	16	2	69	3	32	4	29	5	51	6	28	7	48	8	62	9	81	10	42	11	44	12	37	13	15	14	38	15	69	16	76	17	83	18	94	19	26	20	11	21	19	22	92	23	37	24	8	25	24	26	61	27	1	28	56	29	87
	0	61	1	97	2	75	3	94	4	37	5	3	6	4	7	44	8	43	9	34	10	66	11	31	12	35	13	6	14	26	15	1	16	58	17	4	18	76	19	69	20	85	21	97	22	31	23	41	24	93	25	16	26	14	27	13	28	65	29	16
	0	47	1	12	2	68	3	68	4	3	5	8	6	50	7	50	8	75	9	26	10	33	11	47	12	53	13	14	14	12	15	74	16	37	17	66	18	97	19	74	20	17	21	93	22	33	23	63	24	94	25	99	26	96	27	19	28	31	29	100
	0	62	1	48	2	52	3	94	4	78	5	58	6	33	7	77	8	95	9	34	10	45	11	46	12	33	13	97	14	60	15	57	16	94	17	77	18	4	19	9	20	44	21	49	22	37	23	77	24	26	25	7	26	100	27	30	28	76	29	64
	0	33	1	85	2	50	3	18	4	77	5	95	6	94	7	17	8	9	9	71	10	14	11	9	12	62	13	81	14	11	15	60	16	45	17	89	18	5	19	83	20	53	21	7	22	67	23	13	24	41	25	91	26	12	27	100	28	92	29	98
	0	43	1	31	2	11	3	73	4	34	5	90	6	22	7	56	8	2	9	13	10	50	11	14	12	8	13	15	14	19	15	33	16	66	17	72	18	85	19	37	20	80	21	99	22	8	23	12	24	17	25	63	26	6	27	60	28	95	29	4
	0	63	1	94	2	36	3	67	4	80	5	68	6	26	7	65	8	83	9	92	10	70	11	24	12	43	13	81	14	36	15	82	16	54	17	32	18	33	19	36	20	81	21	33	22	61	23	72	24	88	25	56	26	31	27	12	28	82	29	58
	0	36	1	68	2	49	3	37	4	32	5	79	6	73	7	77	8	48	9	84	10	51	11	97	12	50	13	45	14	46	15	96	16	13	17	30	18	51	19	32	20	75	21	19	22	51	23	10	24	96	25	86	26	6	27	42	28	26	29	86
	0	84	1	12	2	58	3	30	4	29	5	68	6	37	7	43	8	45	9	8	10	27	11	27	12	12	13	39	14	76	15	84	16	86	17	36	18	14	19	66	20	38	21	16	22	93	23	50	24	34	25	1	26	44	27	65	28	71	29	54
	0	2	1	24	2	2	3	100	4	37	5	19	6	32	7	60	8	91	9	94	10	70	11	71	12	1	13	12	14	48	15	65	16	64	17	63	18	61	19	32	20	71	21	89	22	90	23	93	24	17	25	24	26	90	27	42	28	70	29	74
	0	87	1	52	2	43	3	81	4	93	5	52	6	10	7	50	8	29	9	10	10	66	11	34	12	42	13	77	14	13	15	98	16	35	17	96	18	14	19	19	20	41	21	63	22	73	23	85	24	26	25	99	26	11	27	100	28	99	29	70
	0	47	1	15	2	55	3	70	4	14	5	26	6	87	7	49	8	70	9	32	10	36	11	39	12	69	13	30	14	78	15	39	16	15	17	82	18	47	19	32	20	9	21	1	22	65	23	62	24	69	25	29	26	12	27	94	28	73	29	1
	0	61	1	23	2	54	3	28	4	69	5	21	6	65	7	39	8	82	9	23	10	69	11	57	12	18	13	100	14	38	15	10	16	11	17	72	18	66	19	99	20	51	21	49	22	15	23	74	24	40	25	12	26	64	27	85	28	57	29	68
	0	32	1	12	2	96	3	43	4	82	5	96	6	19	7	95	8	28	9	19	10	49	11	60	12	15	13	11	14	81	15	69	16	44	17	67	18	99	19	92	20	35	21	24	22	9	23	98	24	79	25	16	26	48	27	47	28	20	29	8
	0	17	1	35	2	52	3	84	4	45	5	70	6	26	7	36	8	90	9	55	10	16	11	75	12	26	13	94	14	77	15	66	16	79	17	48	18	91	19	61	20	17	21	15	22	96	23	72	24	80	25	9	26	32	27	20	28	37	29	56
	0	60	1	39	2	93	3	37	4	27	5	33	6	71	7	48	8	91	9	9	10	65	11	45	12	28	13	32	14	23	15	14	16	80	17	85	18	11	19	69	20	17	21	13	22	61	23	62	24	33	25	97	26	18	27	86	28	89	29	93
	0	29	1	75	2	61	3	11	4	31	5	43	6	85	7	37	8	53	9	22	10	89	11	11	12	19	13	83	14	44	15	29	16	22	17	59	18	5	19	19	20	19	21	87	22	89	23	7	24	47	25	53	26	37	27	89	28	71	29	12
	0	45	1	54	2	12	3	96	4	60	5	45	6	23	7	47	8	88	9	38	10	94	11	38	12	39	13	79	14	23	15	64	16	27	17	17	18	72	19	19	20	93	21	8	22	93	23	85	24	12	25	96	26	14	27	10	28	6	29	81
	0	84	1	44	2	81	3	39	4	49	5	59	6	53	7	50	8	4	9	70	10	30	11	44	12	16	13	45	14	69	15	90	16	44	17	60	18	22	19	64	20	94	21	36	22	43	23	82	24	68	25	73	26	21	27	91	28	18	29	57
	0	47	1	43	2	95	3	18	4	59	5	97	6	71	7	57	8	91	9	25	10	58	11	60	12	38	13	26	14	62	15	91	16	15	17	59	18	45	19	19	20	59	21	50	22	80	23	4	24	12	25	58	26	24	27	87	28	82	29	71
	0	36	1	19	2	75	3	84	4	41	5	46	6	23	7	89	8	78	9	34	10	84	11	58	12	12	13	92	14	70	15	19	16	93	17	29	18	20	19	38	20	84	21	65	22	48	23	71	24	92	25	69	26	12	27	46	28	84	29	89
	0	99	1	79	2	67	3	24	4	11	5	54	6	50	7	14	8	1	9	93	10	42	11	88	12	100	13	27	14	37	15	66	16	19	17	22	18	94	19	11	20	36	21	22	22	11	23	100	24	84	25	35	26	60	27	27	28	16	29	40
	0	20	1	70	2	3	3	21	4	29	5	99	6	86	7	38	8	49	9	89	10	5	11	1	12	6	13	65	14	65	15	97	16	53	17	10	18	11	19	98	20	67	21	91	22	20	23	43	24	77	25	3	26	44	27	65	28	88	29	26
	0	54	1	27	2	48	3	44	4	62	5	66	6	60	7	75	8	37	9	65	10	58	11	11	12	27	13	16	14	82	15	65	16	63	17	23	18	23	19	78	20	3	21	74	22	36	23	25	24	40	25	71	26	24	27	26	28	88	29	98
	0	48	1	67	2	13	3	82	4	28	5	55	6	76	7	49	8	19	9	84	10	10	11	100	12	93	13	98	14	44	15	57	16	52	17	39	18	34	19	50	20	55	21	51	22	86	23	42	24	46	25	70	26	71	27	16	28	91	29	3
	0	59	1	85	2	82	3	2	4	37	5	68	6	66	7	70	8	75	9	68	10	86	11	59	12	59	13	47	14	66	15	44	16	16	17	59	18	69	19	88	20	79	21	11	22	3	23	36	24	84	25	56	26	60	27	86	28	94	29	29
	0	11	1	39	2	82	3	91	4	4	5	33	6	31	7	38	8	14	9	86	10	26	11	86	12	59	13	34	14	45	15	51	16	83	17	20	18	83	19	68	20	57	21	67	22	53	23	29	24	67	25	67	26	52	27	37	28	63	29	32
	0	100	1	98	2	15	3	20	4	66	5	96	6	98	7	14	8	55	9	34	10	70	11	25	12	25	13	29	14	59	15	46	16	36	17	95	18	46	19	73	20	71	21	45	22	10	23	81	24	72	25	14	26	91	27	3	28	81	29	68
	0	60	1	72	2	87	3	50	4	27	5	6	6	1	7	92	8	16	9	53	10	28	11	87	12	75	13	35	14	4	15	88	16	25	17	33	18	11	19	99	20	52	21	28	22	88	23	66	24	91	25	88	26	8	27	68	28	64	29	33
	0	92	1	97	2	76	3	68	4	61	5	51	6	67	7	34	8	62	9	88	10	83	11	7	12	26	13	16	14	16	15	91	16	27	17	17	18	18	19	33	20	53	21	26	22	95	23	86	24	23	25	20	26	34	27	95	28	92	29	79
	0	23	1	69	2	40	3	34	4	57	5	87	6	35	7	7	8	50	9	18	10	5	11	4	12	94	13	86	14	83	15	32	16	28	17	95	18	88	19	35	20	19	21	89	22	55	23	76	24	61	25	22	26	50	27	10	28	44	29	63
	0	12	1	26	2	47	3	52	4	13	5	56	6	68	7	94	8	30	9	62	10	87	11	48	12	70	13	75	14	12	15	49	16	93	17	32	18	87	19	76	20	18	21	24	22	28	23	42	24	17	25	87	26	35	27	92	28	24	29	53
	0	96	1	3	2	14	3	78	4	63	5	48	6	31	7	3	8	97	9	58	10	77	11	1	12	83	13	93	14	80	15	52	16	74	17	11	18	4	19	2	20	17	21	88	22	78	23	32	24	68	25	38	26	48	27	37	28	95	29	25
	0	86	1	83	2	34	3	80	4	2	5	91	6	41	7	50	8	47	9	77	10	48	11	49	12	12	13	47	14	41	15	94	16	39	17	98	18	84	19	34	20	24	21	21	22	88	23	13	24	62	25	69	26	79	27	20	28	63	29	45
	0	15	1	28	2	56	3	43	4	75	5	7	6	37	7	10	8	98	9	78	10	48	11	48	12	50	13	38	14	79	15	59	16	55	17	73	18	36	19	91	20	18	21	35	22	20	23	52	24	13	25	58	26	99	27	10	28	23	29	38
	0	86	1	67	2	63	3	84	4	38	5	93	6	5	7	52	8	39	9	70	10	96	11	78	12	52	13	47	14	49	15	99	16	32	17	41	18	19	19	25	20	42	21	21	22	23	23	81	24	13	25	51	26	51	27	59	28	49	29	94
	0	84	1	39	2	50	3	97	4	5	5	54	6	20	7	8	8	78	9	31	10	85	11	96	12	42	13	23	14	11	15	70	16	12	17	6	18	31	19	31	20	19	21	24	22	9	23	96	24	13	25	90	26	87	27	60	28	8	29	77
	0	4	1	24	2	63	3	74	4	92	5	70	6	100	7	74	8	73	9	75	10	22	11	15	12	11	13	100	14	88	15	12	16	9	17	77	18	28	19	35	20	44	21	9	22	38	23	21	24	75	25	34	26	76	27	32	28	78	29	13
	0	33	1	98	2	90	3	66	4	83	5	95	6	61	7	60	8	3	9	57	10	48	11	96	12	34	13	25	14	9	15	84	16	32	17	72	18	64	19	91	20	4	21	64	22	48	23	93	24	54	25	40	26	59	27	70	28	68	29	30
	0	86	1	30	2	22	3	38	4	67	5	54	6	88	7	55	8	11	9	80	10	65	11	92	12	82	13	87	14	80	15	33	16	29	17	40	18	17	19	55	20	27	21	3	22	69	23	73	24	26	25	40	26	39	27	86	28	63	29	51
	0	18	1	57	2	63	3	22	4	16	5	37	6	26	7	80	8	40	9	10	10	6	11	81	12	31	13	46	14	93	15	78	16	98	17	63	18	82	19	47	20	31	21	40	22	79	23	63	24	71	25	41	26	70	27	45	28	62	29	38
	0	72	1	40	2	21	3	39	4	22	5	90	6	99	7	62	8	91	9	6	10	25	11	16	12	15	13	53	14	43	15	62	16	82	17	12	18	95	19	92	20	32	21	76	22	7	23	33	24	37	25	87	26	80	27	52	28	80	29	45
	0	87	1	51	2	53	3	12	4	47	5	50	6	35	7	22	8	5	9	8	10	20	11	53	12	45	13	31	14	17	15	27	16	37	17	59	18	34	19	48	20	49	21	47	22	4	23	83	24	26	25	65	26	49	27	57	28	84	29	89
	0	62	1	13	2	73	3	58	4	58	5	59	6	33	7	20	8	28	9	95	10	8	11	95	12	2	13	10	14	26	15	15	16	100	17	71	18	44	19	32	20	15	21	59	22	9	23	6	24	80	25	17	26	11	27	97	28	97	29	17
	0	93	1	39	2	33	3	63	4	74	5	69	6	18	7	83	8	88	9	29	10	87	11	76	12	32	13	70	14	60	15	27	16	13	17	29	18	56	19	93	20	92	21	55	22	75	23	29	24	94	25	100	26	99	27	13	28	31	29	12
	0	94	1	74	2	38	3	87	4	15	5	48	6	40	7	69	8	52	9	3	10	90	11	7	12	57	13	23	14	43	15	7	16	49	17	21	18	69	19	37	20	87	21	41	22	2	23	76	24	47	25	61	26	91	27	11	28	60	29	99
	0	2	1	23	2	89	3	3	4	68	5	23	6	39	7	58	8	16	9	20	10	57	11	52	12	88	13	37	14	39	15	78	16	54	17	5	18	59	19	71	20	81	21	2	22	4	23	100	24	93	25	21	26	46	27	67	28	61	29	72
	0	18	1	86	2	83	3	68	4	60	5	38	6	54	7	37	8	44	9	25	10	41	11	62	12	15	13	76	14	2	15	55	16	91	17	78	18	23	19	92	20	10	21	21	22	54	23	91	24	23	25	95	26	78	27	92	28	70	29	77
	0	33	1	70	2	86	3	81	4	81	5	13	6	20	7	82	8	87	9	21	10	75	11	18	12	52	13	10	14	91	15	35	16	22	17	44	18	33	19	44	20	53	21	21	22	57	23	77	24	15	25	71	26	71	27	91	28	64	29	67
	0	1	1	32	2	7	3	39	4	35	5	75	6	45	7	49	8	15	9	98	10	78	11	68	12	88	13	45	14	80	15	55	16	33	17	4	18	8	19	44	20	37	21	88	22	92	23	72	24	86	25	13	26	10	27	12	28	80	29	90
	0	55	1	2	2	1	3	90	4	52	5	70	6	93	7	49	8	73	9	94	10	24	11	16	12	58	13	73	14	44	15	55	16	50	17	67	18	70	19	71	20	89	21	43	22	37	23	14	24	34	25	50	26	17	27	64	28	4	29	84
	0	91	1	35	2	50	3	30	4	19	5	20	6	10	7	1	8	48	9	75	10	6	11	93	12	56	13	28	14	80	15	32	16	13	17	34	18	84	19	90	20	15	21	39	22	67	23	82	24	24	25	9	26	19	27	90	28	2	29	30
	0	87	1	58	2	53	3	8	4	44	5	57	6	82	7	8	8	91	9	24	10	44	11	13	12	29	13	17	14	56	15	91	16	15	17	44	18	73	19	8	20	100	21	46	22	65	23	25	24	12	25	53	26	45	27	54	28	30	29	51
	0	27	1	74	2	63	3	10	4	23	5	28	6	25	7	69	8	4	9	53	10	76	11	81	12	83	13	11	14	76	15	64	16	1	17	26	18	56	19	8	20	9	21	42	22	9	23	33	24	98	25	60	26	65	27	99	28	8	29	18
	0	98	1	19	2	10	3	25	4	62	5	15	6	64	7	55	8	79	9	28	10	79	11	66	12	17	13	68	14	26	15	8	16	24	17	59	18	100	19	19	20	15	21	26	22	15	23	41	24	18	25	26	26	76	27	87	28	39	29	17
	0	75	1	57	2	98	3	6	4	1	5	75	6	31	7	49	8	50	9	88	10	85	11	72	12	85	13	76	14	35	15	31	16	90	17	30	18	96	19	51	20	96	21	18	22	26	23	99	24	91	25	46	26	31	27	77	28	42	29	67
	0	15	1	52	2	70	3	19	4	49	5	52	6	85	7	80	8	38	9	91	10	60	11	64	12	19	13	15	14	84	15	22	16	22	17	67	18	51	19	94	20	58	21	20	22	63	23	37	24	42	25	33	26	47	27	40	28	45	29	13
	0	24	1	72	2	45	3	4	4	71	5	39	6	17	7	22	8	78	9	60	10	71	11	21	12	82	13	60	14	52	15	48	16	17	17	60	18	41	19	25	20	42	21	4	22	26	23	68	24	10	25	52	26	36	27	32	28	100	29	45
	0	54	1	39	2	32	3	88	4	52	5	21	6	16	7	42	8	14	9	9	10	30	11	99	12	40	13	20	14	12	15	92	16	50	17	40	18	13	19	59	20	25	21	6	22	55	23	55	24	57	25	28	26	77	27	6	28	3	29	6
	0	73	1	21	2	47	3	36	4	58	5	18	6	29	7	7	8	100	9	41	10	96	11	33	12	22	13	46	14	74	15	73	16	52	17	14	18	74	19	34	20	79	21	2	22	76	23	63	24	39	25	31	26	56	27	55	28	38	29	3
	0	57	1	62	2	100	3	66	4	7	5	61	6	78	7	76	8	38	9	14	10	76	11	39	12	64	13	37	14	69	15	14	16	22	17	63	18	16	19	21	20	82	21	52	22	9	23	86	24	67	25	98	26	1	27	3	28	71	29	33
	0	99	1	13	2	32	3	10	4	20	5	20	6	15	7	49	8	51	9	92	10	13	11	46	12	56	13	28	14	65	15	96	16	20	17	78	18	54	19	77	20	20	21	44	22	23	23	91	24	75	25	22	26	43	27	69	28	6	29	33
	0	97	1	74	2	100	3	69	4	84	5	64	6	81	7	59	8	44	9	10	10	17	11	8	12	58	13	60	14	7	15	90	16	92	17	6	18	54	19	79	20	60	21	2	22	93	23	57	24	48	25	25	26	37	27	36	28	17	29	82
	0	76	1	71	2	74	3	13	4	12	5	69	6	87	7	37	8	40	9	1	10	64	11	32	12	100	13	82	14	47	15	64	16	57	17	93	18	82	19	93	20	86	21	21	22	51	23	29	24	69	25	69	26	96	27	4	28	35	29	66
	0	73	1	95	2	92	3	58	4	88	5	15	6	41	7	75	8	38	9	44	10	59	11	100	12	41	13	78	14	8	15	86	16	25	17	16	18	89	19	98	20	18	21	10	22	61	23	74	24	56	25	48	26	90	27	32	28	8	29	56
	0	91	1	67	2	66	3	18	4	92	5	21	6	68	7	69	8	23	9	12	10	51	11	1	12	11	13	51	14	36	15	90	16	29	17	4	18	5	19	29	20	47	21	52	22	27	23	34	24	59	25	71	26	27	27	52	28	8	29	34
	0	16	1	84	2	11	3	6	4	20	5	14	6	72	7	79	8	91	9	92	10	30	11	70	12	64	13	28	14	74	15	89	16	4	17	83	18	37	19	37	20	74	21	64	22	28	23	93	24	85	25	70	26	92	27	7	28	36	29	35
	0	79	1	4	2	48	3	69	4	85	5	64	6	32	7	95	8	86	9	37	10	78	11	27	12	65	13	2	14	33	15	44	16	36	17	86	18	97	19	52	20	86	21	98	22	85	23	36	24	93	25	46	26	8	27	49	28	3	29	43
	0	74	1	92	2	71	3	8	4	28	5	67	6	85	7	37	8	66	9	26	10	45	11	93	12	95	13	44	14	63	15	27	16	33	17	70	18	91	19	53	20	60	21	66	22	14	23	14	24	66	25	9	26	55	27	28	28	62	29	30
	0	71	1	5	2	53	3	21	4	56	5	54	6	76	7	12	8	63	9	34	10	58	11	24	12	19	13	30	14	54	15	38	16	94	17	27	18	64	19	30	20	42	21	41	22	37	23	72	24	43	25	27	26	11	27	2	28	89	29	42
	0	56	1	98	2	6	3	82	4	5	5	21	6	16	7	86	8	6	9	14	10	59	11	80	12	14	13	57	14	36	15	22	16	12	17	34	18	59	19	47	20	41	21	48	22	100	23	41	24	64	25	94	26	76	27	93	28	88	29	83
	0	25	1	82	2	44	3	62	4	51	5	26	6	83	7	92	8	42	9	89	10	28	11	59	12	91	13	12	14	10	15	44	16	80	17	33	18	71	19	80	20	93	21	97	22	4	23	51	24	83	25	82	26	73	27	31	28	99	29	82
	0	32	1	72	2	53	3	30	4	26	5	62	6	82	7	55	8	60	9	36	10	29	11	87	12	47	13	10	14	63	15	82	16	94	17	57	18	94	19	15	20	79	21	53	22	63	23	52	24	9	25	65	26	16	27	30	28	92	29	60
	0	82	1	77	2	50	3	42	4	19	5	59	6	49	7	61	8	7	9	49	10	28	11	56	12	83	13	42	14	63	15	8	16	60	17	56	18	83	19	17	20	79	21	8	22	29	23	54	24	70	25	50	26	35	27	21	28	35	29	95
	0	44	1	33	2	76	3	77	4	21	5	14	6	28	7	27	8	2	9	50	10	68	11	54	12	2	13	58	14	17	15	55	16	72	17	67	18	51	19	13	20	63	21	99	22	94	23	43	24	60	25	13	26	46	27	93	28	81	29	49
	0	80	1	21	2	49	3	81	4	17	5	93	6	90	7	66	8	43	9	87	10	22	11	46	12	40	13	80	14	16	15	49	16	51	17	68	18	66	19	82	20	88	21	48	22	92	23	30	24	54	25	39	26	55	27	85	28	56	29	48
	0	66	1	82	2	1	3	94	4	19	5	8	6	23	7	53	8	77	9	23	10	84	11	75	12	89	13	94	14	30	15	98	16	22	17	35	18	14	19	60	20	30	21	21	22	3	23	69	24	98	25	85	26	35	27	5	28	42	29	54
	0	100	1	44	2	29	3	53	4	56	5	38	6	63	7	98	8	93	9	94	10	69	11	62	12	28	13	20	14	31	15	63	16	77	17	48	18	97	19	28	20	43	21	51	22	46	23	30	24	15	25	99	26	81	27	95	28	67	29	37
	0	97	1	26	2	10	3	76	4	29	5	98	6	9	7	17	8	86	9	10	10	12	11	73	12	24	13	15	14	12	15	39	16	20	17	51	18	55	19	30	20	34	21	38	22	80	23	97	24	91	25	31	26	22	27	72	28	7	29	39
	0	42	1	22	2	39	3	39	4	48	5	2	6	47	7	54	8	35	9	33	10	87	11	79	12	45	13	57	14	72	15	62	16	29	17	38	18	72	19	82	20	69	21	10	22	49	23	78	24	79	25	96	26	38	27	24	28	9	29	40
	0	16	1	50	2	5	3	36	4	32	5	54	6	12	7	46	8	83	9	61	10	12	11	28	12	62	13	18	14	41	15	28	16	11	17	36	18	31	19	11	20	49	21	5	22	57	23	18	24	77	25	64	26	98	27	85	28	54	29	85
	0	39	1	67	2	18	3	11	4	64	5	44	6	87	7	58	8	33	9	94	10	58	11	57	12	31	13	82	14	1	15	16	16	33	17	84	18	11	19	21	20	27	21	44	22	61	23	98	24	91	25	47	26	73	27	10	28	6	29	37
	0	2	1	65	2	61	3	31	4	92	5	58	6	80	7	97	8	60	9	68	10	72	11	96	12	11	13	85	14	87	15	14	16	89	17	38	18	34	19	33	20	11	21	54	22	85	23	8	24	60	25	64	26	75	27	54	28	15	29	34
	0	78	1	67	2	41	3	92	4	6	5	25	6	87	7	76	8	76	9	41	10	50	11	25	12	25	13	67	14	5	15	88	16	86	17	84	18	7	19	26	20	42	21	2	22	22	23	21	24	29	25	66	26	45	27	32	28	45	29	62
	0	98	1	56	2	96	3	29	4	23	5	73	6	88	7	56	8	24	9	5	10	29	11	5	12	5	13	97	14	20	15	86	16	21	17	12	18	37	19	89	20	31	21	99	22	38	23	27	24	23	25	62	26	42	27	70	28	59	29	59
	0	71	1	56	2	38	3	96	4	52	5	15	6	98	7	90	8	3	9	43	10	93	11	34	12	77	13	11	14	16	15	79	16	19	17	96	18	61	19	2	20	63	21	66	22	33	23	51	24	84	25	63	26	66	27	67	28	64	29	59
	0	91	1	29	2	56	3	87	4	73	5	76	6	45	7	55	8	10	9	99	10	32	11	22	12	55	13	4	14	14	15	69	16	20	17	91	18	15	19	4	20	46	21	7	22	90	23	91	24	80	25	55	26	26	27	75	28	71	29	79
	0	94	1	64	2	77	3	50	4	35	5	67	6	60	7	21	8	80	9	21	10	98	11	37	12	35	13	41	14	42	15	9	16	92	17	78	18	97	19	83	20	35	21	80	22	20	23	76	24	54	25	78	26	34	27	58	28	93	29	45
	0	30	1	91	2	88	3	2	4	94	5	58	6	77	7	76	8	76	9	55	10	73	11	22	12	97	13	15	14	59	15	63	16	54	17	93	18	22	19	25	20	77	21	27	22	38	23	61	24	44	25	60	26	97	27	83	28	52	29	86
	0	96	1	67	2	4	3	49	4	61	5	81	6	70	7	17	8	81	9	56	10	20	11	6	12	46	13	6	14	38	15	22	16	31	17	65	18	63	19	52	20	71	21	88	22	32	23	26	24	18	25	44	26	3	27	13	28	73	29	97
	0	87	1	40	2	29	3	50	4	24	5	49	6	83	7	98	8	74	9	16	10	82	11	11	12	10	13	2	14	29	15	62	16	45	17	20	18	61	19	38	20	11	21	34	22	65	23	33	24	79	25	7	26	98	27	93	28	99	29	87
	0	38	1	53	2	88	3	97	4	71	5	17	6	94	7	40	8	85	9	38	10	21	11	70	12	46	13	14	14	84	15	72	16	59	17	14	18	40	19	53	20	44	21	87	22	11	23	37	24	87	25	15	26	82	27	23	28	37	29	35
	0	56	1	40	2	60	3	22	4	97	5	13	6	80	7	5	8	86	9	22	10	54	11	75	12	72	13	22	14	73	15	97	16	1	17	50	18	83	19	31	20	38	21	37	22	56	23	30	24	46	25	14	26	79	27	78	28	50	29	56
	0	25	1	62	2	18	3	29	4	14	5	15	6	53	7	17	8	99	9	65	10	42	11	47	12	35	13	75	14	35	15	41	16	95	17	59	18	39	19	68	20	53	21	15	22	52	23	67	24	55	25	1	26	68	27	65	28	41	29	55
	0	36	1	12	2	87	3	29	4	49	5	12	6	81	7	80	8	90	9	19	10	54	11	63	12	76	13	17	14	32	15	89	16	60	17	22	18	77	19	64	20	100	21	60	22	31	23	11	24	86	25	15	26	83	27	48	28	100	29	46
	0	28	1	70	2	40	3	26	4	79	5	55	6	34	7	51	8	52	9	6	10	39	11	2	12	53	13	76	14	71	15	87	16	4	17	59	18	45	19	87	20	16	21	36	22	2	23	63	24	86	25	2	26	45	27	26	28	66	29	31
	0	36	1	60	2	56	3	32	4	6	5	58	6	89	7	24	8	78	9	7	10	26	11	21	12	22	13	26	14	87	15	100	16	80	17	64	18	72	19	17	20	31	21	85	22	43	23	67	24	85	25	16	26	94	27	10	28	24	29	26
	0	11	1	25	2	41	3	67	4	98	5	43	6	25	7	95	8	40	9	84	10	6	11	43	12	7	13	90	14	61	15	29	16	31	17	40	18	29	19	5	20	11	21	82	22	7	23	91	24	22	25	11	26	10	27	56	28	42	29	96
	0	17	1	14	2	8	3	20	4	47	5	73	6	83	7	93	8	31	9	49	10	87	11	45	12	64	13	26	14	9	15	20	16	70	17	25	18	40	19	19	20	10	21	19	22	55	23	64	24	4	25	7	26	49	27	87	28	57	29	26
	0	20	1	59	2	11	3	69	4	31	5	19	6	61	7	39	8	1	9	59	10	5	11	62	12	16	13	84	14	17	15	22	16	55	17	55	18	60	19	5	20	56	21	72	22	90	23	68	24	98	25	60	26	2	27	62	28	53	29	77
	0	28	1	68	2	30	3	40	4	89	5	43	6	35	7	40	8	56	9	77	10	96	11	10	12	73	13	100	14	50	15	41	16	51	17	99	18	72	19	79	20	37	21	34	22	99	23	47	24	2	25	64	26	88	27	58	28	23	29	9
	0	95	1	29	2	44	3	25	4	80	5	16	6	31	7	67	8	59	9	15	10	78	11	50	12	74	13	2	14	5	15	55	16	41	17	18	18	74	19	27	20	98	21	15	22	3	23	58	24	75	25	10	26	53	27	71	28	33	29	34
	0	37	1	31	2	71	3	53	4	46	5	45	6	85	7	5	8	10	9	48	10	25	11	88	12	42	13	73	14	95	15	81	16	20	17	49	18	74	19	85	20	12	21	78	22	79	23	24	24	53	25	95	26	73	27	37	28	17	29	5
	0	100	1	53	2	57	3	35	4	8	5	23	6	96	7	73	8	69	9	62	10	95	11	69	12	38	13	20	14	34	15	13	16	78	17	82	18	77	19	26	20	69	21	73	22	12	23	24	24	66	25	7	26	80	27	43	28	63	29	21
	0	42	1	33	2	11	3	70	4	44	5	57	6	65	7	80	8	78	9	59	10	65	11	84	12	51	13	90	14	84	15	85	16	10	17	87	18	3	19	29	20	84	21	60	22	79	23	78	24	41	25	41	26	20	27	4	28	70	29	75
	0	98	1	66	2	42	3	73	4	48	5	28	6	1	7	56	8	38	9	26	10	92	11	54	12	10	13	4	14	37	15	48	16	33	17	69	18	96	19	64	20	2	21	35	22	94	23	50	24	86	25	59	26	87	27	4	28	9	29	94
Reldue
-1	3280	-1	1
-1	10225	-1	1
-1	5122	-1	1
-1	20864	-1	1
-1	2898	-1	1
-1	21669	-1	1
-1	12034	-1	1
-1	14104	-1	1
-1	17937	-1	1
-1	6298	-1	1
-1	12092	-1	1
-1	7611	-1	1
-1	14737	-1	1
-1	3638	-1	1
-1	12800	-1	1
-1	21697	-1	1
-1	3742	-1	1
-1	13368	-1	1
-1	9949	-1	1
-1	17246	-1	1
-1	20351	-1	1
-1	15588	-1	1
-1	16300	-1	1
-1	2119	-1	1
-1	2724	-1	1
-1	6418	-1	1
-1	3638	-1	1
-1	10531	-1	1
-1	13850	-1	1
-1	20541	-1	1
-1	4025	-1	1
-1	21391	-1	1
-1	15622	-1	1
-1	15405	-1	1
-1	9011	-1	1
-1	9135	-1	1
-1	19689	-1	1
-1	6986	-1	1
-1	4456	-1	1
-1	19597	-1	1
-1	16671	-1	1
-1	15554	-1	1
-1	14366	-1	1
-1	5366	-1	1
-1	8617	-1	1
-1	17530	-1	1
-1	11889	-1	1
-1	17111	-1	1
-1	5367	-1	1
-1	2552	-1	1
-1	9583	-1	1
-1	5813	-1	1
-1	13849	-1	1
-1	15597	-1	1
-1	13651	-1	1
-1	5846	-1	1
-1	13601	-1	1
-1	7817	-1	1
-1	21631	-1	1
-1	4839	-1	1
-1	18959	-1	1
-1	18653	-1	1
-1	3294	-1	1
-1	15206	-1	1
-1	6950	-1	1
-1	13012	-1	1
-1	13623	-1	1
-1	10367	-1	1
-1	5188	-1	1
-1	8257	-1	1
-1	20562	-1	1
-1	5881	-1	1
-1	6577	-1	1
-1	8667	-1	1
-1	14689	-1	1
-1	19933	-1	1
-1	15322	-1	1
-1	4625	-1	1
-1	14105	-1	1
-1	19972	-1	1
-1	3277	-1	1
-1	13273	-1	1
-1	11389	-1	1
-1	8208	-1	1
-1	9712	-1	1
-1	20043	-1	1
-1	16627	-1	1
-1	16118	-1	1
-1	10514	-1	1
-1	12021	-1	1
-1	8716	-1	1
-1	7618	-1	1
-1	4118	-1	1
-1	13560	-1	1
-1	20349	-1	1
-1	22175	-1	1
-1	11623	-1	1
-1	19260	-1	1
-1	15877	-1	1
-1	16808	-1	1
-1	20095	-1	1
-1	10178	-1	1
-1	22081	-1	1
-1	13703	-1	1
-1	5198	-1	1
-1	19787	-1	1
-1	18032	-1	1
-1	2193	-1	1
-1	11147	-1	1
-1	17286	-1	1
-1	13458	-1	1
-1	7979	-1	1
-1	5848	-1	1
-1	13445	-1	1
-1	15633	-1	1
-1	13011	-1	1
-1	9503	-1	1
-1	3578	-1	1
-1	18361	-1	1
-1	6251	-1	1
-1	20727	-1	1
-1	20184	-1	1
-1	8916	-1	1
-1	22195	-1	1
-1	3807	-1	1
-1	22076	-1	1
-1	14291	-1	1
-1	8680	-1	1
-1	22236	-1	1
-1	4779	-1	1
-1	9185	-1	1
-1	3169	-1	1
-1	17035	-1	1
-1	7964	-1	1
-1	2945	-1	1
-1	20364	-1	1
-1	18916	-1	1
-1	6869	-1	1
-1	15654	-1	1
-1	18116	-1	1
-1	17342	-1	1
-1	6174	-1	1
-1	5552	-1	1
-1	7613	-1	1
-1	20500	-1	1
-1	7014	-1	1
-1	19074	-1	1
-1	11670	-1	1
-1	8725	-1	1
-1	12585	-1	1
-1	3378	-1	1
-1	8542	-1	1
-1	19541	-1	1
-1	18473	-1	1
-1	11738	-1	1
-1	3753	-1	1
-1	15842	-1	1
-1	20528	-1	1
-1	7025	-1	1
-1	10288	-1	1
-1	10024	-1	1
-1	17027	-1	1
-1	3857	-1	1
-1	8243	-1	1
-1	3787	-1	1
-1	7350	-1	1
-1	9686	-1	1
-1	21338	-1	1
-1	2150	-1	1
-1	14901	-1	1
-1	5511	-1	1
-1	3919	-1	1
-1	18491	-1	1
-1	3886	-1	1
-1	7989	-1	1
-1	12513	-1	1
-1	12889	-1	1
-1	13542	-1	1
-1	14966	-1	1
-1	18908	-1	1
-1	17230	-1	1
-1	22356	-1	1
-1	8807	-1	1
-1	12249	-1	1
-1	11905	-1	1
-1	18882	-1	1
-1	13384	-1	1
-1	2164	-1	1
-1	21778	-1	1
-1	5962	-1	1
-1	22051	-1	1
-1	9320	-1	1
-1	6478	-1	1
-1	17068	-1	1
-1	6695	-1	1
-1	12480	-1	1
-1	2475	-1	1
-1	4191	-1	1
-1	19020	-1	1
-1	9869	-1	1
-1	20582	-1	1
-1	12678	-1	1
-1	12656	-1	1
-1	10908	-1	1
-1	3323	-1	1
-1	2528	-1	1
-1	19561	-1	1
-1	3889	-1	1
-1	8925	-1	1
-1	7006	-1	1
-1	13459	-1	1
-1	11511	-1	1
-1	18407	-1	1
-1	18700	-1	1
-1	22362	-1	1
-1	4398	-1	1
-1	12012	-1	1
-1	18420	-1	1
-1	16750	-1	1
-1	19159	-1	1
-1	7317	-1	1
-1	16556	-1	1
-1	2847	-1	1
-1	16475	-1	1
-1	21726	-1	1
-1	22394	-1	1
-1	20994	-1	1
-1	19604	-1	1
-1	8763	-1	1
-1	4859	-1	1
-1	19457	-1	1
-1	17775	-1	1
-1	6312	-1	1
-1	15222	-1	1
-1	7626	-1	1
-1	21843	-1	1
-1	5521	-1	1
-1	14930	-1	1
-1	20249	-1	1
-1	11724	-1	1
-1	13160	-1	1
-1	17808	-1	1
-1	21194	-1	1
-1	9937	-1	1
-1	9992	-1	1
-1	18352	-1	1
-1	2743	-1	1
-1	10590	-1	1
-1	2497	-1	1
-1	19515	-1	1
-1	11023	-1	1
-1	8328	-1	1
-1	3112	-1	1
-1	9186	-1	1
-1	16909	-1	1
-1	9613	-1	1
-1	3731	-1	1
-1	4907	-1	1
-1	5733	-1	1
-1	15804	-1	1
-1	12258	-1	1
-1	5845	-1	1
-1	11303	-1	1
-1	13431	-1	1
-1	2708	-1	1
-1	2165	-1	1
-1	8463	-1	1
-1	12155	-1	1
-1	22103	-1	1
-1	13432	-1	1
-1	12035	-1	1
-1	12765	-1	1
-1	8783	-1	1
-1	10359	-1	1
-1	20903	-1	1
-1	17116	-1	1
-1	4068	-1	1
-1	7760	-1	1
-1	2064	-1	1
-1	13389	-1	1
-1	16043	-1	1
-1	9612	-1	1
-1	12492	-1	1
-1	17950	-1	1
-1	3152	-1	1
-1	2262	-1	1
-1	10904	-1	1
-1	15372	-1	1
-1	21920	-1	1
-1	13344	-1	1
-1	18407	-1	1
-1	10542	-1	1
-1	16911	-1	1
-1	14161	-1	1
-1	6659	-1	1
-1	3790	-1	1
-1	21571	-1	1
-1	19773	-1	1
-1	19497	-1	1
-1	11152	-1	1
-1	13424	-1	1
-1	11503	-1	1
-1	18895	-1	1
-1	12128	-1	1
-1	18835	-1	1
-1	5498	-1	1
-1	12217	-1	1
-1	18437	-1	1
-1	6658	-1	1
-1	4297	-1	1
-1	2620	-1	1
-1	13528	-1	1
-1	12967	-1	1
-1	22381	-1	1
-1	3329	-1	1
-1	7352	-1	1
-1	5573	-1	1
-1	14512	-1	1
-1	14707	-1	1
-1	7148	-1	1
-1	22344	-1	1
-1	10041	-1	1
-1	10982	-1	1
-1	16150	-1	1
-1	20619	-1	1
-1	6531	-1	1
-1	9022	-1	1
-1	13974	-1	1
-1	2336	-1	1
-1	17711	-1	1
-1	10947	-1	1
-1	20405	-1	1
-1	5197	-1	1
-1	2523	-1	1
-1	5192	-1	1
-1	2499	-1	1
-1	4191	-1	1
-1	19285	-1	1
-1	11659	-1	1
-1	2163	-1	1
-1	17732	-1	1
-1	15453	-1	1
-1	18902	-1	1
-1	9512	-1	1
-1	3637	-1	1
-1	15300	-1	1
-1	13213	-1	1
-1	10148	-1	1
-1	12652	-1	1
-1	3770	-1	1
LBCmax: 20403
