150  10
	0	65	1	28	2	17	3	53	4	23	5	76	6	22	7	85	8	72	9	64
	0	90	1	12	2	33	3	99	4	46	5	7	6	43	7	17	8	69	9	81
	0	69	1	46	2	69	3	71	4	70	5	63	6	9	7	100	8	63	9	23
	0	3	1	31	2	24	3	5	4	55	5	44	6	26	7	84	8	40	9	1
	0	96	1	70	2	36	3	80	4	36	5	25	6	54	7	93	8	65	9	68
	0	32	1	27	2	43	3	46	4	88	5	56	6	3	7	97	8	35	9	28
	0	12	1	62	2	28	3	22	4	8	5	11	6	78	7	22	8	4	9	80
	0	50	1	61	2	66	3	49	4	52	5	27	6	73	7	14	8	54	9	37
	0	49	1	6	2	9	3	24	4	7	5	79	6	74	7	78	8	43	9	74
	0	32	1	56	2	93	3	21	4	76	5	43	6	6	7	35	8	3	9	22
	0	22	1	20	2	31	3	1	4	55	5	3	6	38	7	88	8	10	9	34
	0	75	1	20	2	89	3	37	4	15	5	95	6	67	7	10	8	41	9	50
	0	42	1	94	2	72	3	82	4	88	5	51	6	85	7	24	8	66	9	50
	0	96	1	6	2	75	3	29	4	84	5	61	6	44	7	74	8	89	9	76
	0	95	1	67	2	16	3	74	4	36	5	56	6	14	7	91	8	62	9	70
	0	25	1	86	2	60	3	90	4	22	5	82	6	62	7	15	8	66	9	50
	0	94	1	22	2	68	3	61	4	95	5	92	6	29	7	81	8	22	9	43
	0	95	1	80	2	60	3	10	4	47	5	84	6	1	7	47	8	13	9	89
	0	63	1	52	2	82	3	2	4	63	5	39	6	46	7	9	8	63	9	92
	0	98	1	56	2	52	3	3	4	73	5	5	6	44	7	60	8	8	9	1
	0	85	1	28	2	42	3	65	4	20	5	72	6	7	7	86	8	49	9	83
	0	65	1	91	2	74	3	14	4	88	5	17	6	28	7	54	8	1	9	91
	0	22	1	75	2	30	3	29	4	62	5	38	6	13	7	77	8	16	9	48
	0	81	1	67	2	38	3	90	4	10	5	73	6	72	7	80	8	7	9	67
	0	6	1	26	2	70	3	28	4	31	5	77	6	39	7	48	8	37	9	88
	0	42	1	33	2	53	3	70	4	83	5	6	6	3	7	56	8	34	9	46
	0	41	1	35	2	29	3	22	4	92	5	24	6	76	7	23	8	97	9	70
	0	27	1	67	2	55	3	29	4	70	5	56	6	5	7	26	8	51	9	17
	0	81	1	35	2	17	3	17	4	53	5	97	6	47	7	78	8	10	9	80
	0	27	1	6	2	80	3	64	4	55	5	14	6	67	7	69	8	12	9	9
	0	57	1	97	2	16	3	75	4	35	5	30	6	55	7	58	8	97	9	13
	0	62	1	46	2	60	3	25	4	70	5	2	6	1	7	92	8	83	9	86
	0	80	1	19	2	29	3	80	4	26	5	41	6	81	7	89	8	91	9	100
	0	83	1	4	2	99	3	25	4	97	5	34	6	47	7	59	8	60	9	44
	0	44	1	51	2	29	3	58	4	80	5	29	6	41	7	22	8	59	9	3
	0	23	1	24	2	63	3	72	4	21	5	15	6	7	7	37	8	49	9	98
	0	100	1	32	2	53	3	56	4	50	5	37	6	60	7	38	8	45	9	36
	0	63	1	49	2	13	3	18	4	29	5	80	6	54	7	56	8	64	9	90
	0	72	1	92	2	66	3	34	4	70	5	27	6	33	7	85	8	80	9	88
	0	22	1	92	2	37	3	19	4	78	5	89	6	23	7	27	8	68	9	33
	0	44	1	67	2	91	3	37	4	6	5	56	6	61	7	38	8	6	9	55
	0	71	1	92	2	69	3	38	4	86	5	15	6	70	7	61	8	35	9	91
	0	40	1	93	2	82	3	24	4	52	5	54	6	12	7	5	8	12	9	4
	0	51	1	14	2	16	3	48	4	13	5	97	6	55	7	72	8	42	9	60
	0	66	1	12	2	85	3	94	4	60	5	30	6	24	7	12	8	87	9	40
	0	46	1	61	2	11	3	14	4	34	5	48	6	6	7	70	8	2	9	81
	0	94	1	90	2	12	3	31	4	90	5	66	6	45	7	44	8	28	9	34
	0	11	1	77	2	70	3	56	4	28	5	37	6	38	7	73	8	92	9	26
	0	5	1	19	2	30	3	49	4	51	5	80	6	1	7	19	8	64	9	36
	0	93	1	73	2	28	3	24	4	24	5	83	6	53	7	96	8	48	9	21
	0	23	1	79	2	27	3	21	4	66	5	52	6	16	7	39	8	79	9	88
	0	74	1	8	2	66	3	43	4	94	5	35	6	51	7	81	8	27	9	96
	0	1	1	65	2	22	3	11	4	57	5	55	6	30	7	22	8	51	9	100
	0	28	1	96	2	74	3	3	4	70	5	23	6	6	7	3	8	60	9	93
	0	44	1	5	2	22	3	59	4	68	5	44	6	94	7	27	8	34	9	73
	0	76	1	37	2	99	3	4	4	24	5	3	6	8	7	49	8	42	9	51
	0	88	1	32	2	38	3	66	4	44	5	70	6	37	7	20	8	51	9	55
	0	68	1	72	2	73	3	74	4	59	5	33	6	69	7	46	8	28	9	59
	0	57	1	75	2	33	3	2	4	49	5	43	6	28	7	33	8	88	9	86
	0	43	1	25	2	23	3	34	4	73	5	52	6	32	7	6	8	50	9	48
	0	71	1	90	2	40	3	21	4	92	5	55	6	79	7	36	8	84	9	59
	0	40	1	90	2	8	3	70	4	2	5	55	6	49	7	8	8	58	9	62
	0	88	1	58	2	89	3	50	4	76	5	36	6	76	7	4	8	69	9	1
	0	48	1	44	2	43	3	31	4	74	5	66	6	8	7	23	8	47	9	25
	0	84	1	83	2	21	3	8	4	11	5	7	6	10	7	57	8	4	9	66
	0	36	1	27	2	83	3	72	4	2	5	84	6	22	7	59	8	34	9	95
	0	17	1	10	2	92	3	48	4	50	5	37	6	64	7	7	8	11	9	68
	0	95	1	9	2	1	3	10	4	6	5	26	6	19	7	96	8	1	9	76
	0	28	1	24	2	75	3	41	4	29	5	51	6	77	7	36	8	97	9	12
	0	82	1	28	2	73	3	52	4	62	5	1	6	87	7	10	8	96	9	21
	0	75	1	92	2	29	3	47	4	23	5	17	6	76	7	85	8	21	9	14
	0	41	1	76	2	43	3	24	4	86	5	96	6	65	7	30	8	80	9	67
	0	93	1	93	2	95	3	32	4	66	5	9	6	60	7	45	8	53	9	87
	0	54	1	62	2	56	3	15	4	24	5	52	6	95	7	71	8	55	9	50
	0	37	1	100	2	17	3	28	4	77	5	52	6	76	7	58	8	15	9	57
	0	43	1	89	2	59	3	88	4	99	5	60	6	58	7	28	8	6	9	24
	0	55	1	49	2	17	3	60	4	92	5	66	6	24	7	87	8	22	9	30
	0	16	1	16	2	20	3	58	4	35	5	100	6	69	7	30	8	46	9	72
	0	83	1	97	2	75	3	68	4	3	5	75	6	62	7	96	8	44	9	20
	0	43	1	85	2	12	3	11	4	58	5	22	6	5	7	92	8	46	9	66
	0	66	1	39	2	75	3	1	4	56	5	56	6	21	7	65	8	61	9	19
	0	92	1	56	2	58	3	27	4	48	5	17	6	91	7	19	8	98	9	45
	0	51	1	60	2	32	3	75	4	45	5	30	6	47	7	30	8	99	9	53
	0	74	1	55	2	44	3	34	4	93	5	51	6	64	7	25	8	24	9	94
	0	8	1	20	2	5	3	7	4	9	5	39	6	11	7	5	8	46	9	73
	0	66	1	44	2	39	3	86	4	55	5	41	6	86	7	2	8	48	9	46
	0	62	1	21	2	65	3	74	4	36	5	37	6	78	7	41	8	96	9	62
	0	10	1	64	2	70	3	74	4	74	5	100	6	92	7	39	8	78	9	50
	0	49	1	82	2	71	3	52	4	1	5	2	6	16	7	36	8	76	9	61
	0	21	1	6	2	64	3	86	4	46	5	91	6	76	7	63	8	82	9	69
	0	36	1	27	2	67	3	49	4	15	5	60	6	80	7	83	8	42	9	47
	0	37	1	22	2	39	3	78	4	63	5	59	6	64	7	75	8	37	9	10
	0	60	1	81	2	21	3	22	4	57	5	48	6	13	7	27	8	57	9	12
	0	2	1	61	2	1	3	44	4	3	5	29	6	19	7	95	8	2	9	83
	0	78	1	96	2	44	3	44	4	14	5	82	6	38	7	78	8	86	9	37
	0	61	1	17	2	95	3	74	4	98	5	85	6	78	7	23	8	33	9	56
	0	30	1	77	2	82	3	70	4	43	5	2	6	47	7	81	8	66	9	36
	0	12	1	3	2	4	3	34	4	27	5	88	6	27	7	6	8	36	9	50
	0	58	1	81	2	52	3	12	4	43	5	91	6	99	7	60	8	45	9	42
	0	43	1	100	2	3	3	38	4	10	5	74	6	43	7	51	8	46	9	87
	0	47	1	80	2	79	3	23	4	3	5	23	6	83	7	80	8	92	9	48
	0	43	1	41	2	5	3	67	4	93	5	53	6	74	7	24	8	63	9	91
	0	58	1	49	2	52	3	37	4	42	5	62	6	19	7	80	8	18	9	9
	0	71	1	29	2	64	3	63	4	67	5	97	6	43	7	40	8	80	9	96
	0	78	1	98	2	90	3	48	4	85	5	20	6	90	7	96	8	68	9	2
	0	29	1	96	2	3	3	2	4	37	5	93	6	72	7	10	8	89	9	20
	0	15	1	56	2	10	3	91	4	22	5	57	6	34	7	60	8	75	9	74
	0	55	1	65	2	13	3	33	4	54	5	88	6	86	7	26	8	65	9	2
	0	10	1	94	2	27	3	72	4	46	5	72	6	46	7	47	8	75	9	28
	0	44	1	52	2	17	3	36	4	74	5	59	6	36	7	77	8	34	9	20
	0	32	1	30	2	19	3	66	4	84	5	21	6	58	7	11	8	33	9	36
	0	64	1	32	2	94	3	9	4	84	5	91	6	37	7	46	8	98	9	31
	0	90	1	52	2	53	3	62	4	38	5	58	6	91	7	20	8	31	9	75
	0	19	1	64	2	30	3	26	4	48	5	30	6	34	7	17	8	67	9	89
	0	80	1	66	2	52	3	49	4	23	5	92	6	22	7	2	8	9	9	25
	0	83	1	24	2	15	3	9	4	32	5	61	6	24	7	95	8	12	9	63
	0	37	1	43	2	32	3	52	4	69	5	94	6	92	7	40	8	64	9	66
	0	95	1	23	2	16	3	96	4	15	5	18	6	5	7	30	8	60	9	31
	0	76	1	22	2	58	3	63	4	6	5	12	6	39	7	89	8	55	9	82
	0	8	1	77	2	91	3	11	4	13	5	24	6	30	7	80	8	71	9	31
	0	34	1	2	2	100	3	39	4	62	5	70	6	58	7	3	8	59	9	48
	0	10	1	79	2	37	3	66	4	54	5	30	6	76	7	66	8	82	9	10
	0	45	1	22	2	70	3	54	4	42	5	49	6	99	7	96	8	78	9	46
	0	75	1	88	2	62	3	49	4	84	5	90	6	72	7	94	8	7	9	74
	0	10	1	11	2	80	3	25	4	74	5	100	6	70	7	64	8	95	9	62
	0	11	1	15	2	38	3	77	4	8	5	89	6	42	7	65	8	20	9	59
	0	59	1	66	2	62	3	48	4	21	5	19	6	96	7	57	8	33	9	41
	0	8	1	99	2	91	3	21	4	74	5	26	6	49	7	80	8	77	9	52
	0	93	1	83	2	21	3	23	4	13	5	78	6	55	7	75	8	55	9	7
	0	3	1	83	2	5	3	27	4	64	5	2	6	45	7	12	8	31	9	46
	0	65	1	47	2	29	3	49	4	43	5	20	6	91	7	12	8	9	9	77
	0	15	1	35	2	56	3	100	4	55	5	79	6	80	7	17	8	61	9	10
	0	49	1	63	2	68	3	11	4	28	5	33	6	82	7	90	8	24	9	20
	0	26	1	90	2	20	3	12	4	55	5	96	6	15	7	91	8	25	9	91
	0	84	1	75	2	95	3	3	4	29	5	71	6	99	7	54	8	85	9	51
	0	100	1	90	2	3	3	57	4	34	5	66	6	24	7	1	8	85	9	3
	0	6	1	21	2	67	3	49	4	84	5	98	6	95	7	14	8	63	9	53
	0	66	1	50	2	87	3	73	4	98	5	100	6	14	7	47	8	85	9	46
	0	3	1	1	2	63	3	17	4	2	5	55	6	11	7	47	8	72	9	61
	0	16	1	85	2	99	3	84	4	83	5	8	6	74	7	36	8	75	9	78
	0	52	1	66	2	97	3	49	4	11	5	84	6	75	7	20	8	70	9	66
	0	91	1	79	2	43	3	52	4	64	5	91	6	39	7	60	8	8	9	27
	0	34	1	57	2	86	3	32	4	65	5	67	6	50	7	80	8	41	9	16
	0	45	1	65	2	54	3	28	4	100	5	26	6	36	7	34	8	49	9	9
	0	17	1	53	2	38	3	3	4	49	5	53	6	35	7	14	8	16	9	17
	0	27	1	58	2	52	3	50	4	76	5	91	6	27	7	16	8	87	9	5
	0	70	1	95	2	71	3	54	4	48	5	78	6	50	7	96	8	21	9	65
	0	10	1	65	2	30	3	26	4	96	5	98	6	96	7	18	8	29	9	92
	0	41	1	6	2	66	3	68	4	56	5	11	6	40	7	60	8	64	9	67
	0	60	1	48	2	77	3	92	4	43	5	24	6	24	7	90	8	18	9	51
Reldue
-1	3305	-1	1
-1	5022	-1	1
-1	4230	-1	1
-1	5464	-1	1
-1	5821	-1	1
-1	9657	-1	1
-1	8774	-1	1
-1	7800	-1	1
-1	9786	-1	1
-1	4267	-1	1
-1	4151	-1	1
-1	4767	-1	1
-1	4963	-1	1
-1	6498	-1	1
-1	3924	-1	1
-1	7504	-1	1
-1	6797	-1	1
-1	4742	-1	1
-1	10516	-1	1
-1	9656	-1	1
-1	3577	-1	1
-1	6022	-1	1
-1	8946	-1	1
-1	2559	-1	1
-1	3238	-1	1
-1	10011	-1	1
-1	8054	-1	1
-1	7160	-1	1
-1	8562	-1	1
-1	9179	-1	1
-1	8013	-1	1
-1	7109	-1	1
-1	4941	-1	1
-1	2668	-1	1
-1	3830	-1	1
-1	4567	-1	1
-1	6019	-1	1
-1	5392	-1	1
-1	5811	-1	1
-1	5552	-1	1
-1	8458	-1	1
-1	3190	-1	1
-1	2780	-1	1
-1	5140	-1	1
-1	3312	-1	1
-1	3059	-1	1
-1	8428	-1	1
-1	4115	-1	1
-1	5577	-1	1
-1	2623	-1	1
-1	6221	-1	1
-1	8872	-1	1
-1	8305	-1	1
-1	7443	-1	1
-1	2717	-1	1
-1	9386	-1	1
-1	6743	-1	1
-1	6114	-1	1
-1	8834	-1	1
-1	5571	-1	1
-1	2971	-1	1
-1	3169	-1	1
-1	7677	-1	1
-1	7351	-1	1
-1	9816	-1	1
-1	7479	-1	1
-1	10466	-1	1
-1	9324	-1	1
-1	9466	-1	1
-1	6684	-1	1
-1	9886	-1	1
-1	8336	-1	1
-1	4077	-1	1
-1	9240	-1	1
-1	10042	-1	1
-1	3574	-1	1
-1	3461	-1	1
-1	8909	-1	1
-1	3645	-1	1
-1	2542	-1	1
-1	9485	-1	1
-1	6388	-1	1
-1	6129	-1	1
-1	9288	-1	1
-1	9846	-1	1
-1	4209	-1	1
-1	5077	-1	1
-1	6008	-1	1
-1	4057	-1	1
-1	7440	-1	1
-1	4129	-1	1
-1	6541	-1	1
-1	4828	-1	1
-1	7617	-1	1
-1	7475	-1	1
-1	9002	-1	1
-1	9096	-1	1
-1	2877	-1	1
-1	5607	-1	1
-1	3708	-1	1
-1	8557	-1	1
-1	3099	-1	1
-1	8680	-1	1
-1	6654	-1	1
-1	5339	-1	1
-1	3572	-1	1
-1	4246	-1	1
-1	9101	-1	1
-1	8691	-1	1
-1	2666	-1	1
-1	4233	-1	1
-1	5577	-1	1
-1	6942	-1	1
-1	10249	-1	1
-1	4800	-1	1
-1	3114	-1	1
-1	9090	-1	1
-1	3827	-1	1
-1	3514	-1	1
-1	6488	-1	1
-1	7258	-1	1
-1	3890	-1	1
-1	7814	-1	1
-1	8954	-1	1
-1	7517	-1	1
-1	8866	-1	1
-1	3482	-1	1
-1	3680	-1	1
-1	8891	-1	1
-1	6124	-1	1
-1	9162	-1	1
-1	8596	-1	1
-1	8590	-1	1
-1	7831	-1	1
-1	9921	-1	1
-1	9523	-1	1
-1	7274	-1	1
-1	5268	-1	1
-1	6227	-1	1
-1	6364	-1	1
-1	6580	-1	1
-1	7003	-1	1
-1	8119	-1	1
-1	5924	-1	1
-1	9485	-1	1
-1	9568	-1	1
-1	2541	-1	1
-1	3118	-1	1
-1	3476	-1	1
-1	4742	-1	1
LBCmax: 8172
