50  10
	0	22	1	87	2	50	3	40	4	100	5	25	6	62	7	78	8	85	9	48
	0	46	1	20	2	35	3	57	4	73	5	20	6	74	7	31	8	89	9	10
	0	62	1	25	2	32	3	19	4	80	5	76	6	36	7	89	8	84	9	47
	0	58	1	45	2	94	3	19	4	25	5	47	6	2	7	24	8	95	9	17
	0	28	1	70	2	70	3	8	4	52	5	99	6	6	7	86	8	9	9	98
	0	7	1	14	2	14	3	24	4	3	5	73	6	59	7	33	8	52	9	63
	0	7	1	30	2	2	3	58	4	56	5	58	6	10	7	7	8	67	9	7
	0	16	1	27	2	73	3	16	4	98	5	99	6	2	7	86	8	72	9	81
	0	1	1	28	2	8	3	3	4	28	5	30	6	68	7	92	8	54	9	3
	0	2	1	59	2	94	3	33	4	52	5	26	6	54	7	71	8	36	9	100
	0	76	1	19	2	38	3	7	4	96	5	7	6	10	7	32	8	64	9	55
	0	54	1	55	2	94	3	76	4	63	5	63	6	22	7	64	8	17	9	70
	0	14	1	67	2	83	3	95	4	35	5	45	6	42	7	70	8	80	9	53
	0	61	1	68	2	30	3	8	4	80	5	93	6	68	7	37	8	69	9	59
	0	90	1	99	2	93	3	50	4	77	5	25	6	73	7	44	8	33	9	47
	0	50	1	37	2	82	3	84	4	73	5	8	6	91	7	9	8	68	9	100
	0	70	1	25	2	80	3	18	4	52	5	20	6	71	7	61	8	58	9	78
	0	21	1	47	2	99	3	58	4	86	5	94	6	85	7	85	8	74	9	59
	0	18	1	4	2	73	3	63	4	99	5	89	6	35	7	45	8	93	9	16
	0	83	1	16	2	7	3	35	4	21	5	21	6	84	7	6	8	45	9	26
	0	26	1	78	2	95	3	77	4	84	5	28	6	90	7	6	8	98	9	93
	0	34	1	87	2	54	3	60	4	100	5	59	6	98	7	93	8	14	9	70
	0	42	1	11	2	96	3	4	4	18	5	58	6	41	7	12	8	89	9	17
	0	46	1	43	2	30	3	62	4	2	5	44	6	6	7	52	8	19	9	93
	0	40	1	10	2	54	3	69	4	39	5	42	6	54	7	73	8	11	9	85
	0	38	1	59	2	10	3	91	4	75	5	43	6	75	7	95	8	35	9	91
	0	50	1	6	2	26	3	4	4	23	5	31	6	37	7	56	8	97	9	28
	0	45	1	53	2	82	3	26	4	67	5	13	6	91	7	79	8	65	9	92
	0	62	1	28	2	18	3	3	4	40	5	4	6	46	7	97	8	96	9	73
	0	26	1	20	2	70	3	26	4	42	5	41	6	54	7	62	8	76	9	36
	0	59	1	4	2	97	3	70	4	40	5	57	6	41	7	87	8	50	9	99
	0	69	1	43	2	73	3	65	4	47	5	7	6	43	7	47	8	92	9	24
	0	45	1	46	2	73	3	26	4	73	5	33	6	63	7	25	8	64	9	12
	0	79	1	22	2	65	3	80	4	63	5	19	6	74	7	45	8	74	9	27
	0	74	1	36	2	14	3	92	4	59	5	13	6	1	7	90	8	2	9	73
	0	55	1	65	2	31	3	95	4	66	5	2	6	3	7	86	8	61	9	68
	0	94	1	10	2	90	3	64	4	57	5	9	6	89	7	64	8	91	9	60
	0	99	1	30	2	41	3	23	4	53	5	43	6	32	7	66	8	40	9	86
	0	71	1	83	2	34	3	56	4	8	5	26	6	29	7	1	8	23	9	43
	0	20	1	17	2	77	3	64	4	33	5	28	6	48	7	92	8	76	9	59
	0	42	1	95	2	81	3	59	4	52	5	93	6	46	7	41	8	98	9	96
	0	6	1	41	2	72	3	31	4	86	5	17	6	74	7	75	8	19	9	45
	0	20	1	64	2	30	3	62	4	43	5	59	6	18	7	93	8	22	9	85
	0	87	1	44	2	24	3	75	4	17	5	41	6	27	7	84	8	63	9	67
	0	60	1	49	2	22	3	17	4	98	5	23	6	25	7	62	8	74	9	1
	0	25	1	16	2	98	3	12	4	89	5	29	6	16	7	54	8	34	9	52
	0	33	1	93	2	39	3	50	4	80	5	47	6	38	7	66	8	4	9	33
	0	81	1	45	2	14	3	50	4	98	5	89	6	15	7	16	8	25	9	89
	0	98	1	91	2	68	3	61	4	81	5	50	6	3	7	86	8	15	9	88
	0	57	1	12	2	5	3	75	4	10	5	99	6	97	7	86	8	8	9	88
Reldue
-1	2381	-1	1
-1	3473	-1	1
-1	3623	-1	1
-1	2069	-1	1
-1	2657	-1	1
-1	4085	-1	1
-1	1645	-1	1
-1	2394	-1	1
-1	2728	-1	1
-1	1507	-1	1
-1	1442	-1	1
-1	3776	-1	1
-1	3551	-1	1
-1	2801	-1	1
-1	1059	-1	1
-1	3912	-1	1
-1	1438	-1	1
-1	2329	-1	1
-1	3642	-1	1
-1	2135	-1	1
-1	2776	-1	1
-1	3326	-1	1
-1	2278	-1	1
-1	3965	-1	1
-1	1955	-1	1
-1	2239	-1	1
-1	1986	-1	1
-1	4071	-1	1
-1	1207	-1	1
-1	3974	-1	1
-1	1649	-1	1
-1	1792	-1	1
-1	1919	-1	1
-1	3007	-1	1
-1	3027	-1	1
-1	2147	-1	1
-1	3071	-1	1
-1	3268	-1	1
-1	3139	-1	1
-1	3850	-1	1
-1	1754	-1	1
-1	3794	-1	1
-1	3655	-1	1
-1	2219	-1	1
-1	1110	-1	1
-1	2324	-1	1
-1	1564	-1	1
-1	3718	-1	1
-1	3100	-1	1
-1	2837	-1	1
LBCmax: 3189
