50  30
	0	83	1	79	2	88	3	7	4	86	5	81	6	25	7	24	8	91	9	51	10	22	11	64	12	34	13	93	14	43	15	69	16	8	17	88	18	88	19	74	20	9	21	66	22	28	23	33	24	89	25	88	26	24	27	91	28	71	29	23
	0	4	1	46	2	96	3	20	4	92	5	57	6	13	7	80	8	4	9	90	10	52	11	5	12	54	13	6	14	6	15	72	16	28	17	34	18	35	19	44	20	39	21	82	22	75	23	41	24	60	25	81	26	87	27	10	28	86	29	62
	0	9	1	81	2	90	3	15	4	70	5	92	6	70	7	80	8	100	9	28	10	96	11	60	12	39	13	95	14	8	15	67	16	15	17	24	18	21	19	39	20	63	21	98	22	46	23	84	24	97	25	20	26	24	27	44	28	58	29	73
	0	32	1	76	2	97	3	49	4	19	5	11	6	68	7	46	8	65	9	20	10	42	11	45	12	87	13	1	14	67	15	31	16	24	17	84	18	28	19	23	20	75	21	88	22	96	23	9	24	84	25	99	26	50	27	18	28	77	29	51
	0	32	1	68	2	12	3	21	4	57	5	72	6	90	7	74	8	85	9	96	10	36	11	17	12	43	13	89	14	56	15	54	16	31	17	39	18	12	19	45	20	71	21	31	22	90	23	11	24	71	25	97	26	50	27	45	28	19	29	86
	0	73	1	8	2	23	3	1	4	44	5	35	6	68	7	81	8	49	9	74	10	51	11	22	12	67	13	19	14	17	15	58	16	82	17	38	18	14	19	56	20	52	21	88	22	25	23	99	24	7	25	64	26	58	27	49	28	61	29	42
	0	93	1	18	2	61	3	96	4	28	5	93	6	21	7	8	8	67	9	97	10	88	11	4	12	25	13	66	14	57	15	71	16	82	17	89	18	34	19	48	20	77	21	35	22	96	23	4	24	32	25	68	26	18	27	30	28	58	29	15
	0	53	1	13	2	71	3	45	4	85	5	73	6	27	7	80	8	3	9	81	10	47	11	29	12	44	13	87	14	2	15	35	16	31	17	21	18	66	19	57	20	81	21	55	22	68	23	44	24	64	25	35	26	90	27	67	28	56	29	19
	0	9	1	8	2	83	3	82	4	61	5	37	6	85	7	75	8	81	9	9	10	20	11	47	12	62	13	77	14	99	15	69	16	9	17	100	18	29	19	19	20	6	21	78	22	83	23	8	24	13	25	62	26	47	27	75	28	55	29	14
	0	100	1	67	2	77	3	7	4	30	5	75	6	76	7	3	8	95	9	13	10	36	11	43	12	75	13	51	14	21	15	28	16	80	17	26	18	4	19	96	20	15	21	15	22	43	23	6	24	99	25	31	26	25	27	85	28	7	29	69
	0	41	1	17	2	76	3	36	4	63	5	53	6	91	7	17	8	39	9	93	10	46	11	75	12	20	13	60	14	38	15	88	16	92	17	60	18	60	19	58	20	81	21	23	22	71	23	64	24	29	25	33	26	81	27	26	28	98	29	21
	0	75	1	15	2	20	3	72	4	55	5	16	6	2	7	54	8	85	9	38	10	79	11	94	12	62	13	26	14	42	15	50	16	53	17	6	18	2	19	39	20	57	21	93	22	64	23	43	24	2	25	18	26	24	27	92	28	78	29	71
	0	9	1	94	2	55	3	60	4	21	5	66	6	51	7	23	8	60	9	78	10	49	11	68	12	35	13	32	14	66	15	7	16	98	17	18	18	31	19	6	20	33	21	19	22	34	23	85	24	11	25	83	26	30	27	35	28	93	29	54
	0	32	1	21	2	19	3	40	4	18	5	4	6	33	7	72	8	26	9	98	10	35	11	60	12	43	13	38	14	53	15	74	16	72	17	36	18	62	19	83	20	55	21	36	22	26	23	46	24	99	25	14	26	13	27	35	28	100	29	70
	0	12	1	29	2	83	3	5	4	69	5	11	6	7	7	99	8	99	9	55	10	87	11	11	12	61	13	99	14	46	15	82	16	84	17	23	18	92	19	7	20	95	21	78	22	78	23	100	24	82	25	51	26	8	27	88	28	95	29	55
	0	76	1	84	2	63	3	67	4	65	5	33	6	85	7	71	8	35	9	49	10	24	11	67	12	84	13	58	14	2	15	58	16	57	17	34	18	92	19	25	20	33	21	90	22	38	23	51	24	23	25	52	26	57	27	59	28	58	29	41
	0	11	1	61	2	43	3	36	4	36	5	56	6	6	7	88	8	76	9	100	10	86	11	7	12	68	13	50	14	15	15	60	16	56	17	61	18	96	19	31	20	45	21	60	22	96	23	34	24	15	25	62	26	84	27	96	28	65	29	79
	0	95	1	33	2	51	3	38	4	5	5	90	6	28	7	23	8	32	9	30	10	32	11	91	12	14	13	80	14	50	15	36	16	21	17	66	18	54	19	1	20	3	21	10	22	19	23	53	24	80	25	63	26	35	27	88	28	25	29	91
	0	80	1	13	2	9	3	50	4	38	5	32	6	88	7	7	8	46	9	34	10	62	11	98	12	29	13	51	14	42	15	26	16	46	17	44	18	91	19	51	20	59	21	30	22	39	23	11	24	100	25	63	26	76	27	76	28	87	29	16
	0	80	1	44	2	32	3	50	4	34	5	7	6	26	7	55	8	37	9	55	10	4	11	96	12	12	13	4	14	21	15	2	16	65	17	54	18	91	19	83	20	57	21	17	22	67	23	70	24	84	25	75	26	80	27	91	28	73	29	51
	0	46	1	51	2	53	3	16	4	9	5	69	6	52	7	43	8	2	9	84	10	19	11	99	12	22	13	53	14	92	15	40	16	50	17	79	18	48	19	26	20	76	21	51	22	98	23	93	24	8	25	1	26	39	27	44	28	60	29	76
	0	54	1	43	2	66	3	10	4	20	5	18	6	56	7	37	8	87	9	24	10	88	11	57	12	19	13	8	14	31	15	89	16	9	17	72	18	37	19	31	20	25	21	53	22	53	23	36	24	37	25	32	26	43	27	70	28	26	29	63
	0	47	1	96	2	97	3	80	4	87	5	25	6	25	7	14	8	79	9	11	10	12	11	45	12	36	13	79	14	43	15	52	16	66	17	25	18	63	19	45	20	88	21	23	22	2	23	100	24	27	25	14	26	42	27	18	28	66	29	89
	0	86	1	77	2	58	3	68	4	76	5	70	6	31	7	42	8	84	9	19	10	38	11	37	12	42	13	25	14	33	15	17	16	20	17	1	18	74	19	26	20	51	21	77	22	91	23	31	24	55	25	82	26	66	27	50	28	28	29	56
	0	6	1	33	2	81	3	34	4	16	5	50	6	61	7	97	8	1	9	19	10	83	11	98	12	53	13	50	14	39	15	9	16	97	17	4	18	95	19	31	20	6	21	90	22	64	23	66	24	16	25	49	26	30	27	66	28	93	29	99
	0	54	1	83	2	23	3	40	4	93	5	83	6	52	7	35	8	16	9	19	10	85	11	30	12	77	13	70	14	1	15	73	16	11	17	72	18	80	19	35	20	36	21	14	22	23	23	58	24	91	25	84	26	18	27	80	28	42	29	72
	0	87	1	4	2	25	3	59	4	9	5	13	6	26	7	73	8	7	9	59	10	1	11	75	12	53	13	64	14	94	15	5	16	18	17	20	18	9	19	12	20	66	21	70	22	31	23	27	24	93	25	9	26	13	27	83	28	32	29	45
	0	78	1	69	2	90	3	97	4	91	5	72	6	91	7	19	8	1	9	56	10	28	11	95	12	70	13	76	14	59	15	23	16	30	17	23	18	96	19	93	20	32	21	54	22	74	23	34	24	88	25	48	26	93	27	61	28	8	29	87
	0	78	1	79	2	96	3	80	4	97	5	100	6	47	7	36	8	27	9	90	10	62	11	87	12	69	13	55	14	75	15	13	16	37	17	21	18	52	19	98	20	86	21	82	22	23	23	53	24	52	25	14	26	35	27	55	28	6	29	71
	0	49	1	1	2	58	3	28	4	22	5	77	6	63	7	24	8	35	9	92	10	9	11	21	12	73	13	20	14	93	15	92	16	60	17	51	18	6	19	90	20	97	21	53	22	97	23	69	24	69	25	87	26	85	27	63	28	21	29	31
	0	24	1	36	2	5	3	3	4	57	5	55	6	53	7	86	8	100	9	68	10	39	11	8	12	62	13	71	14	17	15	12	16	71	17	96	18	68	19	34	20	67	21	72	22	73	23	63	24	94	25	21	26	4	27	61	28	87	29	97
	0	15	1	57	2	48	3	90	4	39	5	49	6	42	7	36	8	59	9	84	10	79	11	21	12	91	13	77	14	42	15	63	16	99	17	22	18	82	19	97	20	34	21	80	22	5	23	27	24	58	25	58	26	2	27	98	28	8	29	7
	0	8	1	97	2	6	3	18	4	83	5	8	6	11	7	73	8	65	9	61	10	76	11	98	12	28	13	62	14	68	15	19	16	39	17	85	18	43	19	8	20	11	21	63	22	90	23	86	24	86	25	27	26	100	27	14	28	4	29	47
	0	5	1	86	2	28	3	7	4	5	5	98	6	45	7	3	8	74	9	83	10	58	11	34	12	13	13	8	14	33	15	56	16	92	17	82	18	76	19	88	20	94	21	32	22	53	23	3	24	64	25	24	26	61	27	56	28	18	29	64
	0	38	1	4	2	64	3	81	4	62	5	35	6	39	7	85	8	58	9	27	10	79	11	64	12	38	13	74	14	50	15	45	16	37	17	60	18	30	19	40	20	10	21	87	22	16	23	57	24	9	25	64	26	77	27	43	28	61	29	17
	0	1	1	88	2	3	3	94	4	100	5	4	6	57	7	54	8	61	9	67	10	51	11	73	12	70	13	81	14	3	15	12	16	34	17	93	18	41	19	19	20	95	21	93	22	27	23	63	24	96	25	47	26	90	27	31	28	46	29	69
	0	3	1	23	2	7	3	21	4	53	5	33	6	73	7	95	8	93	9	1	10	41	11	36	12	64	13	71	14	87	15	70	16	36	17	96	18	86	19	85	20	6	21	67	22	43	23	67	24	50	25	59	26	38	27	70	28	13	29	30
	0	86	1	4	2	84	3	3	4	67	5	47	6	3	7	24	8	88	9	19	10	83	11	76	12	69	13	81	14	44	15	90	16	67	17	48	18	1	19	86	20	95	21	7	22	49	23	27	24	80	25	15	26	33	27	82	28	70	29	91
	0	3	1	24	2	4	3	26	4	85	5	99	6	81	7	3	8	22	9	59	10	98	11	65	12	71	13	44	14	56	15	98	16	43	17	39	18	40	19	6	20	45	21	55	22	21	23	98	24	43	25	10	26	52	27	18	28	62	29	5
	0	36	1	80	2	93	3	18	4	4	5	91	6	70	7	67	8	17	9	78	10	41	11	20	12	97	13	54	14	36	15	34	16	34	17	81	18	25	19	66	20	31	21	13	22	98	23	93	24	94	25	45	26	23	27	20	28	54	29	82
	0	56	1	63	2	5	3	8	4	25	5	52	6	84	7	30	8	86	9	79	10	18	11	11	12	45	13	78	14	27	15	30	16	89	17	38	18	55	19	26	20	59	21	57	22	64	23	15	24	75	25	3	26	16	27	90	28	78	29	45
	0	24	1	40	2	70	3	56	4	62	5	48	6	46	7	10	8	39	9	52	10	62	11	19	12	94	13	94	14	79	15	94	16	75	17	64	18	74	19	14	20	92	21	31	22	23	23	38	24	54	25	32	26	69	27	100	28	56	29	25
	0	57	1	65	2	48	3	52	4	87	5	49	6	16	7	72	8	14	9	10	10	58	11	43	12	11	13	85	14	25	15	70	16	45	17	14	18	73	19	53	20	68	21	83	22	35	23	96	24	2	25	75	26	14	27	64	28	61	29	16
	0	57	1	93	2	66	3	49	4	56	5	3	6	26	7	68	8	93	9	56	10	94	11	13	12	26	13	62	14	27	15	90	16	63	17	33	18	4	19	79	20	99	21	22	22	81	23	29	24	99	25	23	26	90	27	72	28	52	29	84
	0	12	1	96	2	29	3	90	4	69	5	55	6	21	7	7	8	37	9	6	10	42	11	78	12	56	13	17	14	24	15	50	16	88	17	62	18	30	19	29	20	72	21	14	22	74	23	23	24	53	25	2	26	15	27	13	28	88	29	70
	0	69	1	45	2	65	3	98	4	55	5	63	6	88	7	27	8	64	9	2	10	6	11	20	12	31	13	16	14	82	15	59	16	26	17	19	18	55	19	41	20	19	21	56	22	27	23	37	24	68	25	32	26	62	27	14	28	39	29	71
	0	4	1	54	2	64	3	74	4	48	5	96	6	87	7	10	8	3	9	3	10	52	11	55	12	47	13	29	14	48	15	49	16	58	17	16	18	3	19	61	20	72	21	82	22	90	23	63	24	2	25	51	26	92	27	55	28	14	29	44
	0	42	1	3	2	56	3	42	4	31	5	75	6	71	7	76	8	47	9	81	10	51	11	8	12	94	13	57	14	11	15	18	16	1	17	60	18	82	19	5	20	22	21	45	22	65	23	54	24	78	25	51	26	88	27	51	28	7	29	20
	0	50	1	32	2	19	3	16	4	67	5	97	6	58	7	30	8	26	9	39	10	28	11	77	12	27	13	54	14	48	15	28	16	79	17	35	18	22	19	31	20	56	21	79	22	44	23	14	24	43	25	41	26	84	27	73	28	33	29	22
	0	16	1	86	2	45	3	84	4	85	5	20	6	71	7	17	8	29	9	97	10	90	11	1	12	93	13	53	14	84	15	44	16	15	17	14	18	67	19	92	20	58	21	48	22	91	23	33	24	25	25	89	26	97	27	38	28	82	29	31
Reldue
-1	2151	-1	1
-1	1680	-1	1
-1	3025	-1	1
-1	1811	-1	1
-1	517	-1	1
-1	3075	-1	1
-1	3275	-1	1
-1	1337	-1	1
-1	678	-1	1
-1	1966	-1	1
-1	1294	-1	1
-1	704	-1	1
-1	1129	-1	1
-1	3908	-1	1
-1	3348	-1	1
-1	815	-1	1
-1	1700	-1	1
-1	3141	-1	1
-1	1974	-1	1
-1	3693	-1	1
-1	1237	-1	1
-1	2971	-1	1
-1	3456	-1	1
-1	4148	-1	1
-1	610	-1	1
-1	4219	-1	1
-1	1048	-1	1
-1	3048	-1	1
-1	498	-1	1
-1	2665	-1	1
-1	1019	-1	1
-1	3577	-1	1
-1	3884	-1	1
-1	2277	-1	1
-1	2624	-1	1
-1	3582	-1	1
-1	2953	-1	1
-1	1192	-1	1
-1	1984	-1	1
-1	2023	-1	1
-1	1341	-1	1
-1	2146	-1	1
-1	1013	-1	1
-1	3359	-1	1
-1	2590	-1	1
-1	2369	-1	1
-1	3525	-1	1
-1	752	-1	1
-1	2109	-1	1
-1	969	-1	1
LBCmax: 3904
