50  10
	0	100	1	97	2	62	3	36	4	65	5	3	6	63	7	88	8	36	9	72
	0	66	1	16	2	57	3	26	4	99	5	19	6	67	7	6	8	96	9	78
	0	27	1	91	2	33	3	69	4	81	5	38	6	81	7	57	8	49	9	36
	0	16	1	42	2	7	3	78	4	21	5	99	6	23	7	90	8	75	9	40
	0	26	1	77	2	24	3	99	4	49	5	71	6	76	7	3	8	64	9	96
	0	58	1	93	2	89	3	82	4	27	5	3	6	67	7	87	8	41	9	7
	0	6	1	21	2	6	3	99	4	62	5	74	6	67	7	61	8	89	9	89
	0	22	1	39	2	91	3	44	4	52	5	27	6	54	7	13	8	11	9	29
	0	32	1	45	2	21	3	52	4	32	5	66	6	57	7	50	8	1	9	90
	0	22	1	25	2	33	3	4	4	48	5	37	6	30	7	61	8	70	9	10
	0	94	1	95	2	62	3	8	4	33	5	31	6	28	7	31	8	8	9	72
	0	88	1	55	2	51	3	81	4	12	5	14	6	34	7	77	8	71	9	91
	0	73	1	30	2	30	3	84	4	87	5	17	6	93	7	48	8	51	9	68
	0	59	1	24	2	14	3	28	4	86	5	35	6	78	7	98	8	38	9	78
	0	42	1	44	2	75	3	55	4	67	5	82	6	11	7	25	8	19	9	72
	0	50	1	71	2	93	3	92	4	82	5	99	6	24	7	69	8	73	9	35
	0	32	1	74	2	19	3	70	4	72	5	35	6	15	7	71	8	71	9	7
	0	77	1	77	2	84	3	2	4	20	5	12	6	99	7	79	8	58	9	23
	0	56	1	37	2	9	3	96	4	90	5	65	6	99	7	22	8	93	9	46
	0	7	1	17	2	54	3	10	4	94	5	4	6	34	7	89	8	6	9	33
	0	76	1	19	2	46	3	74	4	57	5	93	6	56	7	29	8	37	9	54
	0	51	1	32	2	62	3	84	4	94	5	41	6	15	7	37	8	13	9	44
	0	39	1	11	2	91	3	25	4	63	5	60	6	85	7	70	8	13	9	91
	0	46	1	98	2	78	3	100	4	55	5	56	6	76	7	44	8	100	9	19
	0	39	1	40	2	46	3	68	4	95	5	51	6	86	7	41	8	38	9	97
	0	62	1	95	2	1	3	2	4	9	5	7	6	81	7	58	8	52	9	4
	0	67	1	67	2	58	3	12	4	85	5	16	6	21	7	48	8	57	9	57
	0	48	1	11	2	36	3	23	4	56	5	34	6	62	7	3	8	96	9	98
	0	49	1	39	2	92	3	47	4	17	5	35	6	24	7	23	8	97	9	89
	0	13	1	28	2	100	3	72	4	94	5	81	6	20	7	34	8	71	9	14
	0	6	1	11	2	82	3	48	4	26	5	40	6	51	7	22	8	12	9	32
	0	71	1	76	2	61	3	54	4	59	5	6	6	16	7	2	8	84	9	47
	0	70	1	91	2	41	3	55	4	59	5	84	6	43	7	78	8	32	9	24
	0	36	1	57	2	28	3	61	4	66	5	85	6	81	7	78	8	61	9	15
	0	44	1	57	2	89	3	4	4	5	5	38	6	23	7	21	8	26	9	70
	0	19	1	68	2	32	3	53	4	69	5	85	6	38	7	10	8	23	9	38
	0	86	1	55	2	58	3	19	4	20	5	38	6	47	7	93	8	40	9	78
	0	72	1	83	2	97	3	21	4	60	5	74	6	32	7	88	8	56	9	79
	0	66	1	87	2	42	3	88	4	82	5	16	6	89	7	8	8	77	9	83
	0	87	1	61	2	70	3	100	4	85	5	82	6	79	7	51	8	53	9	57
	0	14	1	30	2	28	3	85	4	58	5	96	6	30	7	45	8	15	9	1
	0	34	1	5	2	55	3	72	4	50	5	24	6	91	7	72	8	48	9	5
	0	60	1	63	2	21	3	12	4	90	5	34	6	75	7	66	8	92	9	86
	0	97	1	76	2	85	3	78	4	32	5	72	6	60	7	81	8	73	9	36
	0	46	1	77	2	42	3	65	4	4	5	24	6	20	7	8	8	2	9	64
	0	54	1	44	2	16	3	36	4	42	5	18	6	75	7	31	8	92	9	31
	0	44	1	2	2	74	3	63	4	3	5	17	6	45	7	81	8	80	9	98
	0	100	1	32	2	37	3	17	4	75	5	62	6	21	7	18	8	14	9	82
	0	24	1	89	2	68	3	82	4	21	5	14	6	2	7	71	8	72	9	68
	0	7	1	74	2	17	3	40	4	62	5	44	6	91	7	92	8	83	9	38
Reldue
-1	1494	-1	1
-1	3258	-1	1
-1	1887	-1	1
-1	2775	-1	1
-1	942	-1	1
-1	1006	-1	1
-1	1290	-1	1
-1	1469	-1	1
-1	540	-1	1
-1	446	-1	1
-1	2573	-1	1
-1	514	-1	1
-1	1511	-1	1
-1	3020	-1	1
-1	723	-1	1
-1	2254	-1	1
-1	3105	-1	1
-1	1382	-1	1
-1	2776	-1	1
-1	1086	-1	1
-1	1752	-1	1
-1	1015	-1	1
-1	331	-1	1
-1	1313	-1	1
-1	2805	-1	1
-1	660	-1	1
-1	940	-1	1
-1	2071	-1	1
-1	1499	-1	1
-1	316	-1	1
-1	975	-1	1
-1	2080	-1	1
-1	583	-1	1
-1	2176	-1	1
-1	544	-1	1
-1	380	-1	1
-1	1902	-1	1
-1	365	-1	1
-1	1074	-1	1
-1	2670	-1	1
-1	2215	-1	1
-1	710	-1	1
-1	1334	-1	1
-1	1968	-1	1
-1	424	-1	1
-1	2437	-1	1
-1	2438	-1	1
-1	1223	-1	1
-1	387	-1	1
-1	2378	-1	1
LBCmax: 2974
