50  30
	0	15	1	68	2	87	3	67	4	37	5	53	6	8	7	13	8	88	9	96	10	68	11	85	12	87	13	1	14	9	15	61	16	56	17	13	18	28	19	50	20	40	21	94	22	88	23	60	24	22	25	72	26	41	27	34	28	11	29	22
	0	45	1	59	2	71	3	20	4	84	5	66	6	37	7	60	8	9	9	84	10	39	11	55	12	72	13	94	14	10	15	43	16	14	17	13	18	69	19	72	20	24	21	8	22	95	23	45	24	100	25	98	26	37	27	26	28	55	29	21
	0	25	1	67	2	56	3	51	4	69	5	93	6	6	7	5	8	81	9	36	10	83	11	79	12	34	13	46	14	4	15	83	16	53	17	94	18	92	19	84	20	17	21	33	22	46	23	74	24	81	25	16	26	40	27	9	28	81	29	59
	0	25	1	2	2	73	3	12	4	86	5	52	6	1	7	74	8	82	9	55	10	17	11	52	12	86	13	23	14	86	15	76	16	85	17	2	18	57	19	91	20	17	21	70	22	76	23	10	24	49	25	63	26	68	27	94	28	32	29	50
	0	28	1	78	2	78	3	47	4	94	5	80	6	47	7	67	8	77	9	53	10	44	11	27	12	87	13	62	14	59	15	57	16	80	17	3	18	96	19	90	20	7	21	97	22	92	23	34	24	42	25	18	26	97	27	33	28	21	29	44
	0	82	1	92	2	23	3	43	4	98	5	15	6	70	7	24	8	86	9	64	10	27	11	21	12	37	13	71	14	29	15	91	16	24	17	32	18	70	19	37	20	76	21	78	22	32	23	2	24	55	25	100	26	30	27	73	28	62	29	77
	0	100	1	6	2	81	3	21	4	80	5	65	6	27	7	54	8	30	9	23	10	82	11	76	12	3	13	71	14	10	15	76	16	76	17	43	18	89	19	17	20	81	21	41	22	20	23	81	24	10	25	23	26	78	27	60	28	77	29	94
	0	23	1	28	2	63	3	96	4	100	5	36	6	85	7	7	8	65	9	1	10	47	11	80	12	47	13	100	14	75	15	97	16	21	17	70	18	57	19	98	20	42	21	93	22	9	23	27	24	82	25	7	26	61	27	3	28	62	29	66
	0	38	1	2	2	67	3	60	4	59	5	9	6	95	7	51	8	92	9	81	10	70	11	84	12	39	13	28	14	26	15	96	16	36	17	94	18	37	19	22	20	96	21	14	22	54	23	56	24	18	25	60	26	75	27	52	28	51	29	12
	0	44	1	37	2	92	3	16	4	89	5	85	6	36	7	14	8	4	9	93	10	28	11	55	12	58	13	16	14	71	15	25	16	95	17	89	18	98	19	60	20	31	21	36	22	12	23	23	24	80	25	16	26	44	27	56	28	66	29	1
	0	92	1	45	2	94	3	54	4	34	5	61	6	91	7	53	8	35	9	59	10	47	11	4	12	88	13	45	14	1	15	2	16	52	17	54	18	66	19	69	20	91	21	94	22	85	23	58	24	19	25	37	26	58	27	96	28	95	29	85
	0	84	1	27	2	42	3	27	4	12	5	63	6	83	7	61	8	84	9	55	10	94	11	65	12	29	13	39	14	38	15	19	16	31	17	36	18	37	19	28	20	80	21	89	22	70	23	95	24	87	25	74	26	28	27	40	28	6	29	33
	0	45	1	64	2	14	3	93	4	3	5	5	6	33	7	75	8	76	9	43	10	86	11	18	12	44	13	34	14	35	15	70	16	15	17	99	18	37	19	1	20	26	21	83	22	16	23	64	24	8	25	66	26	36	27	6	28	42	29	96
	0	28	1	81	2	41	3	65	4	99	5	52	6	22	7	57	8	25	9	63	10	72	11	33	12	24	13	12	14	14	15	42	16	35	17	79	18	26	19	56	20	66	21	67	22	64	23	85	24	80	25	78	26	96	27	11	28	37	29	17
	0	64	1	46	2	11	3	4	4	2	5	12	6	39	7	44	8	93	9	84	10	88	11	66	12	47	13	62	14	31	15	44	16	27	17	40	18	82	19	64	20	49	21	13	22	22	23	96	24	42	25	23	26	14	27	74	28	49	29	34
	0	1	1	8	2	88	3	4	4	21	5	82	6	14	7	77	8	93	9	100	10	53	11	16	12	54	13	85	14	2	15	59	16	49	17	59	18	1	19	60	20	10	21	38	22	29	23	46	24	68	25	37	26	96	27	16	28	94	29	62
	0	1	1	42	2	51	3	21	4	6	5	65	6	11	7	11	8	34	9	87	10	77	11	39	12	87	13	9	14	89	15	88	16	55	17	58	18	27	19	42	20	49	21	6	22	36	23	26	24	87	25	81	26	25	27	30	28	7	29	7
	0	25	1	16	2	6	3	44	4	13	5	35	6	3	7	96	8	14	9	97	10	91	11	19	12	65	13	69	14	23	15	44	16	92	17	5	18	46	19	92	20	24	21	19	22	82	23	62	24	62	25	69	26	9	27	96	28	69	29	100
	0	2	1	67	2	49	3	72	4	38	5	48	6	25	7	69	8	62	9	45	10	49	11	63	12	83	13	2	14	90	15	88	16	35	17	30	18	95	19	29	20	33	21	98	22	3	23	53	24	3	25	87	26	70	27	21	28	53	29	20
	0	37	1	67	2	53	3	92	4	37	5	32	6	92	7	67	8	31	9	81	10	60	11	33	12	13	13	45	14	78	15	17	16	41	17	82	18	44	19	4	20	61	21	20	22	98	23	11	24	38	25	45	26	11	27	16	28	27	29	49
	0	50	1	36	2	24	3	35	4	76	5	7	6	96	7	63	8	83	9	13	10	82	11	67	12	69	13	59	14	90	15	94	16	16	17	95	18	66	19	26	20	14	21	26	22	88	23	100	24	40	25	71	26	11	27	38	28	2	29	62
	0	81	1	37	2	97	3	76	4	79	5	100	6	36	7	61	8	64	9	92	10	46	11	100	12	38	13	65	14	56	15	99	16	46	17	74	18	5	19	20	20	70	21	86	22	55	23	85	24	5	25	56	26	79	27	19	28	9	29	12
	0	67	1	13	2	66	3	81	4	64	5	23	6	13	7	45	8	38	9	32	10	12	11	15	12	37	13	46	14	67	15	48	16	84	17	6	18	28	19	62	20	26	21	27	22	16	23	13	24	23	25	96	26	75	27	38	28	57	29	95
	0	28	1	86	2	89	3	36	4	94	5	91	6	91	7	15	8	92	9	44	10	37	11	22	12	43	13	88	14	33	15	66	16	44	17	31	18	12	19	8	20	67	21	53	22	28	23	4	24	26	25	53	26	18	27	1	28	93	29	61
	0	35	1	42	2	74	3	20	4	52	5	71	6	64	7	91	8	88	9	39	10	43	11	59	12	31	13	62	14	96	15	33	16	29	17	81	18	53	19	68	20	94	21	10	22	78	23	51	24	31	25	87	26	78	27	35	28	87	29	68
	0	88	1	4	2	94	3	7	4	58	5	11	6	30	7	38	8	55	9	21	10	35	11	33	12	46	13	42	14	63	15	8	16	39	17	37	18	43	19	11	20	83	21	50	22	77	23	93	24	56	25	79	26	25	27	68	28	9	29	81
	0	21	1	91	2	21	3	9	4	37	5	36	6	100	7	96	8	95	9	31	10	31	11	33	12	83	13	88	14	44	15	32	16	24	17	42	18	76	19	49	20	10	21	78	22	34	23	9	24	7	25	18	26	82	27	69	28	72	29	87
	0	13	1	100	2	57	3	92	4	86	5	84	6	84	7	76	8	28	9	50	10	15	11	23	12	38	13	93	14	53	15	47	16	33	17	59	18	47	19	75	20	41	21	83	22	89	23	6	24	13	25	16	26	22	27	17	28	17	29	72
	0	3	1	37	2	43	3	92	4	77	5	19	6	9	7	100	8	79	9	77	10	77	11	89	12	51	13	61	14	3	15	82	16	35	17	3	18	71	19	41	20	11	21	43	22	2	23	18	24	56	25	21	26	34	27	79	28	58	29	3
	0	7	1	50	2	18	3	63	4	9	5	45	6	8	7	46	8	49	9	91	10	85	11	90	12	91	13	67	14	60	15	71	16	40	17	96	18	92	19	1	20	72	21	87	22	43	23	8	24	61	25	94	26	11	27	49	28	19	29	48
	0	45	1	64	2	80	3	80	4	90	5	61	6	78	7	35	8	24	9	75	10	100	11	58	12	83	13	68	14	20	15	76	16	96	17	53	18	41	19	43	20	55	21	39	22	7	23	91	24	12	25	59	26	51	27	19	28	70	29	19
	0	97	1	9	2	8	3	65	4	45	5	52	6	61	7	79	8	77	9	29	10	41	11	31	12	86	13	62	14	79	15	66	16	23	17	49	18	7	19	86	20	85	21	45	22	27	23	65	24	6	25	41	26	34	27	13	28	38	29	62
	0	73	1	61	2	8	3	90	4	68	5	47	6	97	7	72	8	43	9	15	10	88	11	82	12	24	13	71	14	65	15	31	16	95	17	38	18	68	19	57	20	35	21	23	22	30	23	40	24	80	25	78	26	56	27	11	28	70	29	11
	0	23	1	58	2	79	3	7	4	97	5	56	6	40	7	27	8	12	9	59	10	18	11	21	12	54	13	38	14	80	15	74	16	29	17	56	18	75	19	44	20	29	21	10	22	20	23	97	24	20	25	80	26	57	27	30	28	3	29	64
	0	27	1	23	2	36	3	5	4	65	5	89	6	16	7	12	8	37	9	100	10	49	11	45	12	40	13	99	14	73	15	30	16	65	17	47	18	100	19	94	20	84	21	40	22	88	23	58	24	96	25	15	26	80	27	28	28	71	29	25
	0	50	1	54	2	55	3	45	4	44	5	66	6	33	7	43	8	28	9	1	10	64	11	36	12	50	13	78	14	32	15	3	16	3	17	81	18	77	19	25	20	35	21	62	22	6	23	89	24	35	25	89	26	91	27	60	28	19	29	65
	0	5	1	18	2	57	3	22	4	52	5	97	6	44	7	66	8	2	9	5	10	1	11	8	12	25	13	84	14	40	15	20	16	87	17	38	18	58	19	1	20	60	21	67	22	23	23	46	24	46	25	52	26	69	27	30	28	32	29	94
	0	27	1	83	2	13	3	13	4	43	5	99	6	60	7	29	8	67	9	97	10	11	11	13	12	12	13	53	14	16	15	67	16	26	17	45	18	70	19	62	20	11	21	93	22	5	23	61	24	86	25	91	26	30	27	92	28	95	29	48
	0	37	1	54	2	79	3	90	4	20	5	70	6	85	7	5	8	67	9	16	10	75	11	14	12	21	13	6	14	46	15	98	16	29	17	85	18	99	19	42	20	15	21	82	22	91	23	45	24	47	25	20	26	79	27	11	28	3	29	76
	0	26	1	48	2	22	3	54	4	31	5	7	6	19	7	97	8	18	9	50	10	5	11	60	12	66	13	33	14	13	15	25	16	96	17	43	18	54	19	17	20	31	21	16	22	25	23	59	24	89	25	35	26	67	27	84	28	90	29	80
	0	30	1	69	2	85	3	75	4	97	5	84	6	24	7	70	8	75	9	55	10	32	11	31	12	52	13	89	14	67	15	40	16	89	17	13	18	62	19	27	20	72	21	15	22	79	23	84	24	77	25	5	26	48	27	32	28	89	29	20
	0	39	1	38	2	99	3	41	4	100	5	13	6	69	7	11	8	78	9	28	10	24	11	57	12	79	13	36	14	33	15	58	16	42	17	79	18	68	19	13	20	51	21	27	22	63	23	10	24	82	25	77	26	15	27	83	28	74	29	92
	0	86	1	20	2	79	3	89	4	15	5	60	6	9	7	84	8	38	9	79	10	1	11	45	12	70	13	68	14	65	15	40	16	15	17	48	18	85	19	62	20	93	21	73	22	80	23	63	24	1	25	8	26	61	27	40	28	54	29	8
	0	28	1	60	2	73	3	5	4	97	5	2	6	5	7	99	8	56	9	51	10	1	11	7	12	78	13	98	14	90	15	2	16	57	17	10	18	14	19	68	20	23	21	65	22	26	23	38	24	74	25	89	26	53	27	94	28	21	29	34
	0	81	1	46	2	29	3	73	4	13	5	21	6	11	7	7	8	17	9	31	10	93	11	13	12	51	13	93	14	83	15	80	16	28	17	26	18	77	19	100	20	88	21	51	22	16	23	25	24	49	25	58	26	62	27	1	28	87	29	27
	0	49	1	32	2	51	3	15	4	55	5	53	6	12	7	40	8	73	9	1	10	18	11	30	12	83	13	12	14	73	15	10	16	67	17	95	18	2	19	60	20	8	21	52	22	41	23	60	24	59	25	46	26	65	27	83	28	85	29	33
	0	59	1	43	2	15	3	22	4	91	5	85	6	41	7	14	8	24	9	63	10	67	11	44	12	95	13	72	14	92	15	25	16	51	17	7	18	68	19	63	20	98	21	74	22	88	23	100	24	25	25	81	26	75	27	95	28	96	29	64
	0	90	1	60	2	27	3	56	4	71	5	6	6	98	7	76	8	79	9	58	10	45	11	14	12	11	13	60	14	56	15	35	16	97	17	72	18	62	19	11	20	5	21	19	22	73	23	90	24	13	25	65	26	35	27	29	28	25	29	3
	0	86	1	57	2	32	3	94	4	41	5	55	6	54	7	99	8	38	9	62	10	21	11	75	12	18	13	48	14	56	15	37	16	31	17	98	18	82	19	8	20	80	21	24	22	79	23	11	24	54	25	81	26	39	27	58	28	10	29	45
	0	100	1	65	2	98	3	15	4	73	5	86	6	45	7	6	8	82	9	32	10	49	11	67	12	75	13	46	14	33	15	41	16	83	17	27	18	67	19	43	20	38	21	31	22	72	23	27	24	77	25	99	26	38	27	71	28	78	29	78
Reldue
-1	2096	-1	1
-1	3502	-1	1
-1	1766	-1	1
-1	2173	-1	1
-1	1572	-1	1
-1	3473	-1	1
-1	3237	-1	1
-1	1840	-1	1
-1	3168	-1	1
-1	2457	-1	1
-1	2561	-1	1
-1	2367	-1	1
-1	2135	-1	1
-1	2779	-1	1
-1	1362	-1	1
-1	2169	-1	1
-1	1717	-1	1
-1	1220	-1	1
-1	1392	-1	1
-1	2326	-1	1
-1	2008	-1	1
-1	2420	-1	1
-1	2772	-1	1
-1	3022	-1	1
-1	1262	-1	1
-1	3010	-1	1
-1	2757	-1	1
-1	2676	-1	1
-1	3452	-1	1
-1	2121	-1	1
-1	3600	-1	1
-1	1537	-1	1
-1	2359	-1	1
-1	3022	-1	1
-1	2496	-1	1
-1	2478	-1	1
-1	2255	-1	1
-1	2519	-1	1
-1	2287	-1	1
-1	2320	-1	1
-1	3297	-1	1
-1	1519	-1	1
-1	2679	-1	1
-1	1367	-1	1
-1	3256	-1	1
-1	3279	-1	1
-1	2193	-1	1
-1	1588	-1	1
-1	2743	-1	1
-1	2628	-1	1
LBCmax: 4014
