50  30
	0	83	1	88	2	37	3	48	4	100	5	96	6	48	7	35	8	37	9	77	10	79	11	1	12	87	13	46	14	1	15	33	16	6	17	68	18	77	19	60	20	78	21	9	22	97	23	46	24	59	25	63	26	10	27	63	28	66	29	30
	0	3	1	34	2	59	3	17	4	26	5	28	6	20	7	99	8	34	9	39	10	43	11	32	12	13	13	98	14	76	15	32	16	15	17	81	18	83	19	55	20	96	21	32	22	15	23	38	24	67	25	100	26	21	27	85	28	67	29	58
	0	15	1	13	2	35	3	66	4	98	5	88	6	47	7	81	8	96	9	23	10	30	11	38	12	57	13	9	14	78	15	46	16	33	17	5	18	23	19	80	20	23	21	6	22	50	23	58	24	61	25	69	26	51	27	36	28	74	29	71
	0	52	1	60	2	53	3	6	4	68	5	58	6	89	7	75	8	62	9	62	10	88	11	5	12	20	13	92	14	70	15	9	16	63	17	35	18	91	19	74	20	55	21	20	22	62	23	33	24	91	25	52	26	60	27	67	28	61	29	60
	0	35	1	32	2	20	3	90	4	73	5	19	6	37	7	18	8	63	9	81	10	68	11	90	12	77	13	89	14	96	15	1	16	72	17	9	18	41	19	69	20	55	21	100	22	100	23	79	24	81	25	77	26	9	27	88	28	79	29	99
	0	19	1	17	2	14	3	61	4	13	5	84	6	40	7	13	8	34	9	46	10	99	11	33	12	94	13	48	14	63	15	15	16	60	17	4	18	45	19	61	20	68	21	64	22	100	23	93	24	3	25	25	26	6	27	5	28	24	29	6
	0	4	1	33	2	55	3	90	4	17	5	23	6	51	7	91	8	90	9	100	10	10	11	28	12	20	13	87	14	1	15	81	16	69	17	28	18	18	19	80	20	68	21	97	22	84	23	52	24	71	25	18	26	69	27	15	28	7	29	9
	0	89	1	11	2	41	3	40	4	5	5	1	6	44	7	63	8	40	9	75	10	27	11	44	12	71	13	40	14	96	15	25	16	85	17	1	18	35	19	74	20	87	21	46	22	15	23	24	24	10	25	78	26	83	27	88	28	58	29	93
	0	1	1	9	2	89	3	69	4	18	5	91	6	15	7	14	8	93	9	1	10	69	11	13	12	26	13	61	14	85	15	47	16	40	17	53	18	73	19	84	20	24	21	100	22	91	23	58	24	55	25	25	26	49	27	4	28	22	29	72
	0	91	1	97	2	50	3	52	4	45	5	13	6	80	7	58	8	37	9	27	10	55	11	32	12	7	13	97	14	35	15	18	16	73	17	5	18	11	19	7	20	24	21	67	22	18	23	55	24	62	25	11	26	52	27	59	28	91	29	1
	0	45	1	85	2	45	3	48	4	61	5	11	6	7	7	39	8	96	9	16	10	31	11	83	12	18	13	31	14	10	15	32	16	69	17	34	18	17	19	56	20	15	21	47	22	33	23	53	24	19	25	89	26	38	27	41	28	66	29	63
	0	4	1	58	2	78	3	98	4	55	5	60	6	86	7	84	8	60	9	7	10	54	11	42	12	67	13	58	14	63	15	47	16	12	17	40	18	15	19	78	20	56	21	33	22	2	23	62	24	26	25	11	26	51	27	55	28	67	29	21
	0	53	1	51	2	41	3	77	4	17	5	33	6	14	7	36	8	23	9	97	10	21	11	40	12	61	13	14	14	19	15	73	16	69	17	7	18	34	19	52	20	30	21	74	22	87	23	58	24	66	25	66	26	60	27	71	28	56	29	5
	0	4	1	62	2	62	3	11	4	38	5	74	6	29	7	61	8	72	9	65	10	16	11	4	12	42	13	28	14	46	15	9	16	72	17	83	18	9	19	13	20	77	21	18	22	40	23	94	24	65	25	41	26	49	27	99	28	27	29	28
	0	98	1	95	2	12	3	18	4	40	5	11	6	15	7	78	8	53	9	7	10	38	11	30	12	51	13	84	14	3	15	22	16	57	17	11	18	18	19	84	20	51	21	45	22	27	23	100	24	44	25	63	26	2	27	82	28	36	29	29
	0	52	1	41	2	61	3	81	4	61	5	78	6	28	7	93	8	71	9	34	10	94	11	46	12	78	13	98	14	63	15	41	16	22	17	39	18	64	19	100	20	56	21	13	22	59	23	59	24	51	25	73	26	9	27	57	28	68	29	69
	0	59	1	50	2	92	3	35	4	50	5	22	6	31	7	72	8	61	9	75	10	91	11	99	12	33	13	6	14	17	15	27	16	31	17	8	18	47	19	59	20	55	21	61	22	94	23	43	24	92	25	88	26	99	27	27	28	73	29	6
	0	91	1	81	2	94	3	82	4	38	5	95	6	87	7	77	8	6	9	69	10	72	11	55	12	42	13	47	14	15	15	67	16	37	17	66	18	80	19	45	20	58	21	26	22	41	23	79	24	46	25	88	26	4	27	41	28	6	29	67
	0	45	1	89	2	57	3	85	4	63	5	73	6	10	7	75	8	19	9	8	10	81	11	78	12	88	13	5	14	73	15	62	16	62	17	57	18	77	19	51	20	77	21	36	22	72	23	49	24	51	25	41	26	36	27	100	28	44	29	3
	0	87	1	12	2	3	3	36	4	10	5	35	6	34	7	95	8	66	9	88	10	10	11	78	12	59	13	44	14	30	15	73	16	18	17	46	18	60	19	60	20	34	21	7	22	40	23	93	24	33	25	1	26	35	27	37	28	95	29	71
	0	59	1	36	2	40	3	92	4	97	5	31	6	52	7	78	8	19	9	49	10	94	11	15	12	46	13	50	14	49	15	55	16	17	17	85	18	92	19	13	20	70	21	9	22	65	23	49	24	27	25	55	26	23	27	18	28	65	29	56
	0	60	1	31	2	87	3	81	4	49	5	55	6	46	7	8	8	41	9	48	10	75	11	63	12	15	13	100	14	33	15	91	16	68	17	34	18	62	19	44	20	92	21	91	22	21	23	88	24	83	25	80	26	45	27	86	28	54	29	100
	0	30	1	89	2	79	3	49	4	65	5	51	6	77	7	61	8	39	9	53	10	96	11	66	12	7	13	88	14	83	15	50	16	96	17	69	18	41	19	47	20	72	21	27	22	1	23	22	24	12	25	36	26	58	27	92	28	43	29	79
	0	71	1	13	2	43	3	32	4	6	5	35	6	24	7	40	8	72	9	85	10	37	11	3	12	89	13	47	14	62	15	6	16	84	17	36	18	81	19	53	20	3	21	97	22	51	23	91	24	81	25	64	26	15	27	39	28	19	29	69
	0	19	1	51	2	53	3	86	4	34	5	77	6	3	7	37	8	89	9	15	10	64	11	15	12	70	13	48	14	56	15	91	16	34	17	22	18	39	19	96	20	56	21	13	22	93	23	25	24	99	25	67	26	79	27	86	28	69	29	39
	0	54	1	80	2	13	3	47	4	10	5	10	6	55	7	23	8	40	9	40	10	83	11	22	12	66	13	54	14	38	15	27	16	85	17	87	18	63	19	70	20	100	21	27	22	7	23	21	24	61	25	13	26	9	27	63	28	24	29	74
	0	85	1	25	2	6	3	86	4	13	5	39	6	87	7	44	8	79	9	66	10	93	11	72	12	22	13	82	14	74	15	19	16	13	17	35	18	26	19	17	20	32	21	8	22	53	23	96	24	42	25	52	26	63	27	82	28	70	29	65
	0	30	1	26	2	44	3	42	4	78	5	34	6	50	7	24	8	60	9	7	10	97	11	7	12	50	13	96	14	18	15	93	16	67	17	39	18	36	19	13	20	84	21	47	22	72	23	24	24	14	25	29	26	88	27	81	28	63	29	91
	0	68	1	34	2	91	3	54	4	98	5	84	6	29	7	64	8	2	9	27	10	38	11	86	12	23	13	46	14	3	15	17	16	79	17	31	18	6	19	61	20	17	21	57	22	25	23	37	24	58	25	30	26	36	27	19	28	93	29	85
	0	34	1	38	2	83	3	7	4	84	5	87	6	69	7	96	8	79	9	2	10	92	11	99	12	65	13	29	14	90	15	87	16	53	17	78	18	7	19	47	20	35	21	42	22	40	23	15	24	68	25	31	26	9	27	65	28	2	29	21
	0	26	1	41	2	56	3	61	4	90	5	100	6	71	7	64	8	48	9	76	10	2	11	65	12	87	13	16	14	15	15	49	16	51	17	33	18	9	19	60	20	1	21	69	22	81	23	57	24	56	25	84	26	95	27	66	28	92	29	94
	0	29	1	56	2	74	3	31	4	17	5	37	6	60	7	4	8	95	9	41	10	98	11	75	12	32	13	57	14	1	15	84	16	96	17	24	18	80	19	90	20	88	21	87	22	54	23	100	24	55	25	91	26	89	27	15	28	42	29	67
	0	18	1	11	2	65	3	9	4	47	5	37	6	11	7	82	8	58	9	87	10	83	11	86	12	51	13	92	14	61	15	73	16	92	17	33	18	49	19	94	20	70	21	67	22	15	23	16	24	54	25	23	26	49	27	46	28	29	29	9
	0	5	1	47	2	42	3	34	4	94	5	27	6	74	7	40	8	43	9	49	10	47	11	92	12	43	13	83	14	10	15	79	16	37	17	96	18	65	19	20	20	48	21	66	22	36	23	71	24	22	25	48	26	86	27	95	28	38	29	38
	0	42	1	19	2	36	3	9	4	66	5	9	6	30	7	23	8	3	9	26	10	25	11	34	12	83	13	42	14	67	15	29	16	50	17	41	18	67	19	98	20	69	21	29	22	98	23	9	24	12	25	14	26	48	27	22	28	29	29	49
	0	82	1	94	2	59	3	50	4	48	5	45	6	38	7	8	8	20	9	74	10	6	11	81	12	74	13	68	14	18	15	32	16	30	17	35	18	12	19	33	20	17	21	41	22	98	23	70	24	39	25	56	26	54	27	7	28	42	29	13
	0	58	1	97	2	20	3	59	4	86	5	58	6	8	7	36	8	50	9	29	10	46	11	20	12	72	13	93	14	18	15	25	16	99	17	38	18	90	19	26	20	12	21	63	22	9	23	76	24	92	25	80	26	44	27	4	28	37	29	64
	0	61	1	40	2	43	3	27	4	77	5	90	6	95	7	51	8	42	9	52	10	38	11	98	12	21	13	65	14	11	15	52	16	92	17	14	18	69	19	10	20	87	21	42	22	33	23	88	24	23	25	41	26	36	27	23	28	16	29	16
	0	56	1	100	2	66	3	58	4	48	5	1	6	60	7	58	8	32	9	89	10	36	11	52	12	87	13	65	14	91	15	78	16	54	17	49	18	38	19	86	20	65	21	74	22	44	23	37	24	30	25	19	26	98	27	66	28	62	29	89
	0	94	1	17	2	27	3	33	4	31	5	60	6	35	7	60	8	59	9	49	10	11	11	82	12	31	13	84	14	23	15	11	16	35	17	92	18	53	19	75	20	6	21	31	22	22	23	35	24	67	25	77	26	27	27	17	28	29	29	68
	0	43	1	94	2	48	3	96	4	86	5	80	6	33	7	82	8	59	9	21	10	45	11	61	12	17	13	92	14	28	15	85	16	21	17	39	18	65	19	4	20	78	21	26	22	55	23	75	24	67	25	74	26	46	27	44	28	21	29	96
	0	71	1	53	2	3	3	81	4	81	5	9	6	91	7	61	8	61	9	95	10	72	11	78	12	74	13	10	14	5	15	34	16	83	17	82	18	100	19	81	20	25	21	74	22	21	23	97	24	51	25	88	26	25	27	45	28	51	29	33
	0	76	1	21	2	35	3	18	4	7	5	20	6	29	7	71	8	16	9	99	10	8	11	11	12	20	13	1	14	84	15	21	16	1	17	74	18	13	19	90	20	23	21	95	22	94	23	27	24	94	25	85	26	66	27	74	28	14	29	84
	0	37	1	55	2	28	3	8	4	90	5	48	6	67	7	8	8	62	9	66	10	60	11	15	12	78	13	82	14	45	15	37	16	96	17	38	18	2	19	28	20	91	21	13	22	99	23	65	24	81	25	53	26	29	27	88	28	84	29	80
	0	49	1	1	2	41	3	34	4	84	5	25	6	64	7	16	8	40	9	67	10	80	11	39	12	41	13	35	14	81	15	97	16	84	17	8	18	14	19	15	20	72	21	66	22	48	23	45	24	85	25	3	26	30	27	4	28	80	29	9
	0	93	1	89	2	41	3	80	4	84	5	6	6	19	7	91	8	42	9	85	10	28	11	46	12	19	13	100	14	95	15	84	16	36	17	85	18	69	19	15	20	23	21	23	22	49	23	7	24	74	25	68	26	79	27	46	28	16	29	97
	0	18	1	47	2	91	3	26	4	93	5	87	6	68	7	23	8	80	9	78	10	67	11	8	12	80	13	22	14	45	15	24	16	81	17	91	18	68	19	14	20	29	21	34	22	94	23	45	24	40	25	24	26	14	27	54	28	27	29	59
	0	49	1	14	2	37	3	7	4	82	5	53	6	7	7	59	8	79	9	53	10	85	11	9	12	40	13	25	14	87	15	98	16	60	17	49	18	77	19	84	20	12	21	92	22	86	23	18	24	78	25	80	26	21	27	39	28	74	29	63
	0	19	1	32	2	69	3	100	4	50	5	95	6	79	7	71	8	78	9	14	10	85	11	74	12	20	13	56	14	18	15	67	16	89	17	1	18	95	19	76	20	82	21	95	22	9	23	64	24	59	25	96	26	10	27	39	28	41	29	29
	0	16	1	45	2	92	3	83	4	51	5	64	6	92	7	15	8	3	9	22	10	97	11	45	12	38	13	81	14	44	15	47	16	19	17	53	18	69	19	88	20	16	21	72	22	15	23	56	24	8	25	17	26	62	27	74	28	8	29	48
Reldue
-1	1535	-1	1
-1	1586	-1	1
-1	2550	-1	1
-1	2078	-1	1
-1	1788	-1	1
-1	2440	-1	1
-1	1205	-1	1
-1	2983	-1	1
-1	1541	-1	1
-1	2964	-1	1
-1	3091	-1	1
-1	3130	-1	1
-1	2329	-1	1
-1	1616	-1	1
-1	2837	-1	1
-1	3040	-1	1
-1	3123	-1	1
-1	2522	-1	1
-1	1543	-1	1
-1	3276	-1	1
-1	2471	-1	1
-1	2123	-1	1
-1	1687	-1	1
-1	2745	-1	1
-1	1503	-1	1
-1	3487	-1	1
-1	2741	-1	1
-1	2848	-1	1
-1	1216	-1	1
-1	1979	-1	1
-1	2839	-1	1
-1	2282	-1	1
-1	2001	-1	1
-1	3181	-1	1
-1	3122	-1	1
-1	2872	-1	1
-1	2336	-1	1
-1	1614	-1	1
-1	2618	-1	1
-1	3068	-1	1
-1	3436	-1	1
-1	3286	-1	1
-1	2426	-1	1
-1	2981	-1	1
-1	1630	-1	1
-1	3143	-1	1
-1	1243	-1	1
-1	3419	-1	1
-1	2072	-1	1
-1	1610	-1	1
LBCmax: 3885
