50  50
	0	91	1	31	2	83	3	52	4	81	5	26	6	14	7	71	8	98	9	97	10	36	11	63	12	91	13	18	14	86	15	15	16	69	17	67	18	63	19	52	20	9	21	62	22	9	23	33	24	82	25	20	26	99	27	37	28	34	29	82	30	58	31	56	32	78	33	84	34	100	35	16	36	69	37	61	38	51	39	10	40	78	41	17	42	6	43	99	44	81	45	14	46	29	47	25	48	29	49	30
	0	92	1	42	2	79	3	22	4	23	5	50	6	77	7	76	8	95	9	96	10	40	11	24	12	94	13	75	14	81	15	90	16	24	17	49	18	56	19	56	20	60	21	58	22	48	23	89	24	49	25	92	26	8	27	58	28	6	29	60	30	8	31	27	32	79	33	71	34	89	35	26	36	67	37	88	38	12	39	4	40	11	41	63	42	35	43	34	44	2	45	35	46	70	47	32	48	67	49	47
	0	8	1	94	2	39	3	39	4	10	5	63	6	7	7	89	8	95	9	92	10	13	11	40	12	80	13	62	14	33	15	22	16	50	17	63	18	75	19	46	20	69	21	49	22	62	23	48	24	55	25	34	26	89	27	3	28	72	29	86	30	86	31	33	32	28	33	20	34	4	35	77	36	75	37	28	38	18	39	13	40	44	41	72	42	15	43	31	44	75	45	28	46	10	47	7	48	4	49	85
	0	98	1	24	2	37	3	95	4	57	5	39	6	21	7	64	8	31	9	1	10	73	11	14	12	84	13	55	14	51	15	45	16	94	17	98	18	60	19	15	20	14	21	63	22	43	23	67	24	50	25	55	26	83	27	9	28	7	29	64	30	27	31	9	32	10	33	24	34	13	35	67	36	1	37	97	38	35	39	75	40	76	41	97	42	16	43	67	44	9	45	91	46	43	47	43	48	66	49	31
	0	93	1	90	2	22	3	18	4	59	5	63	6	24	7	83	8	50	9	74	10	73	11	57	12	29	13	17	14	3	15	50	16	1	17	26	18	94	19	64	20	83	21	32	22	39	23	16	24	100	25	88	26	53	27	42	28	5	29	51	30	100	31	5	32	7	33	61	34	66	35	28	36	46	37	55	38	15	39	40	40	82	41	86	42	96	43	77	44	51	45	54	46	92	47	7	48	16	49	74
	0	33	1	54	2	33	3	17	4	10	5	32	6	85	7	6	8	55	9	38	10	71	11	72	12	93	13	50	14	43	15	75	16	63	17	24	18	38	19	58	20	70	21	99	22	40	23	93	24	13	25	40	26	66	27	29	28	10	29	2	30	77	31	52	32	9	33	61	34	37	35	22	36	44	37	69	38	87	39	41	40	98	41	34	42	4	43	72	44	65	45	99	46	52	47	16	48	29	49	12
	0	53	1	96	2	6	3	87	4	45	5	35	6	5	7	92	8	83	9	16	10	11	11	41	12	13	13	40	14	8	15	53	16	29	17	56	18	71	19	6	20	80	21	100	22	11	23	12	24	5	25	83	26	54	27	85	28	90	29	9	30	72	31	75	32	92	33	9	34	13	35	83	36	75	37	40	38	99	39	2	40	42	41	51	42	70	43	37	44	60	45	57	46	11	47	78	48	25	49	40
	0	88	1	71	2	96	3	82	4	69	5	82	6	4	7	97	8	21	9	45	10	23	11	17	12	95	13	71	14	37	15	53	16	48	17	15	18	65	19	23	20	66	21	68	22	14	23	37	24	81	25	99	26	63	27	60	28	95	29	57	30	26	31	13	32	64	33	45	34	25	35	72	36	91	37	78	38	66	39	74	40	46	41	15	42	24	43	42	44	100	45	36	46	55	47	94	48	40	49	67
	0	10	1	92	2	25	3	14	4	6	5	38	6	60	7	40	8	73	9	46	10	34	11	90	12	15	13	22	14	38	15	60	16	15	17	46	18	43	19	62	20	88	21	35	22	28	23	35	24	73	25	26	26	80	27	82	28	95	29	16	30	89	31	69	32	61	33	41	34	37	35	88	36	55	37	85	38	41	39	75	40	50	41	52	42	94	43	51	44	55	45	34	46	19	47	99	48	70	49	69
	0	33	1	24	2	100	3	69	4	89	5	43	6	60	7	50	8	26	9	99	10	89	11	15	12	63	13	7	14	28	15	54	16	10	17	69	18	35	19	71	20	82	21	21	22	61	23	52	24	38	25	93	26	97	27	26	28	87	29	98	30	55	31	94	32	18	33	78	34	63	35	25	36	69	37	83	38	80	39	34	40	24	41	52	42	52	43	1	44	2	45	16	46	76	47	5	48	97	49	59
	0	47	1	54	2	57	3	94	4	82	5	61	6	25	7	45	8	70	9	90	10	91	11	43	12	89	13	64	14	98	15	65	16	74	17	18	18	29	19	97	20	38	21	35	22	54	23	83	24	79	25	99	26	17	27	85	28	32	29	55	30	98	31	88	32	30	33	55	34	63	35	14	36	96	37	32	38	8	39	12	40	88	41	34	42	52	43	72	44	53	45	11	46	21	47	54	48	61	49	27
	0	50	1	31	2	46	3	51	4	93	5	10	6	53	7	47	8	87	9	51	10	78	11	56	12	55	13	14	14	52	15	61	16	16	17	1	18	93	19	57	20	37	21	76	22	49	23	78	24	60	25	76	26	82	27	55	28	76	29	39	30	86	31	95	32	36	33	30	34	24	35	21	36	12	37	29	38	36	39	98	40	64	41	6	42	55	43	49	44	58	45	18	46	17	47	21	48	54	49	77
	0	74	1	67	2	54	3	95	4	31	5	56	6	75	7	96	8	71	9	6	10	1	11	42	12	40	13	29	14	6	15	43	16	99	17	18	18	78	19	10	20	73	21	19	22	68	23	92	24	61	25	61	26	42	27	10	28	59	29	49	30	34	31	67	32	43	33	34	34	100	35	5	36	97	37	18	38	30	39	24	40	73	41	63	42	78	43	11	44	53	45	99	46	5	47	20	48	7	49	59
	0	54	1	3	2	94	3	90	4	90	5	2	6	51	7	13	8	85	9	27	10	47	11	23	12	33	13	96	14	16	15	65	16	10	17	16	18	91	19	25	20	26	21	6	22	97	23	14	24	34	25	20	26	82	27	41	28	95	29	11	30	91	31	97	32	96	33	32	34	10	35	7	36	92	37	82	38	41	39	12	40	13	41	30	42	82	43	86	44	50	45	91	46	15	47	11	48	13	49	17
	0	42	1	56	2	33	3	37	4	12	5	37	6	43	7	69	8	21	9	54	10	59	11	70	12	3	13	25	14	58	15	99	16	15	17	77	18	5	19	29	20	2	21	53	22	97	23	11	24	97	25	43	26	2	27	80	28	70	29	58	30	36	31	72	32	61	33	100	34	94	35	64	36	42	37	97	38	21	39	87	40	95	41	100	42	99	43	50	44	1	45	75	46	87	47	81	48	86	49	24
	0	33	1	90	2	64	3	23	4	51	5	83	6	59	7	64	8	28	9	93	10	18	11	33	12	98	13	22	14	40	15	63	16	22	17	88	18	73	19	49	20	33	21	28	22	61	23	8	24	41	25	7	26	52	27	19	28	27	29	33	30	84	31	86	32	48	33	67	34	14	35	97	36	38	37	90	38	67	39	85	40	87	41	63	42	6	43	2	44	16	45	86	46	57	47	64	48	100	49	59
	0	44	1	38	2	86	3	71	4	10	5	69	6	27	7	100	8	30	9	67	10	16	11	86	12	50	13	12	14	91	15	11	16	97	17	38	18	63	19	100	20	54	21	3	22	57	23	21	24	86	25	69	26	1	27	58	28	70	29	35	30	79	31	79	32	55	33	97	34	36	35	25	36	66	37	37	38	23	39	86	40	18	41	68	42	89	43	47	44	10	45	69	46	78	47	24	48	17	49	98
	0	77	1	10	2	84	3	80	4	40	5	3	6	21	7	79	8	61	9	8	10	21	11	25	12	83	13	3	14	64	15	48	16	80	17	24	18	85	19	33	20	12	21	27	22	7	23	11	24	76	25	1	26	74	27	35	28	90	29	62	30	34	31	21	32	79	33	40	34	55	35	43	36	53	37	46	38	78	39	14	40	96	41	85	42	35	43	94	44	7	45	35	46	84	47	3	48	65	49	27
	0	56	1	40	2	100	3	84	4	93	5	22	6	99	7	9	8	31	9	4	10	81	11	31	12	66	13	36	14	9	15	40	16	98	17	83	18	37	19	87	20	36	21	97	22	4	23	11	24	19	25	17	26	13	27	32	28	89	29	62	30	79	31	21	32	2	33	5	34	12	35	21	36	84	37	69	38	81	39	7	40	56	41	82	42	77	43	88	44	92	45	64	46	56	47	85	48	76	49	54
	0	54	1	65	2	78	3	87	4	78	5	88	6	64	7	84	8	37	9	4	10	9	11	15	12	58	13	20	14	77	15	40	16	93	17	3	18	91	19	57	20	35	21	10	22	5	23	92	24	70	25	42	26	44	27	14	28	52	29	76	30	85	31	75	32	82	33	22	34	97	35	87	36	6	37	93	38	44	39	99	40	82	41	10	42	32	43	40	44	82	45	64	46	69	47	20	48	10	49	98
	0	38	1	30	2	73	3	8	4	19	5	69	6	26	7	56	8	14	9	85	10	76	11	43	12	55	13	28	14	24	15	99	16	94	17	33	18	70	19	79	20	13	21	78	22	24	23	62	24	4	25	5	26	77	27	19	28	98	29	86	30	48	31	73	32	53	33	73	34	100	35	68	36	19	37	62	38	80	39	41	40	54	41	62	42	51	43	39	44	48	45	61	46	1	47	43	48	77	49	6
	0	51	1	76	2	11	3	54	4	7	5	24	6	29	7	67	8	14	9	80	10	18	11	41	12	14	13	99	14	73	15	8	16	18	17	33	18	12	19	34	20	37	21	61	22	71	23	23	24	46	25	46	26	57	27	84	28	53	29	97	30	61	31	21	32	20	33	93	34	60	35	71	36	47	37	10	38	69	39	71	40	10	41	64	42	14	43	54	44	35	45	46	46	43	47	96	48	22	49	25
	0	84	1	64	2	73	3	32	4	29	5	32	6	74	7	73	8	11	9	71	10	44	11	9	12	71	13	36	14	48	15	11	16	64	17	90	18	30	19	86	20	43	21	52	22	27	23	19	24	6	25	55	26	57	27	89	28	16	29	39	30	6	31	38	32	6	33	44	34	33	35	21	36	53	37	45	38	96	39	53	40	69	41	63	42	56	43	28	44	37	45	45	46	100	47	91	48	9	49	84
	0	12	1	71	2	28	3	35	4	71	5	18	6	45	7	41	8	49	9	1	10	52	11	77	12	55	13	47	14	33	15	78	16	34	17	47	18	24	19	4	20	16	21	48	22	26	23	61	24	91	25	5	26	100	27	84	28	34	29	69	30	67	31	41	32	20	33	33	34	60	35	32	36	94	37	59	38	16	39	72	40	98	41	58	42	19	43	88	44	53	45	1	46	1	47	87	48	63	49	80
	0	81	1	43	2	84	3	46	4	6	5	34	6	72	7	91	8	7	9	26	10	6	11	59	12	90	13	63	14	49	15	95	16	31	17	46	18	96	19	70	20	36	21	72	22	12	23	39	24	94	25	91	26	78	27	27	28	29	29	4	30	76	31	42	32	20	33	82	34	95	35	60	36	69	37	12	38	41	39	39	40	12	41	82	42	66	43	50	44	14	45	66	46	68	47	29	48	92	49	67
	0	18	1	2	2	55	3	29	4	19	5	22	6	61	7	43	8	1	9	27	10	19	11	78	12	100	13	6	14	96	15	33	16	91	17	32	18	5	19	90	20	64	21	6	22	79	23	6	24	61	25	8	26	57	27	80	28	13	29	58	30	52	31	75	32	49	33	34	34	56	35	96	36	69	37	89	38	11	39	39	40	93	41	82	42	55	43	70	44	33	45	98	46	22	47	94	48	56	49	29
	0	40	1	28	2	23	3	47	4	77	5	88	6	31	7	76	8	20	9	48	10	92	11	60	12	77	13	40	14	22	15	72	16	55	17	88	18	29	19	22	20	43	21	16	22	16	23	47	24	7	25	57	26	43	27	94	28	67	29	55	30	23	31	45	32	31	33	48	34	23	35	21	36	86	37	56	38	12	39	73	40	89	41	29	42	83	43	60	44	91	45	20	46	17	47	49	48	100	49	87
	0	90	1	5	2	66	3	47	4	29	5	54	6	24	7	29	8	68	9	22	10	61	11	94	12	68	13	100	14	67	15	39	16	88	17	87	18	92	19	82	20	37	21	96	22	28	23	96	24	35	25	39	26	76	27	63	28	58	29	23	30	74	31	36	32	61	33	24	34	94	35	47	36	87	37	13	38	40	39	89	40	17	41	61	42	88	43	78	44	12	45	42	46	72	47	52	48	63	49	7
	0	89	1	71	2	32	3	17	4	90	5	33	6	65	7	25	8	72	9	4	10	14	11	79	12	89	13	45	14	72	15	64	16	51	17	66	18	40	19	10	20	70	21	57	22	67	23	44	24	93	25	62	26	24	27	44	28	100	29	2	30	12	31	44	32	79	33	71	34	19	35	84	36	4	37	42	38	63	39	3	40	77	41	70	42	100	43	29	44	93	45	85	46	72	47	16	48	66	49	97
	0	32	1	7	2	14	3	64	4	69	5	52	6	77	7	91	8	15	9	6	10	41	11	69	12	22	13	62	14	71	15	69	16	16	17	23	18	89	19	37	20	89	21	4	22	46	23	74	24	77	25	13	26	66	27	93	28	34	29	70	30	80	31	71	32	4	33	43	34	54	35	57	36	41	37	21	38	99	39	100	40	44	41	55	42	15	43	97	44	98	45	27	46	83	47	89	48	37	49	37
	0	40	1	46	2	71	3	14	4	91	5	21	6	49	7	94	8	21	9	70	10	47	11	16	12	37	13	56	14	91	15	32	16	53	17	96	18	73	19	35	20	77	21	11	22	13	23	44	24	77	25	93	26	67	27	7	28	40	29	95	30	89	31	4	32	41	33	12	34	9	35	70	36	85	37	3	38	68	39	65	40	3	41	81	42	22	43	49	44	93	45	62	46	24	47	68	48	61	49	56
	0	26	1	33	2	85	3	37	4	72	5	54	6	13	7	28	8	73	9	70	10	76	11	91	12	76	13	79	14	53	15	91	16	74	17	61	18	56	19	2	20	30	21	43	22	89	23	54	24	92	25	64	26	10	27	37	28	29	29	19	30	6	31	25	32	29	33	4	34	56	35	79	36	13	37	90	38	44	39	40	40	85	41	88	42	31	43	19	44	96	45	94	46	24	47	54	48	6	49	25
	0	91	1	88	2	76	3	74	4	92	5	82	6	8	7	56	8	56	9	66	10	29	11	29	12	1	13	6	14	83	15	88	16	81	17	28	18	77	19	86	20	21	21	27	22	88	23	33	24	54	25	60	26	44	27	58	28	84	29	85	30	16	31	55	32	33	33	22	34	93	35	28	36	56	37	22	38	42	39	25	40	11	41	77	42	39	43	21	44	43	45	15	46	59	47	77	48	8	49	63
	0	46	1	1	2	30	3	54	4	91	5	78	6	2	7	34	8	10	9	56	10	44	11	84	12	84	13	93	14	87	15	53	16	14	17	3	18	56	19	96	20	86	21	69	22	59	23	33	24	72	25	93	26	11	27	84	28	99	29	16	30	43	31	51	32	52	33	21	34	89	35	49	36	20	37	99	38	39	39	2	40	78	41	49	42	99	43	62	44	63	45	34	46	10	47	17	48	15	49	25
	0	2	1	88	2	53	3	89	4	94	5	40	6	36	7	19	8	65	9	58	10	13	11	99	12	50	13	52	14	69	15	60	16	49	17	4	18	25	19	73	20	38	21	61	22	28	23	74	24	29	25	48	26	74	27	23	28	22	29	43	30	19	31	43	32	37	33	47	34	77	35	90	36	17	37	39	38	32	39	51	40	50	41	94	42	84	43	73	44	52	45	11	46	18	47	55	48	94	49	74
	0	72	1	78	2	78	3	50	4	36	5	48	6	92	7	81	8	9	9	60	10	99	11	47	12	94	13	35	14	36	15	87	16	10	17	73	18	36	19	14	20	60	21	17	22	93	23	66	24	64	25	37	26	27	27	63	28	63	29	74	30	39	31	80	32	50	33	95	34	47	35	44	36	72	37	60	38	33	39	17	40	31	41	92	42	73	43	33	44	53	45	6	46	7	47	84	48	27	49	47
	0	70	1	85	2	12	3	21	4	4	5	61	6	76	7	41	8	13	9	35	10	17	11	8	12	36	13	7	14	69	15	5	16	41	17	60	18	3	19	79	20	78	21	25	22	71	23	21	24	36	25	96	26	56	27	86	28	90	29	81	30	21	31	17	32	41	33	13	34	78	35	44	36	75	37	80	38	12	39	85	40	6	41	39	42	35	43	76	44	65	45	3	46	57	47	91	48	63	49	52
	0	90	1	49	2	35	3	88	4	34	5	98	6	37	7	20	8	6	9	32	10	59	11	82	12	6	13	93	14	82	15	96	16	40	17	45	18	83	19	39	20	35	21	25	22	58	23	78	24	20	25	24	26	42	27	79	28	64	29	39	30	25	31	14	32	90	33	91	34	98	35	2	36	92	37	28	38	83	39	75	40	52	41	28	42	21	43	56	44	18	45	86	46	35	47	74	48	80	49	56
	0	85	1	66	2	79	3	63	4	80	5	44	6	17	7	24	8	14	9	14	10	60	11	33	12	45	13	80	14	54	15	3	16	41	17	80	18	89	19	67	20	39	21	25	22	89	23	85	24	14	25	38	26	11	27	8	28	46	29	23	30	71	31	89	32	23	33	4	34	48	35	56	36	42	37	18	38	19	39	74	40	62	41	46	42	34	43	63	44	51	45	20	46	29	47	58	48	21	49	47
	0	38	1	21	2	28	3	19	4	57	5	39	6	11	7	25	8	60	9	71	10	71	11	60	12	83	13	31	14	21	15	11	16	15	17	13	18	68	19	70	20	64	21	1	22	100	23	81	24	98	25	17	26	77	27	46	28	60	29	6	30	78	31	41	32	25	33	48	34	30	35	97	36	40	37	53	38	17	39	78	40	60	41	92	42	74	43	41	44	81	45	46	46	85	47	59	48	25	49	92
	0	45	1	59	2	35	3	54	4	73	5	87	6	81	7	87	8	66	9	9	10	82	11	76	12	37	13	16	14	3	15	60	16	83	17	88	18	70	19	19	20	69	21	24	22	29	23	87	24	27	25	60	26	27	27	75	28	5	29	32	30	93	31	5	32	14	33	34	34	59	35	13	36	61	37	97	38	34	39	66	40	68	41	97	42	31	43	71	44	2	45	40	46	97	47	17	48	83	49	9
	0	23	1	51	2	37	3	51	4	2	5	75	6	8	7	52	8	76	9	34	10	53	11	31	12	3	13	13	14	75	15	31	16	11	17	83	18	76	19	8	20	30	21	46	22	41	23	38	24	33	25	70	26	63	27	95	28	3	29	33	30	84	31	67	32	19	33	94	34	25	35	14	36	34	37	76	38	6	39	88	40	79	41	17	42	85	43	68	44	12	45	31	46	85	47	77	48	8	49	95
	0	62	1	80	2	60	3	25	4	52	5	100	6	14	7	32	8	91	9	75	10	86	11	73	12	98	13	57	14	24	15	18	16	69	17	30	18	4	19	10	20	13	21	81	22	82	23	93	24	39	25	72	26	44	27	25	28	60	29	86	30	16	31	8	32	97	33	39	34	35	35	99	36	73	37	89	38	92	39	89	40	41	41	91	42	82	43	53	44	94	45	66	46	52	47	18	48	38	49	82
	0	9	1	1	2	34	3	81	4	29	5	11	6	35	7	84	8	95	9	11	10	74	11	65	12	43	13	4	14	91	15	73	16	89	17	67	18	87	19	51	20	81	21	51	22	50	23	66	24	97	25	41	26	99	27	65	28	58	29	17	30	34	31	15	32	65	33	74	34	79	35	78	36	55	37	92	38	77	39	60	40	33	41	59	42	58	43	5	44	44	45	97	46	87	47	36	48	72	49	29
	0	83	1	69	2	92	3	4	4	38	5	38	6	6	7	57	8	99	9	19	10	45	11	65	12	90	13	40	14	10	15	55	16	66	17	2	18	93	19	37	20	52	21	69	22	93	23	89	24	1	25	89	26	19	27	22	28	62	29	44	30	60	31	88	32	58	33	68	34	30	35	13	36	7	37	59	38	58	39	71	40	37	41	80	42	61	43	38	44	75	45	30	46	3	47	71	48	21	49	20
	0	71	1	22	2	28	3	96	4	82	5	72	6	49	7	89	8	14	9	46	10	22	11	79	12	43	13	47	14	17	15	10	16	95	17	16	18	44	19	95	20	69	21	7	22	12	23	88	24	98	25	38	26	88	27	24	28	22	29	52	30	78	31	39	32	12	33	100	34	59	35	39	36	77	37	32	38	7	39	66	40	20	41	58	42	12	43	86	44	37	45	11	46	73	47	97	48	82	49	29
	0	18	1	25	2	27	3	39	4	85	5	74	6	96	7	94	8	62	9	24	10	65	11	29	12	79	13	6	14	34	15	100	16	78	17	9	18	26	19	45	20	38	21	69	22	71	23	76	24	4	25	74	26	75	27	87	28	47	29	69	30	84	31	46	32	78	33	44	34	88	35	91	36	70	37	57	38	37	39	63	40	64	41	96	42	52	43	34	44	73	45	6	46	52	47	29	48	4	49	32
	0	47	1	36	2	62	3	37	4	50	5	43	6	6	7	16	8	11	9	82	10	66	11	6	12	85	13	36	14	60	15	60	16	81	17	43	18	43	19	46	20	51	21	25	22	92	23	71	24	21	25	100	26	18	27	64	28	74	29	69	30	37	31	49	32	28	33	83	34	57	35	98	36	83	37	31	38	57	39	50	40	20	41	7	42	68	43	27	44	69	45	44	46	80	47	95	48	5	49	22
	0	35	1	37	2	12	3	90	4	76	5	43	6	33	7	64	8	78	9	42	10	4	11	79	12	60	13	14	14	27	15	17	16	59	17	69	18	43	19	36	20	31	21	78	22	95	23	73	24	97	25	91	26	11	27	93	28	39	29	85	30	27	31	9	32	35	33	17	34	39	35	94	36	82	37	70	38	67	39	63	40	28	41	43	42	42	43	96	44	40	45	95	46	73	47	18	48	61	49	55
	0	45	1	82	2	34	3	64	4	53	5	92	6	3	7	93	8	85	9	83	10	18	11	81	12	87	13	36	14	93	15	61	16	98	17	98	18	6	19	76	20	24	21	35	22	48	23	8	24	84	25	30	26	26	27	75	28	65	29	20	30	15	31	52	32	53	33	19	34	3	35	38	36	29	37	80	38	48	39	70	40	57	41	88	42	83	43	47	44	94	45	87	46	12	47	35	48	98	49	91
Reldue
-1	4383	-1	1
-1	4042	-1	1
-1	3815	-1	1
-1	3789	-1	1
-1	3832	-1	1
-1	3763	-1	1
-1	3764	-1	1
-1	4309	-1	1
-1	4071	-1	1
-1	4077	-1	1
-1	4320	-1	1
-1	3642	-1	1
-1	3892	-1	1
-1	4026	-1	1
-1	4341	-1	1
-1	3820	-1	1
-1	3678	-1	1
-1	4547	-1	1
-1	4381	-1	1
-1	4108	-1	1
-1	4583	-1	1
-1	4565	-1	1
-1	4513	-1	1
-1	4192	-1	1
-1	4424	-1	1
-1	4193	-1	1
-1	3861	-1	1
-1	4561	-1	1
-1	4151	-1	1
-1	4506	-1	1
-1	4553	-1	1
-1	4467	-1	1
-1	4211	-1	1
-1	3894	-1	1
-1	3647	-1	1
-1	4208	-1	1
-1	4163	-1	1
-1	4533	-1	1
-1	3905	-1	1
-1	4454	-1	1
-1	3811	-1	1
-1	3867	-1	1
-1	3938	-1	1
-1	3717	-1	1
-1	4344	-1	1
-1	3612	-1	1
-1	4225	-1	1
-1	4601	-1	1
-1	4178	-1	1
-1	4509	-1	1
LBCmax: 5114
