250  50
	0	18	1	58	2	87	3	67	4	81	5	59	6	84	7	5	8	5	9	12	10	33	11	75	12	8	13	94	14	4	15	62	16	15	17	55	18	55	19	45	20	57	21	84	22	88	23	6	24	92	25	92	26	23	27	23	28	74	29	12	30	22	31	4	32	100	33	10	34	13	35	25	36	10	37	61	38	97	39	83	40	34	41	39	42	38	43	74	44	96	45	8	46	75	47	62	48	19	49	30
	0	100	1	88	2	6	3	22	4	90	5	49	6	79	7	25	8	89	9	32	10	99	11	71	12	80	13	94	14	2	15	50	16	94	17	21	18	38	19	35	20	43	21	95	22	71	23	99	24	64	25	78	26	97	27	26	28	35	29	62	30	87	31	30	32	84	33	58	34	46	35	6	36	94	37	36	38	68	39	76	40	96	41	14	42	12	43	27	44	90	45	69	46	31	47	43	48	38	49	29
	0	34	1	63	2	16	3	52	4	58	5	36	6	28	7	5	8	87	9	54	10	7	11	8	12	36	13	73	14	69	15	100	16	92	17	57	18	85	19	35	20	85	21	15	22	88	23	28	24	11	25	2	26	40	27	5	28	63	29	4	30	9	31	16	32	13	33	52	34	45	35	29	36	57	37	99	38	53	39	11	40	34	41	77	42	95	43	61	44	52	45	22	46	74	47	49	48	8	49	21
	0	83	1	77	2	76	3	17	4	20	5	78	6	87	7	90	8	3	9	96	10	42	11	1	12	32	13	36	14	33	15	37	16	90	17	64	18	50	19	36	20	72	21	92	22	2	23	53	24	86	25	94	26	89	27	98	28	76	29	29	30	100	31	70	32	38	33	59	34	11	35	55	36	50	37	1	38	27	39	67	40	30	41	46	42	85	43	51	44	88	45	33	46	100	47	79	48	44	49	61
	0	39	1	98	2	22	3	81	4	51	5	20	6	50	7	94	8	76	9	69	10	11	11	53	12	20	13	5	14	37	15	41	16	76	17	6	18	48	19	78	20	15	21	81	22	60	23	76	24	80	25	26	26	15	27	38	28	63	29	66	30	32	31	87	32	48	33	36	34	52	35	53	36	37	37	91	38	40	39	65	40	8	41	56	42	71	43	23	44	66	45	51	46	95	47	46	48	80	49	48
	0	90	1	26	2	27	3	59	4	10	5	18	6	82	7	47	8	11	9	73	10	18	11	12	12	14	13	72	14	19	15	4	16	17	17	19	18	9	19	55	20	92	21	20	22	53	23	32	24	7	25	29	26	81	27	60	28	64	29	64	30	50	31	59	32	59	33	2	34	37	35	4	36	84	37	22	38	19	39	87	40	30	41	50	42	6	43	57	44	80	45	13	46	16	47	57	48	79	49	33
	0	15	1	78	2	24	3	91	4	47	5	21	6	27	7	53	8	53	9	12	10	25	11	45	12	36	13	22	14	47	15	3	16	13	17	94	18	65	19	49	20	88	21	72	22	85	23	67	24	12	25	70	26	56	27	68	28	24	29	52	30	9	31	83	32	93	33	4	34	37	35	21	36	99	37	100	38	99	39	64	40	17	41	12	42	96	43	8	44	7	45	17	46	54	47	64	48	20	49	88
	0	22	1	76	2	58	3	79	4	45	5	13	6	68	7	44	8	99	9	60	10	45	11	47	12	85	13	1	14	82	15	51	16	17	17	69	18	86	19	94	20	45	21	19	22	50	23	92	24	23	25	30	26	51	27	29	28	87	29	59	30	15	31	16	32	5	33	91	34	66	35	34	36	39	37	67	38	50	39	99	40	98	41	78	42	5	43	1	44	95	45	55	46	13	47	16	48	28	49	7
	0	58	1	84	2	49	3	67	4	77	5	12	6	90	7	59	8	79	9	44	10	62	11	2	12	53	13	88	14	48	15	1	16	21	17	18	18	53	19	95	20	81	21	83	22	76	23	72	24	49	25	77	26	31	27	53	28	12	29	70	30	22	31	21	32	31	33	99	34	50	35	43	36	68	37	57	38	9	39	1	40	19	41	49	42	100	43	44	44	84	45	90	46	67	47	22	48	1	49	63
	0	30	1	54	2	27	3	69	4	89	5	58	6	40	7	36	8	95	9	41	10	2	11	63	12	31	13	10	14	96	15	21	16	45	17	72	18	38	19	38	20	29	21	29	22	24	23	32	24	34	25	79	26	53	27	84	28	60	29	87	30	56	31	50	32	72	33	87	34	1	35	58	36	25	37	15	38	66	39	44	40	98	41	7	42	100	43	21	44	69	45	91	46	12	47	85	48	89	49	71
	0	47	1	94	2	28	3	80	4	63	5	84	6	1	7	35	8	100	9	9	10	10	11	43	12	5	13	15	14	39	15	29	16	61	17	76	18	6	19	88	20	31	21	66	22	57	23	74	24	21	25	46	26	37	27	90	28	7	29	76	30	97	31	41	32	100	33	90	34	20	35	54	36	26	37	96	38	49	39	82	40	61	41	81	42	80	43	49	44	37	45	43	46	46	47	4	48	10	49	76
	0	86	1	84	2	61	3	69	4	97	5	7	6	71	7	15	8	13	9	51	10	82	11	29	12	39	13	77	14	48	15	18	16	49	17	17	18	26	19	62	20	31	21	30	22	67	23	91	24	19	25	81	26	14	27	72	28	71	29	24	30	96	31	39	32	51	33	74	34	4	35	24	36	52	37	10	38	54	39	86	40	63	41	29	42	8	43	34	44	44	45	59	46	87	47	96	48	95	49	97
	0	93	1	76	2	9	3	26	4	43	5	7	6	57	7	27	8	64	9	91	10	44	11	89	12	14	13	71	14	20	15	95	16	24	17	100	18	62	19	24	20	69	21	88	22	33	23	96	24	23	25	30	26	99	27	58	28	59	29	68	30	68	31	87	32	80	33	36	34	53	35	57	36	11	37	76	38	7	39	90	40	88	41	40	42	57	43	90	44	3	45	4	46	48	47	47	48	10	49	71
	0	76	1	31	2	11	3	32	4	51	5	37	6	40	7	8	8	48	9	34	10	50	11	5	12	12	13	44	14	58	15	38	16	42	17	49	18	89	19	19	20	63	21	86	22	59	23	12	24	57	25	7	26	46	27	99	28	18	29	92	30	69	31	9	32	51	33	52	34	68	35	1	36	32	37	49	38	40	39	12	40	93	41	36	42	93	43	7	44	3	45	89	46	20	47	84	48	60	49	66
	0	88	1	33	2	7	3	46	4	16	5	49	6	52	7	7	8	74	9	41	10	49	11	61	12	28	13	90	14	51	15	45	16	26	17	57	18	69	19	46	20	73	21	36	22	94	23	3	24	65	25	96	26	52	27	7	28	78	29	73	30	100	31	13	32	16	33	94	34	97	35	15	36	71	37	49	38	6	39	49	40	61	41	43	42	92	43	43	44	36	45	91	46	48	47	10	48	65	49	39
	0	40	1	55	2	61	3	26	4	70	5	60	6	89	7	24	8	1	9	46	10	67	11	9	12	64	13	33	14	76	15	53	16	80	17	51	18	6	19	57	20	39	21	79	22	28	23	45	24	31	25	96	26	59	27	91	28	22	29	83	30	60	31	60	32	6	33	16	34	97	35	80	36	96	37	25	38	32	39	69	40	25	41	21	42	38	43	96	44	61	45	7	46	65	47	38	48	81	49	28
	0	74	1	72	2	32	3	33	4	41	5	12	6	82	7	40	8	87	9	69	10	62	11	42	12	82	13	13	14	11	15	84	16	43	17	46	18	6	19	2	20	8	21	35	22	31	23	8	24	66	25	39	26	8	27	58	28	77	29	53	30	12	31	33	32	97	33	44	34	21	35	35	36	11	37	37	38	94	39	59	40	30	41	8	42	62	43	2	44	97	45	64	46	81	47	29	48	32	49	27
	0	90	1	85	2	75	3	51	4	60	5	49	6	45	7	47	8	28	9	44	10	100	11	80	12	64	13	67	14	67	15	74	16	4	17	99	18	93	19	38	20	50	21	2	22	14	23	90	24	26	25	18	26	67	27	59	28	24	29	33	30	66	31	73	32	99	33	59	34	38	35	76	36	87	37	49	38	89	39	28	40	55	41	66	42	20	43	76	44	13	45	45	46	49	47	16	48	31	49	28
	0	90	1	61	2	65	3	80	4	92	5	100	6	66	7	84	8	47	9	18	10	34	11	94	12	18	13	90	14	39	15	95	16	46	17	94	18	17	19	78	20	33	21	92	22	29	23	63	24	15	25	76	26	17	27	95	28	74	29	74	30	15	31	14	32	48	33	78	34	86	35	70	36	31	37	25	38	1	39	33	40	90	41	38	42	84	43	23	44	33	45	32	46	75	47	54	48	93	49	14
	0	90	1	68	2	31	3	53	4	97	5	10	6	59	7	89	8	19	9	62	10	48	11	5	12	24	13	37	14	60	15	88	16	93	17	13	18	22	19	53	20	57	21	36	22	44	23	94	24	33	25	46	26	24	27	6	28	29	29	87	30	20	31	73	32	77	33	18	34	58	35	22	36	15	37	25	38	23	39	3	40	40	41	3	42	43	43	15	44	84	45	69	46	62	47	16	48	2	49	14
	0	76	1	72	2	69	3	5	4	50	5	37	6	20	7	100	8	76	9	71	10	82	11	34	12	10	13	35	14	83	15	90	16	11	17	17	18	48	19	64	20	72	21	83	22	89	23	88	24	5	25	66	26	80	27	67	28	39	29	13	30	57	31	40	32	23	33	74	34	80	35	90	36	47	37	92	38	69	39	41	40	42	41	38	42	72	43	24	44	96	45	91	46	47	47	7	48	6	49	52
	0	65	1	20	2	66	3	68	4	55	5	4	6	48	7	67	8	54	9	80	10	18	11	59	12	38	13	25	14	14	15	51	16	40	17	80	18	69	19	64	20	86	21	35	22	49	23	67	24	95	25	73	26	52	27	55	28	38	29	62	30	77	31	48	32	48	33	29	34	62	35	76	36	11	37	50	38	57	39	81	40	6	41	45	42	73	43	57	44	56	45	66	46	20	47	98	48	7	49	3
	0	43	1	34	2	59	3	64	4	90	5	73	6	5	7	88	8	1	9	73	10	61	11	7	12	82	13	23	14	82	15	62	16	11	17	100	18	10	19	39	20	88	21	22	22	93	23	88	24	22	25	39	26	56	27	22	28	34	29	10	30	47	31	27	32	93	33	58	34	61	35	24	36	32	37	19	38	14	39	67	40	7	41	13	42	49	43	60	44	98	45	100	46	62	47	30	48	59	49	10
	0	93	1	99	2	65	3	56	4	31	5	26	6	30	7	64	8	17	9	20	10	67	11	85	12	35	13	57	14	39	15	69	16	45	17	24	18	10	19	23	20	91	21	92	22	84	23	71	24	74	25	3	26	22	27	100	28	92	29	86	30	48	31	53	32	79	33	73	34	86	35	100	36	94	37	61	38	5	39	15	40	47	41	48	42	52	43	20	44	50	45	39	46	96	47	77	48	49	49	87
	0	30	1	52	2	64	3	39	4	87	5	72	6	36	7	82	8	71	9	50	10	81	11	20	12	15	13	52	14	71	15	14	16	16	17	22	18	13	19	88	20	3	21	5	22	90	23	60	24	40	25	18	26	83	27	58	28	72	29	70	30	93	31	53	32	69	33	26	34	16	35	70	36	21	37	63	38	70	39	8	40	82	41	74	42	49	43	59	44	92	45	6	46	58	47	95	48	91	49	43
	0	76	1	89	2	24	3	70	4	22	5	71	6	5	7	79	8	32	9	38	10	74	11	9	12	80	13	71	14	74	15	15	16	93	17	37	18	31	19	21	20	44	21	53	22	15	23	1	24	20	25	72	26	8	27	93	28	7	29	97	30	19	31	35	32	31	33	35	34	13	35	74	36	52	37	64	38	40	39	7	40	100	41	40	42	100	43	35	44	95	45	10	46	61	47	44	48	93	49	81
	0	11	1	48	2	56	3	57	4	47	5	60	6	30	7	66	8	86	9	66	10	71	11	19	12	78	13	22	14	82	15	88	16	60	17	10	18	22	19	83	20	59	21	8	22	2	23	66	24	49	25	64	26	7	27	48	28	17	29	85	30	76	31	33	32	100	33	74	34	41	35	22	36	76	37	82	38	19	39	88	40	43	41	52	42	85	43	74	44	13	45	77	46	92	47	97	48	2	49	93
	0	4	1	38	2	95	3	87	4	57	5	57	6	9	7	89	8	67	9	79	10	2	11	64	12	58	13	11	14	82	15	54	16	64	17	14	18	23	19	99	20	37	21	22	22	94	23	60	24	66	25	87	26	43	27	28	28	80	29	100	30	20	31	69	32	8	33	2	34	3	35	54	36	94	37	94	38	68	39	78	40	10	41	12	42	41	43	60	44	13	45	25	46	84	47	70	48	24	49	63
	0	26	1	45	2	42	3	93	4	47	5	71	6	15	7	98	8	57	9	53	10	26	11	26	12	41	13	6	14	73	15	12	16	56	17	17	18	49	19	94	20	8	21	78	22	52	23	68	24	34	25	100	26	73	27	71	28	82	29	32	30	52	31	64	32	45	33	56	34	99	35	64	36	7	37	44	38	16	39	62	40	13	41	82	42	64	43	92	44	36	45	4	46	71	47	71	48	51	49	88
	0	67	1	15	2	4	3	11	4	94	5	84	6	50	7	66	8	29	9	35	10	94	11	74	12	12	13	75	14	59	15	69	16	81	17	39	18	74	19	15	20	34	21	46	22	39	23	95	24	89	25	2	26	23	27	84	28	8	29	43	30	1	31	80	32	99	33	55	34	31	35	77	36	17	37	11	38	27	39	88	40	26	41	94	42	86	43	59	44	2	45	18	46	69	47	22	48	69	49	57
	0	43	1	97	2	19	3	34	4	34	5	26	6	51	7	54	8	64	9	98	10	23	11	58	12	42	13	7	14	4	15	50	16	54	17	50	18	86	19	12	20	74	21	52	22	72	23	12	24	69	25	74	26	50	27	81	28	96	29	56	30	50	31	100	32	3	33	78	34	2	35	21	36	69	37	59	38	61	39	29	40	67	41	22	42	86	43	10	44	30	45	86	46	52	47	74	48	38	49	83
	0	51	1	66	2	71	3	91	4	28	5	41	6	96	7	35	8	21	9	15	10	81	11	12	12	23	13	87	14	41	15	24	16	97	17	18	18	82	19	30	20	86	21	2	22	85	23	59	24	3	25	56	26	42	27	34	28	16	29	43	30	40	31	5	32	43	33	65	34	68	35	93	36	17	37	26	38	71	39	84	40	8	41	33	42	83	43	34	44	90	45	78	46	36	47	76	48	3	49	50
	0	83	1	26	2	49	3	35	4	17	5	39	6	9	7	19	8	72	9	70	10	80	11	8	12	15	13	21	14	74	15	17	16	85	17	96	18	17	19	98	20	37	21	88	22	41	23	14	24	86	25	67	26	64	27	69	28	67	29	54	30	99	31	54	32	53	33	87	34	35	35	79	36	7	37	20	38	74	39	83	40	38	41	15	42	35	43	63	44	10	45	13	46	42	47	40	48	12	49	90
	0	65	1	77	2	87	3	43	4	80	5	2	6	91	7	58	8	65	9	98	10	3	11	52	12	49	13	84	14	43	15	2	16	84	17	74	18	43	19	82	20	1	21	100	22	77	23	91	24	79	25	38	26	70	27	39	28	25	29	71	30	10	31	16	32	54	33	74	34	59	35	69	36	20	37	3	38	19	39	53	40	20	41	40	42	12	43	43	44	98	45	7	46	74	47	15	48	93	49	50
	0	60	1	37	2	26	3	82	4	47	5	21	6	20	7	4	8	34	9	34	10	88	11	58	12	11	13	67	14	38	15	87	16	32	17	15	18	87	19	89	20	14	21	3	22	66	23	11	24	57	25	73	26	75	27	2	28	36	29	19	30	20	31	25	32	38	33	21	34	16	35	8	36	23	37	32	38	71	39	71	40	38	41	9	42	73	43	64	44	15	45	88	46	27	47	4	48	36	49	55
	0	40	1	94	2	38	3	60	4	44	5	64	6	93	7	69	8	92	9	65	10	91	11	59	12	78	13	6	14	1	15	95	16	71	17	20	18	6	19	50	20	55	21	86	22	11	23	53	24	10	25	65	26	95	27	74	28	88	29	2	30	43	31	89	32	72	33	18	34	74	35	75	36	7	37	92	38	75	39	31	40	42	41	5	42	71	43	32	44	39	45	91	46	21	47	49	48	27	49	24
	0	12	1	4	2	3	3	39	4	79	5	30	6	8	7	53	8	92	9	74	10	47	11	48	12	70	13	46	14	9	15	23	16	26	17	3	18	14	19	29	20	50	21	37	22	3	23	45	24	79	25	86	26	32	27	65	28	13	29	100	30	49	31	90	32	81	33	23	34	50	35	54	36	63	37	82	38	62	39	32	40	19	41	86	42	88	43	97	44	81	45	79	46	7	47	37	48	17	49	100
	0	30	1	43	2	62	3	42	4	34	5	21	6	86	7	22	8	46	9	2	10	37	11	89	12	37	13	53	14	70	15	40	16	44	17	99	18	78	19	26	20	48	21	21	22	58	23	62	24	52	25	92	26	86	27	69	28	58	29	51	30	90	31	23	32	31	33	47	34	49	35	77	36	79	37	85	38	36	39	91	40	25	41	67	42	100	43	86	44	23	45	11	46	60	47	87	48	38	49	77
	0	37	1	57	2	24	3	54	4	63	5	3	6	37	7	67	8	37	9	24	10	86	11	21	12	12	13	31	14	98	15	89	16	46	17	49	18	63	19	2	20	42	21	96	22	73	23	12	24	54	25	85	26	72	27	26	28	49	29	100	30	93	31	33	32	45	33	45	34	33	35	78	36	56	37	64	38	3	39	45	40	33	41	77	42	46	43	66	44	65	45	85	46	23	47	58	48	81	49	43
	0	94	1	51	2	87	3	92	4	50	5	79	6	95	7	9	8	81	9	25	10	58	11	14	12	78	13	50	14	4	15	38	16	99	17	53	18	32	19	50	20	62	21	37	22	21	23	88	24	28	25	69	26	55	27	47	28	3	29	80	30	80	31	19	32	64	33	25	34	25	35	86	36	75	37	99	38	67	39	7	40	82	41	98	42	27	43	68	44	70	45	48	46	13	47	60	48	31	49	56
	0	54	1	18	2	87	3	43	4	88	5	45	6	54	7	79	8	8	9	81	10	44	11	24	12	62	13	15	14	45	15	32	16	80	17	34	18	24	19	91	20	55	21	54	22	38	23	99	24	15	25	1	26	54	27	91	28	63	29	12	30	18	31	75	32	56	33	77	34	10	35	53	36	71	37	60	38	79	39	6	40	68	41	51	42	59	43	93	44	43	45	45	46	96	47	92	48	46	49	46
	0	33	1	66	2	94	3	51	4	44	5	48	6	4	7	54	8	22	9	76	10	43	11	70	12	33	13	14	14	43	15	86	16	17	17	45	18	51	19	74	20	90	21	26	22	1	23	25	24	71	25	33	26	33	27	98	28	56	29	42	30	88	31	83	32	92	33	21	34	61	35	27	36	30	37	28	38	95	39	69	40	74	41	45	42	35	43	88	44	34	45	91	46	90	47	58	48	56	49	88
	0	52	1	53	2	8	3	79	4	95	5	71	6	7	7	28	8	39	9	42	10	47	11	31	12	41	13	58	14	52	15	43	16	80	17	36	18	59	19	84	20	8	21	91	22	20	23	74	24	19	25	97	26	57	27	36	28	41	29	55	30	30	31	37	32	46	33	91	34	86	35	69	36	54	37	58	38	6	39	99	40	60	41	21	42	74	43	23	44	11	45	35	46	20	47	9	48	19	49	61
	0	24	1	28	2	86	3	65	4	73	5	82	6	68	7	4	8	25	9	96	10	13	11	94	12	100	13	39	14	50	15	8	16	10	17	64	18	7	19	59	20	12	21	10	22	94	23	54	24	26	25	94	26	72	27	29	28	63	29	84	30	93	31	9	32	52	33	35	34	91	35	39	36	60	37	24	38	51	39	91	40	43	41	30	42	91	43	39	44	87	45	28	46	25	47	49	48	99	49	95
	0	100	1	46	2	77	3	60	4	33	5	39	6	72	7	38	8	72	9	8	10	4	11	23	12	61	13	14	14	5	15	43	16	4	17	61	18	10	19	96	20	34	21	19	22	98	23	13	24	32	25	9	26	67	27	29	28	78	29	87	30	5	31	59	32	100	33	94	34	63	35	90	36	64	37	47	38	68	39	59	40	25	41	90	42	23	43	68	44	28	45	38	46	76	47	56	48	29	49	82
	0	64	1	32	2	74	3	24	4	59	5	30	6	61	7	73	8	76	9	55	10	62	11	22	12	12	13	16	14	96	15	80	16	37	17	79	18	69	19	30	20	49	21	77	22	20	23	45	24	60	25	52	26	44	27	69	28	90	29	40	30	88	31	54	32	68	33	6	34	29	35	20	36	80	37	86	38	75	39	53	40	6	41	7	42	74	43	80	44	38	45	89	46	95	47	79	48	76	49	45
	0	26	1	14	2	34	3	26	4	12	5	96	6	11	7	97	8	4	9	20	10	6	11	28	12	25	13	30	14	78	15	31	16	47	17	96	18	96	19	94	20	42	21	21	22	8	23	76	24	57	25	13	26	32	27	67	28	26	29	73	30	63	31	45	32	9	33	1	34	26	35	55	36	28	37	15	38	32	39	14	40	49	41	33	42	15	43	13	44	3	45	65	46	57	47	58	48	76	49	17
	0	26	1	86	2	98	3	1	4	91	5	43	6	1	7	100	8	78	9	3	10	37	11	42	12	91	13	75	14	84	15	71	16	10	17	25	18	67	19	29	20	34	21	2	22	64	23	75	24	42	25	56	26	5	27	16	28	74	29	77	30	56	31	28	32	71	33	6	34	52	35	70	36	21	37	77	38	37	39	48	40	92	41	12	42	97	43	68	44	58	45	70	46	17	47	81	48	53	49	11
	0	96	1	13	2	89	3	49	4	82	5	39	6	45	7	79	8	36	9	42	10	9	11	20	12	23	13	47	14	15	15	11	16	81	17	54	18	22	19	36	20	46	21	88	22	21	23	74	24	96	25	36	26	73	27	4	28	67	29	61	30	6	31	6	32	53	33	95	34	23	35	35	36	79	37	47	38	12	39	70	40	21	41	1	42	48	43	53	44	8	45	70	46	26	47	74	48	34	49	32
	0	76	1	68	2	51	3	78	4	48	5	35	6	43	7	30	8	50	9	92	10	87	11	23	12	2	13	12	14	47	15	55	16	23	17	25	18	76	19	45	20	67	21	81	22	4	23	55	24	85	25	86	26	40	27	70	28	52	29	80	30	29	31	36	32	24	33	8	34	23	35	5	36	86	37	3	38	69	39	38	40	13	41	85	42	27	43	51	44	57	45	47	46	56	47	25	48	32	49	76
	0	41	1	7	2	66	3	26	4	50	5	68	6	21	7	66	8	41	9	95	10	26	11	31	12	55	13	46	14	62	15	84	16	75	17	81	18	83	19	49	20	23	21	49	22	91	23	75	24	32	25	8	26	70	27	45	28	29	29	87	30	53	31	32	32	86	33	34	34	97	35	87	36	45	37	3	38	67	39	77	40	27	41	71	42	65	43	40	44	72	45	96	46	45	47	8	48	69	49	43
	0	18	1	12	2	75	3	53	4	25	5	93	6	43	7	33	8	24	9	51	10	87	11	75	12	44	13	28	14	70	15	51	16	80	17	5	18	94	19	26	20	40	21	46	22	12	23	1	24	65	25	36	26	8	27	72	28	88	29	84	30	9	31	57	32	5	33	91	34	18	35	41	36	60	37	7	38	95	39	40	40	82	41	26	42	18	43	76	44	22	45	87	46	95	47	12	48	71	49	89
	0	23	1	5	2	66	3	37	4	4	5	63	6	9	7	62	8	64	9	11	10	61	11	6	12	46	13	14	14	88	15	52	16	61	17	7	18	50	19	28	20	19	21	23	22	92	23	44	24	82	25	27	26	63	27	21	28	10	29	98	30	56	31	11	32	79	33	10	34	77	35	52	36	6	37	12	38	59	39	74	40	10	41	100	42	94	43	55	44	78	45	33	46	45	47	22	48	37	49	46
	0	57	1	2	2	41	3	50	4	84	5	95	6	10	7	17	8	99	9	31	10	8	11	14	12	55	13	7	14	28	15	11	16	14	17	34	18	19	19	80	20	62	21	42	22	86	23	79	24	71	25	2	26	44	27	57	28	88	29	96	30	97	31	55	32	52	33	16	34	82	35	65	36	72	37	80	38	3	39	87	40	20	41	7	42	30	43	93	44	19	45	75	46	58	47	80	48	27	49	65
	0	35	1	76	2	48	3	51	4	3	5	40	6	39	7	7	8	32	9	60	10	61	11	29	12	14	13	30	14	12	15	97	16	60	17	90	18	51	19	16	20	31	21	28	22	76	23	30	24	58	25	96	26	36	27	82	28	75	29	90	30	71	31	65	32	44	33	84	34	30	35	100	36	43	37	26	38	100	39	17	40	74	41	37	42	41	43	43	44	79	45	73	46	22	47	8	48	87	49	24
	0	99	1	34	2	35	3	85	4	72	5	67	6	24	7	8	8	21	9	53	10	7	11	18	12	11	13	92	14	31	15	66	16	1	17	2	18	56	19	31	20	13	21	73	22	47	23	15	24	36	25	23	26	6	27	84	28	77	29	55	30	70	31	42	32	79	33	79	34	28	35	53	36	72	37	75	38	1	39	42	40	27	41	82	42	2	43	41	44	20	45	47	46	76	47	60	48	41	49	83
	0	64	1	1	2	97	3	100	4	74	5	43	6	89	7	18	8	27	9	65	10	76	11	80	12	12	13	94	14	34	15	10	16	90	17	78	18	99	19	3	20	11	21	37	22	38	23	24	24	29	25	36	26	77	27	66	28	54	29	81	30	9	31	84	32	60	33	34	34	26	35	14	36	24	37	99	38	76	39	41	40	96	41	22	42	29	43	65	44	11	45	9	46	92	47	99	48	75	49	60
	0	31	1	84	2	18	3	58	4	69	5	1	6	75	7	84	8	71	9	26	10	37	11	19	12	49	13	62	14	5	15	80	16	36	17	22	18	8	19	88	20	4	21	70	22	87	23	60	24	52	25	31	26	60	27	91	28	62	29	35	30	5	31	47	32	6	33	44	34	35	35	100	36	70	37	95	38	49	39	66	40	96	41	42	42	91	43	43	44	88	45	83	46	33	47	38	48	16	49	16
	0	86	1	39	2	15	3	45	4	93	5	86	6	71	7	40	8	48	9	22	10	37	11	16	12	72	13	43	14	20	15	97	16	16	17	79	18	23	19	55	20	82	21	66	22	57	23	70	24	75	25	97	26	35	27	32	28	46	29	62	30	17	31	81	32	62	33	11	34	80	35	72	36	29	37	9	38	17	39	89	40	59	41	58	42	93	43	60	44	40	45	99	46	25	47	45	48	65	49	42
	0	43	1	95	2	21	3	69	4	64	5	4	6	49	7	2	8	81	9	6	10	18	11	55	12	45	13	89	14	86	15	87	16	8	17	21	18	30	19	41	20	31	21	18	22	73	23	34	24	88	25	95	26	42	27	20	28	32	29	80	30	27	31	61	32	79	33	89	34	37	35	60	36	37	37	75	38	62	39	55	40	1	41	15	42	92	43	72	44	65	45	100	46	51	47	77	48	37	49	24
	0	50	1	92	2	60	3	3	4	64	5	61	6	64	7	63	8	82	9	64	10	11	11	84	12	95	13	34	14	10	15	80	16	20	17	28	18	2	19	57	20	63	21	31	22	53	23	86	24	81	25	21	26	99	27	66	28	97	29	18	30	39	31	81	32	64	33	77	34	61	35	62	36	2	37	26	38	43	39	24	40	33	41	36	42	87	43	26	44	7	45	87	46	50	47	70	48	81	49	62
	0	95	1	60	2	95	3	79	4	77	5	57	6	72	7	60	8	29	9	27	10	10	11	73	12	20	13	51	14	69	15	11	16	97	17	49	18	52	19	92	20	34	21	47	22	41	23	98	24	45	25	65	26	45	27	71	28	46	29	30	30	49	31	53	32	58	33	34	34	94	35	27	36	97	37	82	38	17	39	100	40	91	41	10	42	21	43	34	44	16	45	61	46	80	47	10	48	39	49	61
	0	75	1	1	2	24	3	19	4	20	5	59	6	27	7	49	8	37	9	65	10	75	11	91	12	77	13	93	14	40	15	68	16	96	17	79	18	18	19	29	20	41	21	2	22	83	23	33	24	4	25	16	26	98	27	100	28	33	29	94	30	67	31	29	32	27	33	70	34	88	35	39	36	55	37	83	38	33	39	16	40	58	41	74	42	51	43	50	44	35	45	78	46	1	47	91	48	27	49	15
	0	29	1	78	2	41	3	79	4	58	5	3	6	82	7	62	8	69	9	23	10	84	11	81	12	68	13	27	14	59	15	91	16	80	17	20	18	1	19	83	20	20	21	92	22	25	23	28	24	18	25	69	26	15	27	2	28	6	29	71	30	11	31	92	32	2	33	26	34	80	35	96	36	28	37	17	38	20	39	42	40	66	41	47	42	11	43	94	44	36	45	67	46	17	47	34	48	38	49	90
	0	84	1	25	2	5	3	92	4	3	5	86	6	53	7	72	8	28	9	62	10	29	11	12	12	69	13	43	14	91	15	82	16	96	17	70	18	62	19	58	20	31	21	53	22	57	23	54	24	11	25	55	26	75	27	99	28	44	29	48	30	83	31	91	32	100	33	26	34	60	35	21	36	1	37	33	38	66	39	48	40	9	41	58	42	52	43	61	44	15	45	78	46	33	47	70	48	94	49	69
	0	87	1	1	2	71	3	16	4	44	5	90	6	100	7	89	8	95	9	14	10	76	11	54	12	19	13	79	14	15	15	54	16	18	17	72	18	75	19	80	20	1	21	50	22	7	23	90	24	63	25	2	26	57	27	84	28	50	29	28	30	51	31	11	32	89	33	8	34	43	35	83	36	62	37	66	38	17	39	23	40	13	41	40	42	46	43	53	44	32	45	22	46	65	47	31	48	66	49	27
	0	23	1	63	2	34	3	95	4	98	5	60	6	61	7	59	8	2	9	23	10	42	11	7	12	12	13	69	14	10	15	32	16	95	17	28	18	78	19	54	20	20	21	83	22	57	23	46	24	82	25	21	26	91	27	6	28	58	29	28	30	51	31	58	32	92	33	49	34	73	35	64	36	74	37	71	38	50	39	94	40	50	41	36	42	97	43	73	44	96	45	64	46	52	47	14	48	19	49	55
	0	91	1	94	2	87	3	99	4	60	5	39	6	6	7	10	8	49	9	29	10	71	11	69	12	79	13	26	14	71	15	26	16	60	17	3	18	47	19	29	20	43	21	8	22	97	23	38	24	82	25	7	26	90	27	71	28	72	29	83	30	54	31	91	32	36	33	88	34	17	35	3	36	63	37	64	38	38	39	51	40	40	41	1	42	50	43	28	44	12	45	80	46	98	47	14	48	69	49	21
	0	54	1	39	2	60	3	44	4	33	5	22	6	49	7	3	8	51	9	16	10	88	11	60	12	83	13	94	14	77	15	1	16	29	17	26	18	18	19	7	20	91	21	50	22	82	23	49	24	15	25	31	26	69	27	60	28	53	29	55	30	8	31	91	32	46	33	11	34	31	35	79	36	45	37	58	38	32	39	67	40	7	41	76	42	72	43	53	44	36	45	44	46	14	47	65	48	61	49	2
	0	79	1	93	2	74	3	88	4	76	5	14	6	53	7	58	8	29	9	93	10	63	11	20	12	16	13	50	14	99	15	54	16	91	17	34	18	15	19	92	20	48	21	24	22	57	23	81	24	58	25	58	26	86	27	51	28	77	29	73	30	75	31	67	32	14	33	84	34	91	35	26	36	5	37	50	38	23	39	38	40	29	41	95	42	99	43	7	44	66	45	1	46	8	47	79	48	85	49	66
	0	20	1	45	2	96	3	8	4	69	5	9	6	35	7	62	8	54	9	51	10	31	11	85	12	48	13	58	14	95	15	84	16	42	17	98	18	34	19	24	20	52	21	51	22	61	23	73	24	80	25	38	26	64	27	7	28	88	29	99	30	63	31	72	32	31	33	18	34	60	35	71	36	82	37	94	38	50	39	41	40	4	41	5	42	73	43	22	44	83	45	14	46	2	47	33	48	21	49	18
	0	14	1	19	2	41	3	32	4	77	5	22	6	67	7	65	8	48	9	100	10	73	11	29	12	87	13	88	14	18	15	85	16	5	17	76	18	5	19	19	20	10	21	59	22	46	23	1	24	32	25	72	26	99	27	75	28	25	29	13	30	20	31	73	32	76	33	31	34	59	35	63	36	86	37	26	38	69	39	63	40	89	41	72	42	21	43	84	44	23	45	89	46	41	47	99	48	78	49	2
	0	18	1	19	2	77	3	71	4	36	5	55	6	72	7	85	8	37	9	83	10	59	11	42	12	24	13	31	14	34	15	72	16	46	17	82	18	56	19	58	20	38	21	36	22	92	23	82	24	6	25	83	26	48	27	89	28	61	29	88	30	11	31	41	32	71	33	81	34	71	35	17	36	75	37	8	38	88	39	75	40	59	41	80	42	10	43	80	44	13	45	31	46	86	47	65	48	10	49	75
	0	11	1	80	2	74	3	14	4	93	5	51	6	25	7	44	8	43	9	42	10	29	11	57	12	17	13	100	14	83	15	44	16	73	17	31	18	9	19	29	20	8	21	22	22	45	23	13	24	88	25	24	26	64	27	94	28	12	29	49	30	34	31	82	32	35	33	44	34	19	35	54	36	63	37	65	38	95	39	88	40	100	41	40	42	96	43	90	44	94	45	100	46	46	47	96	48	19	49	33
	0	28	1	11	2	92	3	68	4	99	5	27	6	15	7	12	8	48	9	13	10	75	11	76	12	66	13	93	14	67	15	90	16	63	17	38	18	2	19	74	20	52	21	37	22	18	23	14	24	5	25	43	26	20	27	75	28	20	29	79	30	3	31	32	32	71	33	77	34	36	35	21	36	41	37	70	38	17	39	18	40	33	41	61	42	21	43	14	44	29	45	51	46	6	47	46	48	40	49	75
	0	47	1	91	2	55	3	15	4	3	5	34	6	97	7	51	8	59	9	73	10	35	11	87	12	78	13	29	14	19	15	74	16	66	17	51	18	14	19	93	20	29	21	58	22	80	23	87	24	78	25	42	26	14	27	48	28	9	29	33	30	31	31	3	32	66	33	96	34	80	35	48	36	71	37	10	38	4	39	27	40	54	41	59	42	95	43	64	44	53	45	10	46	99	47	77	48	40	49	94
	0	81	1	46	2	97	3	86	4	47	5	14	6	59	7	57	8	81	9	31	10	89	11	56	12	60	13	84	14	60	15	29	16	25	17	62	18	41	19	91	20	59	21	59	22	34	23	8	24	69	25	6	26	97	27	53	28	84	29	86	30	52	31	47	32	25	33	81	34	70	35	94	36	86	37	44	38	56	39	66	40	64	41	97	42	19	43	13	44	97	45	7	46	63	47	98	48	9	49	86
	0	46	1	64	2	85	3	10	4	9	5	11	6	1	7	60	8	34	9	24	10	93	11	29	12	27	13	76	14	49	15	54	16	7	17	16	18	46	19	55	20	48	21	92	22	64	23	93	24	27	25	90	26	58	27	87	28	40	29	71	30	70	31	50	32	23	33	56	34	5	35	23	36	73	37	73	38	2	39	26	40	50	41	78	42	87	43	60	44	22	45	6	46	77	47	20	48	75	49	22
	0	70	1	2	2	95	3	74	4	53	5	20	6	1	7	60	8	4	9	68	10	92	11	84	12	67	13	86	14	17	15	32	16	34	17	15	18	3	19	15	20	56	21	55	22	85	23	59	24	77	25	61	26	29	27	30	28	53	29	37	30	49	31	22	32	96	33	15	34	38	35	61	36	75	37	29	38	86	39	88	40	42	41	18	42	50	43	35	44	80	45	26	46	82	47	97	48	83	49	80
	0	57	1	67	2	15	3	48	4	38	5	1	6	16	7	37	8	71	9	2	10	42	11	63	12	11	13	66	14	60	15	3	16	4	17	19	18	42	19	23	20	87	21	27	22	22	23	32	24	80	25	86	26	6	27	6	28	79	29	95	30	58	31	89	32	77	33	78	34	2	35	60	36	66	37	25	38	3	39	23	40	4	41	42	42	27	43	59	44	51	45	43	46	89	47	48	48	100	49	27
	0	39	1	58	2	62	3	19	4	43	5	33	6	79	7	64	8	67	9	62	10	78	11	9	12	63	13	90	14	89	15	9	16	12	17	97	18	84	19	44	20	83	21	79	22	17	23	34	24	14	25	87	26	67	27	78	28	10	29	13	30	19	31	78	32	18	33	39	34	32	35	94	36	46	37	69	38	78	39	59	40	3	41	31	42	54	43	61	44	95	45	6	46	99	47	35	48	7	49	15
	0	65	1	58	2	46	3	92	4	33	5	24	6	29	7	11	8	66	9	40	10	41	11	35	12	34	13	80	14	4	15	23	16	72	17	72	18	18	19	16	20	40	21	26	22	73	23	54	24	93	25	12	26	45	27	39	28	98	29	46	30	23	31	22	32	39	33	56	34	27	35	76	36	6	37	25	38	15	39	96	40	59	41	33	42	98	43	26	44	1	45	53	46	91	47	22	48	17	49	63
	0	93	1	75	2	62	3	83	4	58	5	71	6	88	7	62	8	2	9	65	10	59	11	45	12	63	13	80	14	94	15	17	16	6	17	70	18	25	19	12	20	41	21	8	22	70	23	3	24	91	25	78	26	61	27	34	28	44	29	95	30	59	31	64	32	48	33	74	34	72	35	14	36	60	37	24	38	38	39	50	40	49	41	38	42	38	43	49	44	3	45	99	46	76	47	9	48	9	49	42
	0	8	1	26	2	90	3	17	4	28	5	32	6	27	7	58	8	35	9	72	10	98	11	54	12	49	13	63	14	8	15	69	16	33	17	64	18	100	19	59	20	52	21	55	22	65	23	88	24	74	25	90	26	88	27	43	28	90	29	88	30	8	31	84	32	11	33	69	34	71	35	92	36	68	37	44	38	7	39	9	40	29	41	30	42	58	43	65	44	92	45	37	46	40	47	41	48	39	49	45
	0	19	1	20	2	46	3	93	4	23	5	23	6	89	7	13	8	33	9	27	10	96	11	100	12	18	13	15	14	18	15	9	16	10	17	4	18	37	19	1	20	27	21	51	22	31	23	87	24	100	25	42	26	57	27	49	28	60	29	97	30	18	31	32	32	80	33	54	34	43	35	21	36	93	37	25	38	87	39	78	40	24	41	18	42	15	43	80	44	2	45	83	46	49	47	80	48	54	49	26
	0	86	1	3	2	79	3	81	4	12	5	33	6	69	7	53	8	64	9	56	10	26	11	73	12	29	13	63	14	64	15	12	16	75	17	35	18	39	19	54	20	55	21	60	22	17	23	32	24	23	25	52	26	67	27	60	28	55	29	75	30	70	31	34	32	77	33	90	34	50	35	72	36	26	37	75	38	83	39	16	40	97	41	100	42	43	43	29	44	66	45	41	46	75	47	42	48	82	49	68
	0	21	1	48	2	64	3	45	4	38	5	40	6	55	7	29	8	65	9	46	10	20	11	57	12	46	13	3	14	77	15	41	16	22	17	74	18	8	19	32	20	27	21	2	22	94	23	13	24	61	25	53	26	56	27	35	28	34	29	98	30	11	31	95	32	95	33	18	34	66	35	35	36	85	37	63	38	6	39	13	40	93	41	66	42	63	43	48	44	90	45	11	46	64	47	74	48	74	49	14
	0	79	1	38	2	59	3	33	4	51	5	18	6	76	7	60	8	56	9	74	10	86	11	31	12	16	13	27	14	9	15	55	16	96	17	47	18	24	19	73	20	24	21	95	22	95	23	73	24	34	25	37	26	31	27	38	28	19	29	47	30	79	31	93	32	40	33	41	34	5	35	82	36	23	37	25	38	28	39	90	40	58	41	54	42	94	43	99	44	61	45	18	46	11	47	25	48	74	49	10
	0	92	1	94	2	19	3	55	4	59	5	46	6	14	7	76	8	17	9	63	10	37	11	56	12	4	13	93	14	75	15	3	16	63	17	73	18	24	19	34	20	3	21	11	22	86	23	34	24	41	25	56	26	16	27	56	28	42	29	71	30	1	31	69	32	98	33	3	34	58	35	62	36	19	37	91	38	21	39	82	40	18	41	70	42	15	43	35	44	14	45	68	46	54	47	1	48	1	49	85
	0	22	1	32	2	33	3	16	4	99	5	38	6	32	7	62	8	60	9	73	10	37	11	12	12	60	13	81	14	19	15	27	16	63	17	75	18	54	19	40	20	2	21	34	22	21	23	43	24	61	25	59	26	68	27	51	28	27	29	24	30	58	31	44	32	46	33	100	34	94	35	27	36	85	37	53	38	92	39	76	40	78	41	36	42	28	43	43	44	19	45	19	46	3	47	44	48	18	49	41
	0	87	1	51	2	39	3	78	4	38	5	66	6	91	7	42	8	19	9	52	10	26	11	76	12	40	13	30	14	82	15	2	16	7	17	89	18	67	19	31	20	64	21	59	22	66	23	54	24	43	25	38	26	27	27	68	28	70	29	86	30	62	31	96	32	88	33	11	34	46	35	21	36	98	37	28	38	27	39	36	40	18	41	56	42	67	43	76	44	28	45	75	46	74	47	95	48	41	49	77
	0	1	1	86	2	15	3	74	4	24	5	75	6	3	7	46	8	18	9	30	10	7	11	33	12	93	13	67	14	73	15	30	16	71	17	36	18	51	19	17	20	1	21	32	22	10	23	26	24	51	25	56	26	70	27	61	28	23	29	24	30	8	31	91	32	76	33	99	34	28	35	87	36	63	37	82	38	27	39	91	40	6	41	18	42	74	43	20	44	66	45	67	46	2	47	48	48	92	49	60
	0	68	1	22	2	50	3	61	4	35	5	100	6	58	7	63	8	86	9	23	10	88	11	24	12	65	13	57	14	13	15	13	16	12	17	62	18	1	19	3	20	27	21	76	22	89	23	61	24	2	25	32	26	93	27	100	28	79	29	30	30	23	31	94	32	40	33	37	34	22	35	92	36	27	37	94	38	54	39	56	40	65	41	47	42	87	43	17	44	16	45	30	46	65	47	35	48	90	49	67
	0	61	1	1	2	11	3	80	4	50	5	2	6	88	7	5	8	48	9	58	10	57	11	67	12	9	13	2	14	77	15	53	16	70	17	35	18	20	19	100	20	85	21	11	22	68	23	70	24	95	25	15	26	9	27	88	28	20	29	39	30	10	31	72	32	78	33	79	34	83	35	58	36	50	37	96	38	5	39	28	40	57	41	25	42	30	43	76	44	28	45	13	46	11	47	67	48	57	49	37
	0	37	1	86	2	82	3	16	4	24	5	81	6	43	7	20	8	39	9	39	10	97	11	59	12	38	13	47	14	93	15	79	16	42	17	41	18	37	19	15	20	91	21	41	22	8	23	69	24	40	25	4	26	92	27	20	28	95	29	74	30	53	31	85	32	2	33	97	34	58	35	73	36	34	37	21	38	24	39	22	40	43	41	15	42	49	43	95	44	61	45	64	46	54	47	84	48	82	49	39
	0	41	1	43	2	59	3	35	4	46	5	51	6	75	7	21	8	44	9	80	10	100	11	73	12	34	13	4	14	30	15	56	16	9	17	99	18	70	19	83	20	84	21	100	22	7	23	75	24	61	25	12	26	86	27	97	28	18	29	12	30	93	31	36	32	74	33	79	34	89	35	52	36	72	37	21	38	66	39	25	40	61	41	13	42	18	43	63	44	87	45	60	46	35	47	60	48	12	49	26
	0	72	1	8	2	31	3	23	4	60	5	7	6	51	7	36	8	41	9	22	10	49	11	25	12	59	13	94	14	30	15	36	16	32	17	88	18	46	19	15	20	91	21	40	22	53	23	6	24	63	25	45	26	5	27	56	28	23	29	84	30	31	31	97	32	52	33	94	34	29	35	49	36	77	37	22	38	70	39	62	40	74	41	15	42	20	43	19	44	60	45	50	46	88	47	39	48	10	49	89
	0	87	1	62	2	72	3	18	4	61	5	6	6	67	7	23	8	89	9	36	10	97	11	80	12	9	13	72	14	92	15	87	16	98	17	23	18	79	19	60	20	2	21	43	22	54	23	56	24	10	25	33	26	72	27	20	28	8	29	32	30	15	31	52	32	71	33	76	34	77	35	36	36	61	37	27	38	84	39	99	40	48	41	82	42	56	43	75	44	73	45	24	46	44	47	85	48	20	49	82
	0	32	1	86	2	63	3	2	4	67	5	23	6	7	7	44	8	66	9	95	10	34	11	68	12	10	13	26	14	30	15	64	16	20	17	97	18	61	19	47	20	87	21	81	22	98	23	15	24	92	25	73	26	33	27	39	28	31	29	39	30	30	31	51	32	45	33	94	34	3	35	21	36	24	37	100	38	7	39	67	40	8	41	41	42	92	43	16	44	27	45	12	46	57	47	19	48	59	49	34
	0	2	1	7	2	71	3	75	4	65	5	95	6	94	7	57	8	81	9	19	10	45	11	49	12	25	13	42	14	76	15	2	16	4	17	50	18	54	19	68	20	14	21	57	22	58	23	5	24	91	25	59	26	69	27	63	28	99	29	26	30	98	31	2	32	57	33	11	34	50	35	92	36	80	37	21	38	48	39	84	40	94	41	79	42	49	43	70	44	58	45	59	46	26	47	55	48	80	49	1
	0	5	1	12	2	39	3	8	4	74	5	5	6	23	7	95	8	10	9	82	10	65	11	55	12	86	13	86	14	33	15	30	16	57	17	40	18	84	19	32	20	30	21	87	22	30	23	47	24	77	25	5	26	39	27	94	28	43	29	25	30	81	31	50	32	49	33	20	34	100	35	52	36	8	37	41	38	63	39	35	40	93	41	25	42	20	43	69	44	19	45	96	46	68	47	97	48	49	49	32
	0	25	1	6	2	18	3	77	4	30	5	68	6	33	7	10	8	38	9	28	10	17	11	12	12	85	13	37	14	74	15	79	16	25	17	62	18	7	19	86	20	68	21	5	22	31	23	99	24	84	25	18	26	36	27	69	28	35	29	9	30	1	31	82	32	58	33	58	34	79	35	42	36	17	37	99	38	91	39	95	40	79	41	30	42	88	43	40	44	7	45	68	46	91	47	77	48	48	49	49
	0	13	1	91	2	80	3	42	4	10	5	62	6	40	7	41	8	21	9	68	10	39	11	28	12	7	13	5	14	48	15	45	16	81	17	46	18	98	19	10	20	95	21	18	22	49	23	60	24	37	25	61	26	93	27	10	28	31	29	7	30	12	31	62	32	65	33	82	34	20	35	2	36	83	37	25	38	25	39	68	40	7	41	84	42	17	43	80	44	84	45	19	46	65	47	60	48	82	49	28
	0	64	1	88	2	60	3	90	4	89	5	66	6	93	7	53	8	21	9	97	10	45	11	61	12	67	13	91	14	96	15	63	16	95	17	51	18	76	19	50	20	36	21	15	22	67	23	32	24	40	25	55	26	68	27	40	28	89	29	39	30	40	31	7	32	87	33	31	34	70	35	73	36	99	37	85	38	29	39	22	40	5	41	26	42	4	43	33	44	72	45	64	46	34	47	16	48	94	49	71
	0	84	1	48	2	25	3	91	4	24	5	57	6	11	7	6	8	16	9	89	10	6	11	52	12	5	13	75	14	21	15	54	16	82	17	82	18	37	19	43	20	64	21	98	22	87	23	56	24	100	25	19	26	92	27	49	28	3	29	96	30	88	31	57	32	71	33	87	34	6	35	89	36	44	37	28	38	66	39	51	40	4	41	89	42	13	43	13	44	24	45	3	46	5	47	84	48	20	49	81
	0	18	1	56	2	63	3	40	4	47	5	14	6	45	7	15	8	1	9	52	10	23	11	36	12	33	13	19	14	75	15	81	16	46	17	96	18	39	19	40	20	73	21	72	22	29	23	60	24	10	25	71	26	38	27	37	28	59	29	63	30	81	31	90	32	16	33	28	34	34	35	33	36	94	37	88	38	71	39	22	40	81	41	17	42	7	43	48	44	64	45	81	46	100	47	98	48	75	49	84
	0	66	1	18	2	36	3	15	4	9	5	29	6	10	7	18	8	86	9	1	10	88	11	46	12	31	13	75	14	62	15	52	16	32	17	86	18	71	19	31	20	30	21	38	22	20	23	30	24	66	25	16	26	2	27	81	28	24	29	59	30	76	31	18	32	27	33	10	34	87	35	90	36	82	37	22	38	30	39	82	40	98	41	94	42	77	43	4	44	6	45	57	46	44	47	12	48	58	49	39
	0	54	1	60	2	96	3	66	4	17	5	14	6	5	7	6	8	50	9	71	10	93	11	35	12	92	13	49	14	70	15	92	16	95	17	71	18	5	19	65	20	96	21	30	22	4	23	92	24	96	25	20	26	14	27	9	28	10	29	78	30	57	31	55	32	52	33	56	34	62	35	10	36	77	37	32	38	24	39	55	40	94	41	15	42	25	43	47	44	25	45	19	46	87	47	68	48	60	49	97
	0	58	1	89	2	42	3	71	4	26	5	49	6	98	7	91	8	31	9	54	10	65	11	11	12	19	13	25	14	7	15	65	16	41	17	75	18	11	19	85	20	19	21	80	22	2	23	95	24	5	25	71	26	33	27	56	28	18	29	65	30	14	31	69	32	38	33	24	34	10	35	50	36	82	37	95	38	16	39	31	40	5	41	66	42	71	43	61	44	80	45	66	46	93	47	95	48	67	49	67
	0	41	1	15	2	81	3	75	4	26	5	5	6	93	7	31	8	32	9	82	10	46	11	40	12	23	13	54	14	64	15	3	16	50	17	52	18	87	19	34	20	69	21	65	22	54	23	72	24	47	25	67	26	22	27	23	28	16	29	21	30	95	31	94	32	95	33	100	34	97	35	8	36	99	37	52	38	16	39	6	40	96	41	3	42	99	43	74	44	86	45	83	46	77	47	59	48	18	49	3
	0	49	1	50	2	57	3	34	4	66	5	51	6	73	7	56	8	71	9	66	10	18	11	79	12	98	13	66	14	10	15	59	16	47	17	25	18	39	19	58	20	73	21	24	22	57	23	17	24	53	25	78	26	35	27	49	28	34	29	28	30	81	31	64	32	73	33	2	34	64	35	91	36	100	37	32	38	83	39	45	40	99	41	91	42	70	43	71	44	71	45	95	46	29	47	52	48	9	49	49
	0	45	1	61	2	31	3	65	4	6	5	11	6	26	7	85	8	33	9	11	10	18	11	48	12	10	13	39	14	58	15	25	16	55	17	4	18	83	19	95	20	72	21	41	22	24	23	24	24	78	25	62	26	30	27	94	28	5	29	73	30	56	31	78	32	100	33	9	34	30	35	63	36	89	37	61	38	83	39	58	40	77	41	92	42	27	43	57	44	88	45	70	46	99	47	33	48	81	49	57
	0	16	1	75	2	92	3	38	4	7	5	13	6	82	7	83	8	10	9	76	10	97	11	61	12	55	13	89	14	69	15	68	16	79	17	99	18	12	19	30	20	35	21	85	22	98	23	78	24	82	25	95	26	1	27	36	28	86	29	13	30	71	31	45	32	67	33	55	34	50	35	21	36	58	37	35	38	51	39	26	40	66	41	58	42	72	43	88	44	68	45	33	46	100	47	16	48	58	49	10
	0	39	1	72	2	38	3	82	4	57	5	20	6	24	7	4	8	48	9	57	10	6	11	31	12	42	13	79	14	77	15	72	16	16	17	62	18	28	19	94	20	90	21	49	22	75	23	57	24	7	25	71	26	55	27	39	28	25	29	45	30	17	31	82	32	90	33	30	34	91	35	89	36	51	37	33	38	15	39	27	40	32	41	92	42	38	43	30	44	90	45	83	46	55	47	12	48	13	49	23
	0	17	1	20	2	36	3	74	4	33	5	93	6	83	7	62	8	68	9	13	10	57	11	62	12	75	13	54	14	44	15	36	16	41	17	76	18	8	19	96	20	35	21	9	22	64	23	39	24	60	25	27	26	95	27	96	28	81	29	15	30	24	31	57	32	67	33	69	34	59	35	88	36	57	37	87	38	93	39	52	40	57	41	35	42	92	43	88	44	23	45	14	46	38	47	11	48	80	49	36
	0	88	1	51	2	86	3	97	4	66	5	35	6	42	7	18	8	21	9	71	10	7	11	72	12	90	13	3	14	69	15	24	16	61	17	39	18	83	19	59	20	34	21	75	22	65	23	66	24	11	25	56	26	22	27	6	28	67	29	63	30	45	31	91	32	86	33	5	34	92	35	38	36	65	37	55	38	52	39	74	40	14	41	74	42	53	43	24	44	9	45	90	46	57	47	95	48	77	49	42
	0	68	1	35	2	14	3	99	4	33	5	38	6	75	7	17	8	2	9	20	10	82	11	93	12	17	13	90	14	28	15	29	16	93	17	83	18	95	19	14	20	52	21	44	22	2	23	86	24	10	25	66	26	38	27	38	28	10	29	18	30	76	31	75	32	91	33	40	34	47	35	35	36	94	37	65	38	30	39	32	40	67	41	3	42	93	43	89	44	23	45	5	46	74	47	59	48	53	49	82
	0	1	1	67	2	99	3	53	4	96	5	1	6	40	7	42	8	90	9	53	10	54	11	55	12	57	13	79	14	50	15	100	16	54	17	31	18	80	19	34	20	3	21	79	22	86	23	50	24	70	25	26	26	37	27	39	28	15	29	93	30	55	31	89	32	34	33	6	34	45	35	1	36	91	37	30	38	74	39	50	40	38	41	32	42	58	43	96	44	56	45	62	46	62	47	44	48	67	49	74
	0	15	1	10	2	6	3	47	4	2	5	9	6	36	7	72	8	76	9	19	10	79	11	95	12	2	13	57	14	52	15	63	16	40	17	68	18	65	19	94	20	16	21	37	22	10	23	62	24	39	25	56	26	39	27	93	28	65	29	3	30	23	31	91	32	21	33	33	34	30	35	44	36	28	37	79	38	77	39	81	40	5	41	98	42	21	43	92	44	18	45	42	46	22	47	10	48	26	49	6
	0	76	1	30	2	37	3	5	4	95	5	15	6	58	7	78	8	4	9	6	10	20	11	7	12	67	13	49	14	13	15	22	16	54	17	86	18	46	19	10	20	32	21	98	22	30	23	59	24	33	25	75	26	46	27	2	28	19	29	57	30	42	31	48	32	67	33	90	34	81	35	4	36	37	37	57	38	20	39	31	40	85	41	1	42	4	43	90	44	53	45	51	46	2	47	72	48	36	49	9
	0	9	1	6	2	2	3	56	4	7	5	6	6	39	7	99	8	52	9	95	10	25	11	54	12	22	13	100	14	65	15	39	16	60	17	38	18	39	19	40	20	77	21	10	22	46	23	38	24	18	25	88	26	42	27	41	28	96	29	52	30	17	31	57	32	41	33	19	34	44	35	78	36	35	37	76	38	95	39	84	40	20	41	83	42	31	43	87	44	96	45	48	46	77	47	56	48	58	49	61
	0	64	1	6	2	27	3	38	4	84	5	45	6	81	7	35	8	4	9	3	10	96	11	10	12	24	13	94	14	34	15	57	16	71	17	74	18	58	19	27	20	90	21	14	22	54	23	27	24	33	25	86	26	88	27	52	28	95	29	34	30	28	31	79	32	28	33	86	34	11	35	63	36	32	37	12	38	33	39	70	40	15	41	59	42	100	43	71	44	62	45	93	46	53	47	74	48	57	49	46
	0	66	1	47	2	46	3	35	4	80	5	91	6	39	7	16	8	18	9	48	10	93	11	81	12	95	13	51	14	9	15	100	16	17	17	59	18	51	19	94	20	35	21	32	22	59	23	69	24	100	25	35	26	23	27	46	28	33	29	81	30	32	31	82	32	94	33	49	34	17	35	60	36	43	37	40	38	61	39	84	40	1	41	52	42	26	43	18	44	54	45	86	46	41	47	56	48	78	49	30
	0	38	1	9	2	67	3	63	4	31	5	33	6	85	7	79	8	80	9	54	10	76	11	37	12	85	13	62	14	22	15	74	16	93	17	65	18	10	19	42	20	22	21	33	22	48	23	52	24	36	25	80	26	67	27	44	28	17	29	54	30	72	31	3	32	22	33	41	34	31	35	5	36	29	37	91	38	36	39	56	40	88	41	35	42	60	43	53	44	61	45	53	46	78	47	87	48	92	49	88
	0	66	1	63	2	50	3	47	4	65	5	18	6	44	7	16	8	72	9	38	10	85	11	80	12	22	13	33	14	66	15	35	16	47	17	2	18	61	19	20	20	34	21	98	22	88	23	21	24	27	25	94	26	64	27	11	28	31	29	82	30	69	31	34	32	18	33	75	34	82	35	49	36	53	37	91	38	55	39	92	40	72	41	33	42	54	43	11	44	98	45	2	46	63	47	3	48	57	49	99
	0	45	1	39	2	52	3	11	4	99	5	58	6	95	7	74	8	56	9	84	10	98	11	79	12	9	13	71	14	93	15	48	16	64	17	2	18	8	19	92	20	58	21	83	22	45	23	43	24	89	25	12	26	13	27	17	28	41	29	20	30	24	31	45	32	3	33	3	34	59	35	77	36	27	37	5	38	49	39	59	40	57	41	4	42	42	43	24	44	31	45	30	46	37	47	57	48	47	49	5
	0	23	1	17	2	23	3	82	4	35	5	36	6	15	7	37	8	26	9	13	10	61	11	24	12	29	13	88	14	68	15	8	16	19	17	58	18	59	19	35	20	45	21	68	22	43	23	97	24	68	25	90	26	87	27	8	28	19	29	74	30	93	31	99	32	84	33	41	34	5	35	94	36	58	37	31	38	11	39	29	40	44	41	51	42	15	43	18	44	75	45	78	46	78	47	89	48	92	49	90
	0	64	1	38	2	9	3	70	4	49	5	76	6	29	7	76	8	62	9	64	10	26	11	77	12	70	13	62	14	74	15	12	16	39	17	40	18	2	19	97	20	17	21	22	22	15	23	20	24	30	25	70	26	85	27	66	28	81	29	18	30	34	31	85	32	97	33	13	34	38	35	85	36	70	37	41	38	24	39	8	40	72	41	23	42	66	43	44	44	53	45	13	46	71	47	57	48	44	49	53
	0	24	1	58	2	30	3	37	4	34	5	32	6	64	7	11	8	2	9	8	10	31	11	8	12	95	13	34	14	92	15	78	16	99	17	87	18	55	19	86	20	94	21	39	22	69	23	73	24	67	25	52	26	27	27	9	28	48	29	79	30	24	31	80	32	49	33	86	34	4	35	84	36	44	37	30	38	9	39	36	40	90	41	57	42	93	43	12	44	21	45	3	46	67	47	63	48	29	49	100
	0	12	1	89	2	29	3	48	4	34	5	66	6	78	7	85	8	84	9	46	10	73	11	58	12	62	13	85	14	77	15	6	16	52	17	63	18	28	19	79	20	89	21	4	22	32	23	71	24	35	25	20	26	52	27	34	28	26	29	10	30	37	31	99	32	9	33	19	34	62	35	40	36	83	37	18	38	68	39	23	40	23	41	60	42	10	43	49	44	27	45	44	46	74	47	94	48	45	49	63
	0	20	1	75	2	61	3	39	4	33	5	7	6	37	7	60	8	25	9	46	10	50	11	80	12	99	13	13	14	69	15	36	16	72	17	48	18	66	19	10	20	27	21	50	22	51	23	24	24	18	25	85	26	68	27	45	28	80	29	80	30	9	31	62	32	95	33	38	34	15	35	28	36	17	37	26	38	86	39	4	40	72	41	36	42	8	43	42	44	65	45	19	46	75	47	87	48	84	49	31
	0	63	1	86	2	63	3	53	4	84	5	52	6	51	7	75	8	20	9	94	10	1	11	43	12	31	13	26	14	75	15	14	16	75	17	22	18	29	19	88	20	74	21	57	22	19	23	76	24	49	25	85	26	53	27	48	28	65	29	7	30	65	31	73	32	90	33	55	34	7	35	18	36	44	37	96	38	59	39	6	40	99	41	8	42	18	43	13	44	55	45	12	46	28	47	78	48	95	49	36
	0	34	1	57	2	4	3	68	4	90	5	15	6	5	7	8	8	51	9	83	10	39	11	23	12	33	13	87	14	91	15	89	16	10	17	35	18	62	19	48	20	87	21	38	22	3	23	21	24	79	25	73	26	83	27	64	28	66	29	30	30	64	31	52	32	17	33	96	34	87	35	22	36	1	37	79	38	93	39	25	40	20	41	57	42	50	43	48	44	46	45	11	46	49	47	25	48	41	49	92
	0	78	1	38	2	75	3	12	4	14	5	78	6	3	7	59	8	72	9	17	10	47	11	96	12	3	13	11	14	85	15	73	16	38	17	45	18	65	19	70	20	9	21	65	22	88	23	54	24	13	25	87	26	11	27	10	28	75	29	63	30	91	31	83	32	37	33	37	34	59	35	42	36	97	37	40	38	81	39	56	40	42	41	94	42	74	43	29	44	67	45	23	46	62	47	54	48	84	49	100
	0	92	1	66	2	36	3	70	4	55	5	13	6	99	7	33	8	78	9	76	10	14	11	69	12	72	13	100	14	93	15	52	16	69	17	21	18	99	19	81	20	71	21	1	22	66	23	6	24	95	25	10	26	42	27	58	28	95	29	9	30	57	31	90	32	84	33	22	34	37	35	98	36	92	37	20	38	35	39	66	40	43	41	27	42	45	43	70	44	16	45	38	46	10	47	32	48	33	49	16
	0	51	1	90	2	5	3	84	4	77	5	56	6	5	7	45	8	48	9	52	10	52	11	8	12	99	13	59	14	39	15	72	16	58	17	17	18	39	19	16	20	10	21	58	22	48	23	7	24	79	25	60	26	73	27	94	28	55	29	63	30	70	31	74	32	65	33	70	34	84	35	44	36	66	37	33	38	43	39	67	40	37	41	6	42	18	43	23	44	58	45	87	46	54	47	22	48	30	49	14
	0	7	1	92	2	66	3	68	4	80	5	89	6	60	7	97	8	16	9	66	10	8	11	71	12	99	13	16	14	37	15	37	16	77	17	75	18	82	19	17	20	92	21	36	22	95	23	83	24	2	25	29	26	92	27	95	28	16	29	58	30	63	31	87	32	77	33	92	34	8	35	46	36	70	37	69	38	65	39	99	40	38	41	53	42	54	43	21	44	31	45	40	46	46	47	21	48	27	49	20
	0	30	1	77	2	82	3	37	4	39	5	11	6	30	7	1	8	64	9	41	10	11	11	41	12	54	13	48	14	100	15	9	16	94	17	30	18	96	19	72	20	3	21	54	22	51	23	57	24	85	25	17	26	74	27	20	28	54	29	69	30	44	31	74	32	74	33	69	34	90	35	83	36	22	37	83	38	51	39	16	40	46	41	26	42	18	43	10	44	80	45	25	46	98	47	90	48	43	49	46
	0	80	1	50	2	16	3	10	4	88	5	80	6	4	7	3	8	31	9	9	10	4	11	38	12	11	13	84	14	37	15	41	16	34	17	14	18	25	19	54	20	33	21	52	22	19	23	86	24	14	25	79	26	2	27	58	28	63	29	32	30	30	31	10	32	91	33	79	34	79	35	79	36	2	37	27	38	19	39	59	40	99	41	34	42	24	43	2	44	80	45	49	46	98	47	28	48	81	49	96
	0	66	1	44	2	65	3	89	4	70	5	97	6	69	7	39	8	64	9	2	10	57	11	85	12	89	13	29	14	43	15	64	16	1	17	41	18	68	19	3	20	46	21	8	22	73	23	100	24	24	25	47	26	74	27	18	28	94	29	54	30	42	31	20	32	95	33	39	34	54	35	9	36	96	37	77	38	49	39	58	40	91	41	27	42	14	43	49	44	11	45	95	46	92	47	35	48	23	49	34
	0	79	1	15	2	11	3	10	4	40	5	87	6	96	7	75	8	84	9	93	10	20	11	34	12	72	13	6	14	93	15	86	16	31	17	95	18	99	19	79	20	15	21	81	22	92	23	15	24	35	25	77	26	46	27	92	28	45	29	50	30	17	31	66	32	50	33	74	34	46	35	63	36	85	37	53	38	16	39	1	40	75	41	28	42	31	43	70	44	74	45	99	46	76	47	98	48	45	49	31
	0	90	1	97	2	24	3	28	4	61	5	64	6	95	7	73	8	100	9	94	10	49	11	92	12	90	13	5	14	15	15	89	16	90	17	7	18	87	19	33	20	42	21	54	22	80	23	27	24	36	25	55	26	95	27	71	28	90	29	51	30	65	31	6	32	90	33	64	34	28	35	97	36	71	37	84	38	36	39	91	40	39	41	60	42	99	43	72	44	82	45	85	46	29	47	72	48	92	49	19
	0	20	1	37	2	16	3	77	4	3	5	45	6	4	7	69	8	26	9	21	10	18	11	85	12	82	13	5	14	24	15	52	16	74	17	61	18	80	19	2	20	74	21	40	22	84	23	41	24	36	25	27	26	64	27	3	28	67	29	38	30	8	31	14	32	56	33	53	34	61	35	27	36	17	37	92	38	61	39	81	40	5	41	74	42	72	43	6	44	6	45	18	46	28	47	72	48	6	49	71
	0	28	1	56	2	91	3	77	4	16	5	78	6	44	7	19	8	42	9	22	10	25	11	100	12	1	13	50	14	58	15	43	16	84	17	76	18	66	19	26	20	93	21	52	22	15	23	82	24	98	25	82	26	68	27	38	28	43	29	75	30	60	31	56	32	39	33	100	34	43	35	13	36	74	37	99	38	54	39	40	40	52	41	66	42	18	43	77	44	42	45	20	46	88	47	50	48	75	49	10
	0	67	1	58	2	41	3	30	4	85	5	23	6	75	7	45	8	18	9	55	10	21	11	49	12	70	13	17	14	18	15	1	16	54	17	10	18	53	19	20	20	41	21	6	22	65	23	25	24	84	25	87	26	12	27	58	28	2	29	89	30	6	31	27	32	3	33	51	34	5	35	51	36	87	37	2	38	16	39	92	40	28	41	64	42	20	43	22	44	65	45	35	46	55	47	42	48	19	49	81
	0	7	1	50	2	28	3	59	4	86	5	54	6	78	7	48	8	96	9	37	10	50	11	54	12	32	13	42	14	30	15	18	16	43	17	41	18	40	19	50	20	65	21	85	22	91	23	61	24	5	25	63	26	69	27	68	28	21	29	16	30	5	31	90	32	48	33	84	34	80	35	70	36	48	37	70	38	77	39	84	40	91	41	68	42	79	43	16	44	92	45	82	46	74	47	26	48	71	49	17
	0	9	1	26	2	100	3	48	4	16	5	44	6	50	7	76	8	100	9	48	10	70	11	35	12	46	13	54	14	46	15	6	16	9	17	35	18	23	19	55	20	78	21	16	22	97	23	3	24	32	25	21	26	5	27	89	28	30	29	91	30	61	31	82	32	3	33	14	34	30	35	69	36	38	37	10	38	36	39	8	40	74	41	86	42	40	43	21	44	49	45	41	46	27	47	91	48	72	49	76
	0	10	1	55	2	99	3	70	4	27	5	32	6	44	7	92	8	77	9	18	10	65	11	83	12	45	13	31	14	77	15	24	16	99	17	3	18	8	19	61	20	54	21	43	22	99	23	68	24	50	25	13	26	91	27	71	28	77	29	1	30	72	31	44	32	45	33	80	34	77	35	71	36	98	37	83	38	50	39	29	40	93	41	39	42	15	43	21	44	12	45	44	46	30	47	96	48	83	49	66
	0	100	1	98	2	1	3	5	4	82	5	58	6	4	7	63	8	17	9	14	10	39	11	89	12	56	13	13	14	96	15	4	16	71	17	47	18	36	19	24	20	75	21	8	22	22	23	36	24	87	25	78	26	9	27	95	28	8	29	92	30	90	31	39	32	6	33	25	34	80	35	56	36	22	37	93	38	88	39	36	40	46	41	93	42	13	43	96	44	17	45	88	46	61	47	65	48	58	49	29
	0	76	1	63	2	44	3	83	4	17	5	8	6	59	7	77	8	41	9	43	10	2	11	5	12	62	13	68	14	40	15	46	16	6	17	97	18	15	19	92	20	69	21	12	22	63	23	83	24	58	25	51	26	94	27	95	28	75	29	66	30	38	31	45	32	59	33	46	34	76	35	82	36	13	37	65	38	78	39	92	40	69	41	39	42	48	43	50	44	74	45	61	46	36	47	69	48	98	49	71
	0	53	1	47	2	99	3	86	4	28	5	9	6	90	7	75	8	70	9	93	10	2	11	73	12	30	13	30	14	34	15	57	16	82	17	12	18	27	19	35	20	61	21	51	22	14	23	21	24	27	25	73	26	32	27	92	28	48	29	2	30	86	31	55	32	22	33	27	34	12	35	65	36	68	37	48	38	84	39	75	40	74	41	61	42	42	43	16	44	72	45	17	46	59	47	22	48	73	49	56
	0	59	1	57	2	97	3	31	4	55	5	17	6	65	7	43	8	77	9	99	10	51	11	54	12	6	13	69	14	2	15	77	16	26	17	71	18	80	19	30	20	71	21	49	22	80	23	10	24	26	25	90	26	24	27	40	28	99	29	4	30	54	31	72	32	94	33	85	34	45	35	63	36	27	37	43	38	35	39	58	40	82	41	82	42	39	43	37	44	1	45	72	46	72	47	21	48	39	49	42
	0	35	1	35	2	41	3	83	4	8	5	75	6	17	7	53	8	67	9	39	10	28	11	5	12	22	13	97	14	97	15	89	16	32	17	27	18	23	19	7	20	54	21	41	22	51	23	8	24	27	25	64	26	23	27	59	28	4	29	58	30	35	31	26	32	70	33	94	34	42	35	52	36	23	37	17	38	14	39	28	40	1	41	50	42	25	43	66	44	75	45	42	46	18	47	49	48	58	49	56
	0	96	1	2	2	84	3	42	4	23	5	6	6	51	7	48	8	33	9	68	10	65	11	62	12	78	13	89	14	96	15	92	16	79	17	22	18	35	19	25	20	46	21	100	22	45	23	15	24	80	25	68	26	1	27	97	28	87	29	62	30	93	31	35	32	54	33	13	34	33	35	39	36	71	37	70	38	67	39	7	40	98	41	73	42	19	43	86	44	18	45	9	46	91	47	64	48	16	49	46
	0	100	1	15	2	75	3	22	4	41	5	75	6	89	7	32	8	87	9	26	10	20	11	39	12	76	13	99	14	65	15	12	16	54	17	35	18	96	19	57	20	50	21	57	22	92	23	87	24	22	25	60	26	84	27	78	28	5	29	96	30	73	31	66	32	18	33	27	34	97	35	8	36	50	37	73	38	55	39	14	40	12	41	73	42	14	43	5	44	17	45	37	46	54	47	63	48	46	49	58
	0	38	1	89	2	96	3	18	4	100	5	66	6	30	7	87	8	91	9	3	10	58	11	27	12	30	13	14	14	36	15	29	16	41	17	36	18	54	19	55	20	93	21	14	22	55	23	54	24	49	25	98	26	97	27	86	28	3	29	17	30	52	31	67	32	64	33	52	34	23	35	10	36	12	37	99	38	91	39	50	40	36	41	4	42	42	43	46	44	22	45	11	46	44	47	18	48	66	49	49
	0	54	1	67	2	20	3	68	4	85	5	67	6	88	7	70	8	65	9	38	10	52	11	13	12	62	13	43	14	78	15	95	16	68	17	57	18	27	19	20	20	48	21	8	22	97	23	17	24	16	25	95	26	45	27	67	28	80	29	13	30	68	31	55	32	73	33	56	34	65	35	52	36	71	37	81	38	78	39	88	40	43	41	35	42	2	43	81	44	10	45	97	46	15	47	34	48	87	49	80
	0	52	1	99	2	43	3	94	4	38	5	89	6	12	7	66	8	50	9	80	10	26	11	62	12	73	13	24	14	52	15	73	16	63	17	81	18	73	19	46	20	46	21	33	22	23	23	71	24	6	25	40	26	76	27	64	28	43	29	45	30	58	31	7	32	100	33	44	34	8	35	22	36	2	37	84	38	31	39	5	40	48	41	39	42	8	43	41	44	40	45	91	46	56	47	69	48	58	49	8
	0	50	1	86	2	4	3	100	4	65	5	90	6	81	7	97	8	85	9	7	10	63	11	71	12	79	13	63	14	94	15	5	16	75	17	78	18	19	19	78	20	45	21	7	22	7	23	21	24	1	25	49	26	62	27	55	28	65	29	96	30	100	31	27	32	54	33	3	34	47	35	97	36	2	37	90	38	96	39	49	40	7	41	16	42	8	43	18	44	69	45	78	46	65	47	69	48	69	49	28
	0	98	1	63	2	97	3	21	4	52	5	92	6	22	7	15	8	63	9	80	10	85	11	9	12	49	13	70	14	33	15	74	16	52	17	48	18	36	19	20	20	83	21	81	22	57	23	6	24	46	25	56	26	65	27	81	28	49	29	62	30	10	31	12	32	33	33	43	34	97	35	44	36	68	37	7	38	33	39	93	40	3	41	93	42	39	43	63	44	71	45	8	46	31	47	54	48	78	49	90
	0	39	1	78	2	28	3	68	4	98	5	20	6	75	7	20	8	28	9	4	10	94	11	51	12	15	13	49	14	1	15	37	16	29	17	29	18	94	19	10	20	45	21	63	22	71	23	85	24	70	25	17	26	41	27	52	28	87	29	75	30	68	31	73	32	55	33	17	34	77	35	73	36	34	37	26	38	28	39	7	40	34	41	80	42	51	43	40	44	96	45	33	46	60	47	79	48	46	49	76
	0	31	1	34	2	10	3	32	4	91	5	12	6	43	7	28	8	41	9	50	10	34	11	42	12	47	13	63	14	95	15	40	16	32	17	50	18	18	19	20	20	70	21	81	22	85	23	44	24	82	25	73	26	57	27	34	28	53	29	15	30	72	31	41	32	36	33	2	34	28	35	35	36	19	37	92	38	42	39	57	40	62	41	92	42	2	43	42	44	25	45	39	46	45	47	2	48	55	49	41
	0	47	1	25	2	98	3	67	4	100	5	33	6	57	7	33	8	3	9	100	10	4	11	7	12	99	13	29	14	22	15	26	16	43	17	31	18	45	19	10	20	73	21	68	22	1	23	4	24	15	25	34	26	92	27	94	28	56	29	8	30	64	31	76	32	62	33	88	34	44	35	56	36	20	37	84	38	53	39	41	40	29	41	55	42	21	43	30	44	92	45	96	46	64	47	5	48	46	49	8
	0	91	1	13	2	61	3	22	4	64	5	52	6	94	7	56	8	22	9	36	10	55	11	17	12	36	13	75	14	52	15	85	16	70	17	3	18	3	19	36	20	53	21	60	22	30	23	100	24	94	25	74	26	85	27	52	28	91	29	30	30	72	31	79	32	12	33	12	34	51	35	86	36	65	37	44	38	53	39	21	40	72	41	86	42	34	43	38	44	5	45	48	46	49	47	17	48	72	49	26
	0	32	1	31	2	51	3	88	4	91	5	12	6	97	7	41	8	82	9	56	10	91	11	78	12	100	13	83	14	94	15	83	16	9	17	25	18	26	19	22	20	3	21	21	22	82	23	79	24	58	25	31	26	63	27	92	28	32	29	14	30	80	31	9	32	6	33	11	34	46	35	66	36	98	37	44	38	84	39	50	40	58	41	20	42	10	43	19	44	58	45	89	46	59	47	66	48	22	49	10
	0	74	1	71	2	51	3	21	4	73	5	64	6	64	7	10	8	61	9	95	10	23	11	29	12	56	13	97	14	49	15	20	16	48	17	70	18	28	19	27	20	96	21	31	22	59	23	8	24	53	25	7	26	16	27	88	28	60	29	65	30	95	31	9	32	48	33	14	34	97	35	67	36	52	37	6	38	55	39	38	40	5	41	33	42	91	43	44	44	95	45	2	46	100	47	5	48	71	49	20
	0	55	1	68	2	54	3	31	4	100	5	34	6	81	7	89	8	90	9	100	10	83	11	48	12	56	13	94	14	93	15	12	16	38	17	76	18	5	19	82	20	7	21	31	22	62	23	72	24	52	25	68	26	23	27	99	28	23	29	11	30	40	31	70	32	48	33	49	34	62	35	10	36	67	37	64	38	13	39	100	40	42	41	72	42	47	43	46	44	51	45	37	46	60	47	67	48	66	49	48
	0	5	1	84	2	67	3	57	4	54	5	65	6	64	7	35	8	1	9	25	10	98	11	89	12	87	13	17	14	72	15	32	16	7	17	39	18	15	19	17	20	27	21	65	22	80	23	77	24	4	25	56	26	49	27	15	28	11	29	17	30	67	31	54	32	4	33	17	34	51	35	33	36	64	37	56	38	31	39	5	40	22	41	86	42	30	43	88	44	50	45	94	46	87	47	52	48	60	49	9
	0	71	1	62	2	58	3	95	4	55	5	13	6	37	7	37	8	36	9	2	10	14	11	43	12	25	13	44	14	39	15	1	16	45	17	30	18	30	19	78	20	4	21	68	22	12	23	47	24	41	25	61	26	77	27	76	28	48	29	22	30	73	31	20	32	33	33	20	34	98	35	92	36	66	37	8	38	64	39	14	40	21	41	76	42	45	43	62	44	17	45	45	46	30	47	71	48	6	49	71
	0	48	1	53	2	79	3	36	4	30	5	40	6	73	7	60	8	23	9	74	10	5	11	32	12	83	13	88	14	66	15	65	16	99	17	49	18	55	19	12	20	37	21	74	22	32	23	18	24	88	25	31	26	16	27	59	28	78	29	74	30	61	31	27	32	75	33	90	34	95	35	50	36	68	37	59	38	91	39	42	40	51	41	41	42	4	43	49	44	7	45	44	46	8	47	19	48	69	49	45
	0	11	1	7	2	36	3	71	4	19	5	6	6	34	7	47	8	90	9	67	10	69	11	71	12	8	13	26	14	21	15	90	16	40	17	79	18	49	19	65	20	79	21	62	22	31	23	68	24	85	25	15	26	46	27	30	28	68	29	59	30	75	31	49	32	67	33	96	34	79	35	20	36	49	37	25	38	83	39	45	40	4	41	24	42	69	43	40	44	15	45	42	46	57	47	41	48	43	49	16
	0	31	1	81	2	40	3	78	4	42	5	83	6	87	7	49	8	86	9	7	10	22	11	12	12	39	13	20	14	3	15	13	16	13	17	2	18	12	19	58	20	43	21	98	22	16	23	63	24	31	25	70	26	19	27	5	28	11	29	21	30	83	31	81	32	4	33	93	34	98	35	52	36	70	37	56	38	39	39	48	40	93	41	45	42	19	43	57	44	45	45	4	46	42	47	17	48	21	49	61
	0	18	1	90	2	28	3	21	4	81	5	93	6	86	7	65	8	30	9	93	10	70	11	97	12	79	13	22	14	91	15	54	16	100	17	43	18	9	19	95	20	69	21	83	22	16	23	30	24	78	25	24	26	33	27	39	28	54	29	91	30	16	31	5	32	97	33	9	34	62	35	66	36	48	37	99	38	51	39	44	40	25	41	38	42	76	43	26	44	1	45	11	46	46	47	78	48	9	49	14
	0	62	1	47	2	100	3	4	4	88	5	64	6	88	7	96	8	99	9	50	10	54	11	49	12	45	13	8	14	99	15	3	16	76	17	24	18	62	19	44	20	25	21	40	22	55	23	24	24	32	25	51	26	60	27	50	28	60	29	46	30	11	31	31	32	37	33	97	34	48	35	37	36	25	37	60	38	8	39	6	40	100	41	52	42	2	43	29	44	89	45	5	46	94	47	63	48	7	49	26
	0	64	1	67	2	90	3	97	4	38	5	83	6	96	7	7	8	15	9	66	10	52	11	1	12	13	13	60	14	52	15	71	16	28	17	83	18	25	19	47	20	67	21	40	22	47	23	47	24	4	25	96	26	59	27	98	28	73	29	79	30	3	31	41	32	89	33	84	34	10	35	77	36	64	37	3	38	86	39	18	40	68	41	10	42	77	43	51	44	39	45	66	46	33	47	34	48	47	49	21
	0	69	1	67	2	65	3	33	4	14	5	29	6	11	7	42	8	2	9	51	10	48	11	47	12	18	13	79	14	68	15	86	16	34	17	55	18	92	19	20	20	76	21	95	22	68	23	64	24	22	25	68	26	36	27	21	28	13	29	87	30	8	31	6	32	20	33	78	34	72	35	74	36	28	37	80	38	18	39	84	40	95	41	93	42	50	43	60	44	14	45	87	46	27	47	41	48	90	49	18
	0	55	1	24	2	100	3	40	4	8	5	34	6	7	7	86	8	71	9	94	10	32	11	74	12	11	13	71	14	25	15	48	16	30	17	4	18	75	19	69	20	67	21	67	22	49	23	17	24	31	25	14	26	60	27	51	28	88	29	95	30	92	31	70	32	51	33	55	34	49	35	42	36	28	37	52	38	83	39	7	40	31	41	58	42	40	43	75	44	49	45	23	46	14	47	64	48	48	49	13
	0	1	1	58	2	45	3	63	4	10	5	79	6	62	7	9	8	34	9	98	10	67	11	70	12	36	13	27	14	52	15	5	16	69	17	82	18	13	19	78	20	37	21	95	22	23	23	87	24	93	25	12	26	13	27	48	28	99	29	23	30	8	31	44	32	8	33	94	34	84	35	70	36	52	37	2	38	37	39	44	40	22	41	92	42	77	43	64	44	1	45	20	46	99	47	19	48	68	49	28
	0	91	1	99	2	86	3	76	4	75	5	56	6	55	7	43	8	86	9	7	10	74	11	39	12	61	13	92	14	56	15	17	16	62	17	11	18	86	19	69	20	68	21	19	22	18	23	38	24	25	25	51	26	48	27	94	28	4	29	91	30	10	31	37	32	39	33	27	34	81	35	44	36	34	37	41	38	99	39	68	40	50	41	39	42	19	43	38	44	29	45	3	46	63	47	52	48	100	49	38
	0	54	1	30	2	88	3	38	4	21	5	79	6	14	7	83	8	21	9	7	10	48	11	69	12	15	13	56	14	76	15	1	16	6	17	55	18	68	19	23	20	5	21	23	22	80	23	57	24	92	25	62	26	3	27	75	28	4	29	17	30	67	31	29	32	31	33	98	34	50	35	4	36	42	37	96	38	42	39	88	40	47	41	33	42	84	43	50	44	65	45	20	46	67	47	87	48	78	49	28
	0	67	1	79	2	60	3	85	4	45	5	53	6	39	7	65	8	47	9	57	10	12	11	15	12	77	13	87	14	25	15	50	16	29	17	24	18	96	19	11	20	2	21	70	22	36	23	59	24	35	25	85	26	97	27	55	28	25	29	78	30	45	31	48	32	39	33	93	34	61	35	71	36	13	37	95	38	85	39	16	40	93	41	49	42	81	43	43	44	87	45	43	46	77	47	28	48	17	49	6
	0	9	1	84	2	84	3	11	4	82	5	85	6	92	7	76	8	5	9	74	10	5	11	92	12	91	13	63	14	14	15	47	16	10	17	35	18	45	19	27	20	40	21	99	22	43	23	4	24	58	25	81	26	3	27	54	28	60	29	37	30	30	31	57	32	13	33	15	34	71	35	67	36	59	37	27	38	20	39	75	40	43	41	79	42	9	43	75	44	29	45	86	46	40	47	26	48	19	49	70
	0	97	1	70	2	94	3	11	4	72	5	26	6	50	7	4	8	72	9	5	10	81	11	46	12	2	13	89	14	47	15	41	16	42	17	74	18	26	19	13	20	51	21	87	22	21	23	63	24	83	25	99	26	8	27	93	28	87	29	16	30	7	31	10	32	21	33	21	34	24	35	62	36	23	37	70	38	22	39	73	40	90	41	5	42	79	43	89	44	88	45	13	46	61	47	41	48	72	49	42
	0	23	1	88	2	89	3	68	4	9	5	7	6	20	7	62	8	9	9	25	10	46	11	6	12	100	13	27	14	66	15	55	16	87	17	78	18	9	19	44	20	98	21	37	22	97	23	91	24	27	25	63	26	63	27	44	28	9	29	30	30	31	31	57	32	76	33	9	34	10	35	26	36	33	37	80	38	58	39	90	40	45	41	85	42	26	43	85	44	35	45	31	46	72	47	21	48	22	49	98
	0	14	1	5	2	56	3	37	4	77	5	27	6	28	7	31	8	23	9	96	10	56	11	65	12	85	13	85	14	90	15	46	16	55	17	21	18	77	19	42	20	80	21	35	22	61	23	44	24	59	25	43	26	52	27	72	28	79	29	48	30	53	31	77	32	94	33	64	34	36	35	1	36	62	37	3	38	20	39	17	40	83	41	86	42	72	43	39	44	93	45	65	46	56	47	86	48	42	49	64
	0	83	1	41	2	13	3	74	4	38	5	33	6	96	7	73	8	2	9	41	10	19	11	39	12	87	13	80	14	74	15	84	16	34	17	47	18	27	19	36	20	74	21	12	22	80	23	33	24	37	25	87	26	13	27	15	28	46	29	27	30	53	31	16	32	51	33	14	34	30	35	14	36	86	37	50	38	8	39	70	40	45	41	65	42	21	43	74	44	12	45	91	46	48	47	76	48	3	49	82
	0	93	1	68	2	94	3	68	4	70	5	57	6	38	7	82	8	94	9	27	10	14	11	84	12	46	13	93	14	39	15	87	16	52	17	84	18	51	19	54	20	86	21	29	22	44	23	11	24	9	25	10	26	99	27	4	28	81	29	6	30	55	31	100	32	27	33	69	34	14	35	5	36	30	37	79	38	71	39	34	40	84	41	73	42	99	43	83	44	45	45	58	46	63	47	75	48	42	49	43
	0	10	1	72	2	43	3	48	4	75	5	85	6	2	7	80	8	3	9	29	10	10	11	90	12	59	13	88	14	40	15	36	16	5	17	4	18	57	19	22	20	36	21	95	22	24	23	98	24	22	25	68	26	46	27	31	28	95	29	84	30	8	31	76	32	74	33	92	34	10	35	24	36	19	37	34	38	14	39	94	40	61	41	90	42	41	43	96	44	44	45	19	46	90	47	91	48	68	49	11
	0	68	1	10	2	46	3	55	4	52	5	27	6	87	7	92	8	16	9	79	10	68	11	6	12	7	13	94	14	85	15	66	16	41	17	59	18	65	19	41	20	56	21	40	22	94	23	24	24	50	25	45	26	93	27	56	28	78	29	84	30	37	31	36	32	2	33	71	34	18	35	44	36	100	37	58	38	79	39	27	40	92	41	23	42	70	43	24	44	38	45	35	46	19	47	13	48	8	49	55
	0	11	1	30	2	32	3	79	4	4	5	84	6	84	7	6	8	49	9	51	10	54	11	91	12	79	13	53	14	16	15	30	16	79	17	28	18	95	19	68	20	69	21	57	22	79	23	35	24	48	25	9	26	46	27	62	28	86	29	13	30	5	31	15	32	61	33	64	34	43	35	51	36	77	37	35	38	59	39	2	40	15	41	45	42	8	43	14	44	96	45	100	46	89	47	19	48	62	49	15
	0	62	1	10	2	7	3	78	4	55	5	38	6	6	7	23	8	23	9	66	10	26	11	11	12	44	13	43	14	28	15	44	16	85	17	73	18	81	19	57	20	64	21	8	22	47	23	69	24	81	25	83	26	19	27	80	28	19	29	67	30	9	31	51	32	17	33	13	34	30	35	3	36	68	37	6	38	7	39	14	40	3	41	66	42	14	43	17	44	60	45	48	46	33	47	11	48	49	49	38
	0	68	1	45	2	55	3	49	4	63	5	41	6	55	7	52	8	14	9	58	10	25	11	8	12	70	13	22	14	76	15	85	16	55	17	58	18	36	19	68	20	71	21	22	22	69	23	4	24	57	25	4	26	7	27	36	28	4	29	45	30	20	31	14	32	71	33	6	34	62	35	3	36	36	37	70	38	59	39	5	40	81	41	66	42	47	43	74	44	2	45	51	46	47	47	6	48	82	49	84
	0	46	1	100	2	77	3	75	4	46	5	52	6	95	7	10	8	59	9	18	10	79	11	64	12	82	13	49	14	8	15	63	16	81	17	99	18	99	19	53	20	69	21	50	22	50	23	98	24	45	25	3	26	70	27	3	28	33	29	37	30	95	31	34	32	57	33	33	34	60	35	88	36	8	37	6	38	2	39	35	40	12	41	4	42	99	43	27	44	9	45	63	46	79	47	51	48	82	49	17
	0	41	1	77	2	2	3	22	4	86	5	11	6	97	7	29	8	47	9	79	10	36	11	12	12	60	13	76	14	98	15	47	16	14	17	69	18	70	19	90	20	82	21	46	22	80	23	9	24	19	25	30	26	76	27	56	28	66	29	22	30	4	31	89	32	10	33	16	34	25	35	83	36	85	37	29	38	4	39	94	40	14	41	22	42	50	43	45	44	25	45	94	46	68	47	75	48	90	49	12
	0	96	1	54	2	73	3	71	4	98	5	46	6	97	7	10	8	50	9	4	10	34	11	38	12	55	13	98	14	11	15	37	16	47	17	23	18	78	19	39	20	88	21	35	22	60	23	11	24	65	25	24	26	23	27	83	28	37	29	3	30	97	31	2	32	94	33	75	34	48	35	5	36	22	37	31	38	100	39	41	40	93	41	59	42	31	43	80	44	16	45	81	46	7	47	92	48	24	49	55
	0	26	1	90	2	88	3	96	4	81	5	66	6	66	7	15	8	69	9	53	10	43	11	65	12	4	13	10	14	16	15	56	16	11	17	6	18	29	19	82	20	5	21	38	22	64	23	49	24	90	25	39	26	36	27	23	28	21	29	23	30	57	31	21	32	27	33	98	34	66	35	20	36	81	37	46	38	35	39	60	40	59	41	30	42	97	43	49	44	34	45	1	46	61	47	28	48	97	49	94
	0	15	1	18	2	94	3	54	4	16	5	80	6	22	7	22	8	35	9	63	10	29	11	63	12	91	13	90	14	7	15	42	16	4	17	52	18	73	19	49	20	49	21	76	22	74	23	52	24	79	25	95	26	71	27	24	28	73	29	46	30	77	31	56	32	95	33	60	34	59	35	81	36	99	37	34	38	25	39	49	40	4	41	90	42	70	43	33	44	19	45	56	46	28	47	63	48	2	49	37
	0	75	1	11	2	77	3	60	4	76	5	72	6	41	7	93	8	54	9	21	10	41	11	93	12	53	13	42	14	8	15	29	16	97	17	51	18	56	19	69	20	79	21	55	22	3	23	46	24	37	25	42	26	76	27	40	28	84	29	70	30	84	31	25	32	17	33	9	34	88	35	82	36	12	37	55	38	2	39	84	40	84	41	20	42	100	43	80	44	61	45	66	46	10	47	51	48	16	49	33
	0	26	1	20	2	46	3	89	4	64	5	25	6	83	7	89	8	46	9	91	10	1	11	34	12	92	13	64	14	33	15	57	16	43	17	92	18	11	19	84	20	54	21	64	22	14	23	40	24	28	25	42	26	68	27	6	28	80	29	49	30	30	31	38	32	46	33	98	34	70	35	14	36	88	37	70	38	18	39	62	40	55	41	83	42	40	43	88	44	88	45	6	46	66	47	9	48	100	49	14
	0	84	1	52	2	59	3	77	4	61	5	89	6	52	7	41	8	76	9	3	10	14	11	51	12	61	13	14	14	44	15	92	16	80	17	6	18	47	19	77	20	9	21	39	22	77	23	16	24	91	25	33	26	56	27	4	28	68	29	58	30	11	31	49	32	24	33	68	34	48	35	19	36	94	37	63	38	41	39	68	40	19	41	64	42	32	43	86	44	40	45	48	46	46	47	65	48	86	49	56
	0	83	1	95	2	83	3	84	4	28	5	19	6	81	7	31	8	98	9	12	10	98	11	37	12	25	13	75	14	10	15	57	16	24	17	40	18	45	19	47	20	11	21	38	22	61	23	60	24	71	25	84	26	3	27	68	28	74	29	61	30	82	31	70	32	8	33	22	34	23	35	55	36	73	37	44	38	68	39	11	40	39	41	86	42	22	43	16	44	86	45	47	46	100	47	53	48	59	49	39
	0	1	1	17	2	24	3	93	4	5	5	24	6	90	7	76	8	97	9	38	10	42	11	95	12	44	13	66	14	5	15	10	16	71	17	94	18	20	19	74	20	41	21	62	22	23	23	82	24	15	25	7	26	30	27	96	28	39	29	10	30	96	31	69	32	6	33	36	34	85	35	3	36	80	37	54	38	69	39	95	40	76	41	64	42	63	43	63	44	31	45	77	46	26	47	60	48	25	49	34
	0	23	1	15	2	25	3	41	4	13	5	61	6	60	7	57	8	94	9	28	10	50	11	91	12	48	13	31	14	64	15	57	16	45	17	62	18	53	19	14	20	8	21	76	22	99	23	89	24	43	25	35	26	85	27	51	28	96	29	26	30	42	31	99	32	82	33	1	34	77	35	66	36	95	37	82	38	46	39	56	40	6	41	30	42	44	43	76	44	99	45	81	46	35	47	23	48	3	49	93
	0	21	1	29	2	25	3	56	4	38	5	96	6	83	7	59	8	31	9	48	10	7	11	14	12	38	13	100	14	40	15	92	16	84	17	22	18	73	19	8	20	71	21	31	22	91	23	60	24	10	25	58	26	2	27	25	28	39	29	62	30	100	31	44	32	14	33	91	34	61	35	73	36	67	37	8	38	83	39	59	40	76	41	45	42	23	43	82	44	85	45	37	46	88	47	76	48	70	49	56
	0	72	1	3	2	42	3	48	4	68	5	58	6	23	7	45	8	81	9	20	10	52	11	97	12	24	13	91	14	97	15	53	16	76	17	65	18	73	19	85	20	33	21	35	22	11	23	30	24	80	25	36	26	13	27	100	28	61	29	65	30	89	31	79	32	39	33	31	34	71	35	14	36	54	37	35	38	39	39	57	40	31	41	77	42	8	43	36	44	7	45	36	46	64	47	34	48	51	49	74
	0	47	1	28	2	22	3	64	4	9	5	7	6	80	7	39	8	11	9	68	10	40	11	100	12	29	13	68	14	39	15	60	16	81	17	71	18	58	19	83	20	98	21	31	22	17	23	56	24	99	25	77	26	28	27	6	28	47	29	18	30	87	31	42	32	91	33	75	34	33	35	1	36	26	37	93	38	100	39	100	40	24	41	7	42	49	43	47	44	10	45	61	46	58	47	57	48	100	49	6
	0	86	1	69	2	23	3	15	4	73	5	70	6	76	7	7	8	10	9	56	10	5	11	50	12	6	13	14	14	11	15	5	16	45	17	76	18	1	19	20	20	84	21	85	22	56	23	75	24	61	25	100	26	85	27	63	28	2	29	93	30	66	31	39	32	41	33	37	34	19	35	74	36	4	37	81	38	45	39	2	40	22	41	69	42	35	43	42	44	48	45	35	46	24	47	35	48	31	49	94
	0	55	1	34	2	48	3	6	4	70	5	17	6	92	7	77	8	41	9	41	10	99	11	39	12	24	13	33	14	17	15	6	16	73	17	85	18	87	19	8	20	74	21	28	22	78	23	51	24	62	25	68	26	77	27	53	28	55	29	22	30	61	31	40	32	93	33	93	34	77	35	32	36	84	37	69	38	4	39	26	40	96	41	28	42	95	43	69	44	25	45	89	46	7	47	72	48	57	49	40
	0	68	1	15	2	84	3	40	4	37	5	38	6	49	7	68	8	73	9	16	10	33	11	60	12	99	13	74	14	2	15	72	16	28	17	79	18	76	19	54	20	3	21	20	22	3	23	20	24	58	25	56	26	32	27	46	28	99	29	11	30	24	31	44	32	61	33	23	34	57	35	80	36	5	37	91	38	87	39	45	40	41	41	74	42	100	43	84	44	6	45	32	46	52	47	59	48	27	49	18
	0	81	1	86	2	42	3	57	4	45	5	76	6	76	7	77	8	11	9	84	10	74	11	70	12	11	13	17	14	55	15	1	16	32	17	81	18	31	19	97	20	3	21	65	22	2	23	81	24	1	25	69	26	35	27	28	28	96	29	55	30	70	31	69	32	92	33	65	34	19	35	63	36	40	37	21	38	57	39	9	40	39	41	21	42	11	43	77	44	37	45	93	46	6	47	71	48	6	49	66
	0	10	1	71	2	55	3	59	4	100	5	88	6	92	7	25	8	38	9	50	10	70	11	76	12	25	13	5	14	59	15	85	16	77	17	92	18	38	19	42	20	28	21	33	22	100	23	13	24	82	25	34	26	4	27	20	28	41	29	7	30	34	31	43	32	84	33	53	34	35	35	24	36	98	37	51	38	36	39	6	40	60	41	65	42	92	43	53	44	30	45	50	46	91	47	23	48	4	49	22
	0	22	1	93	2	40	3	29	4	85	5	57	6	57	7	21	8	97	9	60	10	57	11	34	12	28	13	13	14	38	15	10	16	68	17	17	18	80	19	27	20	4	21	1	22	43	23	16	24	63	25	29	26	91	27	81	28	55	29	51	30	33	31	59	32	8	33	88	34	60	35	78	36	95	37	89	38	97	39	94	40	83	41	90	42	23	43	28	44	58	45	66	46	3	47	38	48	10	49	63
	0	51	1	75	2	74	3	41	4	22	5	22	6	68	7	62	8	87	9	23	10	74	11	25	12	44	13	35	14	44	15	10	16	78	17	66	18	36	19	82	20	64	21	85	22	14	23	98	24	77	25	17	26	53	27	78	28	56	29	55	30	51	31	49	32	34	33	53	34	31	35	94	36	30	37	79	38	73	39	25	40	66	41	57	42	31	43	94	44	61	45	9	46	12	47	1	48	3	49	78
	0	25	1	50	2	10	3	4	4	22	5	90	6	26	7	81	8	97	9	16	10	20	11	10	12	15	13	27	14	75	15	23	16	71	17	68	18	93	19	59	20	29	21	4	22	46	23	13	24	65	25	94	26	54	27	67	28	26	29	71	30	67	31	100	32	83	33	46	34	86	35	36	36	24	37	84	38	51	39	52	40	36	41	37	42	61	43	76	44	56	45	11	46	39	47	47	48	95	49	10
	0	34	1	12	2	67	3	99	4	17	5	72	6	74	7	51	8	36	9	19	10	33	11	93	12	18	13	22	14	41	15	60	16	37	17	45	18	18	19	11	20	99	21	12	22	70	23	85	24	91	25	53	26	64	27	81	28	10	29	92	30	14	31	7	32	70	33	64	34	4	35	24	36	38	37	69	38	13	39	78	40	70	41	5	42	12	43	2	44	27	45	33	46	39	47	23	48	2	49	67
	0	87	1	19	2	90	3	95	4	59	5	95	6	69	7	67	8	59	9	82	10	96	11	22	12	43	13	83	14	14	15	15	16	37	17	8	18	38	19	88	20	96	21	79	22	59	23	89	24	77	25	99	26	85	27	26	28	22	29	6	30	18	31	20	32	95	33	68	34	14	35	87	36	19	37	90	38	98	39	73	40	96	41	20	42	21	43	4	44	9	45	2	46	75	47	45	48	47	49	93
	0	17	1	66	2	94	3	48	4	55	5	64	6	73	7	49	8	4	9	94	10	45	11	16	12	15	13	95	14	89	15	32	16	31	17	26	18	26	19	81	20	26	21	49	22	61	23	68	24	32	25	9	26	45	27	68	28	56	29	9	30	98	31	36	32	45	33	92	34	34	35	65	36	54	37	47	38	78	39	82	40	15	41	31	42	70	43	1	44	20	45	60	46	100	47	100	48	71	49	1
	0	13	1	71	2	47	3	3	4	74	5	62	6	96	7	6	8	92	9	23	10	55	11	40	12	37	13	7	14	63	15	4	16	5	17	3	18	98	19	84	20	3	21	89	22	69	23	35	24	66	25	49	26	54	27	60	28	40	29	74	30	35	31	53	32	70	33	49	34	1	35	68	36	88	37	100	38	99	39	69	40	98	41	48	42	68	43	44	44	94	45	92	46	81	47	96	48	51	49	19
	0	73	1	44	2	92	3	28	4	39	5	3	6	12	7	85	8	33	9	18	10	6	11	71	12	94	13	73	14	45	15	94	16	71	17	2	18	87	19	48	20	49	21	70	22	21	23	64	24	83	25	8	26	80	27	88	28	81	29	9	30	73	31	64	32	11	33	27	34	22	35	20	36	17	37	35	38	93	39	73	40	71	41	32	42	76	43	23	44	88	45	6	46	45	47	76	48	87	49	92
	0	91	1	33	2	74	3	86	4	24	5	30	6	86	7	93	8	90	9	9	10	14	11	38	12	33	13	76	14	89	15	56	16	2	17	49	18	16	19	32	20	2	21	19	22	74	23	75	24	12	25	73	26	31	27	46	28	34	29	52	30	24	31	52	32	49	33	47	34	21	35	93	36	80	37	44	38	56	39	37	40	3	41	81	42	2	43	30	44	47	45	81	46	31	47	83	48	75	49	66
	0	69	1	96	2	40	3	65	4	46	5	1	6	58	7	80	8	2	9	41	10	33	11	68	12	3	13	19	14	45	15	47	16	58	17	69	18	68	19	45	20	69	21	54	22	78	23	45	24	36	25	81	26	91	27	95	28	4	29	85	30	15	31	82	32	29	33	32	34	17	35	93	36	83	37	36	38	40	39	18	40	56	41	89	42	23	43	60	44	90	45	60	46	97	47	52	48	75	49	95
	0	78	1	8	2	96	3	36	4	61	5	57	6	80	7	41	8	100	9	24	10	22	11	66	12	31	13	75	14	70	15	47	16	48	17	24	18	81	19	85	20	69	21	74	22	13	23	40	24	39	25	53	26	94	27	67	28	53	29	47	30	80	31	52	32	3	33	50	34	2	35	50	36	76	37	85	38	65	39	11	40	64	41	63	42	44	43	57	44	64	45	88	46	86	47	46	48	59	49	19
	0	27	1	29	2	38	3	48	4	67	5	96	6	79	7	61	8	74	9	59	10	96	11	81	12	1	13	25	14	48	15	26	16	49	17	41	18	33	19	12	20	94	21	44	22	33	23	93	24	72	25	15	26	86	27	24	28	91	29	40	30	82	31	77	32	5	33	26	34	22	35	56	36	81	37	9	38	94	39	85	40	29	41	82	42	41	43	65	44	89	45	96	46	24	47	29	48	94	49	30
	0	24	1	36	2	42	3	42	4	14	5	88	6	57	7	24	8	5	9	53	10	20	11	39	12	57	13	36	14	95	15	9	16	79	17	27	18	89	19	84	20	96	21	19	22	8	23	8	24	35	25	76	26	14	27	53	28	50	29	91	30	89	31	14	32	23	33	67	34	51	35	62	36	70	37	8	38	93	39	94	40	60	41	9	42	28	43	54	44	32	45	73	46	72	47	90	48	51	49	4
	0	94	1	79	2	54	3	42	4	1	5	35	6	58	7	55	8	64	9	83	10	53	11	86	12	81	13	67	14	89	15	32	16	36	17	10	18	26	19	6	20	20	21	62	22	22	23	90	24	89	25	100	26	62	27	6	28	5	29	56	30	62	31	44	32	70	33	99	34	94	35	26	36	48	37	88	38	26	39	6	40	52	41	76	42	68	43	24	44	12	45	40	46	62	47	69	48	80	49	46
	0	61	1	19	2	23	3	92	4	97	5	56	6	1	7	92	8	12	9	90	10	60	11	71	12	18	13	19	14	62	15	5	16	99	17	29	18	31	19	19	20	83	21	98	22	6	23	24	24	37	25	55	26	21	27	60	28	64	29	32	30	39	31	78	32	14	33	77	34	32	35	73	36	21	37	34	38	77	39	46	40	53	41	18	42	97	43	75	44	8	45	15	46	84	47	8	48	13	49	99
	0	77	1	7	2	8	3	63	4	80	5	18	6	10	7	68	8	41	9	31	10	2	11	88	12	37	13	70	14	80	15	97	16	24	17	22	18	66	19	14	20	55	21	81	22	64	23	26	24	72	25	85	26	6	27	30	28	22	29	70	30	36	31	74	32	61	33	57	34	14	35	98	36	42	37	52	38	46	39	92	40	100	41	32	42	64	43	19	44	68	45	34	46	13	47	86	48	20	49	83
	0	35	1	49	2	92	3	17	4	32	5	86	6	37	7	95	8	67	9	79	10	30	11	5	12	24	13	79	14	100	15	99	16	45	17	65	18	87	19	23	20	11	21	94	22	22	23	21	24	23	25	20	26	100	27	35	28	26	29	39	30	85	31	25	32	64	33	57	34	63	35	75	36	53	37	9	38	37	39	74	40	28	41	88	42	34	43	79	44	94	45	31	46	60	47	92	48	79	49	88
	0	24	1	27	2	78	3	79	4	27	5	31	6	32	7	2	8	67	9	89	10	88	11	43	12	33	13	43	14	21	15	19	16	66	17	78	18	27	19	47	20	15	21	70	22	10	23	100	24	31	25	9	26	19	27	33	28	50	29	21	30	26	31	55	32	88	33	64	34	29	35	95	36	28	37	71	38	29	39	87	40	75	41	65	42	25	43	70	44	19	45	63	46	9	47	83	48	18	49	51
	0	67	1	89	2	8	3	6	4	17	5	71	6	86	7	63	8	30	9	79	10	24	11	96	12	29	13	21	14	29	15	33	16	53	17	24	18	36	19	30	20	34	21	13	22	1	23	82	24	23	25	83	26	46	27	31	28	61	29	58	30	57	31	21	32	91	33	64	34	49	35	81	36	36	37	69	38	36	39	63	40	17	41	51	42	82	43	55	44	64	45	1	46	22	47	37	48	48	49	90
	0	57	1	69	2	49	3	33	4	92	5	10	6	25	7	35	8	63	9	25	10	46	11	18	12	42	13	14	14	24	15	41	16	64	17	72	18	36	19	80	20	87	21	80	22	25	23	21	24	70	25	63	26	39	27	78	28	58	29	80	30	18	31	57	32	89	33	28	34	62	35	12	36	65	37	74	38	31	39	67	40	61	41	47	42	63	43	1	44	50	45	60	46	100	47	26	48	78	49	31
	0	68	1	1	2	18	3	36	4	60	5	50	6	79	7	10	8	97	9	96	10	53	11	65	12	77	13	26	14	29	15	23	16	39	17	31	18	7	19	46	20	1	21	8	22	79	23	26	24	46	25	9	26	80	27	90	28	62	29	66	30	8	31	89	32	68	33	44	34	76	35	8	36	84	37	87	38	44	39	13	40	12	41	65	42	39	43	1	44	44	45	37	46	68	47	48	48	32	49	83
	0	75	1	53	2	50	3	79	4	2	5	18	6	60	7	10	8	51	9	36	10	58	11	46	12	69	13	51	14	54	15	35	16	78	17	22	18	18	19	71	20	46	21	17	22	90	23	57	24	71	25	95	26	49	27	70	28	93	29	71	30	76	31	76	32	98	33	71	34	53	35	87	36	57	37	5	38	3	39	32	40	3	41	33	42	47	43	90	44	68	45	100	46	25	47	14	48	12	49	56
	0	38	1	30	2	13	3	92	4	72	5	12	6	23	7	56	8	28	9	44	10	85	11	39	12	87	13	33	14	74	15	31	16	41	17	29	18	19	19	96	20	7	21	71	22	95	23	15	24	92	25	62	26	12	27	95	28	66	29	35	30	37	31	40	32	82	33	81	34	16	35	35	36	30	37	28	38	90	39	97	40	25	41	17	42	20	43	73	44	65	45	89	46	71	47	12	48	5	49	93
	0	8	1	25	2	37	3	85	4	6	5	21	6	69	7	64	8	99	9	72	10	43	11	67	12	82	13	54	14	43	15	29	16	73	17	70	18	71	19	74	20	87	21	30	22	91	23	86	24	72	25	74	26	92	27	95	28	29	29	46	30	92	31	53	32	88	33	56	34	89	35	97	36	38	37	87	38	56	39	37	40	24	41	43	42	4	43	93	44	46	45	32	46	73	47	70	48	45	49	47
	0	32	1	77	2	49	3	69	4	87	5	87	6	9	7	15	8	35	9	16	10	57	11	17	12	7	13	74	14	70	15	76	16	92	17	93	18	11	19	56	20	43	21	63	22	77	23	96	24	81	25	7	26	98	27	58	28	80	29	88	30	41	31	42	32	85	33	31	34	33	35	31	36	80	37	95	38	91	39	51	40	41	41	30	42	33	43	60	44	13	45	10	46	9	47	1	48	11	49	24
	0	65	1	68	2	26	3	60	4	45	5	98	6	88	7	21	8	77	9	69	10	32	11	56	12	14	13	60	14	33	15	95	16	14	17	33	18	45	19	24	20	80	21	8	22	40	23	29	24	9	25	62	26	33	27	3	28	6	29	72	30	40	31	5	32	62	33	68	34	9	35	88	36	7	37	91	38	24	39	59	40	94	41	50	42	54	43	36	44	63	45	29	46	15	47	90	48	88	49	94
	0	65	1	28	2	26	3	93	4	48	5	20	6	4	7	61	8	43	9	85	10	8	11	57	12	7	13	14	14	83	15	99	16	5	17	43	18	41	19	92	20	69	21	61	22	30	23	42	24	28	25	79	26	31	27	6	28	98	29	2	30	72	31	34	32	32	33	98	34	81	35	87	36	61	37	23	38	8	39	47	40	82	41	78	42	5	43	50	44	73	45	94	46	30	47	8	48	33	49	64
	0	18	1	97	2	85	3	77	4	34	5	35	6	96	7	26	8	7	9	75	10	87	11	81	12	3	13	77	14	44	15	66	16	87	17	49	18	57	19	73	20	83	21	61	22	44	23	90	24	34	25	75	26	33	27	52	28	26	29	44	30	21	31	25	32	4	33	78	34	18	35	76	36	28	37	72	38	55	39	6	40	25	41	45	42	15	43	40	44	39	45	46	46	7	47	3	48	84	49	14
	0	100	1	18	2	59	3	97	4	80	5	20	6	78	7	77	8	13	9	60	10	12	11	55	12	4	13	42	14	61	15	82	16	97	17	38	18	2	19	45	20	62	21	37	22	67	23	51	24	52	25	58	26	57	27	67	28	37	29	17	30	7	31	93	32	34	33	23	34	38	35	98	36	1	37	58	38	63	39	31	40	73	41	52	42	51	43	94	44	26	45	69	46	48	47	36	48	33	49	57
	0	20	1	1	2	30	3	27	4	55	5	57	6	98	7	76	8	54	9	65	10	55	11	58	12	87	13	74	14	87	15	62	16	92	17	60	18	76	19	79	20	63	21	39	22	4	23	27	24	26	25	13	26	38	27	99	28	17	29	39	30	21	31	43	32	11	33	36	34	32	35	73	36	62	37	52	38	87	39	2	40	49	41	70	42	91	43	12	44	48	45	22	46	70	47	28	48	62	49	33
	0	28	1	49	2	96	3	28	4	32	5	49	6	42	7	65	8	99	9	64	10	16	11	70	12	38	13	18	14	79	15	98	16	97	17	61	18	2	19	52	20	85	21	5	22	81	23	13	24	84	25	8	26	11	27	78	28	76	29	26	30	62	31	14	32	43	33	25	34	24	35	52	36	16	37	44	38	20	39	8	40	75	41	34	42	88	43	84	44	44	45	20	46	96	47	88	48	13	49	64
	0	36	1	99	2	92	3	19	4	8	5	23	6	78	7	9	8	93	9	60	10	82	11	73	12	73	13	54	14	62	15	50	16	57	17	92	18	45	19	5	20	6	21	98	22	41	23	21	24	73	25	11	26	80	27	100	28	5	29	58	30	24	31	47	32	72	33	61	34	40	35	43	36	9	37	35	38	27	39	22	40	4	41	62	42	46	43	4	44	48	45	56	46	83	47	57	48	48	49	55
	0	43	1	86	2	64	3	94	4	80	5	74	6	3	7	59	8	74	9	22	10	19	11	9	12	35	13	62	14	59	15	35	16	93	17	39	18	85	19	84	20	93	21	90	22	52	23	55	24	12	25	65	26	12	27	74	28	64	29	69	30	97	31	74	32	67	33	6	34	78	35	57	36	81	37	80	38	9	39	12	40	33	41	66	42	21	43	98	44	5	45	52	46	96	47	43	48	51	49	33
	0	54	1	5	2	45	3	95	4	38	5	87	6	3	7	19	8	57	9	13	10	19	11	97	12	48	13	10	14	6	15	50	16	53	17	50	18	43	19	68	20	16	21	31	22	48	23	25	24	65	25	29	26	54	27	47	28	24	29	33	30	43	31	17	32	57	33	37	34	59	35	60	36	60	37	81	38	26	39	39	40	47	41	30	42	21	43	42	44	91	45	50	46	82	47	65	48	14	49	34
	0	71	1	4	2	42	3	54	4	94	5	7	6	76	7	62	8	57	9	67	10	32	11	80	12	32	13	44	14	54	15	19	16	20	17	46	18	10	19	38	20	74	21	15	22	17	23	33	24	100	25	93	26	62	27	8	28	50	29	62	30	7	31	77	32	79	33	93	34	3	35	93	36	26	37	32	38	47	39	5	40	50	41	22	42	51	43	86	44	15	45	34	46	26	47	92	48	21	49	53
	0	76	1	36	2	17	3	52	4	71	5	84	6	45	7	29	8	40	9	23	10	97	11	18	12	98	13	44	14	89	15	80	16	11	17	40	18	86	19	37	20	43	21	19	22	25	23	9	24	60	25	80	26	21	27	68	28	73	29	99	30	62	31	20	32	42	33	27	34	13	35	65	36	84	37	93	38	2	39	17	40	52	41	62	42	43	43	71	44	73	45	5	46	29	47	50	48	70	49	62
	0	94	1	70	2	100	3	17	4	30	5	16	6	83	7	15	8	12	9	94	10	18	11	84	12	51	13	25	14	86	15	43	16	1	17	87	18	1	19	24	20	74	21	15	22	68	23	18	24	43	25	26	26	39	27	28	28	36	29	23	30	83	31	1	32	57	33	96	34	22	35	63	36	75	37	19	38	88	39	75	40	83	41	23	42	2	43	91	44	4	45	86	46	81	47	90	48	2	49	64
	0	38	1	92	2	24	3	67	4	6	5	11	6	82	7	51	8	22	9	85	10	57	11	63	12	45	13	79	14	62	15	92	16	85	17	72	18	25	19	83	20	90	21	66	22	60	23	29	24	86	25	70	26	46	27	58	28	98	29	51	30	20	31	55	32	80	33	62	34	70	35	10	36	27	37	87	38	79	39	77	40	69	41	50	42	42	43	70	44	48	45	91	46	80	47	49	48	35	49	12
	0	2	1	62	2	47	3	24	4	5	5	52	6	53	7	68	8	6	9	38	10	100	11	86	12	42	13	33	14	83	15	54	16	89	17	66	18	38	19	19	20	85	21	100	22	48	23	97	24	54	25	84	26	80	27	12	28	65	29	74	30	89	31	1	32	89	33	1	34	65	35	8	36	10	37	94	38	6	39	36	40	26	41	59	42	48	43	32	44	39	45	87	46	74	47	36	48	18	49	49
Reldue
-1	12449	-1	1
-1	900	-1	1
-1	11812	-1	1
-1	11125	-1	1
-1	6309	-1	1
-1	217	-1	1
-1	8049	-1	1
-1	11592	-1	1
-1	3086	-1	1
-1	12368	-1	1
-1	7327	-1	1
-1	11735	-1	1
-1	4468	-1	1
-1	1250	-1	1
-1	3224	-1	1
-1	4352	-1	1
-1	12786	-1	1
-1	1080	-1	1
-1	164	-1	1
-1	3121	-1	1
-1	9280	-1	1
-1	3469	-1	1
-1	7026	-1	1
-1	13182	-1	1
-1	13231	-1	1
-1	245	-1	1
-1	8802	-1	1
-1	2490	-1	1
-1	6879	-1	1
-1	4072	-1	1
-1	6712	-1	1
-1	8313	-1	1
-1	11504	-1	1
-1	10410	-1	1
-1	13509	-1	1
-1	5943	-1	1
-1	9892	-1	1
-1	5866	-1	1
-1	4643	-1	1
-1	12197	-1	1
-1	7456	-1	1
-1	7192	-1	1
-1	8830	-1	1
-1	2472	-1	1
-1	3154	-1	1
-1	8181	-1	1
-1	460	-1	1
-1	10395	-1	1
-1	3716	-1	1
-1	5106	-1	1
-1	5184	-1	1
-1	9524	-1	1
-1	11095	-1	1
-1	12451	-1	1
-1	5187	-1	1
-1	8281	-1	1
-1	13101	-1	1
-1	11803	-1	1
-1	7157	-1	1
-1	5884	-1	1
-1	10674	-1	1
-1	1046	-1	1
-1	4425	-1	1
-1	12676	-1	1
-1	8224	-1	1
-1	10791	-1	1
-1	9914	-1	1
-1	10390	-1	1
-1	7387	-1	1
-1	13609	-1	1
-1	8696	-1	1
-1	7454	-1	1
-1	6561	-1	1
-1	235	-1	1
-1	13734	-1	1
-1	2734	-1	1
-1	12052	-1	1
-1	3367	-1	1
-1	11455	-1	1
-1	5923	-1	1
-1	1077	-1	1
-1	5004	-1	1
-1	1444	-1	1
-1	3897	-1	1
-1	1204	-1	1
-1	11823	-1	1
-1	6650	-1	1
-1	544	-1	1
-1	12507	-1	1
-1	6761	-1	1
-1	2990	-1	1
-1	12487	-1	1
-1	12942	-1	1
-1	12993	-1	1
-1	10582	-1	1
-1	3240	-1	1
-1	996	-1	1
-1	12963	-1	1
-1	12477	-1	1
-1	4068	-1	1
-1	5513	-1	1
-1	6996	-1	1
-1	5262	-1	1
-1	10640	-1	1
-1	9841	-1	1
-1	2468	-1	1
-1	6150	-1	1
-1	7275	-1	1
-1	3208	-1	1
-1	4061	-1	1
-1	10317	-1	1
-1	4697	-1	1
-1	2932	-1	1
-1	10075	-1	1
-1	6110	-1	1
-1	8227	-1	1
-1	4983	-1	1
-1	9402	-1	1
-1	7362	-1	1
-1	2495	-1	1
-1	3310	-1	1
-1	4830	-1	1
-1	10288	-1	1
-1	766	-1	1
-1	934	-1	1
-1	8958	-1	1
-1	6731	-1	1
-1	3366	-1	1
-1	8268	-1	1
-1	3899	-1	1
-1	9570	-1	1
-1	3032	-1	1
-1	13793	-1	1
-1	11208	-1	1
-1	8083	-1	1
-1	12814	-1	1
-1	12288	-1	1
-1	7824	-1	1
-1	9231	-1	1
-1	12790	-1	1
-1	13592	-1	1
-1	7026	-1	1
-1	6744	-1	1
-1	5167	-1	1
-1	13600	-1	1
-1	5676	-1	1
-1	13268	-1	1
-1	11931	-1	1
-1	9199	-1	1
-1	13223	-1	1
-1	4350	-1	1
-1	4438	-1	1
-1	4337	-1	1
-1	8676	-1	1
-1	13052	-1	1
-1	6351	-1	1
-1	13024	-1	1
-1	6520	-1	1
-1	10012	-1	1
-1	7297	-1	1
-1	13327	-1	1
-1	1853	-1	1
-1	7897	-1	1
-1	4569	-1	1
-1	3140	-1	1
-1	10229	-1	1
-1	4371	-1	1
-1	10431	-1	1
-1	8242	-1	1
-1	6998	-1	1
-1	2341	-1	1
-1	4110	-1	1
-1	7053	-1	1
-1	2338	-1	1
-1	4609	-1	1
-1	4270	-1	1
-1	2240	-1	1
-1	8442	-1	1
-1	7730	-1	1
-1	13266	-1	1
-1	3421	-1	1
-1	3924	-1	1
-1	9521	-1	1
-1	2072	-1	1
-1	6155	-1	1
-1	3927	-1	1
-1	6718	-1	1
-1	11593	-1	1
-1	657	-1	1
-1	2764	-1	1
-1	4131	-1	1
-1	7763	-1	1
-1	5718	-1	1
-1	1133	-1	1
-1	4890	-1	1
-1	1007	-1	1
-1	2490	-1	1
-1	2060	-1	1
-1	10025	-1	1
-1	5335	-1	1
-1	5207	-1	1
-1	1257	-1	1
-1	3887	-1	1
-1	9425	-1	1
-1	12364	-1	1
-1	997	-1	1
-1	1963	-1	1
-1	11239	-1	1
-1	13293	-1	1
-1	11064	-1	1
-1	6448	-1	1
-1	5532	-1	1
-1	7636	-1	1
-1	3774	-1	1
-1	8255	-1	1
-1	10292	-1	1
-1	12490	-1	1
-1	583	-1	1
-1	11957	-1	1
-1	785	-1	1
-1	7814	-1	1
-1	1895	-1	1
-1	8385	-1	1
-1	9793	-1	1
-1	8848	-1	1
-1	13521	-1	1
-1	2506	-1	1
-1	7323	-1	1
-1	2167	-1	1
-1	12531	-1	1
-1	609	-1	1
-1	4764	-1	1
-1	10034	-1	1
-1	2435	-1	1
-1	2295	-1	1
-1	3642	-1	1
-1	12787	-1	1
-1	7314	-1	1
-1	4838	-1	1
-1	6188	-1	1
-1	818	-1	1
-1	9901	-1	1
-1	3292	-1	1
-1	4674	-1	1
-1	3215	-1	1
-1	7650	-1	1
-1	811	-1	1
-1	7971	-1	1
-1	12616	-1	1
-1	5412	-1	1
LBCmax: 15338
