50  50
	0	47	1	12	2	3	3	12	4	89	5	64	6	100	7	50	8	17	9	33	10	44	11	8	12	72	13	62	14	39	15	17	16	62	17	54	18	67	19	65	20	91	21	15	22	73	23	83	24	33	25	61	26	27	27	33	28	99	29	59	30	11	31	96	32	41	33	66	34	90	35	9	36	70	37	57	38	69	39	6	40	8	41	78	42	40	43	48	44	88	45	66	46	84	47	58	48	56	49	12
	0	61	1	91	2	75	3	58	4	18	5	1	6	11	7	66	8	2	9	98	10	45	11	93	12	39	13	93	14	61	15	51	16	31	17	82	18	90	19	54	20	83	21	16	22	22	23	72	24	56	25	55	26	98	27	36	28	1	29	2	30	56	31	77	32	39	33	75	34	2	35	90	36	80	37	54	38	4	39	50	40	88	41	6	42	59	43	26	44	54	45	88	46	60	47	68	48	26	49	76
	0	66	1	67	2	92	3	67	4	70	5	9	6	47	7	50	8	96	9	68	10	64	11	52	12	72	13	23	14	52	15	100	16	78	17	82	18	94	19	52	20	53	21	51	22	63	23	91	24	100	25	88	26	91	27	86	28	48	29	10	30	22	31	63	32	43	33	73	34	65	35	44	36	71	37	22	38	66	39	31	40	55	41	73	42	16	43	64	44	67	45	10	46	95	47	77	48	43	49	66
	0	14	1	8	2	4	3	47	4	3	5	64	6	8	7	21	8	54	9	43	10	96	11	58	12	11	13	43	14	4	15	12	16	93	17	35	18	53	19	82	20	60	21	72	22	34	23	77	24	73	25	46	26	64	27	89	28	6	29	43	30	69	31	39	32	17	33	35	34	14	35	53	36	78	37	13	38	8	39	84	40	16	41	67	42	28	43	81	44	31	45	39	46	62	47	89	48	86	49	30
	0	49	1	1	2	72	3	23	4	72	5	19	6	17	7	55	8	43	9	100	10	72	11	61	12	60	13	65	14	98	15	48	16	47	17	25	18	53	19	1	20	6	21	47	22	21	23	17	24	30	25	40	26	65	27	4	28	62	29	73	30	74	31	19	32	2	33	29	34	40	35	11	36	93	37	53	38	3	39	3	40	44	41	71	42	22	43	21	44	55	45	68	46	72	47	64	48	74	49	59
	0	87	1	69	2	92	3	95	4	86	5	5	6	43	7	81	8	42	9	17	10	84	11	95	12	8	13	95	14	63	15	54	16	97	17	41	18	4	19	45	20	57	21	49	22	61	23	19	24	33	25	40	26	23	27	37	28	76	29	2	30	74	31	87	32	39	33	34	34	39	35	30	36	93	37	92	38	68	39	42	40	33	41	81	42	39	43	54	44	61	45	53	46	89	47	6	48	71	49	92
	0	91	1	78	2	73	3	9	4	48	5	53	6	26	7	61	8	68	9	28	10	66	11	81	12	34	13	82	14	57	15	89	16	2	17	63	18	99	19	93	20	62	21	50	22	59	23	29	24	73	25	9	26	23	27	87	28	48	29	51	30	86	31	22	32	28	33	47	34	17	35	46	36	18	37	67	38	66	39	53	40	25	41	57	42	18	43	24	44	50	45	57	46	90	47	5	48	18	49	23
	0	30	1	74	2	41	3	19	4	83	5	18	6	63	7	86	8	7	9	96	10	11	11	96	12	62	13	63	14	69	15	61	16	24	17	78	18	39	19	46	20	67	21	14	22	65	23	7	24	31	25	52	26	23	27	62	28	78	29	27	30	8	31	51	32	81	33	51	34	77	35	54	36	15	37	33	38	19	39	73	40	44	41	77	42	62	43	86	44	13	45	26	46	51	47	45	48	1	49	71
	0	40	1	64	2	85	3	65	4	88	5	23	6	22	7	90	8	64	9	86	10	60	11	80	12	77	13	3	14	19	15	94	16	3	17	49	18	10	19	86	20	84	21	24	22	87	23	32	24	89	25	6	26	49	27	97	28	94	29	36	30	24	31	46	32	4	33	84	34	22	35	56	36	30	37	16	38	27	39	65	40	92	41	60	42	67	43	63	44	10	45	49	46	79	47	22	48	8	49	86
	0	67	1	13	2	34	3	56	4	10	5	63	6	90	7	79	8	75	9	39	10	100	11	86	12	40	13	74	14	76	15	59	16	26	17	63	18	56	19	60	20	6	21	5	22	33	23	51	24	27	25	53	26	77	27	72	28	70	29	8	30	37	31	37	32	32	33	79	34	78	35	49	36	5	37	72	38	70	39	67	40	91	41	92	42	57	43	60	44	65	45	77	46	55	47	29	48	90	49	90
	0	69	1	92	2	36	3	38	4	20	5	66	6	63	7	1	8	30	9	71	10	68	11	74	12	96	13	62	14	95	15	75	16	57	17	49	18	86	19	65	20	41	21	73	22	93	23	72	24	31	25	40	26	88	27	29	28	100	29	24	30	52	31	63	32	99	33	16	34	17	35	96	36	96	37	51	38	95	39	39	40	4	41	58	42	21	43	97	44	48	45	10	46	93	47	19	48	46	49	66
	0	87	1	49	2	24	3	37	4	72	5	72	6	75	7	19	8	66	9	56	10	28	11	64	12	96	13	40	14	14	15	97	16	67	17	11	18	10	19	92	20	34	21	71	22	17	23	59	24	46	25	2	26	11	27	21	28	6	29	53	30	52	31	72	32	62	33	32	34	48	35	39	36	15	37	61	38	22	39	4	40	26	41	37	42	13	43	57	44	52	45	3	46	12	47	66	48	26	49	17
	0	18	1	12	2	91	3	81	4	68	5	13	6	31	7	68	8	66	9	23	10	63	11	50	12	15	13	6	14	85	15	22	16	49	17	97	18	3	19	85	20	90	21	19	22	67	23	98	24	87	25	100	26	92	27	60	28	23	29	17	30	52	31	49	32	88	33	76	34	70	35	28	36	43	37	76	38	36	39	23	40	46	41	32	42	33	43	5	44	7	45	67	46	51	47	33	48	71	49	70
	0	13	1	66	2	77	3	99	4	58	5	22	6	39	7	80	8	37	9	47	10	13	11	9	12	27	13	44	14	90	15	86	16	70	17	47	18	5	19	14	20	89	21	51	22	47	23	55	24	35	25	42	26	35	27	23	28	75	29	77	30	65	31	55	32	18	33	4	34	68	35	95	36	38	37	39	38	17	39	72	40	52	41	26	42	79	43	64	44	50	45	42	46	7	47	82	48	87	49	51
	0	5	1	11	2	88	3	82	4	20	5	86	6	31	7	12	8	36	9	2	10	92	11	67	12	92	13	87	14	84	15	74	16	26	17	71	18	15	19	34	20	26	21	40	22	47	23	84	24	49	25	69	26	42	27	83	28	27	29	47	30	10	31	28	32	75	33	64	34	4	35	3	36	73	37	9	38	29	39	91	40	82	41	98	42	59	43	21	44	19	45	42	46	76	47	28	48	1	49	5
	0	69	1	42	2	30	3	39	4	77	5	38	6	88	7	74	8	44	9	7	10	46	11	98	12	25	13	44	14	29	15	81	16	75	17	48	18	74	19	98	20	82	21	82	22	77	23	70	24	52	25	55	26	22	27	33	28	51	29	95	30	23	31	90	32	51	33	49	34	50	35	11	36	43	37	28	38	89	39	95	40	16	41	59	42	68	43	96	44	14	45	41	46	63	47	88	48	12	49	5
	0	48	1	14	2	88	3	17	4	58	5	38	6	65	7	89	8	83	9	15	10	63	11	80	12	7	13	33	14	80	15	94	16	65	17	88	18	91	19	23	20	83	21	9	22	41	23	83	24	6	25	38	26	52	27	38	28	60	29	24	30	96	31	13	32	78	33	10	34	92	35	50	36	95	37	88	38	17	39	44	40	93	41	79	42	60	43	65	44	47	45	53	46	46	47	66	48	11	49	91
	0	14	1	18	2	29	3	61	4	20	5	27	6	79	7	60	8	10	9	29	10	81	11	41	12	77	13	63	14	4	15	24	16	82	17	64	18	89	19	71	20	45	21	41	22	52	23	56	24	87	25	8	26	25	27	86	28	12	29	7	30	83	31	28	32	46	33	33	34	21	35	56	36	75	37	37	38	16	39	38	40	57	41	86	42	72	43	6	44	75	45	96	46	25	47	88	48	93	49	71
	0	77	1	100	2	4	3	5	4	65	5	17	6	84	7	45	8	3	9	81	10	6	11	10	12	32	13	100	14	71	15	18	16	86	17	67	18	49	19	64	20	51	21	88	22	53	23	58	24	62	25	99	26	82	27	8	28	97	29	18	30	5	31	5	32	26	33	53	34	74	35	61	36	48	37	72	38	85	39	86	40	25	41	99	42	32	43	20	44	70	45	94	46	16	47	45	48	84	49	27
	0	5	1	59	2	27	3	63	4	57	5	69	6	63	7	16	8	60	9	42	10	33	11	23	12	42	13	29	14	37	15	73	16	51	17	36	18	22	19	69	20	20	21	20	22	19	23	19	24	61	25	31	26	64	27	88	28	54	29	16	30	8	31	36	32	25	33	74	34	97	35	57	36	20	37	21	38	69	39	64	40	40	41	96	42	6	43	100	44	76	45	32	46	44	47	65	48	55	49	58
	0	18	1	96	2	15	3	12	4	96	5	31	6	34	7	93	8	39	9	47	10	3	11	59	12	81	13	57	14	12	15	64	16	19	17	1	18	92	19	91	20	56	21	68	22	25	23	19	24	45	25	33	26	21	27	31	28	13	29	100	30	23	31	57	32	73	33	78	34	90	35	3	36	49	37	39	38	64	39	4	40	80	41	26	42	25	43	28	44	62	45	18	46	91	47	84	48	59	49	67
	0	15	1	35	2	85	3	64	4	87	5	9	6	38	7	98	8	38	9	68	10	45	11	12	12	15	13	66	14	33	15	83	16	62	17	10	18	55	19	63	20	35	21	15	22	27	23	70	24	30	25	3	26	43	27	9	28	6	29	93	30	92	31	64	32	29	33	82	34	99	35	3	36	69	37	20	38	30	39	58	40	34	41	11	42	70	43	99	44	9	45	17	46	51	47	14	48	41	49	28
	0	74	1	37	2	97	3	29	4	80	5	12	6	71	7	91	8	45	9	86	10	20	11	48	12	1	13	43	14	66	15	41	16	23	17	51	18	85	19	53	20	24	21	66	22	61	23	56	24	55	25	25	26	5	27	45	28	89	29	16	30	35	31	27	32	46	33	6	34	76	35	99	36	96	37	75	38	48	39	27	40	27	41	69	42	19	43	11	44	76	45	92	46	58	47	96	48	65	49	86
	0	16	1	64	2	81	3	64	4	15	5	26	6	96	7	14	8	24	9	86	10	15	11	71	12	46	13	56	14	96	15	33	16	65	17	30	18	89	19	69	20	6	21	71	22	76	23	40	24	7	25	43	26	14	27	38	28	27	29	7	30	16	31	1	32	18	33	58	34	20	35	83	36	39	37	68	38	25	39	58	40	4	41	79	42	7	43	2	44	70	45	37	46	33	47	93	48	27	49	80
	0	33	1	96	2	33	3	8	4	16	5	48	6	10	7	9	8	22	9	47	10	95	11	13	12	51	13	5	14	14	15	94	16	16	17	43	18	20	19	58	20	5	21	11	22	6	23	62	24	50	25	69	26	1	27	73	28	46	29	74	30	96	31	58	32	57	33	45	34	66	35	54	36	100	37	5	38	72	39	73	40	13	41	25	42	77	43	26	44	27	45	18	46	99	47	82	48	5	49	53
	0	91	1	98	2	31	3	92	4	11	5	77	6	35	7	73	8	26	9	39	10	9	11	81	12	78	13	23	14	49	15	94	16	85	17	48	18	17	19	85	20	61	21	3	22	8	23	17	24	82	25	37	26	82	27	76	28	38	29	81	30	79	31	11	32	30	33	16	34	34	35	84	36	20	37	66	38	63	39	52	40	28	41	90	42	77	43	31	44	47	45	87	46	57	47	11	48	16	49	57
	0	87	1	28	2	62	3	66	4	38	5	6	6	17	7	13	8	39	9	29	10	64	11	4	12	87	13	5	14	61	15	67	16	75	17	33	18	54	19	74	20	43	21	85	22	87	23	56	24	90	25	55	26	49	27	14	28	83	29	53	30	30	31	73	32	62	33	39	34	81	35	32	36	37	37	16	38	84	39	98	40	4	41	39	42	85	43	16	44	37	45	10	46	52	47	32	48	48	49	51
	0	56	1	46	2	90	3	89	4	76	5	43	6	69	7	99	8	98	9	18	10	89	11	66	12	43	13	17	14	31	15	85	16	45	17	74	18	53	19	7	20	78	21	12	22	64	23	85	24	74	25	32	26	95	27	92	28	18	29	19	30	81	31	11	32	86	33	28	34	28	35	21	36	64	37	36	38	19	39	23	40	80	41	66	42	96	43	84	44	17	45	35	46	10	47	98	48	2	49	64
	0	37	1	81	2	92	3	51	4	90	5	58	6	79	7	19	8	84	9	5	10	18	11	63	12	35	13	54	14	27	15	71	16	89	17	76	18	16	19	93	20	26	21	100	22	52	23	75	24	79	25	31	26	59	27	99	28	52	29	74	30	19	31	76	32	50	33	78	34	12	35	89	36	36	37	64	38	15	39	96	40	86	41	93	42	56	43	26	44	2	45	81	46	82	47	25	48	11	49	88
	0	91	1	52	2	61	3	18	4	40	5	16	6	74	7	21	8	21	9	9	10	41	11	73	12	84	13	87	14	60	15	76	16	21	17	75	18	39	19	23	20	70	21	33	22	39	23	89	24	83	25	94	26	9	27	61	28	74	29	41	30	43	31	31	32	45	33	25	34	77	35	80	36	41	37	8	38	74	39	55	40	2	41	92	42	95	43	19	44	4	45	74	46	43	47	95	48	98	49	36
	0	18	1	69	2	99	3	53	4	40	5	13	6	94	7	81	8	13	9	24	10	46	11	73	12	39	13	17	14	28	15	2	16	9	17	100	18	21	19	26	20	30	21	25	22	44	23	98	24	64	25	1	26	9	27	17	28	83	29	90	30	14	31	75	32	74	33	49	34	31	35	28	36	44	37	76	38	30	39	30	40	8	41	66	42	61	43	76	44	62	45	98	46	85	47	50	48	76	49	9
	0	18	1	93	2	51	3	11	4	36	5	9	6	31	7	70	8	46	9	97	10	72	11	58	12	39	13	71	14	93	15	26	16	62	17	83	18	63	19	79	20	76	21	7	22	16	23	45	24	3	25	6	26	83	27	65	28	59	29	12	30	80	31	51	32	41	33	84	34	2	35	81	36	11	37	28	38	11	39	43	40	84	41	96	42	10	43	35	44	36	45	80	46	42	47	76	48	60	49	96
	0	67	1	10	2	65	3	5	4	96	5	85	6	76	7	23	8	80	9	48	10	84	11	5	12	3	13	84	14	66	15	28	16	7	17	94	18	47	19	89	20	53	21	1	22	14	23	98	24	3	25	94	26	63	27	35	28	72	29	88	30	64	31	94	32	86	33	46	34	71	35	46	36	36	37	74	38	5	39	85	40	39	41	15	42	94	43	27	44	14	45	80	46	41	47	3	48	50	49	99
	0	71	1	51	2	39	3	87	4	44	5	89	6	68	7	49	8	77	9	45	10	17	11	68	12	82	13	56	14	3	15	55	16	19	17	77	18	61	19	63	20	34	21	54	22	55	23	74	24	14	25	50	26	61	27	25	28	87	29	39	30	69	31	30	32	50	33	97	34	82	35	10	36	5	37	55	38	26	39	53	40	25	41	96	42	91	43	32	44	93	45	15	46	64	47	92	48	74	49	71
	0	25	1	67	2	30	3	92	4	29	5	73	6	67	7	22	8	79	9	20	10	91	11	19	12	62	13	13	14	100	15	42	16	30	17	44	18	46	19	85	20	9	21	96	22	54	23	49	24	95	25	14	26	45	27	52	28	69	29	3	30	49	31	29	32	17	33	66	34	76	35	65	36	72	37	97	38	72	39	70	40	81	41	79	42	12	43	76	44	85	45	63	46	80	47	22	48	62	49	23
	0	39	1	70	2	55	3	10	4	2	5	45	6	11	7	61	8	59	9	3	10	78	11	22	12	3	13	76	14	59	15	4	16	78	17	39	18	99	19	71	20	39	21	96	22	66	23	31	24	81	25	95	26	51	27	84	28	98	29	3	30	92	31	49	32	74	33	2	34	12	35	64	36	7	37	98	38	2	39	31	40	23	41	53	42	8	43	72	44	37	45	67	46	3	47	89	48	64	49	79
	0	38	1	60	2	79	3	77	4	15	5	17	6	97	7	14	8	30	9	68	10	3	11	77	12	64	13	88	14	62	15	73	16	32	17	67	18	99	19	100	20	16	21	100	22	98	23	40	24	35	25	64	26	2	27	81	28	38	29	91	30	78	31	57	32	21	33	67	34	95	35	71	36	92	37	95	38	29	39	19	40	52	41	97	42	91	43	61	44	57	45	66	46	35	47	78	48	78	49	66
	0	3	1	21	2	83	3	57	4	15	5	53	6	90	7	1	8	90	9	25	10	83	11	47	12	88	13	43	14	89	15	34	16	84	17	7	18	44	19	34	20	20	21	52	22	3	23	42	24	4	25	1	26	81	27	78	28	45	29	15	30	21	31	48	32	42	33	4	34	17	35	4	36	73	37	32	38	64	39	72	40	40	41	32	42	89	43	57	44	81	45	8	46	91	47	42	48	42	49	95
	0	99	1	20	2	79	3	3	4	28	5	63	6	29	7	68	8	82	9	81	10	63	11	80	12	36	13	40	14	32	15	71	16	13	17	58	18	44	19	69	20	6	21	57	22	38	23	61	24	44	25	85	26	63	27	27	28	83	29	11	30	59	31	20	32	71	33	52	34	88	35	16	36	29	37	8	38	97	39	59	40	35	41	94	42	82	43	75	44	11	45	6	46	86	47	22	48	50	49	49
	0	68	1	9	2	22	3	24	4	12	5	99	6	63	7	59	8	63	9	75	10	30	11	2	12	18	13	43	14	54	15	42	16	97	17	84	18	66	19	15	20	86	21	99	22	50	23	4	24	15	25	99	26	39	27	50	28	11	29	30	30	89	31	22	32	59	33	46	34	75	35	32	36	38	37	57	38	100	39	71	40	29	41	29	42	3	43	13	44	99	45	2	46	26	47	17	48	29	49	55
	0	58	1	12	2	20	3	39	4	69	5	60	6	95	7	56	8	20	9	15	10	10	11	47	12	74	13	36	14	96	15	27	16	89	17	25	18	36	19	76	20	37	21	77	22	27	23	68	24	84	25	81	26	80	27	13	28	48	29	17	30	76	31	25	32	79	33	15	34	65	35	57	36	68	37	74	38	76	39	49	40	63	41	83	42	80	43	1	44	34	45	65	46	34	47	52	48	42	49	41
	0	72	1	21	2	90	3	96	4	48	5	71	6	60	7	83	8	29	9	65	10	63	11	99	12	100	13	44	14	63	15	28	16	35	17	56	18	54	19	24	20	30	21	86	22	85	23	75	24	15	25	97	26	76	27	95	28	93	29	69	30	71	31	4	32	57	33	85	34	10	35	15	36	100	37	20	38	26	39	34	40	14	41	27	42	97	43	30	44	34	45	13	46	2	47	46	48	89	49	67
	0	69	1	51	2	52	3	72	4	12	5	53	6	5	7	15	8	96	9	27	10	67	11	81	12	72	13	27	14	47	15	86	16	78	17	80	18	12	19	99	20	86	21	90	22	95	23	43	24	60	25	95	26	80	27	84	28	45	29	53	30	31	31	47	32	85	33	61	34	56	35	17	36	74	37	14	38	32	39	13	40	67	41	76	42	19	43	40	44	99	45	13	46	43	47	70	48	9	49	5
	0	33	1	92	2	51	3	44	4	29	5	34	6	44	7	89	8	12	9	61	10	99	11	20	12	9	13	81	14	9	15	22	16	77	17	32	18	12	19	98	20	77	21	25	22	48	23	72	24	83	25	51	26	62	27	55	28	93	29	9	30	51	31	65	32	33	33	85	34	41	35	30	36	68	37	98	38	23	39	25	40	74	41	99	42	28	43	10	44	19	45	78	46	80	47	69	48	70	49	29
	0	75	1	81	2	14	3	62	4	80	5	57	6	62	7	71	8	29	9	33	10	89	11	1	12	85	13	1	14	3	15	67	16	81	17	18	18	60	19	8	20	56	21	27	22	79	23	5	24	55	25	72	26	1	27	76	28	71	29	99	30	10	31	21	32	18	33	81	34	12	35	11	36	88	37	90	38	30	39	7	40	27	41	17	42	68	43	73	44	25	45	18	46	52	47	26	48	8	49	21
	0	47	1	16	2	81	3	36	4	12	5	39	6	61	7	46	8	39	9	37	10	86	11	73	12	92	13	24	14	4	15	52	16	38	17	36	18	77	19	41	20	31	21	18	22	41	23	66	24	14	25	75	26	15	27	85	28	12	29	55	30	62	31	88	32	67	33	47	34	23	35	4	36	26	37	9	38	84	39	60	40	64	41	52	42	62	43	18	44	32	45	54	46	6	47	90	48	51	49	78
	0	39	1	95	2	81	3	16	4	12	5	29	6	53	7	86	8	36	9	33	10	33	11	44	12	96	13	8	14	54	15	6	16	87	17	98	18	48	19	78	20	19	21	33	22	52	23	38	24	71	25	23	26	68	27	30	28	2	29	28	30	8	31	53	32	44	33	53	34	65	35	63	36	41	37	42	38	61	39	10	40	99	41	61	42	87	43	89	44	66	45	10	46	35	47	74	48	63	49	2
	0	72	1	60	2	22	3	71	4	24	5	38	6	16	7	41	8	54	9	71	10	79	11	39	12	60	13	55	14	48	15	29	16	36	17	73	18	85	19	32	20	55	21	80	22	49	23	28	24	65	25	85	26	40	27	61	28	34	29	7	30	21	31	9	32	64	33	18	34	2	35	70	36	47	37	20	38	31	39	92	40	67	41	99	42	32	43	34	44	53	45	55	46	90	47	48	48	23	49	12
	0	60	1	14	2	99	3	53	4	64	5	59	6	79	7	30	8	89	9	67	10	72	11	38	12	17	13	29	14	59	15	69	16	30	17	15	18	32	19	83	20	88	21	55	22	6	23	38	24	64	25	65	26	29	27	98	28	90	29	54	30	19	31	96	32	39	33	93	34	4	35	14	36	53	37	45	38	62	39	22	40	97	41	74	42	62	43	77	44	88	45	87	46	64	47	82	48	34	49	79
	0	36	1	48	2	86	3	78	4	87	5	11	6	86	7	22	8	26	9	8	10	51	11	2	12	91	13	95	14	54	15	61	16	24	17	74	18	60	19	36	20	66	21	61	22	53	23	66	24	14	25	11	26	53	27	20	28	54	29	76	30	97	31	26	32	62	33	64	34	61	35	71	36	48	37	46	38	15	39	33	40	76	41	85	42	61	43	61	44	77	45	29	46	92	47	3	48	58	49	70
Reldue
-1	3230	-1	1
-1	3142	-1	1
-1	3275	-1	1
-1	3127	-1	1
-1	3152	-1	1
-1	3288	-1	1
-1	2952	-1	1
-1	2633	-1	1
-1	2757	-1	1
-1	3442	-1	1
-1	3406	-1	1
-1	2820	-1	1
-1	3268	-1	1
-1	2679	-1	1
-1	3193	-1	1
-1	2694	-1	1
-1	3436	-1	1
-1	2681	-1	1
-1	3097	-1	1
-1	3315	-1	1
-1	3415	-1	1
-1	3291	-1	1
-1	2659	-1	1
-1	2655	-1	1
-1	3523	-1	1
-1	2774	-1	1
-1	3461	-1	1
-1	3329	-1	1
-1	2628	-1	1
-1	3518	-1	1
-1	3154	-1	1
-1	3294	-1	1
-1	3261	-1	1
-1	3353	-1	1
-1	3122	-1	1
-1	3566	-1	1
-1	2630	-1	1
-1	2990	-1	1
-1	2817	-1	1
-1	3568	-1	1
-1	3234	-1	1
-1	2951	-1	1
-1	3121	-1	1
-1	3027	-1	1
-1	2959	-1	1
-1	3277	-1	1
-1	2750	-1	1
-1	3477	-1	1
-1	3050	-1	1
-1	2872	-1	1
LBCmax: 5213
