50  50
	0	41	1	12	2	55	3	47	4	45	5	43	6	15	7	2	8	39	9	22	10	9	11	79	12	7	13	23	14	83	15	55	16	59	17	22	18	87	19	71	20	4	21	8	22	8	23	94	24	20	25	28	26	3	27	14	28	78	29	55	30	3	31	81	32	76	33	29	34	57	35	48	36	78	37	30	38	29	39	68	40	77	41	60	42	71	43	78	44	26	45	57	46	32	47	58	48	98	49	72
	0	73	1	42	2	72	3	66	4	9	5	32	6	59	7	18	8	92	9	38	10	20	11	56	12	1	13	31	14	22	15	38	16	4	17	7	18	48	19	59	20	20	21	84	22	67	23	53	24	90	25	73	26	97	27	13	28	12	29	9	30	54	31	63	32	43	33	35	34	47	35	37	36	41	37	55	38	66	39	56	40	97	41	21	42	78	43	17	44	11	45	9	46	27	47	19	48	83	49	95
	0	3	1	99	2	23	3	54	4	11	5	56	6	28	7	20	8	90	9	80	10	52	11	92	12	23	13	13	14	77	15	80	16	62	17	15	18	66	19	11	20	64	21	10	22	47	23	53	24	81	25	28	26	68	27	17	28	86	29	78	30	14	31	48	32	7	33	19	34	79	35	20	36	10	37	1	38	33	39	90	40	45	41	97	42	39	43	77	44	46	45	67	46	85	47	69	48	69	49	99
	0	54	1	86	2	77	3	26	4	55	5	36	6	31	7	28	8	62	9	46	10	36	11	48	12	50	13	65	14	49	15	93	16	35	17	63	18	57	19	96	20	35	21	68	22	73	23	56	24	17	25	22	26	11	27	96	28	10	29	59	30	39	31	85	32	83	33	6	34	21	35	24	36	18	37	86	38	99	39	10	40	40	41	74	42	64	43	89	44	75	45	12	46	35	47	94	48	49	49	4
	0	42	1	25	2	44	3	52	4	55	5	100	6	88	7	79	8	49	9	98	10	31	11	71	12	64	13	72	14	38	15	35	16	9	17	4	18	14	19	35	20	25	21	18	22	9	23	71	24	97	25	86	26	8	27	15	28	94	29	97	30	84	31	2	32	49	33	52	34	57	35	55	36	43	37	24	38	12	39	84	40	38	41	98	42	55	43	91	44	58	45	64	46	13	47	79	48	46	49	40
	0	4	1	27	2	21	3	46	4	33	5	94	6	13	7	54	8	100	9	66	10	72	11	80	12	14	13	56	14	59	15	13	16	51	17	4	18	59	19	73	20	7	21	64	22	100	23	46	24	26	25	67	26	54	27	61	28	9	29	80	30	38	31	83	32	33	33	21	34	69	35	43	36	34	37	89	38	30	39	29	40	35	41	23	42	39	43	21	44	19	45	3	46	47	47	24	48	88	49	39
	0	93	1	45	2	50	3	36	4	4	5	19	6	19	7	13	8	4	9	68	10	34	11	21	12	80	13	62	14	28	15	90	16	21	17	6	18	92	19	92	20	14	21	80	22	28	23	5	24	83	25	99	26	85	27	20	28	83	29	75	30	9	31	17	32	10	33	89	34	73	35	4	36	63	37	23	38	41	39	5	40	83	41	92	42	6	43	21	44	68	45	81	46	99	47	21	48	1	49	85
	0	44	1	27	2	77	3	98	4	30	5	96	6	12	7	98	8	8	9	22	10	35	11	34	12	43	13	5	14	41	15	7	16	67	17	64	18	35	19	87	20	33	21	86	22	85	23	39	24	48	25	42	26	89	27	20	28	38	29	16	30	99	31	82	32	84	33	10	34	75	35	1	36	22	37	46	38	55	39	99	40	93	41	65	42	62	43	46	44	97	45	87	46	89	47	49	48	83	49	97
	0	24	1	69	2	70	3	60	4	24	5	18	6	94	7	83	8	28	9	38	10	21	11	88	12	81	13	50	14	68	15	41	16	9	17	36	18	20	19	65	20	63	21	88	22	50	23	42	24	23	25	31	26	64	27	61	28	27	29	22	30	27	31	78	32	80	33	53	34	56	35	96	36	34	37	41	38	83	39	83	40	64	41	68	42	6	43	68	44	78	45	94	46	4	47	14	48	27	49	74
	0	71	1	31	2	5	3	50	4	99	5	86	6	68	7	88	8	19	9	36	10	100	11	79	12	63	13	66	14	98	15	48	16	32	17	30	18	70	19	19	20	64	21	18	22	72	23	22	24	35	25	99	26	96	27	69	28	62	29	8	30	20	31	14	32	56	33	84	34	70	35	75	36	66	37	69	38	46	39	89	40	19	41	40	42	21	43	28	44	15	45	13	46	16	47	93	48	70	49	57
	0	9	1	66	2	91	3	5	4	21	5	86	6	32	7	37	8	7	9	84	10	68	11	95	12	25	13	82	14	88	15	28	16	71	17	51	18	86	19	3	20	98	21	86	22	4	23	10	24	75	25	27	26	63	27	58	28	21	29	50	30	74	31	39	32	44	33	96	34	30	35	100	36	76	37	25	38	2	39	56	40	57	41	98	42	7	43	33	44	27	45	28	46	14	47	34	48	36	49	68
	0	2	1	36	2	64	3	5	4	98	5	100	6	15	7	87	8	44	9	29	10	42	11	9	12	82	13	3	14	92	15	28	16	51	17	97	18	100	19	79	20	37	21	38	22	59	23	22	24	21	25	71	26	53	27	32	28	12	29	32	30	17	31	21	32	63	33	59	34	75	35	51	36	6	37	78	38	67	39	69	40	56	41	45	42	56	43	87	44	64	45	38	46	90	47	78	48	33	49	31
	0	46	1	65	2	7	3	85	4	100	5	18	6	9	7	44	8	76	9	98	10	95	11	20	12	85	13	3	14	29	15	99	16	60	17	3	18	18	19	26	20	26	21	86	22	51	23	12	24	84	25	27	26	24	27	97	28	93	29	68	30	64	31	73	32	67	33	76	34	69	35	10	36	34	37	1	38	30	39	81	40	15	41	58	42	7	43	58	44	33	45	9	46	65	47	25	48	44	49	19
	0	6	1	38	2	57	3	4	4	42	5	25	6	92	7	99	8	98	9	99	10	79	11	18	12	38	13	36	14	10	15	83	16	61	17	41	18	87	19	36	20	99	21	96	22	35	23	69	24	25	25	72	26	72	27	37	28	44	29	41	30	46	31	32	32	22	33	25	34	96	35	38	36	98	37	70	38	91	39	99	40	54	41	26	42	44	43	52	44	59	45	70	46	15	47	32	48	2	49	18
	0	54	1	40	2	89	3	93	4	45	5	17	6	60	7	51	8	34	9	86	10	48	11	94	12	79	13	51	14	5	15	11	16	49	17	58	18	46	19	21	20	40	21	49	22	95	23	23	24	6	25	94	26	36	27	66	28	20	29	47	30	98	31	99	32	3	33	83	34	32	35	66	36	99	37	11	38	56	39	47	40	71	41	55	42	68	43	68	44	54	45	64	46	76	47	32	48	93	49	81
	0	72	1	40	2	40	3	1	4	54	5	100	6	3	7	70	8	87	9	52	10	57	11	27	12	34	13	52	14	70	15	83	16	17	17	98	18	98	19	91	20	87	21	77	22	58	23	48	24	99	25	86	26	77	27	33	28	35	29	41	30	74	31	80	32	18	33	80	34	40	35	28	36	100	37	32	38	93	39	8	40	40	41	96	42	55	43	48	44	79	45	62	46	61	47	14	48	90	49	59
	0	86	1	20	2	62	3	24	4	86	5	67	6	47	7	11	8	46	9	98	10	71	11	4	12	10	13	76	14	84	15	81	16	31	17	34	18	32	19	57	20	54	21	38	22	28	23	6	24	36	25	64	26	87	27	27	28	53	29	98	30	56	31	11	32	56	33	89	34	24	35	31	36	70	37	18	38	25	39	46	40	59	41	75	42	50	43	1	44	87	45	45	46	31	47	75	48	53	49	48
	0	83	1	77	2	85	3	89	4	92	5	28	6	19	7	4	8	91	9	57	10	95	11	11	12	77	13	4	14	41	15	15	16	47	17	8	18	43	19	7	20	54	21	29	22	6	23	57	24	24	25	26	26	64	27	12	28	73	29	79	30	88	31	26	32	19	33	58	34	4	35	96	36	82	37	47	38	17	39	73	40	9	41	81	42	4	43	79	44	74	45	75	46	25	47	43	48	37	49	29
	0	59	1	43	2	61	3	42	4	74	5	14	6	27	7	86	8	68	9	54	10	85	11	3	12	67	13	49	14	39	15	31	16	52	17	91	18	56	19	87	20	40	21	56	22	43	23	37	24	68	25	80	26	25	27	54	28	33	29	42	30	34	31	31	32	94	33	34	34	84	35	3	36	43	37	90	38	77	39	5	40	97	41	100	42	99	43	43	44	63	45	27	46	73	47	90	48	87	49	10
	0	79	1	12	2	92	3	10	4	74	5	81	6	46	7	44	8	66	9	56	10	37	11	11	12	13	13	15	14	41	15	93	16	65	17	70	18	92	19	9	20	72	21	18	22	21	23	30	24	5	25	87	26	96	27	95	28	87	29	94	30	90	31	90	32	23	33	23	34	72	35	72	36	70	37	79	38	66	39	52	40	90	41	88	42	55	43	72	44	77	45	47	46	15	47	32	48	58	49	40
	0	93	1	70	2	96	3	75	4	77	5	77	6	51	7	9	8	30	9	15	10	77	11	65	12	61	13	70	14	70	15	64	16	75	17	54	18	79	19	15	20	27	21	38	22	48	23	44	24	49	25	75	26	65	27	56	28	53	29	66	30	22	31	49	32	12	33	48	34	14	35	42	36	76	37	25	38	41	39	74	40	76	41	75	42	73	43	90	44	20	45	90	46	8	47	13	48	92	49	44
	0	34	1	84	2	99	3	84	4	51	5	10	6	27	7	98	8	50	9	37	10	9	11	11	12	24	13	72	14	14	15	95	16	74	17	96	18	97	19	8	20	39	21	36	22	90	23	90	24	37	25	18	26	8	27	92	28	34	29	91	30	9	31	9	32	48	33	98	34	21	35	28	36	65	37	57	38	42	39	44	40	34	41	46	42	61	43	84	44	39	45	23	46	56	47	41	48	7	49	29
	0	90	1	12	2	66	3	38	4	71	5	2	6	65	7	67	8	87	9	20	10	51	11	57	12	5	13	89	14	19	15	81	16	4	17	56	18	16	19	49	20	93	21	42	22	54	23	6	24	3	25	5	26	52	27	56	28	92	29	89	30	27	31	49	32	74	33	77	34	1	35	10	36	67	37	78	38	86	39	13	40	38	41	17	42	72	43	8	44	58	45	5	46	27	47	71	48	28	49	9
	0	85	1	36	2	23	3	50	4	81	5	2	6	53	7	94	8	52	9	62	10	70	11	23	12	31	13	76	14	40	15	93	16	81	17	75	18	69	19	15	20	60	21	100	22	62	23	31	24	16	25	80	26	39	27	50	28	36	29	21	30	43	31	75	32	14	33	58	34	21	35	49	36	17	37	85	38	48	39	73	40	39	41	74	42	36	43	100	44	97	45	44	46	50	47	99	48	99	49	41
	0	13	1	33	2	82	3	34	4	82	5	9	6	12	7	51	8	14	9	96	10	91	11	98	12	71	13	98	14	1	15	46	16	22	17	50	18	96	19	67	20	45	21	67	22	19	23	60	24	27	25	56	26	88	27	2	28	33	29	91	30	9	31	8	32	82	33	79	34	77	35	88	36	41	37	2	38	95	39	34	40	46	41	92	42	21	43	82	44	2	45	72	46	2	47	17	48	6	49	89
	0	88	1	28	2	21	3	100	4	6	5	32	6	80	7	2	8	50	9	14	10	93	11	11	12	20	13	64	14	3	15	29	16	6	17	95	18	100	19	60	20	8	21	84	22	93	23	63	24	37	25	69	26	98	27	41	28	31	29	80	30	98	31	28	32	92	33	9	34	75	35	99	36	23	37	37	38	24	39	25	40	10	41	56	42	99	43	56	44	1	45	85	46	49	47	83	48	61	49	55
	0	43	1	37	2	3	3	94	4	7	5	9	6	33	7	66	8	91	9	3	10	60	11	29	12	67	13	56	14	44	15	17	16	24	17	94	18	100	19	63	20	85	21	92	22	78	23	18	24	95	25	74	26	76	27	38	28	37	29	68	30	66	31	31	32	74	33	85	34	37	35	96	36	36	37	9	38	88	39	98	40	83	41	5	42	19	43	53	44	30	45	91	46	9	47	22	48	8	49	14
	0	74	1	36	2	84	3	42	4	49	5	6	6	92	7	64	8	30	9	78	10	31	11	40	12	80	13	50	14	16	15	62	16	78	17	61	18	23	19	17	20	59	21	100	22	47	23	48	24	94	25	24	26	48	27	73	28	86	29	57	30	84	31	90	32	92	33	23	34	35	35	94	36	98	37	39	38	74	39	77	40	4	41	49	42	40	43	78	44	94	45	4	46	12	47	25	48	1	49	99
	0	8	1	64	2	92	3	25	4	25	5	84	6	32	7	6	8	27	9	71	10	8	11	21	12	33	13	57	14	6	15	28	16	52	17	42	18	85	19	50	20	93	21	15	22	97	23	85	24	17	25	89	26	32	27	48	28	28	29	32	30	88	31	60	32	24	33	58	34	9	35	37	36	31	37	16	38	35	39	54	40	18	41	82	42	40	43	77	44	53	45	48	46	78	47	95	48	40	49	56
	0	51	1	86	2	73	3	31	4	66	5	7	6	62	7	9	8	49	9	1	10	48	11	44	12	28	13	32	14	100	15	83	16	21	17	15	18	48	19	97	20	65	21	7	22	19	23	28	24	80	25	52	26	64	27	100	28	77	29	7	30	2	31	85	32	22	33	8	34	6	35	32	36	26	37	28	38	19	39	95	40	34	41	47	42	77	43	24	44	21	45	42	46	62	47	100	48	19	49	53
	0	30	1	35	2	39	3	98	4	71	5	56	6	58	7	34	8	7	9	51	10	80	11	85	12	35	13	52	14	5	15	91	16	58	17	75	18	49	19	47	20	79	21	37	22	11	23	34	24	40	25	34	26	71	27	57	28	30	29	46	30	75	31	58	32	1	33	87	34	34	35	47	36	63	37	42	38	37	39	80	40	42	41	40	42	72	43	92	44	31	45	59	46	90	47	26	48	62	49	67
	0	66	1	55	2	76	3	47	4	33	5	72	6	82	7	41	8	93	9	83	10	17	11	35	12	48	13	51	14	55	15	63	16	85	17	61	18	26	19	89	20	14	21	8	22	49	23	9	24	44	25	26	26	79	27	81	28	50	29	15	30	23	31	70	32	65	33	30	34	91	35	65	36	88	37	38	38	70	39	10	40	7	41	64	42	36	43	57	44	76	45	68	46	57	47	24	48	84	49	41
	0	40	1	23	2	18	3	1	4	30	5	99	6	98	7	28	8	61	9	72	10	42	11	75	12	15	13	94	14	93	15	39	16	50	17	57	18	97	19	71	20	89	21	11	22	43	23	83	24	92	25	79	26	82	27	58	28	41	29	81	30	81	31	72	32	27	33	100	34	11	35	4	36	5	37	56	38	42	39	74	40	56	41	64	42	5	43	39	44	84	45	4	46	52	47	39	48	24	49	18
	0	13	1	76	2	47	3	13	4	39	5	65	6	86	7	45	8	71	9	86	10	14	11	100	12	83	13	31	14	57	15	2	16	87	17	30	18	17	19	24	20	91	21	84	22	38	23	63	24	59	25	52	26	45	27	14	28	4	29	76	30	29	31	66	32	22	33	20	34	69	35	88	36	38	37	69	38	14	39	75	40	31	41	27	42	51	43	95	44	57	45	83	46	43	47	37	48	74	49	53
	0	28	1	51	2	70	3	12	4	77	5	52	6	9	7	74	8	84	9	89	10	70	11	85	12	27	13	48	14	42	15	35	16	4	17	8	18	95	19	98	20	70	21	66	22	34	23	75	24	97	25	34	26	25	27	83	28	46	29	38	30	32	31	12	32	19	33	87	34	9	35	54	36	36	37	90	38	43	39	77	40	58	41	49	42	26	43	90	44	25	45	37	46	27	47	16	48	18	49	48
	0	68	1	91	2	39	3	90	4	32	5	35	6	70	7	36	8	68	9	75	10	69	11	68	12	55	13	9	14	93	15	80	16	49	17	45	18	76	19	16	20	30	21	51	22	92	23	63	24	7	25	4	26	76	27	33	28	59	29	25	30	99	31	85	32	26	33	26	34	4	35	98	36	63	37	26	38	55	39	70	40	26	41	90	42	62	43	13	44	67	45	13	46	73	47	83	48	36	49	58
	0	51	1	41	2	24	3	97	4	83	5	52	6	7	7	29	8	77	9	60	10	57	11	85	12	55	13	97	14	47	15	24	16	43	17	16	18	45	19	83	20	10	21	60	22	96	23	50	24	22	25	88	26	29	27	54	28	3	29	50	30	26	31	7	32	13	33	56	34	60	35	30	36	98	37	89	38	75	39	55	40	71	41	72	42	71	43	84	44	15	45	61	46	12	47	39	48	29	49	47
	0	80	1	53	2	61	3	77	4	31	5	66	6	89	7	35	8	31	9	27	10	46	11	36	12	81	13	41	14	6	15	26	16	57	17	81	18	75	19	97	20	21	21	64	22	47	23	48	24	83	25	74	26	27	27	60	28	15	29	69	30	30	31	70	32	54	33	99	34	6	35	48	36	45	37	37	38	48	39	19	40	98	41	92	42	85	43	96	44	72	45	53	46	72	47	94	48	16	49	94
	0	22	1	52	2	12	3	24	4	38	5	93	6	9	7	73	8	60	9	76	10	54	11	48	12	11	13	42	14	34	15	97	16	13	17	48	18	8	19	53	20	31	21	36	22	86	23	72	24	25	25	91	26	77	27	72	28	48	29	80	30	21	31	27	32	15	33	83	34	70	35	93	36	24	37	39	38	99	39	59	40	4	41	92	42	38	43	52	44	29	45	94	46	71	47	36	48	21	49	7
	0	48	1	91	2	15	3	6	4	87	5	55	6	91	7	78	8	83	9	67	10	64	11	80	12	38	13	52	14	4	15	67	16	78	17	19	18	27	19	46	20	32	21	78	22	68	23	94	24	81	25	93	26	40	27	37	28	98	29	22	30	37	31	2	32	50	33	18	34	21	35	75	36	23	37	91	38	26	39	21	40	84	41	45	42	48	43	65	44	19	45	55	46	7	47	35	48	76	49	39
	0	19	1	99	2	24	3	39	4	82	5	70	6	6	7	24	8	94	9	56	10	31	11	71	12	40	13	67	14	59	15	90	16	18	17	17	18	48	19	96	20	96	21	80	22	82	23	55	24	22	25	86	26	95	27	37	28	13	29	70	30	62	31	78	32	13	33	10	34	21	35	12	36	96	37	8	38	44	39	36	40	34	41	13	42	69	43	17	44	79	45	83	46	76	47	52	48	16	49	33
	0	53	1	51	2	88	3	22	4	86	5	80	6	4	7	67	8	81	9	12	10	81	11	5	12	90	13	50	14	70	15	16	16	4	17	37	18	81	19	98	20	33	21	60	22	2	23	47	24	94	25	5	26	74	27	85	28	60	29	38	30	74	31	50	32	57	33	98	34	5	35	11	36	13	37	48	38	7	39	11	40	76	41	8	42	41	43	24	44	74	45	58	46	96	47	84	48	84	49	12
	0	27	1	31	2	21	3	65	4	32	5	73	6	70	7	97	8	15	9	59	10	28	11	71	12	96	13	20	14	16	15	45	16	74	17	16	18	90	19	21	20	39	21	96	22	62	23	67	24	93	25	65	26	86	27	97	28	42	29	4	30	8	31	2	32	47	33	3	34	61	35	61	36	57	37	84	38	46	39	67	40	60	41	43	42	55	43	63	44	30	45	23	46	15	47	65	48	42	49	5
	0	50	1	4	2	3	3	78	4	100	5	47	6	6	7	16	8	53	9	47	10	2	11	95	12	54	13	37	14	71	15	6	16	16	17	94	18	1	19	48	20	50	21	3	22	42	23	24	24	75	25	17	26	69	27	67	28	75	29	92	30	75	31	50	32	32	33	38	34	99	35	88	36	39	37	18	38	21	39	16	40	63	41	79	42	20	43	2	44	32	45	10	46	51	47	38	48	54	49	52
	0	87	1	10	2	97	3	8	4	60	5	45	6	77	7	21	8	52	9	83	10	48	11	27	12	61	13	22	14	87	15	5	16	20	17	35	18	8	19	65	20	50	21	58	22	60	23	53	24	82	25	96	26	86	27	76	28	59	29	97	30	55	31	61	32	32	33	91	34	82	35	99	36	85	37	97	38	10	39	55	40	65	41	31	42	19	43	33	44	5	45	96	46	70	47	25	48	56	49	4
	0	19	1	85	2	72	3	84	4	46	5	18	6	19	7	74	8	94	9	58	10	87	11	82	12	3	13	85	14	46	15	91	16	83	17	6	18	58	19	23	20	80	21	88	22	36	23	99	24	7	25	40	26	37	27	46	28	47	29	57	30	92	31	56	32	67	33	93	34	40	35	89	36	82	37	12	38	9	39	62	40	65	41	40	42	50	43	95	44	91	45	29	46	39	47	83	48	62	49	74
	0	92	1	20	2	52	3	77	4	42	5	97	6	62	7	38	8	3	9	50	10	88	11	1	12	8	13	30	14	29	15	15	16	76	17	18	18	85	19	61	20	75	21	9	22	41	23	72	24	78	25	38	26	22	27	35	28	13	29	20	30	64	31	62	32	67	33	34	34	46	35	70	36	1	37	66	38	68	39	84	40	73	41	86	42	75	43	94	44	80	45	40	46	67	47	91	48	70	49	69
	0	31	1	83	2	85	3	94	4	97	5	66	6	26	7	15	8	3	9	86	10	66	11	29	12	15	13	44	14	37	15	64	16	43	17	100	18	81	19	72	20	41	21	98	22	34	23	34	24	95	25	11	26	77	27	76	28	24	29	77	30	86	31	93	32	54	33	82	34	52	35	21	36	41	37	99	38	68	39	33	40	51	41	3	42	90	43	14	44	25	45	5	46	23	47	59	48	80	49	94
	0	91	1	6	2	32	3	65	4	96	5	76	6	44	7	70	8	67	9	8	10	27	11	42	12	56	13	88	14	45	15	52	16	35	17	20	18	14	19	14	20	97	21	98	22	92	23	45	24	76	25	57	26	88	27	48	28	18	29	21	30	52	31	65	32	88	33	87	34	21	35	32	36	87	37	95	38	25	39	25	40	10	41	80	42	84	43	69	44	83	45	8	46	53	47	78	48	37	49	49
	0	90	1	15	2	28	3	20	4	57	5	14	6	7	7	15	8	78	9	86	10	86	11	3	12	13	13	16	14	74	15	62	16	25	17	13	18	57	19	76	20	50	21	69	22	64	23	11	24	87	25	55	26	41	27	57	28	84	29	30	30	9	31	91	32	74	33	72	34	95	35	10	36	86	37	46	38	62	39	22	40	54	41	50	42	60	43	10	44	73	45	38	46	95	47	2	48	91	49	83
Reldue
-1	4216	-1	1
-1	743	-1	1
-1	2297	-1	1
-1	2271	-1	1
-1	4428	-1	1
-1	5441	-1	1
-1	1064	-1	1
-1	1019	-1	1
-1	4096	-1	1
-1	4913	-1	1
-1	726	-1	1
-1	3967	-1	1
-1	2650	-1	1
-1	3283	-1	1
-1	803	-1	1
-1	1395	-1	1
-1	3144	-1	1
-1	4386	-1	1
-1	1872	-1	1
-1	1398	-1	1
-1	1246	-1	1
-1	4914	-1	1
-1	3306	-1	1
-1	4595	-1	1
-1	2657	-1	1
-1	5357	-1	1
-1	5466	-1	1
-1	1100	-1	1
-1	2674	-1	1
-1	750	-1	1
-1	5389	-1	1
-1	4594	-1	1
-1	2106	-1	1
-1	3979	-1	1
-1	1125	-1	1
-1	5328	-1	1
-1	711	-1	1
-1	1498	-1	1
-1	1224	-1	1
-1	3588	-1	1
-1	5078	-1	1
-1	1116	-1	1
-1	2324	-1	1
-1	2951	-1	1
-1	4563	-1	1
-1	4585	-1	1
-1	3420	-1	1
-1	3046	-1	1
-1	4383	-1	1
-1	2488	-1	1
LBCmax: 4971
