50  10
	0	98	1	70	2	47	3	8	4	90	5	51	6	16	7	49	8	39	9	43
	0	42	1	46	2	48	3	55	4	12	5	56	6	50	7	75	8	29	9	62
	0	93	1	93	2	91	3	78	4	21	5	45	6	17	7	5	8	73	9	17
	0	77	1	3	2	23	3	63	4	37	5	17	6	11	7	88	8	7	9	64
	0	57	1	19	2	70	3	64	4	46	5	76	6	22	7	93	8	33	9	83
	0	52	1	65	2	4	3	16	4	40	5	87	6	84	7	61	8	60	9	39
	0	97	1	19	2	7	3	75	4	3	5	10	6	86	7	46	8	63	9	36
	0	37	1	90	2	25	3	11	4	83	5	41	6	24	7	83	8	22	9	54
	0	28	1	90	2	99	3	38	4	86	5	22	6	35	7	63	8	66	9	4
	0	92	1	68	2	64	3	94	4	6	5	82	6	45	7	79	8	19	9	56
	0	42	1	13	2	81	3	44	4	15	5	8	6	16	7	98	8	61	9	11
	0	67	1	56	2	5	3	95	4	56	5	43	6	40	7	49	8	49	9	10
	0	80	1	71	2	82	3	85	4	32	5	71	6	100	7	6	8	37	9	53
	0	30	1	62	2	1	3	25	4	61	5	70	6	30	7	64	8	28	9	53
	0	42	1	33	2	8	3	93	4	20	5	13	6	79	7	93	8	24	9	24
	0	2	1	60	2	69	3	23	4	24	5	86	6	67	7	18	8	15	9	2
	0	51	1	25	2	85	3	27	4	53	5	68	6	43	7	37	8	4	9	97
	0	93	1	27	2	64	3	59	4	92	5	35	6	12	7	70	8	92	9	55
	0	52	1	60	2	57	3	72	4	12	5	86	6	28	7	68	8	42	9	40
	0	70	1	4	2	41	3	6	4	21	5	68	6	67	7	27	8	39	9	42
	0	9	1	89	2	10	3	45	4	29	5	41	6	61	7	28	8	1	9	9
	0	92	1	45	2	99	3	64	4	23	5	28	6	19	7	47	8	28	9	31
	0	40	1	82	2	78	3	23	4	45	5	20	6	42	7	53	8	70	9	77
	0	5	1	7	2	44	3	85	4	96	5	30	6	47	7	69	8	52	9	97
	0	91	1	86	2	45	3	33	4	95	5	28	6	56	7	42	8	33	9	60
	0	75	1	73	2	49	3	31	4	50	5	44	6	83	7	4	8	26	9	1
	0	47	1	79	2	45	3	81	4	46	5	97	6	89	7	9	8	38	9	71
	0	97	1	39	2	68	3	69	4	87	5	39	6	29	7	34	8	56	9	50
	0	29	1	41	2	43	3	99	4	67	5	8	6	91	7	31	8	57	9	11
	0	20	1	85	2	41	3	86	4	6	5	41	6	80	7	97	8	46	9	9
	0	25	1	17	2	24	3	33	4	1	5	44	6	26	7	34	8	49	9	55
	0	67	1	16	2	17	3	73	4	25	5	10	6	99	7	76	8	1	9	23
	0	54	1	6	2	39	3	26	4	53	5	39	6	80	7	90	8	47	9	25
	0	46	1	60	2	45	3	12	4	57	5	31	6	44	7	7	8	39	9	42
	0	59	1	51	2	80	3	32	4	38	5	1	6	34	7	11	8	58	9	38
	0	76	1	37	2	41	3	69	4	72	5	98	6	42	7	68	8	7	9	55
	0	81	1	82	2	88	3	93	4	38	5	3	6	13	7	62	8	29	9	71
	0	72	1	38	2	21	3	72	4	32	5	14	6	66	7	32	8	4	9	11
	0	64	1	34	2	8	3	65	4	70	5	94	6	76	7	27	8	23	9	93
	0	70	1	94	2	46	3	35	4	91	5	40	6	54	7	76	8	6	9	33
	0	76	1	62	2	44	3	48	4	55	5	56	6	4	7	7	8	9	9	42
	0	90	1	16	2	45	3	43	4	81	5	77	6	76	7	90	8	79	9	91
	0	71	1	22	2	98	3	87	4	42	5	14	6	93	7	34	8	51	9	55
	0	46	1	26	2	85	3	21	4	44	5	51	6	41	7	32	8	22	9	82
	0	6	1	67	2	65	3	37	4	39	5	84	6	79	7	18	8	74	9	77
	0	80	1	19	2	18	3	51	4	65	5	45	6	100	7	14	8	55	9	12
	0	93	1	2	2	37	3	99	4	39	5	100	6	29	7	77	8	13	9	15
	0	58	1	34	2	31	3	9	4	24	5	84	6	88	7	16	8	78	9	12
	0	66	1	94	2	47	3	90	4	54	5	69	6	90	7	2	8	83	9	92
	0	57	1	11	2	54	3	21	4	78	5	90	6	4	7	70	8	28	9	5
Reldue
-1	3057	-1	1
-1	1376	-1	1
-1	1916	-1	1
-1	3843	-1	1
-1	3824	-1	1
-1	2017	-1	1
-1	3670	-1	1
-1	3286	-1	1
-1	2453	-1	1
-1	2118	-1	1
-1	2573	-1	1
-1	2775	-1	1
-1	2008	-1	1
-1	3866	-1	1
-1	1562	-1	1
-1	2192	-1	1
-1	1802	-1	1
-1	2539	-1	1
-1	2236	-1	1
-1	1599	-1	1
-1	3884	-1	1
-1	3296	-1	1
-1	4147	-1	1
-1	3174	-1	1
-1	1419	-1	1
-1	2669	-1	1
-1	3022	-1	1
-1	1284	-1	1
-1	1903	-1	1
-1	1305	-1	1
-1	2259	-1	1
-1	3251	-1	1
-1	2530	-1	1
-1	1597	-1	1
-1	4176	-1	1
-1	4057	-1	1
-1	1514	-1	1
-1	3177	-1	1
-1	3480	-1	1
-1	1383	-1	1
-1	3278	-1	1
-1	3503	-1	1
-1	3000	-1	1
-1	1829	-1	1
-1	2249	-1	1
-1	1878	-1	1
-1	1104	-1	1
-1	2422	-1	1
-1	2243	-1	1
-1	2787	-1	1
LBCmax: 3247
