350  30
	0	91	1	45	2	33	3	58	4	14	5	49	6	55	7	74	8	74	9	93	10	100	11	49	12	37	13	49	14	27	15	8	16	89	17	64	18	58	19	13	20	36	21	36	22	73	23	1	24	91	25	99	26	83	27	41	28	26	29	77
	0	64	1	20	2	29	3	7	4	86	5	26	6	83	7	22	8	99	9	81	10	51	11	49	12	47	13	44	14	56	15	69	16	23	17	83	18	73	19	32	20	84	21	92	22	64	23	38	24	92	25	100	26	47	27	11	28	53	29	88
	0	66	1	46	2	61	3	31	4	99	5	91	6	77	7	15	8	25	9	94	10	2	11	100	12	50	13	43	14	10	15	33	16	40	17	56	18	62	19	24	20	23	21	20	22	24	23	45	24	68	25	74	26	40	27	22	28	26	29	84
	0	41	1	12	2	24	3	64	4	5	5	95	6	19	7	35	8	80	9	32	10	65	11	24	12	42	13	51	14	59	15	51	16	52	17	73	18	49	19	49	20	30	21	92	22	33	23	27	24	69	25	61	26	83	27	53	28	46	29	57
	0	65	1	30	2	1	3	25	4	46	5	96	6	10	7	20	8	6	9	52	10	51	11	100	12	97	13	21	14	52	15	42	16	12	17	74	18	69	19	81	20	65	21	90	22	18	23	87	24	91	25	30	26	92	27	42	28	13	29	35
	0	99	1	83	2	42	3	90	4	23	5	2	6	96	7	9	8	97	9	48	10	71	11	33	12	30	13	53	14	85	15	45	16	25	17	72	18	86	19	40	20	90	21	41	22	87	23	20	24	28	25	48	26	79	27	84	28	48	29	8
	0	34	1	32	2	45	3	67	4	84	5	30	6	25	7	84	8	61	9	71	10	97	11	65	12	18	13	45	14	40	15	41	16	65	17	9	18	11	19	29	20	4	21	5	22	77	23	98	24	38	25	85	26	67	27	54	28	76	29	18
	0	78	1	88	2	90	3	7	4	87	5	67	6	62	7	44	8	61	9	73	10	49	11	53	12	46	13	93	14	50	15	31	16	85	17	27	18	42	19	77	20	17	21	87	22	37	23	50	24	25	25	64	26	59	27	29	28	52	29	22
	0	57	1	39	2	1	3	28	4	96	5	75	6	88	7	28	8	92	9	50	10	18	11	38	12	84	13	25	14	88	15	93	16	62	17	11	18	53	19	90	20	91	21	64	22	8	23	13	24	96	25	83	26	61	27	15	28	12	29	100
	0	6	1	8	2	90	3	31	4	23	5	89	6	40	7	2	8	67	9	86	10	37	11	96	12	15	13	11	14	15	15	60	16	77	17	66	18	47	19	83	20	16	21	21	22	58	23	39	24	10	25	60	26	43	27	39	28	46	29	87
	0	79	1	47	2	60	3	7	4	40	5	53	6	31	7	44	8	76	9	7	10	2	11	63	12	3	13	55	14	2	15	88	16	10	17	34	18	73	19	53	20	92	21	18	22	27	23	25	24	60	25	19	26	1	27	74	28	82	29	78
	0	73	1	86	2	63	3	20	4	55	5	54	6	66	7	42	8	95	9	81	10	31	11	58	12	26	13	73	14	43	15	24	16	64	17	28	18	55	19	22	20	44	21	32	22	79	23	68	24	23	25	23	26	83	27	75	28	22	29	85
	0	62	1	88	2	66	3	77	4	86	5	71	6	37	7	23	8	24	9	12	10	67	11	1	12	2	13	77	14	33	15	18	16	53	17	32	18	20	19	56	20	59	21	2	22	66	23	21	24	87	25	58	26	22	27	48	28	84	29	28
	0	69	1	15	2	80	3	84	4	87	5	92	6	93	7	53	8	61	9	25	10	64	11	52	12	84	13	21	14	56	15	37	16	75	17	90	18	79	19	30	20	18	21	60	22	50	23	54	24	24	25	78	26	87	27	92	28	27	29	48
	0	91	1	53	2	98	3	76	4	76	5	6	6	24	7	26	8	46	9	23	10	91	11	14	12	33	13	27	14	65	15	70	16	30	17	61	18	59	19	67	20	6	21	96	22	42	23	92	24	76	25	58	26	8	27	99	28	49	29	48
	0	23	1	86	2	100	3	74	4	19	5	66	6	35	7	22	8	4	9	39	10	30	11	35	12	96	13	79	14	70	15	82	16	9	17	93	18	32	19	26	20	51	21	21	22	71	23	38	24	8	25	69	26	8	27	97	28	19	29	19
	0	36	1	84	2	78	3	37	4	79	5	68	6	4	7	75	8	89	9	26	10	84	11	53	12	47	13	49	14	56	15	50	16	12	17	34	18	2	19	48	20	39	21	59	22	77	23	8	24	50	25	87	26	64	27	71	28	34	29	54
	0	65	1	12	2	7	3	30	4	41	5	91	6	68	7	62	8	81	9	80	10	15	11	38	12	52	13	56	14	24	15	24	16	56	17	96	18	91	19	80	20	10	21	6	22	1	23	38	24	17	25	76	26	69	27	2	28	92	29	42
	0	63	1	16	2	59	3	91	4	17	5	98	6	47	7	53	8	73	9	37	10	36	11	48	12	35	13	5	14	33	15	100	16	4	17	22	18	91	19	25	20	35	21	93	22	83	23	54	24	35	25	95	26	12	27	62	28	97	29	68
	0	5	1	90	2	26	3	68	4	25	5	9	6	15	7	71	8	11	9	41	10	74	11	24	12	11	13	36	14	15	15	100	16	81	17	100	18	53	19	5	20	62	21	84	22	64	23	22	24	54	25	93	26	31	27	11	28	59	29	90
	0	49	1	96	2	51	3	90	4	73	5	1	6	94	7	58	8	46	9	14	10	33	11	86	12	21	13	5	14	10	15	88	16	69	17	25	18	86	19	36	20	56	21	38	22	79	23	59	24	98	25	91	26	38	27	36	28	48	29	19
	0	14	1	77	2	85	3	27	4	10	5	76	6	74	7	4	8	5	9	69	10	50	11	64	12	94	13	37	14	31	15	16	16	90	17	38	18	54	19	6	20	68	21	51	22	19	23	87	24	60	25	75	26	48	27	3	28	33	29	12
	0	15	1	6	2	90	3	24	4	10	5	24	6	94	7	50	8	21	9	69	10	4	11	9	12	64	13	36	14	59	15	52	16	95	17	41	18	70	19	9	20	74	21	96	22	81	23	53	24	68	25	19	26	31	27	95	28	23	29	38
	0	20	1	64	2	33	3	7	4	58	5	26	6	76	7	79	8	49	9	76	10	24	11	89	12	44	13	89	14	18	15	24	16	75	17	7	18	74	19	18	20	24	21	14	22	76	23	74	24	12	25	13	26	49	27	4	28	23	29	25
	0	27	1	49	2	64	3	47	4	70	5	10	6	46	7	63	8	79	9	11	10	52	11	83	12	15	13	59	14	89	15	57	16	37	17	95	18	73	19	90	20	96	21	36	22	84	23	54	24	55	25	48	26	82	27	68	28	28	29	12
	0	79	1	5	2	59	3	69	4	10	5	33	6	69	7	57	8	42	9	6	10	59	11	64	12	16	13	64	14	45	15	76	16	8	17	98	18	45	19	95	20	65	21	4	22	64	23	37	24	42	25	19	26	50	27	50	28	41	29	18
	0	94	1	15	2	46	3	17	4	12	5	7	6	88	7	7	8	39	9	38	10	90	11	16	12	5	13	9	14	83	15	76	16	88	17	38	18	79	19	39	20	56	21	45	22	48	23	65	24	47	25	12	26	46	27	88	28	44	29	41
	0	76	1	26	2	52	3	88	4	82	5	81	6	76	7	47	8	10	9	66	10	61	11	96	12	92	13	40	14	47	15	44	16	31	17	41	18	35	19	43	20	87	21	44	22	85	23	44	24	99	25	4	26	88	27	4	28	2	29	31
	0	69	1	5	2	5	3	21	4	31	5	6	6	51	7	57	8	36	9	51	10	71	11	25	12	88	13	25	14	9	15	18	16	63	17	94	18	70	19	42	20	98	21	95	22	25	23	19	24	37	25	65	26	81	27	66	28	97	29	10
	0	74	1	4	2	99	3	56	4	79	5	94	6	78	7	45	8	25	9	44	10	72	11	57	12	50	13	8	14	40	15	72	16	57	17	76	18	77	19	9	20	40	21	29	22	12	23	94	24	96	25	5	26	17	27	62	28	37	29	10
	0	56	1	76	2	84	3	54	4	53	5	33	6	81	7	2	8	62	9	84	10	84	11	78	12	60	13	79	14	7	15	59	16	11	17	34	18	13	19	30	20	55	21	67	22	19	23	15	24	29	25	46	26	6	27	85	28	21	29	60
	0	96	1	9	2	18	3	100	4	11	5	17	6	99	7	2	8	28	9	64	10	71	11	3	12	16	13	37	14	70	15	8	16	85	17	31	18	61	19	61	20	11	21	86	22	12	23	73	24	12	25	78	26	23	27	57	28	74	29	80
	0	44	1	66	2	66	3	49	4	6	5	33	6	93	7	17	8	47	9	55	10	69	11	66	12	14	13	85	14	17	15	36	16	68	17	14	18	11	19	93	20	24	21	53	22	42	23	37	24	5	25	56	26	62	27	59	28	88	29	33
	0	24	1	50	2	73	3	60	4	40	5	33	6	11	7	76	8	25	9	68	10	53	11	11	12	87	13	55	14	20	15	11	16	89	17	31	18	16	19	39	20	93	21	29	22	3	23	63	24	54	25	67	26	39	27	74	28	42	29	63
	0	38	1	84	2	88	3	95	4	94	5	100	6	94	7	74	8	98	9	82	10	60	11	73	12	18	13	15	14	96	15	44	16	39	17	67	18	45	19	14	20	70	21	5	22	24	23	35	24	71	25	95	26	56	27	49	28	63	29	11
	0	58	1	59	2	8	3	20	4	6	5	53	6	85	7	19	8	87	9	2	10	99	11	55	12	9	13	24	14	90	15	40	16	45	17	9	18	40	19	39	20	4	21	19	22	82	23	8	24	79	25	24	26	72	27	3	28	11	29	43
	0	72	1	77	2	50	3	81	4	53	5	53	6	27	7	1	8	21	9	29	10	59	11	60	12	18	13	53	14	42	15	2	16	61	17	85	18	13	19	91	20	14	21	15	22	91	23	18	24	100	25	24	26	15	27	20	28	19	29	95
	0	42	1	100	2	6	3	10	4	89	5	28	6	49	7	97	8	6	9	57	10	73	11	17	12	34	13	7	14	30	15	83	16	83	17	77	18	69	19	74	20	15	21	95	22	70	23	84	24	43	25	21	26	67	27	3	28	72	29	63
	0	97	1	30	2	31	3	60	4	49	5	71	6	80	7	59	8	89	9	68	10	7	11	74	12	4	13	46	14	20	15	12	16	78	17	3	18	18	19	8	20	96	21	59	22	96	23	88	24	40	25	38	26	1	27	80	28	19	29	71
	0	74	1	5	2	61	3	17	4	14	5	52	6	32	7	52	8	61	9	1	10	92	11	81	12	100	13	49	14	76	15	58	16	5	17	62	18	78	19	26	20	89	21	42	22	70	23	19	24	35	25	5	26	74	27	69	28	16	29	82
	0	91	1	33	2	26	3	15	4	34	5	19	6	88	7	92	8	32	9	70	10	2	11	43	12	92	13	56	14	67	15	14	16	45	17	69	18	63	19	55	20	15	21	14	22	95	23	18	24	66	25	58	26	45	27	40	28	44	29	71
	0	46	1	57	2	11	3	69	4	18	5	74	6	13	7	49	8	6	9	88	10	68	11	66	12	8	13	41	14	46	15	12	16	92	17	43	18	62	19	72	20	47	21	7	22	43	23	80	24	95	25	61	26	1	27	7	28	70	29	56
	0	42	1	40	2	57	3	71	4	2	5	36	6	21	7	78	8	62	9	71	10	82	11	35	12	8	13	12	14	12	15	10	16	30	17	71	18	72	19	47	20	74	21	38	22	97	23	43	24	88	25	90	26	4	27	87	28	39	29	26
	0	87	1	78	2	79	3	73	4	22	5	31	6	85	7	66	8	89	9	36	10	18	11	2	12	83	13	19	14	64	15	3	16	85	17	33	18	43	19	56	20	9	21	78	22	22	23	13	24	34	25	7	26	47	27	62	28	95	29	100
	0	91	1	98	2	7	3	93	4	88	5	68	6	24	7	82	8	73	9	71	10	60	11	71	12	87	13	10	14	37	15	13	16	92	17	62	18	29	19	57	20	2	21	91	22	14	23	24	24	43	25	21	26	60	27	53	28	85	29	64
	0	99	1	94	2	12	3	34	4	73	5	56	6	21	7	27	8	52	9	9	10	76	11	36	12	54	13	23	14	44	15	14	16	30	17	80	18	94	19	38	20	77	21	91	22	43	23	2	24	4	25	16	26	70	27	62	28	62	29	51
	0	39	1	17	2	6	3	51	4	99	5	73	6	61	7	82	8	51	9	51	10	2	11	35	12	100	13	24	14	73	15	42	16	38	17	86	18	4	19	73	20	20	21	8	22	97	23	9	24	26	25	18	26	7	27	20	28	31	29	11
	0	11	1	85	2	17	3	92	4	63	5	43	6	1	7	78	8	79	9	55	10	72	11	44	12	80	13	23	14	44	15	76	16	4	17	95	18	84	19	48	20	59	21	32	22	60	23	74	24	90	25	50	26	29	27	67	28	55	29	45
	0	49	1	22	2	56	3	54	4	94	5	12	6	73	7	29	8	6	9	40	10	70	11	17	12	96	13	11	14	99	15	75	16	5	17	6	18	14	19	61	20	70	21	74	22	56	23	87	24	55	25	65	26	88	27	15	28	49	29	81
	0	90	1	36	2	42	3	25	4	35	5	69	6	19	7	54	8	100	9	61	10	51	11	77	12	7	13	80	14	58	15	57	16	80	17	30	18	74	19	10	20	56	21	35	22	54	23	91	24	9	25	58	26	87	27	36	28	56	29	72
	0	7	1	91	2	63	3	79	4	23	5	24	6	63	7	57	8	10	9	42	10	63	11	77	12	18	13	32	14	97	15	16	16	12	17	93	18	50	19	70	20	37	21	54	22	62	23	24	24	64	25	75	26	93	27	53	28	85	29	71
	0	94	1	50	2	41	3	32	4	30	5	98	6	3	7	3	8	43	9	57	10	54	11	57	12	41	13	4	14	32	15	76	16	82	17	63	18	32	19	27	20	46	21	12	22	75	23	86	24	51	25	51	26	98	27	55	28	39	29	70
	0	24	1	77	2	33	3	43	4	12	5	39	6	57	7	56	8	85	9	22	10	57	11	23	12	10	13	26	14	70	15	60	16	67	17	6	18	32	19	21	20	14	21	70	22	12	23	15	24	66	25	28	26	22	27	52	28	24	29	11
	0	39	1	94	2	24	3	91	4	37	5	11	6	98	7	50	8	17	9	56	10	69	11	15	12	71	13	24	14	7	15	31	16	43	17	50	18	38	19	46	20	55	21	57	22	71	23	36	24	1	25	76	26	82	27	78	28	57	29	77
	0	82	1	77	2	39	3	2	4	48	5	73	6	3	7	76	8	1	9	3	10	90	11	40	12	49	13	95	14	34	15	43	16	44	17	6	18	12	19	69	20	9	21	46	22	87	23	100	24	40	25	39	26	71	27	30	28	90	29	13
	0	22	1	91	2	80	3	35	4	45	5	58	6	8	7	13	8	62	9	24	10	41	11	38	12	65	13	87	14	17	15	51	16	78	17	75	18	90	19	34	20	86	21	2	22	87	23	83	24	2	25	44	26	76	27	95	28	90	29	53
	0	54	1	85	2	65	3	72	4	99	5	21	6	19	7	14	8	58	9	25	10	74	11	6	12	58	13	97	14	38	15	17	16	57	17	48	18	18	19	31	20	84	21	52	22	32	23	22	24	25	25	59	26	2	27	47	28	56	29	21
	0	34	1	59	2	32	3	21	4	17	5	12	6	88	7	20	8	84	9	16	10	100	11	51	12	37	13	37	14	14	15	24	16	14	17	90	18	51	19	28	20	51	21	35	22	38	23	46	24	75	25	91	26	23	27	5	28	25	29	29
	0	74	1	37	2	86	3	100	4	77	5	28	6	91	7	18	8	67	9	73	10	17	11	92	12	80	13	60	14	77	15	96	16	91	17	62	18	5	19	2	20	75	21	11	22	57	23	26	24	31	25	57	26	99	27	59	28	24	29	78
	0	39	1	78	2	50	3	63	4	37	5	71	6	38	7	88	8	85	9	11	10	27	11	67	12	56	13	66	14	89	15	45	16	58	17	25	18	89	19	60	20	30	21	91	22	100	23	90	24	100	25	58	26	14	27	74	28	42	29	68
	0	16	1	60	2	49	3	43	4	18	5	22	6	85	7	1	8	59	9	58	10	78	11	25	12	28	13	45	14	95	15	46	16	64	17	28	18	71	19	32	20	32	21	64	22	18	23	33	24	93	25	38	26	24	27	95	28	7	29	40
	0	5	1	47	2	35	3	60	4	88	5	37	6	36	7	38	8	37	9	61	10	80	11	73	12	32	13	10	14	2	15	100	16	86	17	31	18	87	19	58	20	44	21	87	22	62	23	25	24	4	25	42	26	17	27	2	28	60	29	20
	0	3	1	48	2	42	3	14	4	59	5	15	6	26	7	40	8	83	9	35	10	7	11	60	12	36	13	46	14	93	15	26	16	50	17	77	18	39	19	9	20	86	21	8	22	37	23	26	24	40	25	94	26	30	27	72	28	28	29	8
	0	17	1	26	2	61	3	44	4	69	5	76	6	15	7	88	8	62	9	92	10	56	11	41	12	18	13	48	14	57	15	64	16	87	17	53	18	44	19	70	20	23	21	58	22	32	23	79	24	41	25	47	26	52	27	22	28	49	29	17
	0	80	1	58	2	91	3	23	4	16	5	25	6	57	7	31	8	72	9	68	10	31	11	1	12	72	13	84	14	100	15	12	16	68	17	92	18	26	19	80	20	25	21	28	22	62	23	44	24	45	25	100	26	82	27	14	28	99	29	66
	0	19	1	9	2	20	3	28	4	59	5	34	6	68	7	39	8	35	9	64	10	47	11	70	12	100	13	36	14	71	15	94	16	90	17	77	18	89	19	71	20	3	21	12	22	7	23	51	24	41	25	21	26	87	27	23	28	18	29	53
	0	5	1	79	2	7	3	18	4	93	5	73	6	80	7	96	8	90	9	86	10	91	11	49	12	99	13	38	14	67	15	31	16	12	17	4	18	35	19	11	20	38	21	19	22	94	23	69	24	71	25	88	26	1	27	34	28	67	29	30
	0	40	1	57	2	15	3	21	4	87	5	56	6	36	7	25	8	97	9	59	10	25	11	18	12	70	13	51	14	36	15	39	16	64	17	86	18	73	19	45	20	87	21	18	22	25	23	30	24	59	25	84	26	71	27	43	28	41	29	16
	0	39	1	28	2	70	3	81	4	93	5	49	6	41	7	70	8	84	9	91	10	36	11	90	12	86	13	37	14	75	15	22	16	9	17	70	18	58	19	62	20	54	21	54	22	8	23	41	24	56	25	75	26	40	27	3	28	30	29	69
	0	18	1	90	2	2	3	50	4	67	5	44	6	23	7	25	8	61	9	51	10	66	11	55	12	6	13	66	14	57	15	98	16	68	17	4	18	14	19	52	20	45	21	85	22	75	23	65	24	66	25	63	26	35	27	1	28	61	29	88
	0	41	1	71	2	46	3	66	4	1	5	57	6	18	7	29	8	11	9	10	10	44	11	24	12	6	13	78	14	96	15	82	16	91	17	9	18	66	19	29	20	95	21	35	22	56	23	47	24	76	25	18	26	40	27	8	28	58	29	33
	0	30	1	14	2	69	3	7	4	99	5	46	6	25	7	37	8	45	9	84	10	80	11	68	12	95	13	58	14	26	15	97	16	81	17	45	18	12	19	26	20	46	21	15	22	38	23	93	24	55	25	2	26	17	27	51	28	13	29	34
	0	18	1	71	2	37	3	71	4	47	5	85	6	7	7	19	8	11	9	2	10	4	11	21	12	78	13	64	14	29	15	56	16	39	17	26	18	19	19	75	20	14	21	58	22	44	23	72	24	77	25	27	26	37	27	68	28	79	29	6
	0	78	1	44	2	3	3	93	4	55	5	62	6	81	7	65	8	57	9	63	10	38	11	92	12	83	13	16	14	70	15	66	16	66	17	64	18	57	19	56	20	48	21	9	22	63	23	67	24	50	25	99	26	89	27	67	28	32	29	29
	0	62	1	24	2	36	3	75	4	96	5	51	6	41	7	5	8	45	9	60	10	97	11	47	12	32	13	74	14	1	15	7	16	42	17	41	18	37	19	66	20	85	21	53	22	91	23	96	24	94	25	66	26	14	27	82	28	98	29	68
	0	2	1	30	2	89	3	51	4	94	5	6	6	76	7	76	8	33	9	30	10	84	11	31	12	29	13	26	14	65	15	41	16	12	17	99	18	100	19	60	20	77	21	84	22	25	23	61	24	53	25	100	26	11	27	18	28	45	29	97
	0	74	1	10	2	41	3	83	4	1	5	32	6	68	7	54	8	16	9	75	10	53	11	84	12	13	13	95	14	16	15	48	16	52	17	13	18	2	19	61	20	72	21	93	22	32	23	79	24	73	25	1	26	22	27	97	28	90	29	38
	0	8	1	11	2	29	3	1	4	77	5	63	6	60	7	14	8	83	9	76	10	85	11	32	12	5	13	27	14	20	15	18	16	77	17	45	18	56	19	36	20	90	21	22	22	4	23	14	24	55	25	54	26	21	27	68	28	69	29	81
	0	78	1	95	2	27	3	77	4	24	5	77	6	70	7	9	8	48	9	46	10	70	11	66	12	49	13	6	14	76	15	31	16	58	17	17	18	89	19	44	20	83	21	83	22	27	23	81	24	64	25	97	26	6	27	48	28	56	29	36
	0	48	1	56	2	90	3	7	4	82	5	39	6	63	7	99	8	13	9	23	10	68	11	79	12	68	13	61	14	67	15	33	16	37	17	85	18	56	19	61	20	87	21	56	22	87	23	53	24	98	25	96	26	39	27	20	28	53	29	39
	0	61	1	54	2	95	3	42	4	13	5	43	6	13	7	29	8	96	9	53	10	33	11	73	12	42	13	63	14	24	15	32	16	94	17	28	18	41	19	90	20	9	21	73	22	65	23	83	24	64	25	73	26	21	27	92	28	39	29	58
	0	73	1	46	2	13	3	50	4	29	5	74	6	4	7	27	8	16	9	69	10	18	11	54	12	87	13	90	14	14	15	54	16	94	17	93	18	80	19	79	20	22	21	63	22	85	23	25	24	72	25	17	26	58	27	95	28	45	29	56
	0	90	1	92	2	49	3	27	4	86	5	26	6	53	7	99	8	90	9	31	10	46	11	70	12	71	13	44	14	68	15	69	16	47	17	5	18	39	19	94	20	71	21	53	22	100	23	34	24	21	25	41	26	19	27	37	28	56	29	97
	0	54	1	42	2	42	3	3	4	73	5	76	6	47	7	62	8	52	9	79	10	68	11	80	12	15	13	31	14	40	15	89	16	99	17	69	18	25	19	74	20	32	21	28	22	9	23	92	24	76	25	46	26	25	27	96	28	70	29	14
	0	94	1	86	2	63	3	66	4	63	5	73	6	45	7	30	8	61	9	13	10	92	11	90	12	7	13	51	14	94	15	41	16	56	17	83	18	38	19	14	20	53	21	18	22	50	23	24	24	30	25	17	26	34	27	57	28	74	29	18
	0	50	1	5	2	49	3	94	4	20	5	7	6	44	7	85	8	72	9	62	10	86	11	12	12	25	13	23	14	45	15	73	16	11	17	78	18	96	19	47	20	75	21	92	22	54	23	98	24	80	25	50	26	64	27	21	28	41	29	41
	0	17	1	87	2	41	3	57	4	45	5	80	6	8	7	11	8	93	9	26	10	69	11	87	12	78	13	69	14	84	15	82	16	89	17	24	18	52	19	8	20	83	21	29	22	33	23	52	24	74	25	75	26	16	27	14	28	41	29	80
	0	47	1	82	2	73	3	31	4	82	5	8	6	54	7	28	8	41	9	86	10	40	11	82	12	59	13	56	14	85	15	69	16	85	17	84	18	19	19	35	20	60	21	88	22	82	23	100	24	67	25	12	26	78	27	11	28	59	29	64
	0	80	1	40	2	84	3	81	4	30	5	34	6	72	7	82	8	88	9	51	10	64	11	3	12	37	13	42	14	73	15	61	16	52	17	74	18	27	19	62	20	84	21	91	22	37	23	63	24	7	25	63	26	66	27	50	28	50	29	71
	0	19	1	85	2	1	3	28	4	67	5	53	6	48	7	29	8	66	9	94	10	9	11	88	12	59	13	1	14	52	15	97	16	50	17	32	18	21	19	24	20	92	21	63	22	3	23	25	24	41	25	67	26	16	27	43	28	51	29	10
	0	97	1	21	2	15	3	2	4	16	5	46	6	95	7	26	8	56	9	1	10	77	11	48	12	22	13	2	14	38	15	79	16	78	17	38	18	35	19	40	20	25	21	33	22	44	23	47	24	65	25	23	26	92	27	22	28	11	29	93
	0	75	1	1	2	44	3	29	4	70	5	80	6	34	7	72	8	49	9	43	10	54	11	87	12	76	13	36	14	77	15	87	16	45	17	3	18	24	19	59	20	84	21	92	22	97	23	93	24	32	25	89	26	32	27	22	28	62	29	41
	0	42	1	95	2	27	3	93	4	39	5	64	6	19	7	22	8	57	9	62	10	93	11	59	12	12	13	75	14	92	15	40	16	72	17	60	18	61	19	1	20	24	21	53	22	59	23	38	24	62	25	74	26	84	27	76	28	33	29	12
	0	85	1	26	2	1	3	53	4	24	5	23	6	47	7	96	8	2	9	70	10	85	11	48	12	73	13	46	14	71	15	5	16	11	17	31	18	47	19	65	20	95	21	65	22	28	23	19	24	28	25	62	26	43	27	20	28	14	29	12
	0	68	1	33	2	52	3	66	4	29	5	2	6	21	7	90	8	56	9	98	10	68	11	6	12	13	13	38	14	18	15	89	16	41	17	69	18	78	19	69	20	89	21	75	22	92	23	54	24	9	25	54	26	70	27	92	28	55	29	53
	0	18	1	13	2	9	3	78	4	11	5	42	6	9	7	100	8	2	9	58	10	72	11	44	12	73	13	49	14	28	15	17	16	42	17	85	18	4	19	8	20	96	21	2	22	30	23	86	24	27	25	88	26	59	27	57	28	71	29	92
	0	11	1	72	2	75	3	11	4	97	5	89	6	68	7	21	8	71	9	34	10	86	11	56	12	24	13	8	14	83	15	60	16	18	17	47	18	38	19	48	20	11	21	19	22	23	23	69	24	48	25	24	26	12	27	51	28	90	29	30
	0	23	1	66	2	19	3	50	4	46	5	49	6	43	7	63	8	87	9	60	10	91	11	16	12	23	13	76	14	60	15	68	16	69	17	36	18	60	19	65	20	85	21	5	22	83	23	46	24	80	25	96	26	65	27	39	28	87	29	94
	0	37	1	75	2	28	3	57	4	80	5	40	6	75	7	87	8	30	9	46	10	90	11	8	12	88	13	86	14	96	15	73	16	46	17	3	18	10	19	16	20	31	21	86	22	43	23	96	24	13	25	88	26	40	27	100	28	49	29	9
	0	29	1	28	2	52	3	97	4	95	5	48	6	94	7	68	8	90	9	98	10	9	11	37	12	56	13	98	14	28	15	10	16	23	17	68	18	73	19	92	20	96	21	76	22	2	23	1	24	57	25	76	26	63	27	94	28	37	29	86
	0	14	1	37	2	45	3	33	4	8	5	2	6	39	7	59	8	54	9	41	10	99	11	68	12	4	13	86	14	23	15	56	16	23	17	79	18	54	19	45	20	49	21	17	22	22	23	32	24	38	25	79	26	52	27	15	28	66	29	64
	0	64	1	49	2	18	3	55	4	75	5	47	6	1	7	96	8	87	9	51	10	48	11	38	12	97	13	100	14	6	15	94	16	87	17	96	18	28	19	13	20	69	21	52	22	2	23	61	24	91	25	38	26	2	27	64	28	37	29	95
	0	24	1	51	2	68	3	70	4	66	5	20	6	94	7	78	8	43	9	90	10	70	11	23	12	61	13	18	14	59	15	7	16	79	17	14	18	100	19	21	20	46	21	58	22	84	23	2	24	83	25	9	26	14	27	89	28	49	29	75
	0	5	1	15	2	11	3	58	4	58	5	23	6	5	7	16	8	8	9	95	10	71	11	92	12	29	13	14	14	71	15	14	16	42	17	19	18	57	19	51	20	73	21	21	22	22	23	85	24	47	25	71	26	61	27	48	28	11	29	17
	0	32	1	12	2	29	3	84	4	70	5	42	6	97	7	70	8	32	9	52	10	56	11	31	12	38	13	17	14	11	15	100	16	54	17	38	18	88	19	80	20	42	21	61	22	75	23	79	24	50	25	93	26	38	27	1	28	27	29	65
	0	8	1	94	2	97	3	47	4	68	5	28	6	16	7	9	8	9	9	60	10	85	11	66	12	10	13	83	14	20	15	76	16	72	17	99	18	79	19	76	20	21	21	46	22	10	23	53	24	32	25	64	26	66	27	7	28	72	29	94
	0	90	1	49	2	40	3	31	4	89	5	32	6	63	7	87	8	33	9	18	10	74	11	33	12	51	13	21	14	75	15	13	16	12	17	86	18	77	19	65	20	11	21	92	22	48	23	89	24	5	25	85	26	29	27	36	28	54	29	79
	0	93	1	21	2	81	3	92	4	50	5	79	6	43	7	94	8	35	9	14	10	75	11	79	12	29	13	18	14	59	15	7	16	88	17	47	18	31	19	63	20	95	21	94	22	12	23	28	24	58	25	95	26	40	27	68	28	8	29	42
	0	42	1	87	2	81	3	13	4	52	5	86	6	87	7	26	8	95	9	35	10	92	11	77	12	66	13	53	14	72	15	33	16	86	17	42	18	20	19	75	20	12	21	26	22	7	23	20	24	37	25	99	26	24	27	62	28	2	29	65
	0	68	1	20	2	3	3	36	4	49	5	68	6	73	7	25	8	11	9	1	10	72	11	37	12	21	13	56	14	3	15	55	16	55	17	83	18	52	19	67	20	75	21	50	22	12	23	94	24	100	25	14	26	37	27	99	28	1	29	6
	0	46	1	90	2	68	3	95	4	56	5	58	6	40	7	46	8	37	9	6	10	87	11	70	12	98	13	57	14	96	15	48	16	50	17	48	18	91	19	66	20	24	21	53	22	87	23	90	24	8	25	90	26	68	27	89	28	59	29	99
	0	27	1	52	2	97	3	8	4	23	5	84	6	65	7	10	8	32	9	72	10	55	11	25	12	88	13	42	14	92	15	27	16	69	17	62	18	44	19	49	20	49	21	65	22	13	23	96	24	27	25	78	26	97	27	35	28	14	29	96
	0	45	1	45	2	22	3	43	4	51	5	37	6	7	7	91	8	40	9	77	10	35	11	35	12	60	13	80	14	97	15	59	16	69	17	58	18	78	19	22	20	90	21	26	22	56	23	55	24	78	25	18	26	96	27	58	28	96	29	54
	0	48	1	24	2	32	3	61	4	91	5	35	6	74	7	46	8	50	9	8	10	35	11	71	12	93	13	89	14	3	15	74	16	3	17	8	18	39	19	36	20	44	21	66	22	65	23	99	24	98	25	99	26	19	27	70	28	28	29	42
	0	43	1	75	2	90	3	3	4	51	5	45	6	20	7	97	8	3	9	54	10	41	11	19	12	51	13	28	14	82	15	49	16	59	17	6	18	2	19	12	20	6	21	24	22	69	23	45	24	16	25	39	26	17	27	48	28	86	29	27
	0	90	1	3	2	96	3	24	4	64	5	100	6	32	7	75	8	78	9	13	10	45	11	34	12	29	13	96	14	32	15	14	16	9	17	98	18	20	19	82	20	1	21	33	22	72	23	62	24	39	25	26	26	59	27	68	28	14	29	45
	0	70	1	92	2	84	3	79	4	34	5	30	6	6	7	23	8	97	9	4	10	18	11	82	12	77	13	9	14	16	15	98	16	70	17	18	18	17	19	81	20	99	21	5	22	11	23	73	24	31	25	67	26	23	27	89	28	83	29	60
	0	48	1	18	2	10	3	94	4	41	5	74	6	54	7	26	8	56	9	18	10	64	11	60	12	74	13	14	14	47	15	53	16	65	17	75	18	99	19	59	20	81	21	6	22	32	23	84	24	54	25	72	26	75	27	30	28	71	29	26
	0	43	1	42	2	34	3	88	4	91	5	88	6	27	7	52	8	77	9	42	10	64	11	70	12	48	13	51	14	63	15	37	16	71	17	95	18	98	19	67	20	3	21	80	22	6	23	48	24	70	25	25	26	58	27	11	28	91	29	21
	0	18	1	48	2	70	3	90	4	48	5	62	6	40	7	56	8	42	9	44	10	41	11	13	12	88	13	4	14	57	15	58	16	87	17	91	18	40	19	11	20	91	21	1	22	7	23	52	24	34	25	43	26	90	27	38	28	59	29	8
	0	60	1	87	2	80	3	75	4	60	5	34	6	20	7	38	8	32	9	8	10	17	11	46	12	6	13	75	14	93	15	82	16	95	17	40	18	29	19	29	20	10	21	31	22	81	23	94	24	82	25	71	26	36	27	93	28	86	29	35
	0	1	1	21	2	59	3	49	4	58	5	44	6	83	7	54	8	42	9	2	10	86	11	79	12	14	13	14	14	52	15	64	16	51	17	7	18	63	19	34	20	54	21	19	22	10	23	37	24	61	25	51	26	48	27	62	28	19	29	64
	0	73	1	29	2	36	3	48	4	60	5	6	6	34	7	5	8	77	9	82	10	59	11	30	12	68	13	31	14	33	15	72	16	80	17	19	18	44	19	22	20	55	21	52	22	13	23	45	24	41	25	61	26	83	27	69	28	65	29	74
	0	21	1	85	2	86	3	35	4	25	5	23	6	31	7	35	8	74	9	23	10	52	11	2	12	79	13	86	14	88	15	52	16	2	17	7	18	8	19	81	20	60	21	5	22	61	23	83	24	36	25	3	26	70	27	88	28	57	29	30
	0	41	1	85	2	14	3	49	4	81	5	67	6	33	7	23	8	34	9	86	10	25	11	76	12	86	13	48	14	63	15	24	16	100	17	57	18	84	19	69	20	80	21	92	22	96	23	78	24	68	25	91	26	38	27	2	28	38	29	53
	0	48	1	9	2	31	3	98	4	100	5	15	6	35	7	44	8	37	9	61	10	29	11	90	12	18	13	56	14	31	15	8	16	34	17	87	18	7	19	87	20	75	21	73	22	55	23	94	24	55	25	98	26	55	27	19	28	17	29	68
	0	55	1	45	2	83	3	67	4	32	5	42	6	18	7	4	8	42	9	85	10	21	11	90	12	69	13	51	14	68	15	70	16	6	17	19	18	70	19	6	20	54	21	12	22	3	23	97	24	15	25	32	26	50	27	63	28	100	29	86
	0	53	1	39	2	1	3	1	4	44	5	55	6	88	7	74	8	36	9	3	10	21	11	11	12	73	13	4	14	2	15	51	16	71	17	39	18	1	19	72	20	7	21	2	22	32	23	25	24	28	25	85	26	62	27	54	28	1	29	10
	0	73	1	87	2	9	3	67	4	26	5	14	6	72	7	14	8	88	9	77	10	58	11	60	12	8	13	43	14	95	15	32	16	72	17	48	18	7	19	97	20	78	21	8	22	40	23	85	24	79	25	48	26	46	27	43	28	18	29	6
	0	35	1	16	2	41	3	93	4	30	5	20	6	53	7	25	8	64	9	74	10	67	11	60	12	18	13	90	14	60	15	6	16	91	17	47	18	20	19	78	20	37	21	93	22	67	23	20	24	21	25	54	26	76	27	29	28	81	29	42
	0	26	1	39	2	89	3	94	4	68	5	52	6	46	7	78	8	71	9	27	10	78	11	52	12	5	13	60	14	85	15	71	16	54	17	25	18	78	19	56	20	80	21	52	22	7	23	89	24	70	25	52	26	61	27	96	28	51	29	42
	0	95	1	18	2	48	3	4	4	4	5	99	6	9	7	90	8	68	9	35	10	42	11	66	12	27	13	56	14	26	15	39	16	60	17	44	18	90	19	27	20	75	21	8	22	82	23	57	24	44	25	63	26	58	27	1	28	27	29	90
	0	76	1	88	2	79	3	70	4	67	5	53	6	32	7	25	8	18	9	8	10	89	11	2	12	99	13	39	14	82	15	83	16	100	17	87	18	76	19	17	20	84	21	41	22	15	23	92	24	51	25	59	26	60	27	6	28	74	29	14
	0	46	1	100	2	69	3	95	4	59	5	60	6	87	7	42	8	33	9	2	10	43	11	83	12	88	13	100	14	43	15	95	16	75	17	19	18	44	19	19	20	99	21	60	22	76	23	96	24	34	25	34	26	8	27	99	28	48	29	22
	0	30	1	90	2	100	3	82	4	95	5	16	6	92	7	16	8	31	9	24	10	73	11	2	12	28	13	70	14	24	15	67	16	47	17	33	18	91	19	38	20	19	21	78	22	30	23	5	24	24	25	24	26	79	27	99	28	70	29	94
	0	83	1	30	2	8	3	80	4	30	5	81	6	61	7	33	8	69	9	29	10	43	11	59	12	26	13	36	14	10	15	100	16	40	17	53	18	54	19	4	20	77	21	3	22	30	23	33	24	100	25	53	26	8	27	58	28	2	29	92
	0	48	1	40	2	26	3	64	4	62	5	87	6	37	7	30	8	21	9	52	10	14	11	55	12	88	13	5	14	75	15	53	16	25	17	81	18	61	19	25	20	76	21	13	22	35	23	68	24	29	25	79	26	74	27	65	28	26	29	34
	0	65	1	58	2	47	3	5	4	18	5	71	6	15	7	64	8	77	9	50	10	74	11	8	12	83	13	13	14	50	15	23	16	10	17	41	18	1	19	97	20	95	21	60	22	98	23	13	24	26	25	75	26	14	27	38	28	51	29	68
	0	99	1	87	2	37	3	78	4	72	5	40	6	84	7	12	8	61	9	17	10	65	11	54	12	66	13	60	14	65	15	86	16	35	17	74	18	29	19	28	20	63	21	9	22	35	23	53	24	73	25	11	26	69	27	54	28	26	29	58
	0	60	1	52	2	66	3	55	4	95	5	76	6	17	7	66	8	31	9	62	10	62	11	3	12	73	13	42	14	86	15	96	16	83	17	23	18	66	19	22	20	38	21	80	22	31	23	53	24	53	25	11	26	25	27	65	28	40	29	26
	0	53	1	16	2	66	3	72	4	89	5	78	6	24	7	11	8	77	9	85	10	50	11	10	12	54	13	30	14	32	15	3	16	69	17	30	18	91	19	34	20	91	21	33	22	50	23	2	24	21	25	44	26	7	27	54	28	49	29	83
	0	74	1	99	2	28	3	13	4	63	5	46	6	48	7	97	8	15	9	85	10	39	11	74	12	14	13	61	14	41	15	58	16	30	17	16	18	96	19	100	20	76	21	95	22	74	23	73	24	87	25	40	26	42	27	73	28	36	29	19
	0	9	1	28	2	63	3	72	4	29	5	76	6	82	7	58	8	43	9	54	10	71	11	36	12	87	13	87	14	79	15	31	16	98	17	100	18	13	19	49	20	92	21	74	22	60	23	47	24	2	25	11	26	78	27	76	28	1	29	5
	0	62	1	55	2	40	3	11	4	57	5	32	6	79	7	62	8	85	9	53	10	96	11	93	12	97	13	42	14	99	15	53	16	84	17	51	18	70	19	19	20	85	21	58	22	29	23	45	24	96	25	92	26	82	27	17	28	60	29	34
	0	99	1	86	2	91	3	25	4	48	5	97	6	64	7	55	8	47	9	51	10	65	11	43	12	49	13	61	14	12	15	21	16	48	17	81	18	50	19	69	20	73	21	28	22	8	23	89	24	23	25	32	26	68	27	99	28	39	29	61
	0	79	1	76	2	33	3	34	4	11	5	8	6	7	7	100	8	48	9	7	10	48	11	51	12	51	13	3	14	64	15	4	16	38	17	29	18	4	19	52	20	82	21	42	22	92	23	96	24	100	25	78	26	36	27	82	28	98	29	99
	0	22	1	18	2	85	3	2	4	94	5	47	6	93	7	94	8	65	9	89	10	34	11	41	12	41	13	98	14	2	15	72	16	23	17	71	18	6	19	61	20	32	21	27	22	67	23	46	24	83	25	39	26	40	27	47	28	75	29	68
	0	35	1	90	2	98	3	61	4	41	5	52	6	69	7	97	8	90	9	90	10	37	11	82	12	2	13	2	14	30	15	51	16	12	17	52	18	28	19	13	20	57	21	52	22	91	23	43	24	75	25	67	26	73	27	28	28	63	29	10
	0	92	1	89	2	65	3	30	4	54	5	68	6	15	7	6	8	41	9	35	10	38	11	15	12	10	13	50	14	93	15	21	16	65	17	99	18	7	19	11	20	2	21	81	22	38	23	76	24	37	25	13	26	60	27	8	28	59	29	82
	0	61	1	70	2	85	3	71	4	5	5	43	6	99	7	14	8	82	9	81	10	88	11	87	12	58	13	3	14	41	15	13	16	1	17	21	18	43	19	56	20	46	21	79	22	90	23	29	24	3	25	44	26	19	27	26	28	56	29	84
	0	7	1	76	2	84	3	16	4	98	5	66	6	5	7	19	8	60	9	81	10	26	11	34	12	83	13	55	14	50	15	3	16	56	17	46	18	83	19	12	20	2	21	63	22	19	23	53	24	53	25	12	26	15	27	10	28	84	29	48
	0	82	1	26	2	55	3	33	4	43	5	29	6	17	7	54	8	49	9	9	10	87	11	48	12	40	13	62	14	94	15	20	16	1	17	76	18	54	19	74	20	51	21	94	22	31	23	87	24	52	25	91	26	76	27	87	28	45	29	62
	0	73	1	22	2	39	3	77	4	10	5	28	6	2	7	79	8	78	9	41	10	51	11	29	12	49	13	99	14	22	15	100	16	85	17	37	18	77	19	98	20	2	21	72	22	74	23	55	24	59	25	22	26	1	27	17	28	64	29	12
	0	72	1	32	2	21	3	68	4	12	5	95	6	51	7	90	8	87	9	24	10	58	11	58	12	60	13	60	14	34	15	16	16	81	17	22	18	15	19	39	20	29	21	59	22	39	23	70	24	81	25	73	26	64	27	89	28	56	29	18
	0	40	1	47	2	82	3	88	4	61	5	82	6	68	7	54	8	26	9	98	10	78	11	11	12	83	13	64	14	58	15	47	16	53	17	86	18	30	19	42	20	38	21	35	22	91	23	64	24	72	25	47	26	57	27	16	28	66	29	34
	0	41	1	45	2	49	3	52	4	68	5	38	6	20	7	35	8	56	9	38	10	53	11	80	12	17	13	76	14	22	15	45	16	59	17	97	18	35	19	96	20	94	21	12	22	4	23	11	24	79	25	31	26	81	27	35	28	48	29	38
	0	35	1	32	2	11	3	14	4	57	5	92	6	33	7	28	8	20	9	77	10	9	11	49	12	22	13	21	14	100	15	46	16	89	17	12	18	10	19	83	20	30	21	34	22	3	23	23	24	58	25	29	26	92	27	92	28	15	29	15
	0	53	1	86	2	81	3	82	4	54	5	5	6	49	7	29	8	87	9	45	10	79	11	34	12	42	13	100	14	91	15	52	16	83	17	34	18	44	19	5	20	91	21	42	22	10	23	91	24	96	25	6	26	39	27	28	28	10	29	93
	0	92	1	22	2	32	3	93	4	63	5	11	6	92	7	61	8	30	9	31	10	46	11	15	12	9	13	7	14	53	15	19	16	90	17	60	18	78	19	44	20	95	21	87	22	14	23	75	24	64	25	58	26	19	27	30	28	85	29	23
	0	100	1	95	2	3	3	43	4	3	5	82	6	85	7	73	8	78	9	90	10	26	11	65	12	37	13	100	14	18	15	76	16	24	17	51	18	18	19	81	20	58	21	68	22	90	23	51	24	26	25	46	26	5	27	29	28	26	29	5
	0	25	1	7	2	8	3	73	4	8	5	14	6	40	7	66	8	94	9	47	10	99	11	64	12	84	13	100	14	92	15	5	16	11	17	95	18	18	19	50	20	47	21	3	22	51	23	90	24	26	25	15	26	3	27	85	28	63	29	98
	0	80	1	78	2	86	3	47	4	65	5	15	6	36	7	25	8	76	9	46	10	84	11	40	12	76	13	18	14	71	15	6	16	52	17	71	18	86	19	96	20	82	21	88	22	16	23	67	24	44	25	78	26	46	27	24	28	57	29	83
	0	91	1	63	2	50	3	36	4	90	5	90	6	84	7	23	8	89	9	17	10	2	11	11	12	94	13	84	14	60	15	52	16	73	17	57	18	66	19	80	20	38	21	88	22	45	23	49	24	37	25	63	26	80	27	94	28	34	29	48
	0	33	1	98	2	60	3	21	4	14	5	5	6	52	7	56	8	60	9	15	10	38	11	81	12	65	13	43	14	10	15	41	16	37	17	31	18	98	19	25	20	91	21	52	22	55	23	56	24	19	25	32	26	90	27	34	28	63	29	86
	0	25	1	85	2	6	3	51	4	63	5	71	6	57	7	49	8	86	9	44	10	72	11	21	12	24	13	62	14	73	15	8	16	60	17	94	18	24	19	83	20	73	21	86	22	92	23	48	24	23	25	61	26	100	27	50	28	26	29	76
	0	53	1	92	2	94	3	61	4	87	5	27	6	13	7	16	8	73	9	73	10	99	11	29	12	82	13	85	14	57	15	54	16	89	17	64	18	20	19	58	20	74	21	98	22	46	23	17	24	39	25	64	26	22	27	42	28	65	29	29
	0	68	1	33	2	67	3	39	4	65	5	26	6	17	7	74	8	42	9	57	10	62	11	19	12	93	13	62	14	34	15	67	16	21	17	4	18	35	19	59	20	9	21	71	22	69	23	35	24	86	25	97	26	14	27	39	28	26	29	12
	0	76	1	11	2	8	3	5	4	80	5	43	6	5	7	57	8	72	9	7	10	4	11	98	12	35	13	71	14	67	15	71	16	54	17	40	18	68	19	12	20	91	21	27	22	94	23	99	24	27	25	12	26	80	27	6	28	4	29	50
	0	8	1	64	2	75	3	50	4	7	5	39	6	28	7	9	8	28	9	59	10	60	11	3	12	74	13	47	14	7	15	48	16	14	17	60	18	54	19	91	20	19	21	26	22	94	23	93	24	86	25	35	26	96	27	14	28	38	29	25
	0	4	1	12	2	33	3	64	4	89	5	16	6	99	7	37	8	100	9	32	10	93	11	62	12	21	13	2	14	43	15	10	16	3	17	12	18	22	19	11	20	25	21	20	22	68	23	49	24	39	25	72	26	40	27	98	28	58	29	90
	0	89	1	37	2	19	3	80	4	62	5	58	6	27	7	91	8	87	9	51	10	47	11	95	12	3	13	23	14	30	15	10	16	28	17	96	18	55	19	61	20	76	21	80	22	43	23	44	24	78	25	34	26	79	27	65	28	60	29	32
	0	29	1	51	2	83	3	27	4	60	5	48	6	52	7	65	8	80	9	72	10	43	11	85	12	75	13	70	14	8	15	27	16	91	17	97	18	63	19	15	20	4	21	34	22	56	23	4	24	67	25	90	26	82	27	84	28	26	29	65
	0	90	1	11	2	57	3	75	4	88	5	82	6	45	7	49	8	55	9	85	10	25	11	72	12	11	13	95	14	48	15	19	16	3	17	83	18	46	19	96	20	2	21	81	22	97	23	8	24	35	25	91	26	37	27	2	28	84	29	57
	0	48	1	53	2	24	3	32	4	22	5	1	6	95	7	90	8	1	9	54	10	18	11	90	12	18	13	15	14	6	15	86	16	90	17	92	18	26	19	29	20	64	21	4	22	21	23	6	24	91	25	1	26	84	27	29	28	78	29	39
	0	58	1	61	2	71	3	99	4	99	5	21	6	37	7	35	8	15	9	39	10	64	11	75	12	85	13	30	14	99	15	40	16	11	17	19	18	81	19	28	20	64	21	27	22	53	23	83	24	15	25	5	26	49	27	66	28	67	29	83
	0	96	1	70	2	48	3	54	4	80	5	62	6	98	7	30	8	48	9	44	10	78	11	21	12	75	13	62	14	92	15	35	16	92	17	2	18	81	19	3	20	59	21	57	22	47	23	69	24	48	25	59	26	100	27	96	28	42	29	100
	0	47	1	92	2	81	3	81	4	70	5	47	6	16	7	89	8	49	9	37	10	36	11	63	12	35	13	28	14	86	15	4	16	73	17	6	18	3	19	67	20	41	21	100	22	20	23	96	24	51	25	70	26	21	27	22	28	12	29	97
	0	50	1	35	2	78	3	73	4	6	5	73	6	7	7	4	8	81	9	19	10	26	11	46	12	11	13	86	14	57	15	55	16	53	17	29	18	56	19	24	20	20	21	16	22	86	23	23	24	18	25	51	26	97	27	74	28	75	29	25
	0	9	1	27	2	59	3	45	4	11	5	21	6	25	7	58	8	17	9	38	10	31	11	77	12	48	13	90	14	18	15	76	16	37	17	97	18	44	19	5	20	67	21	47	22	16	23	47	24	81	25	37	26	65	27	18	28	50	29	50
	0	45	1	86	2	66	3	8	4	65	5	40	6	93	7	5	8	76	9	64	10	23	11	14	12	83	13	78	14	77	15	26	16	35	17	57	18	86	19	52	20	31	21	37	22	23	23	7	24	44	25	67	26	63	27	59	28	30	29	83
	0	24	1	95	2	2	3	88	4	80	5	64	6	70	7	73	8	67	9	71	10	81	11	33	12	22	13	51	14	8	15	28	16	25	17	38	18	71	19	19	20	37	21	18	22	97	23	71	24	39	25	14	26	42	27	2	28	37	29	55
	0	40	1	20	2	75	3	32	4	45	5	75	6	70	7	19	8	85	9	33	10	69	11	44	12	43	13	20	14	80	15	16	16	40	17	20	18	46	19	39	20	71	21	13	22	41	23	96	24	31	25	92	26	25	27	56	28	30	29	88
	0	79	1	47	2	81	3	90	4	5	5	9	6	11	7	59	8	73	9	98	10	27	11	49	12	31	13	23	14	49	15	96	16	34	17	29	18	66	19	35	20	39	21	65	22	10	23	57	24	72	25	87	26	30	27	23	28	86	29	94
	0	11	1	77	2	37	3	4	4	95	5	46	6	63	7	3	8	66	9	13	10	46	11	30	12	24	13	90	14	82	15	84	16	67	17	44	18	91	19	64	20	34	21	46	22	50	23	81	24	97	25	33	26	23	27	95	28	99	29	27
	0	23	1	69	2	71	3	36	4	28	5	50	6	83	7	30	8	41	9	17	10	10	11	75	12	69	13	44	14	9	15	61	16	44	17	80	18	50	19	62	20	27	21	43	22	48	23	13	24	69	25	78	26	73	27	86	28	8	29	26
	0	50	1	5	2	31	3	96	4	77	5	45	6	38	7	59	8	4	9	71	10	77	11	79	12	77	13	48	14	40	15	71	16	24	17	9	18	36	19	40	20	33	21	63	22	91	23	41	24	70	25	86	26	34	27	73	28	12	29	24
	0	60	1	85	2	6	3	99	4	1	5	69	6	82	7	97	8	25	9	56	10	74	11	89	12	56	13	46	14	32	15	98	16	78	17	43	18	18	19	21	20	72	21	72	22	34	23	71	24	100	25	85	26	22	27	4	28	24	29	10
	0	23	1	21	2	34	3	82	4	93	5	87	6	20	7	58	8	19	9	100	10	19	11	19	12	67	13	92	14	5	15	98	16	73	17	55	18	21	19	94	20	48	21	19	22	60	23	56	24	52	25	28	26	43	27	52	28	80	29	95
	0	67	1	59	2	44	3	15	4	3	5	25	6	49	7	89	8	69	9	7	10	5	11	77	12	15	13	77	14	15	15	77	16	100	17	46	18	33	19	14	20	31	21	60	22	81	23	67	24	5	25	53	26	72	27	88	28	77	29	74
	0	81	1	75	2	34	3	17	4	48	5	7	6	64	7	26	8	17	9	62	10	25	11	39	12	40	13	64	14	84	15	10	16	8	17	31	18	60	19	25	20	75	21	33	22	87	23	78	24	88	25	68	26	7	27	98	28	59	29	18
	0	31	1	30	2	19	3	50	4	44	5	9	6	42	7	62	8	30	9	98	10	49	11	5	12	62	13	53	14	7	15	12	16	65	17	50	18	94	19	30	20	49	21	95	22	96	23	35	24	88	25	86	26	51	27	63	28	60	29	4
	0	63	1	1	2	5	3	53	4	44	5	15	6	57	7	84	8	64	9	11	10	37	11	56	12	5	13	51	14	45	15	25	16	71	17	83	18	65	19	81	20	77	21	37	22	79	23	47	24	26	25	7	26	56	27	25	28	58	29	33
	0	55	1	59	2	15	3	34	4	68	5	29	6	67	7	55	8	82	9	19	10	84	11	46	12	42	13	15	14	53	15	78	16	39	17	7	18	80	19	58	20	66	21	38	22	22	23	6	24	4	25	95	26	28	27	98	28	31	29	37
	0	5	1	98	2	77	3	29	4	30	5	27	6	60	7	92	8	54	9	43	10	73	11	18	12	7	13	25	14	19	15	93	16	67	17	98	18	1	19	28	20	66	21	28	22	16	23	8	24	49	25	80	26	25	27	80	28	97	29	24
	0	75	1	64	2	98	3	15	4	8	5	55	6	5	7	4	8	90	9	31	10	31	11	40	12	27	13	10	14	70	15	71	16	65	17	9	18	32	19	65	20	85	21	93	22	41	23	100	24	37	25	28	26	36	27	91	28	89	29	70
	0	61	1	64	2	69	3	52	4	48	5	83	6	23	7	57	8	20	9	4	10	38	11	84	12	80	13	98	14	89	15	51	16	42	17	68	18	98	19	83	20	37	21	72	22	39	23	83	24	3	25	95	26	17	27	90	28	22	29	60
	0	87	1	61	2	82	3	60	4	14	5	47	6	74	7	39	8	94	9	29	10	39	11	80	12	57	13	42	14	41	15	58	16	47	17	25	18	26	19	68	20	53	21	39	22	82	23	49	24	9	25	58	26	31	27	46	28	19	29	33
	0	99	1	96	2	55	3	74	4	54	5	19	6	34	7	98	8	5	9	59	10	88	11	43	12	7	13	98	14	66	15	47	16	13	17	48	18	37	19	42	20	57	21	83	22	88	23	100	24	73	25	67	26	33	27	52	28	87	29	4
	0	74	1	52	2	21	3	98	4	76	5	56	6	2	7	13	8	70	9	53	10	75	11	56	12	67	13	47	14	53	15	39	16	56	17	94	18	53	19	88	20	37	21	36	22	3	23	93	24	81	25	91	26	25	27	36	28	47	29	76
	0	17	1	30	2	81	3	90	4	98	5	55	6	77	7	82	8	87	9	77	10	85	11	65	12	29	13	86	14	88	15	66	16	89	17	98	18	90	19	26	20	74	21	84	22	72	23	72	24	66	25	38	26	29	27	39	28	59	29	3
	0	80	1	19	2	48	3	2	4	15	5	44	6	97	7	43	8	31	9	53	10	1	11	8	12	62	13	85	14	18	15	42	16	5	17	2	18	8	19	84	20	99	21	42	22	48	23	33	24	14	25	38	26	78	27	25	28	51	29	73
	0	7	1	58	2	58	3	45	4	90	5	10	6	15	7	62	8	44	9	28	10	56	11	96	12	69	13	72	14	5	15	68	16	99	17	55	18	65	19	32	20	88	21	19	22	85	23	89	24	4	25	21	26	78	27	50	28	7	29	24
	0	86	1	22	2	5	3	25	4	1	5	96	6	38	7	60	8	96	9	41	10	22	11	66	12	14	13	66	14	49	15	94	16	36	17	70	18	41	19	96	20	12	21	11	22	89	23	41	24	21	25	67	26	31	27	23	28	25	29	50
	0	51	1	71	2	92	3	19	4	100	5	72	6	27	7	89	8	68	9	70	10	39	11	35	12	74	13	1	14	16	15	42	16	32	17	67	18	1	19	48	20	17	21	77	22	84	23	70	24	53	25	1	26	49	27	29	28	73	29	2
	0	60	1	8	2	44	3	61	4	47	5	97	6	44	7	2	8	45	9	18	10	38	11	74	12	97	13	44	14	98	15	66	16	14	17	33	18	41	19	45	20	63	21	62	22	10	23	46	24	15	25	16	26	6	27	63	28	84	29	77
	0	34	1	11	2	36	3	19	4	49	5	60	6	53	7	89	8	99	9	60	10	62	11	55	12	92	13	18	14	94	15	22	16	51	17	83	18	8	19	72	20	33	21	48	22	8	23	71	24	11	25	91	26	35	27	34	28	56	29	8
	0	7	1	65	2	73	3	93	4	50	5	4	6	65	7	92	8	28	9	34	10	34	11	28	12	82	13	47	14	52	15	64	16	23	17	76	18	48	19	64	20	43	21	20	22	97	23	59	24	39	25	38	26	16	27	41	28	69	29	84
	0	95	1	28	2	74	3	1	4	11	5	77	6	44	7	14	8	23	9	48	10	12	11	68	12	27	13	29	14	100	15	18	16	28	17	88	18	48	19	61	20	61	21	10	22	7	23	63	24	54	25	27	26	82	27	27	28	32	29	61
	0	36	1	3	2	96	3	30	4	7	5	42	6	24	7	84	8	4	9	21	10	85	11	83	12	67	13	31	14	61	15	23	16	10	17	68	18	9	19	78	20	4	21	87	22	22	23	9	24	38	25	14	26	61	27	62	28	83	29	2
	0	73	1	58	2	51	3	7	4	16	5	37	6	2	7	96	8	45	9	23	10	65	11	30	12	48	13	15	14	72	15	63	16	29	17	11	18	100	19	75	20	69	21	38	22	94	23	14	24	17	25	41	26	15	27	15	28	3	29	40
	0	8	1	31	2	60	3	75	4	26	5	84	6	95	7	82	8	22	9	26	10	67	11	93	12	4	13	67	14	41	15	28	16	28	17	9	18	32	19	31	20	52	21	92	22	63	23	85	24	94	25	54	26	94	27	73	28	63	29	31
	0	3	1	2	2	43	3	82	4	22	5	96	6	66	7	2	8	55	9	17	10	4	11	44	12	40	13	80	14	46	15	88	16	26	17	67	18	58	19	11	20	78	21	63	22	45	23	50	24	31	25	51	26	50	27	69	28	55	29	62
	0	54	1	55	2	12	3	50	4	93	5	24	6	96	7	45	8	72	9	4	10	1	11	4	12	52	13	13	14	71	15	60	16	57	17	74	18	97	19	44	20	2	21	15	22	82	23	22	24	54	25	55	26	93	27	82	28	75	29	74
	0	64	1	53	2	5	3	8	4	18	5	53	6	87	7	30	8	27	9	82	10	41	11	11	12	22	13	21	14	42	15	50	16	27	17	100	18	53	19	33	20	83	21	34	22	23	23	69	24	69	25	66	26	47	27	92	28	55	29	37
	0	57	1	37	2	38	3	82	4	77	5	35	6	39	7	43	8	71	9	73	10	68	11	10	12	65	13	20	14	87	15	61	16	20	17	21	18	30	19	52	20	94	21	100	22	43	23	76	24	2	25	21	26	70	27	90	28	89	29	18
	0	4	1	89	2	51	3	75	4	56	5	73	6	78	7	9	8	27	9	15	10	12	11	26	12	79	13	67	14	31	15	2	16	52	17	27	18	2	19	46	20	62	21	62	22	83	23	35	24	70	25	72	26	43	27	22	28	24	29	28
	0	40	1	72	2	9	3	28	4	83	5	56	6	53	7	37	8	59	9	31	10	65	11	30	12	99	13	66	14	28	15	33	16	21	17	9	18	52	19	41	20	75	21	94	22	62	23	60	24	71	25	27	26	90	27	89	28	68	29	24
	0	78	1	54	2	54	3	67	4	24	5	54	6	51	7	4	8	21	9	79	10	18	11	25	12	73	13	11	14	39	15	71	16	92	17	25	18	12	19	67	20	7	21	36	22	95	23	87	24	27	25	70	26	53	27	90	28	63	29	60
	0	21	1	80	2	89	3	81	4	82	5	91	6	85	7	83	8	21	9	90	10	11	11	87	12	99	13	44	14	99	15	48	16	61	17	20	18	55	19	2	20	80	21	78	22	18	23	60	24	90	25	99	26	10	27	1	28	70	29	64
	0	79	1	78	2	64	3	46	4	18	5	60	6	71	7	12	8	9	9	46	10	31	11	38	12	32	13	44	14	90	15	68	16	26	17	91	18	13	19	94	20	8	21	59	22	90	23	22	24	71	25	76	26	58	27	55	28	25	29	53
	0	8	1	17	2	63	3	4	4	83	5	77	6	36	7	81	8	60	9	71	10	98	11	86	12	89	13	24	14	50	15	17	16	24	17	2	18	72	19	58	20	64	21	75	22	51	23	31	24	8	25	55	26	33	27	58	28	65	29	32
	0	42	1	16	2	98	3	43	4	72	5	61	6	80	7	32	8	21	9	75	10	87	11	89	12	36	13	62	14	71	15	76	16	89	17	66	18	80	19	78	20	83	21	29	22	4	23	48	24	91	25	92	26	92	27	9	28	55	29	98
	0	51	1	56	2	90	3	66	4	17	5	62	6	96	7	35	8	81	9	71	10	60	11	11	12	82	13	61	14	91	15	45	16	28	17	72	18	31	19	37	20	82	21	55	22	41	23	48	24	42	25	97	26	44	27	57	28	97	29	95
	0	70	1	100	2	23	3	9	4	52	5	70	6	87	7	21	8	58	9	79	10	30	11	56	12	47	13	96	14	74	15	60	16	11	17	23	18	76	19	42	20	16	21	67	22	1	23	19	24	61	25	24	26	9	27	10	28	32	29	77
	0	72	1	97	2	94	3	81	4	61	5	22	6	75	7	85	8	74	9	95	10	13	11	8	12	92	13	48	14	84	15	77	16	84	17	34	18	30	19	94	20	6	21	70	22	42	23	82	24	51	25	80	26	90	27	29	28	54	29	76
	0	86	1	44	2	62	3	78	4	27	5	75	6	13	7	76	8	58	9	56	10	92	11	82	12	50	13	1	14	52	15	13	16	81	17	41	18	30	19	9	20	62	21	74	22	76	23	88	24	63	25	95	26	91	27	79	28	7	29	100
	0	47	1	85	2	45	3	89	4	7	5	76	6	49	7	26	8	99	9	7	10	62	11	17	12	97	13	11	14	91	15	3	16	17	17	17	18	54	19	12	20	25	21	88	22	7	23	91	24	16	25	82	26	94	27	12	28	29	29	79
	0	25	1	37	2	81	3	28	4	55	5	80	6	44	7	8	8	27	9	97	10	8	11	1	12	3	13	90	14	95	15	34	16	88	17	20	18	13	19	26	20	30	21	54	22	76	23	48	24	44	25	87	26	25	27	88	28	5	29	23
	0	14	1	72	2	89	3	6	4	65	5	100	6	70	7	28	8	2	9	64	10	6	11	61	12	1	13	94	14	57	15	88	16	32	17	31	18	30	19	25	20	85	21	11	22	41	23	72	24	89	25	46	26	38	27	20	28	74	29	94
	0	25	1	11	2	42	3	77	4	78	5	34	6	32	7	94	8	53	9	79	10	9	11	14	12	17	13	7	14	8	15	77	16	56	17	13	18	3	19	8	20	35	21	54	22	100	23	42	24	29	25	6	26	61	27	13	28	36	29	58
	0	4	1	41	2	41	3	48	4	56	5	39	6	3	7	16	8	33	9	7	10	73	11	20	12	86	13	3	14	74	15	38	16	29	17	89	18	90	19	54	20	46	21	99	22	56	23	6	24	46	25	91	26	42	27	39	28	87	29	58
	0	67	1	88	2	25	3	20	4	97	5	91	6	41	7	27	8	8	9	8	10	41	11	38	12	9	13	77	14	48	15	53	16	72	17	70	18	35	19	23	20	9	21	91	22	47	23	63	24	79	25	45	26	29	27	31	28	37	29	90
	0	55	1	64	2	42	3	8	4	18	5	73	6	96	7	92	8	30	9	41	10	69	11	30	12	47	13	86	14	45	15	16	16	10	17	61	18	90	19	34	20	68	21	22	22	18	23	92	24	35	25	86	26	21	27	100	28	77	29	40
	0	77	1	20	2	52	3	95	4	58	5	30	6	35	7	95	8	96	9	87	10	1	11	5	12	96	13	68	14	65	15	51	16	74	17	39	18	78	19	2	20	88	21	75	22	39	23	83	24	81	25	15	26	84	27	81	28	34	29	62
	0	38	1	92	2	37	3	26	4	57	5	88	6	91	7	82	8	96	9	33	10	18	11	3	12	75	13	69	14	31	15	71	16	27	17	38	18	99	19	91	20	54	21	28	22	13	23	51	24	31	25	51	26	20	27	7	28	16	29	87
	0	1	1	88	2	81	3	67	4	94	5	47	6	45	7	58	8	4	9	5	10	96	11	84	12	36	13	57	14	22	15	12	16	49	17	53	18	87	19	50	20	27	21	53	22	38	23	67	24	90	25	36	26	94	27	25	28	15	29	3
	0	96	1	71	2	39	3	97	4	93	5	45	6	38	7	59	8	88	9	95	10	38	11	52	12	95	13	97	14	83	15	54	16	53	17	37	18	59	19	89	20	19	21	93	22	76	23	47	24	22	25	23	26	29	27	17	28	52	29	55
	0	3	1	27	2	35	3	23	4	96	5	75	6	83	7	8	8	64	9	77	10	51	11	68	12	21	13	95	14	26	15	73	16	51	17	88	18	29	19	75	20	1	21	23	22	16	23	74	24	70	25	32	26	95	27	77	28	23	29	95
	0	98	1	43	2	80	3	95	4	89	5	64	6	56	7	69	8	82	9	38	10	75	11	57	12	96	13	21	14	62	15	14	16	92	17	64	18	90	19	42	20	52	21	83	22	48	23	58	24	94	25	2	26	41	27	8	28	41	29	87
	0	49	1	84	2	94	3	42	4	98	5	7	6	60	7	38	8	33	9	91	10	37	11	21	12	82	13	93	14	79	15	75	16	52	17	9	18	67	19	75	20	6	21	89	22	73	23	45	24	8	25	65	26	85	27	89	28	31	29	14
	0	39	1	87	2	63	3	14	4	75	5	56	6	68	7	57	8	94	9	18	10	75	11	19	12	19	13	42	14	6	15	16	16	52	17	27	18	66	19	89	20	95	21	60	22	63	23	90	24	85	25	71	26	18	27	77	28	46	29	45
	0	85	1	26	2	65	3	88	4	7	5	29	6	43	7	41	8	60	9	25	10	85	11	3	12	63	13	92	14	18	15	90	16	72	17	100	18	63	19	51	20	62	21	80	22	88	23	27	24	86	25	96	26	29	27	98	28	52	29	91
	0	52	1	85	2	62	3	62	4	88	5	76	6	6	7	85	8	73	9	7	10	99	11	81	12	69	13	17	14	10	15	16	16	45	17	54	18	15	19	55	20	54	21	98	22	81	23	22	24	32	25	33	26	53	27	46	28	89	29	90
	0	14	1	70	2	97	3	24	4	23	5	77	6	72	7	17	8	66	9	54	10	9	11	11	12	70	13	85	14	29	15	13	16	62	17	59	18	29	19	25	20	78	21	31	22	64	23	95	24	44	25	68	26	80	27	91	28	4	29	68
	0	97	1	37	2	42	3	38	4	99	5	79	6	41	7	65	8	80	9	50	10	76	11	22	12	67	13	65	14	14	15	84	16	94	17	68	18	98	19	53	20	23	21	96	22	11	23	17	24	24	25	46	26	60	27	85	28	58	29	60
	0	33	1	81	2	28	3	55	4	5	5	86	6	93	7	67	8	94	9	60	10	67	11	92	12	9	13	87	14	30	15	31	16	33	17	15	18	36	19	88	20	31	21	96	22	97	23	60	24	72	25	42	26	65	27	31	28	15	29	55
	0	61	1	55	2	96	3	91	4	3	5	88	6	8	7	67	8	35	9	10	10	70	11	35	12	83	13	37	14	20	15	64	16	55	17	24	18	84	19	5	20	76	21	3	22	4	23	48	24	43	25	14	26	27	27	73	28	10	29	6
	0	82	1	74	2	55	3	40	4	4	5	93	6	88	7	4	8	87	9	99	10	3	11	28	12	64	13	2	14	77	15	54	16	47	17	80	18	66	19	8	20	81	21	70	22	76	23	73	24	96	25	34	26	73	27	55	28	51	29	17
	0	77	1	6	2	15	3	51	4	74	5	31	6	25	7	74	8	96	9	1	10	10	11	64	12	94	13	44	14	78	15	11	16	88	17	92	18	11	19	76	20	60	21	2	22	99	23	13	24	47	25	81	26	16	27	43	28	19	29	81
	0	24	1	18	2	83	3	40	4	52	5	9	6	25	7	97	8	89	9	6	10	84	11	1	12	79	13	8	14	24	15	83	16	23	17	53	18	55	19	72	20	16	21	10	22	4	23	73	24	70	25	28	26	42	27	39	28	8	29	28
	0	34	1	93	2	36	3	61	4	35	5	94	6	12	7	88	8	85	9	57	10	78	11	53	12	53	13	54	14	28	15	42	16	33	17	71	18	17	19	56	20	10	21	94	22	48	23	49	24	33	25	43	26	80	27	98	28	63	29	84
	0	47	1	6	2	90	3	93	4	84	5	69	6	40	7	32	8	99	9	38	10	1	11	82	12	38	13	66	14	52	15	36	16	25	17	39	18	77	19	37	20	86	21	89	22	80	23	36	24	76	25	79	26	54	27	82	28	79	29	94
	0	54	1	81	2	43	3	59	4	82	5	84	6	73	7	6	8	98	9	94	10	98	11	25	12	88	13	95	14	67	15	88	16	73	17	48	18	70	19	37	20	35	21	8	22	64	23	58	24	90	25	49	26	53	27	97	28	45	29	15
	0	70	1	76	2	6	3	20	4	36	5	31	6	22	7	72	8	17	9	73	10	4	11	95	12	77	13	29	14	35	15	70	16	25	17	47	18	55	19	21	20	97	21	38	22	5	23	17	24	93	25	11	26	56	27	64	28	13	29	15
	0	54	1	16	2	15	3	95	4	54	5	19	6	2	7	32	8	44	9	62	10	34	11	10	12	50	13	28	14	88	15	45	16	100	17	33	18	29	19	63	20	82	21	10	22	70	23	10	24	8	25	95	26	23	27	31	28	94	29	87
	0	75	1	59	2	97	3	13	4	35	5	89	6	82	7	21	8	48	9	35	10	2	11	64	12	55	13	98	14	22	15	63	16	65	17	81	18	10	19	60	20	51	21	45	22	82	23	97	24	88	25	82	26	82	27	76	28	10	29	44
	0	11	1	99	2	38	3	69	4	64	5	82	6	9	7	86	8	14	9	98	10	12	11	78	12	72	13	87	14	16	15	54	16	2	17	45	18	25	19	58	20	63	21	82	22	25	23	90	24	30	25	91	26	83	27	49	28	86	29	96
	0	20	1	12	2	13	3	60	4	85	5	100	6	11	7	54	8	71	9	3	10	23	11	45	12	69	13	61	14	47	15	42	16	60	17	38	18	66	19	98	20	68	21	13	22	29	23	78	24	40	25	83	26	45	27	27	28	18	29	68
	0	1	1	93	2	26	3	39	4	99	5	6	6	84	7	20	8	70	9	11	10	16	11	45	12	26	13	88	14	23	15	51	16	42	17	42	18	39	19	46	20	87	21	19	22	76	23	96	24	45	25	81	26	43	27	2	28	92	29	67
	0	92	1	64	2	27	3	4	4	9	5	65	6	63	7	50	8	83	9	11	10	37	11	84	12	95	13	9	14	85	15	76	16	14	17	77	18	94	19	2	20	13	21	14	22	33	23	85	24	15	25	72	26	22	27	73	28	41	29	10
	0	82	1	99	2	33	3	22	4	84	5	70	6	57	7	72	8	97	9	79	10	14	11	69	12	84	13	58	14	17	15	77	16	9	17	85	18	12	19	33	20	57	21	38	22	50	23	17	24	67	25	48	26	32	27	19	28	38	29	91
	0	95	1	60	2	69	3	40	4	5	5	93	6	13	7	32	8	67	9	78	10	85	11	60	12	91	13	6	14	49	15	69	16	50	17	24	18	51	19	20	20	22	21	76	22	8	23	67	24	24	25	70	26	46	27	35	28	59	29	29
	0	44	1	21	2	28	3	96	4	55	5	29	6	2	7	91	8	76	9	35	10	43	11	43	12	9	13	34	14	12	15	44	16	42	17	5	18	18	19	11	20	8	21	9	22	79	23	28	24	43	25	8	26	20	27	24	28	24	29	54
	0	10	1	9	2	60	3	1	4	18	5	49	6	86	7	36	8	53	9	97	10	53	11	23	12	97	13	64	14	45	15	21	16	58	17	24	18	44	19	4	20	4	21	89	22	26	23	10	24	55	25	75	26	79	27	82	28	28	29	74
	0	51	1	85	2	81	3	79	4	77	5	20	6	1	7	41	8	53	9	55	10	20	11	51	12	47	13	42	14	48	15	78	16	64	17	14	18	90	19	97	20	5	21	58	22	49	23	99	24	92	25	6	26	51	27	67	28	53	29	11
	0	46	1	50	2	70	3	87	4	51	5	75	6	54	7	22	8	73	9	80	10	93	11	7	12	95	13	62	14	80	15	40	16	26	17	61	18	34	19	86	20	55	21	30	22	46	23	8	24	52	25	70	26	42	27	5	28	3	29	18
	0	21	1	19	2	82	3	22	4	21	5	94	6	83	7	44	8	23	9	97	10	86	11	66	12	88	13	40	14	6	15	100	16	94	17	68	18	64	19	28	20	15	21	85	22	81	23	4	24	59	25	48	26	67	27	21	28	55	29	44
	0	79	1	5	2	62	3	32	4	49	5	100	6	38	7	19	8	23	9	50	10	86	11	91	12	49	13	86	14	65	15	29	16	12	17	1	18	52	19	76	20	7	21	33	22	67	23	36	24	81	25	15	26	6	27	24	28	10	29	58
	0	56	1	86	2	79	3	72	4	74	5	76	6	70	7	33	8	53	9	50	10	97	11	70	12	14	13	1	14	30	15	19	16	98	17	75	18	6	19	63	20	37	21	17	22	5	23	68	24	41	25	40	26	48	27	69	28	17	29	32
	0	53	1	80	2	15	3	20	4	38	5	24	6	74	7	80	8	76	9	8	10	89	11	50	12	16	13	94	14	49	15	72	16	56	17	29	18	3	19	4	20	13	21	50	22	53	23	45	24	18	25	67	26	85	27	75	28	59	29	92
	0	95	1	20	2	23	3	71	4	48	5	62	6	22	7	30	8	1	9	74	10	3	11	51	12	68	13	62	14	75	15	27	16	4	17	6	18	10	19	72	20	45	21	72	22	90	23	88	24	22	25	16	26	11	27	100	28	44	29	96
	0	74	1	19	2	13	3	90	4	10	5	6	6	17	7	54	8	31	9	27	10	14	11	90	12	97	13	29	14	7	15	2	16	48	17	89	18	61	19	52	20	32	21	93	22	32	23	59	24	28	25	70	26	89	27	87	28	60	29	77
	0	56	1	33	2	37	3	2	4	13	5	91	6	59	7	49	8	27	9	65	10	96	11	11	12	92	13	61	14	13	15	46	16	15	17	66	18	97	19	12	20	74	21	13	22	23	23	24	24	19	25	71	26	51	27	51	28	19	29	18
	0	48	1	48	2	54	3	94	4	72	5	5	6	9	7	28	8	72	9	52	10	30	11	90	12	82	13	45	14	35	15	20	16	10	17	47	18	1	19	24	20	61	21	44	22	64	23	43	24	39	25	88	26	3	27	43	28	16	29	49
	0	95	1	70	2	63	3	1	4	68	5	64	6	87	7	9	8	84	9	56	10	11	11	58	12	23	13	53	14	88	15	56	16	62	17	6	18	59	19	13	20	66	21	23	22	67	23	46	24	27	25	47	26	95	27	97	28	30	29	36
	0	11	1	48	2	23	3	3	4	5	5	64	6	23	7	3	8	75	9	6	10	92	11	79	12	93	13	97	14	47	15	100	16	43	17	35	18	13	19	56	20	36	21	67	22	7	23	89	24	21	25	92	26	26	27	83	28	64	29	50
	0	90	1	36	2	58	3	97	4	28	5	82	6	79	7	3	8	39	9	48	10	9	11	3	12	56	13	56	14	96	15	90	16	92	17	8	18	12	19	35	20	49	21	9	22	25	23	70	24	17	25	20	26	14	27	74	28	96	29	58
	0	76	1	38	2	18	3	56	4	13	5	6	6	56	7	71	8	98	9	23	10	31	11	13	12	45	13	22	14	72	15	97	16	54	17	45	18	89	19	79	20	91	21	75	22	51	23	5	24	20	25	22	26	84	27	95	28	19	29	93
	0	40	1	33	2	19	3	38	4	95	5	36	6	63	7	52	8	72	9	39	10	84	11	70	12	9	13	89	14	24	15	99	16	3	17	63	18	59	19	61	20	17	21	39	22	8	23	39	24	19	25	89	26	21	27	62	28	90	29	67
	0	93	1	68	2	33	3	20	4	39	5	19	6	45	7	44	8	29	9	73	10	63	11	53	12	67	13	26	14	80	15	42	16	68	17	83	18	86	19	65	20	61	21	25	22	99	23	45	24	25	25	72	26	75	27	3	28	35	29	68
	0	16	1	66	2	73	3	29	4	21	5	82	6	40	7	38	8	41	9	72	10	63	11	75	12	35	13	83	14	83	15	15	16	44	17	17	18	81	19	37	20	24	21	68	22	68	23	12	24	3	25	78	26	38	27	86	28	60	29	94
	0	79	1	58	2	34	3	99	4	82	5	23	6	20	7	33	8	85	9	39	10	99	11	40	12	51	13	23	14	15	15	100	16	77	17	98	18	99	19	33	20	52	21	39	22	95	23	88	24	45	25	90	26	45	27	46	28	73	29	56
	0	36	1	9	2	77	3	88	4	14	5	50	6	24	7	10	8	14	9	41	10	91	11	59	12	80	13	94	14	14	15	52	16	50	17	78	18	2	19	77	20	35	21	87	22	53	23	81	24	43	25	91	26	16	27	11	28	83	29	83
	0	91	1	20	2	87	3	97	4	60	5	54	6	20	7	78	8	86	9	62	10	61	11	23	12	37	13	20	14	92	15	8	16	1	17	56	18	7	19	90	20	18	21	91	22	41	23	52	24	35	25	68	26	85	27	97	28	62	29	19
	0	23	1	51	2	85	3	82	4	13	5	7	6	67	7	89	8	12	9	21	10	39	11	67	12	86	13	48	14	58	15	37	16	87	17	80	18	99	19	96	20	74	21	15	22	94	23	19	24	99	25	78	26	37	27	21	28	7	29	76
	0	21	1	47	2	13	3	37	4	81	5	9	6	39	7	93	8	46	9	68	10	45	11	90	12	35	13	28	14	86	15	39	16	46	17	10	18	63	19	36	20	23	21	95	22	59	23	28	24	5	25	80	26	85	27	91	28	76	29	73
	0	68	1	49	2	91	3	16	4	50	5	55	6	38	7	31	8	7	9	7	10	52	11	2	12	69	13	76	14	9	15	61	16	28	17	66	18	52	19	31	20	62	21	29	22	25	23	42	24	91	25	9	26	36	27	29	28	75	29	95
	0	56	1	71	2	92	3	90	4	26	5	38	6	75	7	46	8	46	9	44	10	80	11	4	12	47	13	45	14	31	15	45	16	82	17	95	18	50	19	56	20	85	21	81	22	74	23	39	24	88	25	90	26	18	27	40	28	79	29	65
	0	35	1	68	2	61	3	80	4	79	5	25	6	40	7	11	8	72	9	78	10	32	11	8	12	44	13	41	14	3	15	85	16	71	17	40	18	52	19	74	20	59	21	82	22	11	23	27	24	31	25	70	26	26	27	53	28	10	29	2
	0	33	1	21	2	30	3	67	4	59	5	73	6	96	7	29	8	1	9	24	10	74	11	45	12	51	13	45	14	1	15	77	16	97	17	54	18	26	19	79	20	6	21	57	22	34	23	73	24	55	25	30	26	12	27	55	28	89	29	14
	0	54	1	80	2	4	3	72	4	18	5	24	6	1	7	41	8	80	9	30	10	38	11	55	12	57	13	66	14	93	15	43	16	76	17	71	18	16	19	19	20	27	21	60	22	9	23	16	24	22	25	8	26	98	27	35	28	43	29	53
	0	57	1	16	2	62	3	58	4	10	5	32	6	54	7	49	8	19	9	89	10	42	11	9	12	37	13	72	14	43	15	90	16	82	17	54	18	15	19	85	20	54	21	89	22	1	23	53	24	12	25	36	26	42	27	17	28	80	29	80
	0	92	1	49	2	46	3	67	4	63	5	25	6	71	7	53	8	88	9	27	10	30	11	35	12	58	13	97	14	42	15	30	16	99	17	89	18	73	19	92	20	81	21	80	22	12	23	11	24	72	25	9	26	46	27	18	28	82	29	82
	0	98	1	90	2	74	3	55	4	2	5	41	6	7	7	69	8	20	9	26	10	65	11	20	12	33	13	11	14	79	15	75	16	53	17	74	18	38	19	65	20	55	21	38	22	61	23	23	24	2	25	71	26	55	27	53	28	28	29	77
	0	3	1	37	2	9	3	79	4	50	5	9	6	5	7	73	8	65	9	79	10	95	11	82	12	24	13	68	14	9	15	63	16	23	17	80	18	32	19	38	20	18	21	43	22	48	23	36	24	60	25	78	26	39	27	94	28	65	29	87
	0	56	1	41	2	34	3	66	4	25	5	52	6	24	7	77	8	68	9	65	10	28	11	49	12	42	13	90	14	1	15	86	16	24	17	52	18	81	19	97	20	93	21	45	22	41	23	76	24	7	25	92	26	5	27	13	28	50	29	44
	0	9	1	90	2	10	3	52	4	74	5	7	6	17	7	100	8	49	9	50	10	35	11	81	12	6	13	71	14	16	15	60	16	28	17	66	18	24	19	53	20	12	21	62	22	14	23	7	24	57	25	46	26	19	27	78	28	40	29	98
	0	68	1	23	2	91	3	17	4	55	5	67	6	94	7	48	8	14	9	6	10	19	11	46	12	86	13	50	14	31	15	39	16	78	17	39	18	31	19	76	20	40	21	53	22	46	23	66	24	25	25	27	26	58	27	58	28	2	29	31
	0	34	1	3	2	33	3	76	4	9	5	99	6	36	7	57	8	35	9	28	10	3	11	39	12	77	13	10	14	32	15	65	16	56	17	52	18	99	19	13	20	30	21	61	22	85	23	56	24	85	25	49	26	19	27	93	28	85	29	45
	0	11	1	51	2	73	3	100	4	94	5	82	6	59	7	46	8	84	9	6	10	6	11	39	12	28	13	61	14	9	15	13	16	16	17	83	18	52	19	5	20	56	21	10	22	43	23	43	24	55	25	79	26	100	27	2	28	42	29	86
	0	21	1	67	2	30	3	1	4	65	5	63	6	9	7	63	8	30	9	42	10	11	11	12	12	89	13	24	14	92	15	20	16	48	17	54	18	14	19	25	20	11	21	100	22	34	23	92	24	83	25	21	26	28	27	51	28	30	29	71
	0	2	1	73	2	96	3	10	4	76	5	9	6	36	7	68	8	40	9	77	10	5	11	48	12	11	13	89	14	35	15	78	16	55	17	54	18	69	19	55	20	37	21	76	22	47	23	38	24	28	25	66	26	55	27	69	28	66	29	18
	0	89	1	49	2	62	3	13	4	86	5	86	6	2	7	67	8	35	9	92	10	61	11	23	12	66	13	4	14	63	15	64	16	67	17	46	18	34	19	90	20	98	21	69	22	27	23	84	24	92	25	20	26	37	27	73	28	64	29	39
	0	13	1	38	2	57	3	85	4	45	5	52	6	10	7	35	8	91	9	32	10	31	11	12	12	52	13	40	14	88	15	22	16	28	17	77	18	76	19	27	20	5	21	44	22	100	23	73	24	59	25	64	26	100	27	52	28	71	29	96
	0	8	1	57	2	96	3	86	4	88	5	75	6	29	7	26	8	35	9	23	10	58	11	24	12	10	13	10	14	99	15	2	16	42	17	95	18	47	19	83	20	24	21	68	22	2	23	21	24	90	25	71	26	41	27	92	28	45	29	39
	0	47	1	55	2	79	3	30	4	25	5	47	6	3	7	71	8	52	9	59	10	70	11	42	12	55	13	26	14	83	15	66	16	100	17	27	18	93	19	91	20	50	21	52	22	45	23	72	24	17	25	16	26	26	27	94	28	13	29	9
	0	19	1	88	2	89	3	12	4	66	5	38	6	93	7	22	8	95	9	74	10	11	11	65	12	74	13	11	14	62	15	88	16	79	17	64	18	57	19	69	20	3	21	53	22	43	23	67	24	41	25	91	26	97	27	12	28	13	29	99
	0	50	1	22	2	39	3	10	4	30	5	66	6	54	7	38	8	75	9	28	10	28	11	37	12	56	13	46	14	46	15	76	16	95	17	22	18	46	19	89	20	82	21	22	22	29	23	3	24	19	25	23	26	85	27	27	28	51	29	81
	0	99	1	69	2	57	3	99	4	38	5	13	6	9	7	54	8	22	9	65	10	30	11	92	12	35	13	65	14	100	15	96	16	35	17	8	18	2	19	4	20	56	21	27	22	94	23	18	24	23	25	38	26	53	27	34	28	21	29	38
	0	43	1	84	2	79	3	15	4	74	5	74	6	70	7	10	8	75	9	54	10	44	11	29	12	98	13	59	14	20	15	13	16	11	17	94	18	32	19	6	20	63	21	75	22	97	23	66	24	19	25	30	26	32	27	31	28	3	29	24
	0	63	1	29	2	96	3	72	4	92	5	75	6	73	7	44	8	13	9	15	10	84	11	84	12	90	13	18	14	5	15	85	16	56	17	91	18	16	19	10	20	74	21	95	22	92	23	38	24	80	25	94	26	93	27	69	28	98	29	35
	0	8	1	32	2	95	3	60	4	90	5	85	6	25	7	10	8	58	9	72	10	60	11	44	12	99	13	97	14	26	15	95	16	55	17	42	18	88	19	56	20	99	21	5	22	46	23	27	24	34	25	64	26	36	27	5	28	57	29	84
	0	59	1	75	2	93	3	13	4	72	5	41	6	63	7	51	8	8	9	12	10	68	11	82	12	28	13	12	14	91	15	90	16	13	17	2	18	40	19	15	20	31	21	20	22	2	23	25	24	74	25	81	26	69	27	85	28	16	29	89
	0	63	1	65	2	50	3	55	4	62	5	32	6	18	7	33	8	11	9	88	10	16	11	97	12	73	13	65	14	54	15	38	16	40	17	95	18	5	19	54	20	32	21	4	22	70	23	46	24	25	25	9	26	32	27	61	28	9	29	96
	0	91	1	41	2	68	3	40	4	98	5	56	6	5	7	73	8	29	9	49	10	88	11	3	12	70	13	8	14	75	15	74	16	92	17	43	18	33	19	85	20	55	21	46	22	85	23	23	24	61	25	47	26	25	27	81	28	40	29	99
	0	99	1	60	2	53	3	56	4	38	5	77	6	27	7	35	8	94	9	30	10	71	11	55	12	7	13	91	14	38	15	15	16	11	17	27	18	21	19	47	20	65	21	73	22	8	23	48	24	38	25	99	26	27	27	90	28	19	29	59
	0	61	1	52	2	15	3	1	4	14	5	33	6	48	7	81	8	56	9	24	10	82	11	13	12	78	13	66	14	35	15	37	16	30	17	14	18	51	19	6	20	38	21	74	22	38	23	8	24	8	25	6	26	12	27	73	28	67	29	91
	0	80	1	45	2	4	3	6	4	69	5	8	6	6	7	69	8	78	9	99	10	100	11	34	12	7	13	46	14	57	15	52	16	1	17	15	18	4	19	28	20	95	21	58	22	59	23	48	24	63	25	82	26	90	27	43	28	9	29	2
	0	45	1	18	2	39	3	34	4	25	5	71	6	2	7	34	8	81	9	66	10	18	11	14	12	69	13	52	14	90	15	66	16	84	17	30	18	90	19	88	20	62	21	6	22	78	23	91	24	23	25	95	26	58	27	22	28	87	29	60
	0	18	1	56	2	99	3	94	4	84	5	8	6	23	7	85	8	92	9	96	10	14	11	24	12	65	13	50	14	68	15	40	16	32	17	26	18	7	19	73	20	45	21	9	22	52	23	25	24	68	25	80	26	87	27	44	28	50	29	98
	0	28	1	32	2	6	3	17	4	35	5	88	6	63	7	38	8	44	9	12	10	47	11	76	12	95	13	48	14	25	15	70	16	97	17	38	18	20	19	92	20	42	21	3	22	65	23	18	24	67	25	87	26	64	27	64	28	30	29	23
	0	71	1	16	2	34	3	13	4	27	5	85	6	31	7	25	8	81	9	86	10	78	11	43	12	8	13	18	14	40	15	43	16	9	17	75	18	51	19	63	20	23	21	43	22	76	23	94	24	11	25	45	26	45	27	20	28	99	29	45
	0	51	1	63	2	65	3	22	4	26	5	32	6	14	7	70	8	34	9	80	10	99	11	1	12	61	13	96	14	51	15	32	16	83	17	15	18	40	19	6	20	23	21	6	22	90	23	73	24	67	25	72	26	98	27	9	28	70	29	81
	0	40	1	88	2	69	3	97	4	80	5	1	6	15	7	96	8	87	9	100	10	61	11	79	12	38	13	21	14	76	15	14	16	81	17	90	18	76	19	72	20	45	21	43	22	98	23	38	24	58	25	90	26	44	27	15	28	100	29	20
	0	70	1	52	2	85	3	25	4	22	5	58	6	74	7	78	8	12	9	85	10	44	11	14	12	2	13	100	14	77	15	74	16	47	17	68	18	39	19	32	20	95	21	24	22	60	23	5	24	58	25	4	26	41	27	18	28	3	29	50
	0	49	1	74	2	21	3	42	4	65	5	49	6	71	7	83	8	12	9	17	10	20	11	61	12	70	13	67	14	14	15	73	16	50	17	78	18	48	19	55	20	98	21	57	22	34	23	83	24	29	25	49	26	80	27	26	28	42	29	91
	0	15	1	60	2	36	3	58	4	41	5	85	6	45	7	20	8	95	9	8	10	67	11	19	12	40	13	59	14	30	15	26	16	26	17	79	18	52	19	38	20	94	21	99	22	63	23	31	24	9	25	62	26	5	27	73	28	37	29	4
	0	40	1	60	2	18	3	74	4	7	5	46	6	96	7	45	8	21	9	59	10	95	11	71	12	20	13	26	14	66	15	90	16	75	17	74	18	37	19	52	20	35	21	50	22	50	23	49	24	73	25	85	26	55	27	74	28	48	29	12
	0	95	1	14	2	4	3	90	4	21	5	79	6	68	7	5	8	96	9	8	10	23	11	53	12	91	13	14	14	59	15	19	16	88	17	44	18	34	19	8	20	17	21	75	22	6	23	97	24	23	25	83	26	99	27	11	28	27	29	36
	0	23	1	42	2	18	3	7	4	79	5	58	6	3	7	7	8	83	9	87	10	95	11	91	12	14	13	54	14	25	15	78	16	81	17	18	18	92	19	86	20	24	21	38	22	5	23	84	24	35	25	52	26	65	27	3	28	45	29	68
	0	2	1	66	2	8	3	76	4	65	5	12	6	98	7	58	8	15	9	47	10	72	11	34	12	96	13	35	14	90	15	75	16	56	17	6	18	90	19	80	20	60	21	58	22	41	23	88	24	11	25	67	26	44	27	78	28	76	29	41
	0	47	1	76	2	76	3	82	4	85	5	69	6	88	7	34	8	74	9	96	10	77	11	36	12	14	13	80	14	43	15	8	16	78	17	96	18	67	19	44	20	98	21	4	22	66	23	79	24	66	25	96	26	16	27	62	28	18	29	26
	0	99	1	51	2	77	3	23	4	66	5	5	6	45	7	11	8	36	9	56	10	4	11	92	12	78	13	64	14	46	15	44	16	30	17	5	18	40	19	59	20	60	21	37	22	25	23	26	24	83	25	44	26	61	27	17	28	70	29	61
	0	97	1	37	2	24	3	17	4	35	5	57	6	8	7	58	8	87	9	36	10	54	11	35	12	67	13	81	14	81	15	73	16	62	17	36	18	91	19	46	20	69	21	71	22	56	23	33	24	99	25	23	26	78	27	24	28	73	29	15
	0	95	1	6	2	80	3	39	4	84	5	50	6	58	7	93	8	60	9	64	10	17	11	12	12	82	13	6	14	25	15	12	16	15	17	55	18	15	19	55	20	10	21	81	22	93	23	4	24	99	25	83	26	55	27	9	28	12	29	68
	0	30	1	73	2	80	3	90	4	21	5	51	6	59	7	83	8	13	9	9	10	99	11	49	12	50	13	50	14	53	15	82	16	24	17	48	18	83	19	55	20	14	21	90	22	14	23	83	24	71	25	92	26	50	27	37	28	36	29	39
	0	44	1	1	2	43	3	84	4	89	5	59	6	36	7	80	8	75	9	82	10	2	11	47	12	23	13	39	14	8	15	98	16	99	17	50	18	91	19	66	20	56	21	70	22	28	23	17	24	75	25	53	26	94	27	34	28	93	29	49
	0	94	1	5	2	25	3	23	4	8	5	58	6	52	7	9	8	97	9	24	10	2	11	34	12	57	13	13	14	51	15	63	16	22	17	43	18	44	19	74	20	38	21	55	22	76	23	46	24	83	25	2	26	12	27	19	28	89	29	94
	0	31	1	72	2	88	3	39	4	5	5	13	6	100	7	18	8	72	9	90	10	32	11	68	12	55	13	55	14	46	15	77	16	21	17	52	18	28	19	12	20	9	21	97	22	57	23	22	24	55	25	84	26	61	27	1	28	88	29	35
	0	13	1	99	2	88	3	62	4	83	5	13	6	26	7	25	8	80	9	100	10	22	11	100	12	29	13	86	14	95	15	89	16	69	17	74	18	91	19	36	20	72	21	72	22	11	23	35	24	25	25	86	26	77	27	33	28	5	29	57
	0	10	1	81	2	57	3	40	4	7	5	77	6	56	7	37	8	26	9	91	10	91	11	56	12	44	13	92	14	34	15	42	16	30	17	3	18	56	19	1	20	42	21	50	22	9	23	26	24	60	25	83	26	100	27	78	28	93	29	96
	0	13	1	5	2	35	3	66	4	44	5	72	6	54	7	76	8	87	9	60	10	41	11	17	12	58	13	51	14	52	15	68	16	50	17	90	18	9	19	94	20	73	21	22	22	72	23	27	24	98	25	18	26	64	27	12	28	26	29	48
	0	28	1	27	2	42	3	66	4	60	5	21	6	32	7	16	8	13	9	19	10	68	11	71	12	100	13	89	14	90	15	63	16	28	17	84	18	37	19	70	20	31	21	83	22	18	23	62	24	1	25	4	26	10	27	32	28	24	29	69
	0	26	1	55	2	75	3	32	4	7	5	52	6	30	7	9	8	8	9	54	10	88	11	68	12	96	13	97	14	26	15	66	16	76	17	87	18	27	19	45	20	14	21	14	22	38	23	19	24	22	25	12	26	69	27	19	28	22	29	89
	0	37	1	79	2	9	3	75	4	98	5	67	6	81	7	63	8	35	9	15	10	96	11	33	12	5	13	87	14	77	15	4	16	41	17	86	18	93	19	30	20	73	21	9	22	58	23	43	24	16	25	77	26	48	27	28	28	37	29	12
	0	17	1	51	2	97	3	41	4	64	5	98	6	30	7	41	8	94	9	88	10	10	11	54	12	49	13	67	14	9	15	41	16	25	17	98	18	59	19	64	20	96	21	12	22	59	23	86	24	3	25	64	26	99	27	59	28	92	29	26
	0	85	1	23	2	88	3	17	4	91	5	34	6	65	7	27	8	78	9	15	10	35	11	8	12	36	13	64	14	56	15	29	16	67	17	98	18	61	19	24	20	91	21	88	22	24	23	70	24	52	25	37	26	42	27	76	28	65	29	93
	0	83	1	91	2	14	3	95	4	36	5	27	6	3	7	10	8	68	9	79	10	14	11	99	12	49	13	88	14	39	15	14	16	37	17	61	18	64	19	24	20	14	21	66	22	42	23	27	24	1	25	52	26	85	27	74	28	23	29	67
	0	38	1	35	2	83	3	68	4	46	5	72	6	70	7	59	8	10	9	1	10	11	11	86	12	86	13	57	14	40	15	86	16	89	17	96	18	46	19	65	20	7	21	91	22	22	23	45	24	15	25	24	26	32	27	23	28	64	29	61
	0	55	1	12	2	86	3	65	4	87	5	69	6	23	7	99	8	4	9	29	10	88	11	12	12	17	13	93	14	7	15	5	16	70	17	48	18	4	19	29	20	67	21	10	22	23	23	70	24	29	25	24	26	5	27	99	28	4	29	60
Reldue
-1	13739	-1	1
-1	7599	-1	1
-1	6342	-1	1
-1	15251	-1	1
-1	8750	-1	1
-1	16931	-1	1
-1	8557	-1	1
-1	14280	-1	1
-1	6603	-1	1
-1	8992	-1	1
-1	13478	-1	1
-1	17473	-1	1
-1	6488	-1	1
-1	9328	-1	1
-1	16641	-1	1
-1	13298	-1	1
-1	13713	-1	1
-1	6901	-1	1
-1	12959	-1	1
-1	6919	-1	1
-1	11316	-1	1
-1	13237	-1	1
-1	8537	-1	1
-1	9244	-1	1
-1	12978	-1	1
-1	9934	-1	1
-1	16546	-1	1
-1	6494	-1	1
-1	6516	-1	1
-1	11791	-1	1
-1	16626	-1	1
-1	12529	-1	1
-1	9923	-1	1
-1	17919	-1	1
-1	16963	-1	1
-1	7941	-1	1
-1	7070	-1	1
-1	11815	-1	1
-1	11737	-1	1
-1	6717	-1	1
-1	15165	-1	1
-1	17744	-1	1
-1	15267	-1	1
-1	12294	-1	1
-1	8895	-1	1
-1	6892	-1	1
-1	7713	-1	1
-1	13457	-1	1
-1	7584	-1	1
-1	16087	-1	1
-1	15840	-1	1
-1	16861	-1	1
-1	8116	-1	1
-1	13497	-1	1
-1	13093	-1	1
-1	7549	-1	1
-1	15726	-1	1
-1	12664	-1	1
-1	13087	-1	1
-1	8992	-1	1
-1	6035	-1	1
-1	11471	-1	1
-1	10661	-1	1
-1	7479	-1	1
-1	16208	-1	1
-1	10366	-1	1
-1	18057	-1	1
-1	14816	-1	1
-1	11836	-1	1
-1	17809	-1	1
-1	13059	-1	1
-1	16088	-1	1
-1	10600	-1	1
-1	14111	-1	1
-1	16525	-1	1
-1	10163	-1	1
-1	6881	-1	1
-1	16589	-1	1
-1	13716	-1	1
-1	16221	-1	1
-1	15711	-1	1
-1	6340	-1	1
-1	15193	-1	1
-1	6961	-1	1
-1	15201	-1	1
-1	10169	-1	1
-1	13844	-1	1
-1	9297	-1	1
-1	15458	-1	1
-1	7622	-1	1
-1	7304	-1	1
-1	13861	-1	1
-1	15070	-1	1
-1	10870	-1	1
-1	17046	-1	1
-1	12463	-1	1
-1	6875	-1	1
-1	17511	-1	1
-1	14325	-1	1
-1	15692	-1	1
-1	17028	-1	1
-1	9330	-1	1
-1	15644	-1	1
-1	14327	-1	1
-1	7716	-1	1
-1	16402	-1	1
-1	10889	-1	1
-1	7890	-1	1
-1	7090	-1	1
-1	15897	-1	1
-1	16922	-1	1
-1	9761	-1	1
-1	13601	-1	1
-1	16349	-1	1
-1	10163	-1	1
-1	13614	-1	1
-1	8193	-1	1
-1	6382	-1	1
-1	12878	-1	1
-1	17392	-1	1
-1	13143	-1	1
-1	16223	-1	1
-1	8369	-1	1
-1	11227	-1	1
-1	6842	-1	1
-1	13163	-1	1
-1	14004	-1	1
-1	7465	-1	1
-1	12877	-1	1
-1	17887	-1	1
-1	17432	-1	1
-1	13168	-1	1
-1	10036	-1	1
-1	12194	-1	1
-1	14520	-1	1
-1	17236	-1	1
-1	11720	-1	1
-1	6965	-1	1
-1	17040	-1	1
-1	6993	-1	1
-1	15597	-1	1
-1	15615	-1	1
-1	9579	-1	1
-1	8044	-1	1
-1	9330	-1	1
-1	6668	-1	1
-1	6861	-1	1
-1	11648	-1	1
-1	16375	-1	1
-1	8466	-1	1
-1	16236	-1	1
-1	6309	-1	1
-1	12199	-1	1
-1	11870	-1	1
-1	14343	-1	1
-1	7973	-1	1
-1	14257	-1	1
-1	6653	-1	1
-1	13838	-1	1
-1	10309	-1	1
-1	13390	-1	1
-1	8293	-1	1
-1	9862	-1	1
-1	8526	-1	1
-1	7810	-1	1
-1	7220	-1	1
-1	8667	-1	1
-1	12187	-1	1
-1	6164	-1	1
-1	16535	-1	1
-1	6397	-1	1
-1	13694	-1	1
-1	13814	-1	1
-1	11672	-1	1
-1	18016	-1	1
-1	14682	-1	1
-1	7398	-1	1
-1	16365	-1	1
-1	6317	-1	1
-1	10723	-1	1
-1	14238	-1	1
-1	13901	-1	1
-1	9814	-1	1
-1	6443	-1	1
-1	6440	-1	1
-1	16357	-1	1
-1	12182	-1	1
-1	15688	-1	1
-1	9407	-1	1
-1	12966	-1	1
-1	14726	-1	1
-1	16418	-1	1
-1	8113	-1	1
-1	15839	-1	1
-1	17213	-1	1
-1	13780	-1	1
-1	8659	-1	1
-1	14574	-1	1
-1	13070	-1	1
-1	6321	-1	1
-1	13200	-1	1
-1	15785	-1	1
-1	11574	-1	1
-1	14824	-1	1
-1	6687	-1	1
-1	9219	-1	1
-1	6241	-1	1
-1	10880	-1	1
-1	8726	-1	1
-1	6368	-1	1
-1	16524	-1	1
-1	7130	-1	1
-1	17885	-1	1
-1	11318	-1	1
-1	7559	-1	1
-1	7707	-1	1
-1	16228	-1	1
-1	15513	-1	1
-1	13880	-1	1
-1	14519	-1	1
-1	12020	-1	1
-1	14755	-1	1
-1	12779	-1	1
-1	10857	-1	1
-1	17266	-1	1
-1	13600	-1	1
-1	11799	-1	1
-1	15523	-1	1
-1	16353	-1	1
-1	9426	-1	1
-1	10517	-1	1
-1	14500	-1	1
-1	9225	-1	1
-1	11728	-1	1
-1	17924	-1	1
-1	13970	-1	1
-1	10650	-1	1
-1	10585	-1	1
-1	8490	-1	1
-1	15688	-1	1
-1	10660	-1	1
-1	16123	-1	1
-1	16294	-1	1
-1	7893	-1	1
-1	12729	-1	1
-1	16649	-1	1
-1	15326	-1	1
-1	7735	-1	1
-1	16173	-1	1
-1	7407	-1	1
-1	8276	-1	1
-1	13419	-1	1
-1	17157	-1	1
-1	15951	-1	1
-1	14085	-1	1
-1	16535	-1	1
-1	9293	-1	1
-1	17014	-1	1
-1	9054	-1	1
-1	11084	-1	1
-1	16023	-1	1
-1	6296	-1	1
-1	11850	-1	1
-1	11104	-1	1
-1	9238	-1	1
-1	11564	-1	1
-1	11742	-1	1
-1	7378	-1	1
-1	17468	-1	1
-1	15275	-1	1
-1	8728	-1	1
-1	13701	-1	1
-1	6967	-1	1
-1	6935	-1	1
-1	15503	-1	1
-1	6669	-1	1
-1	13743	-1	1
-1	12877	-1	1
-1	6770	-1	1
-1	11878	-1	1
-1	7433	-1	1
-1	14396	-1	1
-1	9246	-1	1
-1	14000	-1	1
-1	7265	-1	1
-1	17656	-1	1
-1	10611	-1	1
-1	9857	-1	1
-1	9311	-1	1
-1	11581	-1	1
-1	7275	-1	1
-1	8522	-1	1
-1	10309	-1	1
-1	10853	-1	1
-1	7766	-1	1
-1	14382	-1	1
-1	6580	-1	1
-1	10631	-1	1
-1	16415	-1	1
-1	8049	-1	1
-1	6294	-1	1
-1	7918	-1	1
-1	12949	-1	1
-1	15308	-1	1
-1	11939	-1	1
-1	6575	-1	1
-1	6897	-1	1
-1	7844	-1	1
-1	17259	-1	1
-1	10284	-1	1
-1	7703	-1	1
-1	9110	-1	1
-1	17714	-1	1
-1	10824	-1	1
-1	7512	-1	1
-1	10528	-1	1
-1	12426	-1	1
-1	6102	-1	1
-1	16353	-1	1
-1	17122	-1	1
-1	14759	-1	1
-1	13116	-1	1
-1	11727	-1	1
-1	14578	-1	1
-1	7311	-1	1
-1	7871	-1	1
-1	17015	-1	1
-1	14155	-1	1
-1	9094	-1	1
-1	16506	-1	1
-1	8071	-1	1
-1	9592	-1	1
-1	15966	-1	1
-1	6470	-1	1
-1	13026	-1	1
-1	8494	-1	1
-1	12186	-1	1
-1	12875	-1	1
-1	14284	-1	1
-1	14488	-1	1
-1	13020	-1	1
-1	10306	-1	1
-1	11740	-1	1
-1	8173	-1	1
-1	16917	-1	1
-1	7377	-1	1
-1	6783	-1	1
-1	14029	-1	1
-1	13959	-1	1
-1	12896	-1	1
LBCmax: 20082
