50  30
	0	54	1	7	2	58	3	48	4	47	5	2	6	84	7	91	8	90	9	7	10	37	11	94	12	19	13	25	14	18	15	11	16	26	17	8	18	38	19	70	20	95	21	71	22	7	23	86	24	15	25	63	26	94	27	30	28	41	29	100
	0	45	1	94	2	9	3	60	4	88	5	72	6	41	7	10	8	51	9	35	10	82	11	32	12	78	13	52	14	63	15	39	16	15	17	23	18	84	19	18	20	3	21	95	22	51	23	32	24	9	25	83	26	24	27	76	28	63	29	28
	0	47	1	59	2	94	3	53	4	80	5	61	6	88	7	6	8	45	9	93	10	98	11	94	12	53	13	50	14	86	15	52	16	84	17	42	18	80	19	4	20	36	21	32	22	70	23	99	24	58	25	37	26	76	27	41	28	30	29	47
	0	69	1	39	2	70	3	80	4	21	5	49	6	75	7	84	8	19	9	82	10	11	11	41	12	62	13	98	14	30	15	39	16	36	17	17	18	71	19	20	20	38	21	14	22	69	23	21	24	69	25	77	26	82	27	58	28	55	29	38
	0	15	1	23	2	35	3	21	4	93	5	7	6	36	7	68	8	9	9	44	10	34	11	9	12	72	13	59	14	51	15	24	16	100	17	65	18	51	19	92	20	48	21	26	22	32	23	15	24	76	25	92	26	29	27	3	28	74	29	80
	0	65	1	5	2	21	3	42	4	31	5	61	6	28	7	48	8	68	9	95	10	5	11	91	12	84	13	73	14	44	15	64	16	45	17	6	18	6	19	85	20	98	21	51	22	70	23	74	24	29	25	70	26	59	27	92	28	71	29	24
	0	66	1	4	2	96	3	25	4	43	5	27	6	72	7	68	8	24	9	76	10	67	11	20	12	94	13	19	14	13	15	36	16	25	17	89	18	93	19	25	20	49	21	43	22	89	23	95	24	25	25	45	26	14	27	42	28	28	29	8
	0	12	1	67	2	73	3	44	4	5	5	30	6	38	7	94	8	19	9	83	10	60	11	28	12	4	13	34	14	14	15	56	16	62	17	37	18	98	19	80	20	13	21	16	22	89	23	73	24	83	25	50	26	35	27	81	28	92	29	98
	0	1	1	63	2	67	3	33	4	94	5	30	6	24	7	6	8	18	9	47	10	76	11	70	12	48	13	5	14	70	15	27	16	11	17	74	18	66	19	92	20	27	21	98	22	96	23	64	24	44	25	99	26	82	27	69	28	54	29	92
	0	89	1	5	2	3	3	23	4	43	5	2	6	9	7	2	8	52	9	90	10	56	11	78	12	95	13	20	14	34	15	70	16	76	17	94	18	41	19	80	20	55	21	92	22	60	23	17	24	1	25	8	26	87	27	33	28	35	29	33
	0	68	1	48	2	52	3	33	4	67	5	90	6	44	7	28	8	83	9	18	10	58	11	69	12	79	13	68	14	71	15	52	16	97	17	54	18	54	19	29	20	65	21	22	22	57	23	5	24	27	25	26	26	60	27	37	28	52	29	76
	0	36	1	48	2	97	3	85	4	48	5	52	6	33	7	8	8	68	9	43	10	61	11	49	12	84	13	84	14	74	15	89	16	47	17	11	18	47	19	48	20	55	21	28	22	52	23	88	24	93	25	78	26	40	27	27	28	71	29	90
	0	29	1	19	2	24	3	46	4	94	5	3	6	63	7	34	8	52	9	56	10	10	11	57	12	74	13	78	14	40	15	27	16	86	17	1	18	8	19	67	20	28	21	9	22	51	23	90	24	82	25	2	26	79	27	32	28	96	29	37
	0	8	1	60	2	67	3	40	4	83	5	88	6	44	7	67	8	4	9	54	10	79	11	56	12	59	13	53	14	33	15	5	16	8	17	39	18	17	19	52	20	88	21	19	22	17	23	60	24	35	25	14	26	38	27	31	28	28	29	64
	0	74	1	88	2	10	3	91	4	72	5	8	6	43	7	60	8	66	9	3	10	100	11	86	12	78	13	67	14	100	15	93	16	35	17	43	18	38	19	16	20	27	21	80	22	62	23	91	24	24	25	84	26	20	27	2	28	14	29	77
	0	47	1	50	2	34	3	23	4	89	5	79	6	8	7	81	8	78	9	73	10	9	11	5	12	97	13	8	14	23	15	88	16	14	17	16	18	55	19	18	20	52	21	4	22	34	23	12	24	55	25	35	26	90	27	31	28	38	29	56
	0	13	1	85	2	39	3	41	4	21	5	1	6	27	7	69	8	96	9	5	10	11	11	69	12	58	13	28	14	65	15	98	16	92	17	56	18	75	19	36	20	56	21	71	22	43	23	99	24	14	25	65	26	34	27	26	28	91	29	14
	0	43	1	80	2	41	3	35	4	2	5	66	6	62	7	96	8	76	9	61	10	16	11	17	12	5	13	11	14	29	15	93	16	92	17	36	18	75	19	47	20	54	21	44	22	81	23	57	24	72	25	53	26	1	27	44	28	12	29	71
	0	36	1	10	2	9	3	81	4	17	5	50	6	30	7	27	8	67	9	94	10	60	11	4	12	7	13	39	14	72	15	93	16	72	17	84	18	86	19	4	20	66	21	78	22	18	23	8	24	56	25	46	26	73	27	64	28	84	29	43
	0	48	1	98	2	63	3	60	4	29	5	65	6	64	7	89	8	11	9	7	10	30	11	97	12	69	13	100	14	62	15	87	16	68	17	33	18	68	19	49	20	77	21	85	22	68	23	4	24	27	25	72	26	90	27	20	28	48	29	86
	0	15	1	44	2	46	3	66	4	48	5	70	6	19	7	42	8	15	9	52	10	28	11	64	12	24	13	19	14	69	15	2	16	35	17	64	18	96	19	78	20	34	21	100	22	14	23	64	24	94	25	17	26	39	27	57	28	75	29	76
	0	71	1	23	2	99	3	21	4	55	5	58	6	97	7	10	8	11	9	23	10	11	11	78	12	63	13	30	14	9	15	91	16	92	17	15	18	37	19	60	20	1	21	99	22	16	23	15	24	67	25	27	26	62	27	52	28	5	29	61
	0	86	1	26	2	85	3	30	4	2	5	35	6	70	7	85	8	48	9	13	10	63	11	18	12	99	13	43	14	88	15	18	16	26	17	54	18	41	19	95	20	37	21	58	22	76	23	94	24	95	25	32	26	26	27	62	28	99	29	79
	0	73	1	57	2	80	3	95	4	4	5	13	6	46	7	37	8	30	9	84	10	74	11	75	12	48	13	42	14	35	15	64	16	75	17	14	18	98	19	67	20	92	21	50	22	61	23	26	24	58	25	89	26	85	27	58	28	1	29	58
	0	40	1	11	2	85	3	97	4	98	5	23	6	13	7	32	8	12	9	65	10	21	11	17	12	80	13	60	14	62	15	11	16	82	17	96	18	88	19	82	20	33	21	100	22	88	23	39	24	93	25	25	26	31	27	36	28	31	29	61
	0	24	1	6	2	27	3	97	4	79	5	7	6	63	7	62	8	65	9	97	10	37	11	49	12	74	13	75	14	2	15	92	16	21	17	41	18	12	19	35	20	88	21	63	22	20	23	40	24	44	25	73	26	76	27	1	28	23	29	13
	0	14	1	73	2	44	3	100	4	11	5	25	6	89	7	90	8	80	9	80	10	87	11	69	12	18	13	6	14	63	15	75	16	13	17	62	18	61	19	50	20	5	21	14	22	30	23	73	24	31	25	85	26	44	27	15	28	10	29	94
	0	7	1	25	2	44	3	92	4	34	5	32	6	50	7	26	8	43	9	29	10	40	11	59	12	72	13	62	14	9	15	43	16	11	17	60	18	14	19	22	20	40	21	58	22	47	23	6	24	67	25	6	26	23	27	50	28	46	29	78
	0	51	1	28	2	1	3	3	4	66	5	77	6	86	7	99	8	10	9	65	10	65	11	78	12	13	13	95	14	86	15	40	16	21	17	56	18	84	19	99	20	43	21	92	22	32	23	86	24	33	25	22	26	45	27	33	28	31	29	62
	0	73	1	28	2	17	3	18	4	70	5	5	6	59	7	55	8	10	9	99	10	64	11	49	12	74	13	72	14	54	15	96	16	66	17	20	18	24	19	29	20	93	21	89	22	67	23	52	24	36	25	59	26	66	27	13	28	4	29	99
	0	79	1	62	2	22	3	83	4	79	5	71	6	24	7	17	8	31	9	13	10	39	11	29	12	94	13	23	14	85	15	20	16	99	17	87	18	16	19	70	20	44	21	37	22	95	23	52	24	89	25	50	26	70	27	100	28	57	29	70
	0	84	1	29	2	68	3	6	4	59	5	11	6	70	7	78	8	17	9	48	10	27	11	5	12	26	13	90	14	90	15	73	16	7	17	9	18	70	19	5	20	15	21	9	22	68	23	42	24	94	25	38	26	43	27	94	28	70	29	35
	0	23	1	21	2	15	3	21	4	87	5	65	6	21	7	33	8	79	9	22	10	49	11	36	12	22	13	48	14	44	15	84	16	48	17	20	18	45	19	2	20	69	21	3	22	7	23	9	24	38	25	97	26	36	27	24	28	97	29	60
	0	95	1	93	2	91	3	34	4	26	5	53	6	3	7	21	8	14	9	20	10	51	11	75	12	65	13	47	14	25	15	24	16	86	17	15	18	74	19	29	20	100	21	38	22	81	23	46	24	12	25	92	26	55	27	42	28	15	29	10
	0	50	1	84	2	23	3	2	4	94	5	17	6	40	7	77	8	69	9	74	10	17	11	95	12	92	13	98	14	56	15	70	16	77	17	76	18	66	19	88	20	81	21	1	22	68	23	35	24	76	25	14	26	14	27	32	28	77	29	8
	0	68	1	28	2	35	3	70	4	53	5	93	6	75	7	16	8	75	9	22	10	21	11	35	12	75	13	35	14	65	15	40	16	58	17	23	18	53	19	15	20	17	21	9	22	89	23	76	24	40	25	84	26	4	27	2	28	73	29	56
	0	21	1	14	2	80	3	31	4	19	5	84	6	3	7	99	8	83	9	15	10	46	11	96	12	74	13	29	14	7	15	64	16	89	17	40	18	53	19	51	20	60	21	15	22	93	23	87	24	27	25	34	26	1	27	55	28	99	29	17
	0	17	1	39	2	61	3	68	4	80	5	3	6	100	7	56	8	14	9	54	10	75	11	40	12	60	13	79	14	31	15	98	16	2	17	62	18	43	19	26	20	67	21	22	22	37	23	11	24	69	25	31	26	30	27	94	28	35	29	94
	0	79	1	81	2	43	3	12	4	28	5	68	6	41	7	52	8	9	9	80	10	45	11	93	12	16	13	53	14	22	15	32	16	75	17	95	18	17	19	58	20	62	21	15	22	71	23	36	24	59	25	6	26	39	27	53	28	44	29	14
	0	17	1	23	2	43	3	31	4	20	5	55	6	13	7	100	8	84	9	14	10	10	11	16	12	75	13	54	14	80	15	57	16	33	17	90	18	71	19	88	20	82	21	34	22	40	23	12	24	84	25	14	26	30	27	65	28	20	29	65
	0	19	1	91	2	20	3	42	4	74	5	17	6	88	7	99	8	63	9	39	10	73	11	50	12	1	13	85	14	5	15	74	16	48	17	94	18	86	19	66	20	69	21	61	22	95	23	21	24	29	25	12	26	67	27	8	28	89	29	19
	0	45	1	82	2	16	3	60	4	12	5	25	6	38	7	3	8	54	9	29	10	83	11	50	12	18	13	48	14	11	15	74	16	56	17	95	18	7	19	43	20	73	21	48	22	100	23	8	24	26	25	5	26	38	27	1	28	29	29	94
	0	6	1	59	2	72	3	20	4	2	5	98	6	56	7	25	8	81	9	68	10	100	11	79	12	38	13	87	14	75	15	25	16	3	17	34	18	67	19	57	20	54	21	25	22	78	23	2	24	79	25	42	26	14	27	21	28	33	29	50
	0	22	1	75	2	87	3	45	4	75	5	96	6	53	7	17	8	9	9	71	10	36	11	4	12	74	13	37	14	47	15	93	16	45	17	22	18	72	19	79	20	2	21	5	22	94	23	99	24	84	25	69	26	4	27	85	28	70	29	58
	0	41	1	23	2	46	3	82	4	67	5	98	6	51	7	30	8	51	9	72	10	26	11	68	12	16	13	18	14	97	15	39	16	90	17	98	18	74	19	6	20	47	21	89	22	40	23	84	24	39	25	62	26	65	27	69	28	54	29	78
	0	73	1	53	2	44	3	69	4	43	5	70	6	17	7	4	8	17	9	42	10	88	11	55	12	55	13	98	14	18	15	30	16	59	17	78	18	3	19	24	20	53	21	72	22	88	23	6	24	84	25	39	26	8	27	50	28	93	29	96
	0	93	1	71	2	75	3	97	4	82	5	31	6	4	7	23	8	39	9	12	10	10	11	55	12	62	13	97	14	40	15	19	16	20	17	75	18	22	19	92	20	81	21	81	22	19	23	42	24	90	25	37	26	55	27	19	28	29	29	40
	0	36	1	23	2	66	3	33	4	97	5	34	6	53	7	36	8	61	9	50	10	68	11	37	12	87	13	93	14	80	15	67	16	21	17	66	18	87	19	2	20	15	21	77	22	76	23	67	24	54	25	63	26	79	27	53	28	97	29	73
	0	38	1	47	2	55	3	96	4	2	5	44	6	29	7	56	8	15	9	3	10	96	11	88	12	73	13	57	14	25	15	80	16	56	17	77	18	33	19	50	20	62	21	73	22	42	23	76	24	98	25	71	26	86	27	11	28	15	29	90
	0	72	1	53	2	78	3	25	4	8	5	42	6	13	7	98	8	33	9	8	10	80	11	41	12	33	13	98	14	54	15	13	16	23	17	44	18	13	19	74	20	6	21	60	22	73	23	66	24	72	25	85	26	15	27	70	28	86	29	85
Reldue
-1	2766	-1	1
-1	2404	-1	1
-1	2546	-1	1
-1	2119	-1	1
-1	2845	-1	1
-1	2570	-1	1
-1	2416	-1	1
-1	2528	-1	1
-1	2788	-1	1
-1	2070	-1	1
-1	2363	-1	1
-1	2753	-1	1
-1	2206	-1	1
-1	2400	-1	1
-1	2382	-1	1
-1	2610	-1	1
-1	2397	-1	1
-1	2130	-1	1
-1	2834	-1	1
-1	2133	-1	1
-1	2683	-1	1
-1	2404	-1	1
-1	2559	-1	1
-1	2527	-1	1
-1	2283	-1	1
-1	2604	-1	1
-1	2429	-1	1
-1	2450	-1	1
-1	2465	-1	1
-1	2269	-1	1
-1	2637	-1	1
-1	2143	-1	1
-1	2270	-1	1
-1	2716	-1	1
-1	2630	-1	1
-1	2042	-1	1
-1	2541	-1	1
-1	2058	-1	1
-1	2206	-1	1
-1	2287	-1	1
-1	2182	-1	1
-1	2739	-1	1
-1	2479	-1	1
-1	2397	-1	1
-1	2585	-1	1
-1	2044	-1	1
-1	2364	-1	1
-1	2211	-1	1
-1	2133	-1	1
-1	2230	-1	1
LBCmax: 4072
