50  30
	0	22	1	47	2	92	3	22	4	53	5	91	6	70	7	11	8	33	9	35	10	62	11	11	12	4	13	26	14	81	15	24	16	47	17	82	18	6	19	3	20	47	21	11	22	88	23	26	24	18	25	70	26	39	27	34	28	29	29	16
	0	61	1	36	2	83	3	8	4	78	5	23	6	23	7	77	8	51	9	51	10	82	11	71	12	19	13	68	14	94	15	35	16	80	17	20	18	24	19	91	20	98	21	44	22	4	23	26	24	22	25	24	26	70	27	2	28	31	29	7
	0	36	1	40	2	56	3	56	4	57	5	51	6	36	7	13	8	61	9	21	10	7	11	12	12	51	13	53	14	39	15	29	16	24	17	38	18	64	19	91	20	28	21	11	22	57	23	64	24	76	25	100	26	78	27	96	28	90	29	87
	0	65	1	94	2	23	3	32	4	50	5	41	6	10	7	33	8	42	9	4	10	17	11	15	12	87	13	72	14	12	15	79	16	4	17	32	18	70	19	63	20	53	21	82	22	75	23	70	24	6	25	14	26	4	27	80	28	90	29	43
	0	77	1	66	2	44	3	44	4	34	5	53	6	24	7	39	8	62	9	1	10	17	11	36	12	76	13	14	14	60	15	10	16	44	17	87	18	87	19	91	20	92	21	51	22	42	23	90	24	42	25	83	26	13	27	73	28	64	29	81
	0	10	1	69	2	42	3	24	4	66	5	88	6	95	7	75	8	32	9	48	10	93	11	90	12	25	13	75	14	54	15	39	16	13	17	5	18	36	19	52	20	61	21	98	22	36	23	56	24	90	25	65	26	63	27	57	28	92	29	43
	0	63	1	80	2	14	3	81	4	1	5	80	6	24	7	28	8	18	9	84	10	96	11	18	12	41	13	25	14	79	15	13	16	1	17	74	18	55	19	39	20	84	21	92	22	92	23	20	24	26	25	48	26	33	27	8	28	27	29	85
	0	100	1	56	2	43	3	17	4	93	5	87	6	78	7	94	8	7	9	46	10	94	11	82	12	8	13	50	14	100	15	20	16	33	17	69	18	99	19	68	20	16	21	96	22	90	23	60	24	40	25	1	26	73	27	10	28	71	29	70
	0	86	1	51	2	42	3	69	4	78	5	98	6	64	7	94	8	7	9	67	10	100	11	99	12	99	13	85	14	31	15	97	16	25	17	77	18	90	19	88	20	62	21	33	22	45	23	60	24	66	25	50	26	62	27	63	28	67	29	38
	0	79	1	57	2	45	3	26	4	67	5	65	6	72	7	94	8	59	9	14	10	26	11	37	12	80	13	22	14	92	15	20	16	100	17	65	18	25	19	89	20	97	21	42	22	38	23	45	24	12	25	17	26	32	27	96	28	10	29	4
	0	84	1	44	2	100	3	23	4	69	5	72	6	69	7	56	8	66	9	36	10	36	11	59	12	85	13	81	14	24	15	26	16	14	17	32	18	17	19	9	20	70	21	36	22	46	23	31	24	9	25	45	26	7	27	56	28	13	29	70
	0	32	1	96	2	82	3	54	4	48	5	75	6	81	7	41	8	89	9	77	10	32	11	23	12	67	13	42	14	38	15	15	16	1	17	97	18	88	19	78	20	58	21	37	22	86	23	89	24	74	25	79	26	87	27	38	28	40	29	65
	0	45	1	81	2	70	3	90	4	100	5	7	6	7	7	72	8	62	9	70	10	12	11	93	12	75	13	16	14	50	15	78	16	50	17	95	18	75	19	100	20	21	21	28	22	65	23	9	24	57	25	6	26	65	27	38	28	19	29	91
	0	42	1	36	2	70	3	81	4	63	5	14	6	61	7	55	8	32	9	24	10	50	11	90	12	68	13	93	14	31	15	42	16	100	17	85	18	92	19	15	20	9	21	75	22	3	23	70	24	54	25	35	26	25	27	36	28	46	29	86
	0	83	1	39	2	64	3	61	4	39	5	59	6	42	7	72	8	73	9	68	10	47	11	93	12	40	13	17	14	32	15	94	16	72	17	89	18	52	19	81	20	43	21	10	22	58	23	39	24	7	25	1	26	11	27	78	28	91	29	15
	0	90	1	29	2	92	3	77	4	77	5	35	6	9	7	43	8	38	9	43	10	23	11	25	12	49	13	92	14	86	15	59	16	27	17	39	18	1	19	11	20	65	21	85	22	90	23	52	24	72	25	85	26	87	27	36	28	89	29	52
	0	12	1	70	2	18	3	97	4	90	5	66	6	73	7	53	8	47	9	100	10	73	11	85	12	84	13	23	14	1	15	86	16	1	17	10	18	19	19	98	20	54	21	27	22	13	23	19	24	28	25	53	26	99	27	83	28	82	29	3
	0	15	1	23	2	3	3	17	4	92	5	49	6	55	7	32	8	65	9	12	10	27	11	36	12	68	13	31	14	9	15	71	16	41	17	91	18	53	19	56	20	19	21	67	22	99	23	18	24	96	25	6	26	60	27	64	28	80	29	81
	0	12	1	42	2	85	3	8	4	39	5	60	6	22	7	69	8	97	9	63	10	83	11	12	12	29	13	97	14	35	15	90	16	36	17	94	18	73	19	75	20	71	21	72	22	84	23	69	24	39	25	31	26	29	27	71	28	96	29	75
	0	52	1	2	2	82	3	10	4	65	5	75	6	50	7	92	8	64	9	68	10	60	11	13	12	81	13	52	14	44	15	67	16	86	17	50	18	85	19	28	20	76	21	58	22	38	23	19	24	17	25	53	26	8	27	74	28	51	29	40
	0	54	1	14	2	49	3	45	4	77	5	77	6	92	7	45	8	25	9	95	10	16	11	85	12	18	13	97	14	32	15	35	16	69	17	70	18	26	19	73	20	58	21	26	22	94	23	11	24	98	25	50	26	66	27	96	28	73	29	23
	0	19	1	41	2	62	3	49	4	97	5	86	6	66	7	26	8	72	9	89	10	11	11	42	12	25	13	82	14	81	15	98	16	28	17	63	18	8	19	68	20	54	21	99	22	43	23	53	24	45	25	56	26	52	27	6	28	23	29	99
	0	35	1	16	2	13	3	2	4	51	5	89	6	20	7	79	8	3	9	55	10	82	11	32	12	13	13	93	14	80	15	52	16	90	17	61	18	84	19	43	20	74	21	64	22	67	23	44	24	6	25	90	26	18	27	68	28	58	29	17
	0	27	1	93	2	26	3	55	4	30	5	55	6	66	7	79	8	36	9	53	10	21	11	76	12	71	13	48	14	93	15	97	16	19	17	11	18	20	19	95	20	33	21	81	22	89	23	97	24	55	25	1	26	100	27	31	28	68	29	73
	0	33	1	2	2	61	3	31	4	12	5	5	6	90	7	32	8	53	9	4	10	58	11	14	12	39	13	16	14	56	15	63	16	72	17	93	18	22	19	4	20	78	21	73	22	29	23	84	24	80	25	48	26	5	27	40	28	58	29	83
	0	24	1	47	2	50	3	70	4	54	5	98	6	92	7	98	8	32	9	67	10	72	11	88	12	97	13	45	14	57	15	15	16	24	17	56	18	26	19	10	20	15	21	100	22	3	23	33	24	47	25	63	26	84	27	35	28	99	29	6
	0	97	1	70	2	86	3	20	4	42	5	18	6	82	7	1	8	97	9	28	10	15	11	96	12	88	13	95	14	56	15	4	16	59	17	26	18	36	19	57	20	94	21	64	22	71	23	97	24	69	25	76	26	82	27	29	28	45	29	16
	0	13	1	21	2	18	3	26	4	20	5	72	6	99	7	32	8	62	9	77	10	92	11	54	12	20	13	56	14	73	15	28	16	35	17	28	18	10	19	18	20	18	21	46	22	67	23	61	24	8	25	19	26	82	27	68	28	48	29	95
	0	15	1	89	2	21	3	85	4	2	5	3	6	66	7	35	8	67	9	88	10	60	11	86	12	72	13	97	14	47	15	85	16	8	17	28	18	28	19	29	20	59	21	73	22	71	23	57	24	97	25	96	26	87	27	15	28	79	29	37
	0	81	1	75	2	53	3	89	4	89	5	73	6	15	7	64	8	33	9	93	10	53	11	51	12	87	13	17	14	69	15	45	16	16	17	23	18	81	19	75	20	27	21	96	22	39	23	88	24	63	25	74	26	95	27	53	28	16	29	63
	0	31	1	79	2	37	3	86	4	27	5	91	6	80	7	38	8	5	9	88	10	1	11	80	12	19	13	74	14	98	15	85	16	44	17	48	18	68	19	13	20	90	21	89	22	16	23	94	24	63	25	74	26	35	27	32	28	26	29	5
	0	48	1	66	2	44	3	50	4	92	5	44	6	12	7	10	8	53	9	8	10	4	11	68	12	20	13	85	14	88	15	99	16	93	17	33	18	94	19	21	20	65	21	98	22	39	23	28	24	77	25	65	26	30	27	53	28	96	29	20
	0	17	1	15	2	83	3	53	4	53	5	73	6	41	7	69	8	92	9	98	10	61	11	88	12	24	13	10	14	9	15	44	16	36	17	59	18	18	19	27	20	46	21	42	22	87	23	22	24	38	25	92	26	85	27	28	28	19	29	66
	0	27	1	76	2	48	3	33	4	63	5	82	6	29	7	32	8	2	9	82	10	57	11	48	12	54	13	60	14	64	15	35	16	59	17	47	18	2	19	74	20	66	21	63	22	62	23	56	24	37	25	33	26	9	27	15	28	13	29	77
	0	94	1	64	2	78	3	91	4	63	5	100	6	79	7	34	8	74	9	79	10	12	11	5	12	7	13	92	14	74	15	83	16	1	17	77	18	32	19	37	20	80	21	54	22	73	23	63	24	35	25	67	26	37	27	77	28	79	29	75
	0	27	1	85	2	100	3	15	4	70	5	7	6	57	7	46	8	63	9	20	10	23	11	27	12	28	13	62	14	47	15	99	16	63	17	91	18	99	19	85	20	57	21	6	22	21	23	98	24	21	25	73	26	92	27	49	28	29	29	6
	0	84	1	85	2	90	3	99	4	66	5	100	6	94	7	18	8	89	9	88	10	97	11	76	12	44	13	54	14	27	15	78	16	92	17	79	18	54	19	96	20	1	21	22	22	37	23	98	24	37	25	94	26	37	27	68	28	93	29	34
	0	75	1	69	2	66	3	1	4	58	5	45	6	3	7	12	8	13	9	69	10	71	11	35	12	5	13	64	14	38	15	1	16	7	17	80	18	65	19	82	20	78	21	86	22	38	23	65	24	43	25	10	26	94	27	19	28	95	29	50
	0	30	1	24	2	60	3	20	4	78	5	14	6	84	7	24	8	7	9	61	10	58	11	57	12	76	13	82	14	57	15	74	16	39	17	76	18	87	19	97	20	95	21	93	22	59	23	26	24	18	25	4	26	17	27	90	28	19	29	39
	0	11	1	45	2	27	3	80	4	85	5	13	6	77	7	58	8	17	9	14	10	53	11	70	12	30	13	30	14	33	15	17	16	69	17	22	18	14	19	49	20	6	21	58	22	20	23	40	24	20	25	57	26	35	27	45	28	72	29	35
	0	96	1	9	2	50	3	8	4	44	5	31	6	76	7	3	8	30	9	3	10	100	11	68	12	1	13	75	14	4	15	89	16	30	17	12	18	2	19	49	20	61	21	53	22	20	23	95	24	87	25	89	26	76	27	97	28	66	29	6
	0	90	1	98	2	65	3	73	4	19	5	20	6	71	7	66	8	76	9	49	10	13	11	60	12	72	13	19	14	95	15	29	16	20	17	85	18	11	19	32	20	62	21	25	22	13	23	87	24	11	25	42	26	47	27	44	28	38	29	39
	0	70	1	22	2	24	3	81	4	25	5	66	6	74	7	87	8	31	9	43	10	49	11	9	12	7	13	78	14	66	15	74	16	60	17	95	18	94	19	21	20	81	21	30	22	1	23	45	24	36	25	14	26	78	27	33	28	63	29	50
	0	13	1	55	2	89	3	37	4	98	5	37	6	35	7	8	8	13	9	44	10	81	11	79	12	79	13	44	14	3	15	45	16	13	17	17	18	5	19	54	20	7	21	51	22	99	23	48	24	17	25	32	26	26	27	59	28	40	29	5
	0	4	1	89	2	2	3	93	4	47	5	15	6	5	7	72	8	7	9	12	10	80	11	51	12	9	13	60	14	72	15	15	16	98	17	89	18	36	19	9	20	19	21	98	22	13	23	83	24	85	25	17	26	50	27	34	28	14	29	14
	0	36	1	95	2	46	3	82	4	4	5	76	6	53	7	31	8	8	9	42	10	16	11	78	12	67	13	94	14	39	15	31	16	54	17	87	18	99	19	76	20	56	21	86	22	79	23	35	24	38	25	73	26	15	27	56	28	89	29	25
	0	65	1	33	2	29	3	43	4	75	5	92	6	11	7	5	8	95	9	73	10	43	11	58	12	91	13	96	14	7	15	88	16	24	17	5	18	69	19	24	20	19	21	12	22	87	23	64	24	39	25	86	26	75	27	32	28	23	29	75
	0	66	1	9	2	73	3	35	4	98	5	90	6	82	7	18	8	11	9	57	10	49	11	45	12	13	13	78	14	21	15	43	16	81	17	72	18	53	19	58	20	83	21	94	22	80	23	41	24	41	25	32	26	40	27	87	28	88	29	19
	0	2	1	71	2	60	3	13	4	68	5	1	6	45	7	78	8	68	9	100	10	87	11	85	12	69	13	64	14	94	15	14	16	52	17	89	18	16	19	13	20	46	21	28	22	82	23	65	24	10	25	47	26	24	27	57	28	4	29	87
	0	13	1	49	2	1	3	33	4	94	5	92	6	12	7	80	8	90	9	52	10	42	11	14	12	17	13	21	14	94	15	63	16	31	17	30	18	87	19	89	20	82	21	3	22	56	23	21	24	74	25	6	26	46	27	53	28	36	29	83
Reldue
-1	2838	-1	1
-1	3129	-1	1
-1	3294	-1	1
-1	3946	-1	1
-1	2638	-1	1
-1	2816	-1	1
-1	2832	-1	1
-1	2615	-1	1
-1	4333	-1	1
-1	3916	-1	1
-1	3757	-1	1
-1	3328	-1	1
-1	2408	-1	1
-1	3874	-1	1
-1	3774	-1	1
-1	3645	-1	1
-1	3074	-1	1
-1	4025	-1	1
-1	2887	-1	1
-1	2937	-1	1
-1	4073	-1	1
-1	4085	-1	1
-1	4243	-1	1
-1	3481	-1	1
-1	3597	-1	1
-1	2057	-1	1
-1	3978	-1	1
-1	4108	-1	1
-1	2794	-1	1
-1	2465	-1	1
-1	3740	-1	1
-1	2677	-1	1
-1	2575	-1	1
-1	3189	-1	1
-1	4129	-1	1
-1	2901	-1	1
-1	3138	-1	1
-1	3042	-1	1
-1	2018	-1	1
-1	2614	-1	1
-1	3351	-1	1
-1	3905	-1	1
-1	3469	-1	1
-1	2937	-1	1
-1	2497	-1	1
-1	3231	-1	1
-1	2738	-1	1
-1	2379	-1	1
-1	2690	-1	1
-1	4208	-1	1
LBCmax: 3959
