50  50
	0	83	1	46	2	40	3	25	4	64	5	17	6	82	7	21	8	56	9	23	10	71	11	81	12	49	13	45	14	17	15	16	16	42	17	19	18	12	19	68	20	46	21	39	22	18	23	19	24	62	25	21	26	91	27	65	28	24	29	64	30	68	31	61	32	15	33	18	34	37	35	90	36	12	37	60	38	50	39	27	40	11	41	8	42	45	43	8	44	39	45	42	46	6	47	10	48	66	49	20
	0	64	1	100	2	49	3	88	4	16	5	32	6	93	7	37	8	24	9	75	10	4	11	47	12	14	13	15	14	64	15	28	16	90	17	54	18	65	19	46	20	34	21	12	22	62	23	87	24	50	25	97	26	57	27	8	28	86	29	92	30	5	31	72	32	31	33	94	34	11	35	69	36	67	37	82	38	59	39	59	40	48	41	13	42	90	43	10	44	99	45	67	46	27	47	97	48	87	49	96
	0	98	1	91	2	98	3	40	4	24	5	68	6	14	7	20	8	64	9	89	10	80	11	18	12	30	13	59	14	16	15	10	16	17	17	47	18	92	19	6	20	22	21	35	22	82	23	10	24	30	25	26	26	76	27	20	28	95	29	20	30	99	31	8	32	57	33	62	34	68	35	68	36	56	37	85	38	96	39	18	40	44	41	36	42	21	43	85	44	4	45	41	46	8	47	22	48	24	49	43
	0	67	1	26	2	89	3	37	4	76	5	62	6	90	7	69	8	6	9	12	10	56	11	72	12	79	13	94	14	58	15	77	16	23	17	37	18	62	19	100	20	90	21	93	22	98	23	98	24	47	25	26	26	87	27	54	28	76	29	17	30	57	31	24	32	28	33	56	34	13	35	65	36	17	37	30	38	60	39	15	40	56	41	23	42	91	43	2	44	64	45	76	46	89	47	7	48	3	49	80
	0	93	1	1	2	22	3	12	4	50	5	27	6	6	7	15	8	35	9	11	10	73	11	97	12	14	13	12	14	67	15	97	16	91	17	45	18	21	19	37	20	45	21	43	22	2	23	72	24	80	25	37	26	72	27	87	28	5	29	74	30	5	31	20	32	44	33	1	34	50	35	7	36	42	37	76	38	52	39	65	40	98	41	2	42	35	43	78	44	62	45	79	46	36	47	41	48	66	49	29
	0	38	1	71	2	76	3	31	4	29	5	14	6	94	7	79	8	8	9	74	10	35	11	52	12	83	13	66	14	56	15	41	16	67	17	72	18	39	19	1	20	48	21	27	22	22	23	93	24	80	25	90	26	38	27	51	28	42	29	67	30	26	31	96	32	51	33	86	34	1	35	61	36	29	37	47	38	3	39	8	40	54	41	100	42	74	43	64	44	49	45	19	46	14	47	90	48	96	49	68
	0	24	1	59	2	66	3	92	4	48	5	27	6	10	7	78	8	50	9	2	10	52	11	46	12	6	13	52	14	76	15	96	16	88	17	14	18	100	19	5	20	70	21	80	22	79	23	41	24	93	25	88	26	75	27	67	28	50	29	40	30	95	31	16	32	1	33	7	34	84	35	90	36	11	37	23	38	8	39	98	40	75	41	59	42	90	43	35	44	83	45	29	46	61	47	83	48	27	49	75
	0	51	1	63	2	54	3	27	4	33	5	87	6	27	7	53	8	87	9	87	10	41	11	12	12	53	13	5	14	95	15	5	16	87	17	89	18	44	19	77	20	43	21	24	22	62	23	3	24	39	25	82	26	83	27	87	28	89	29	91	30	27	31	29	32	96	33	34	34	9	35	59	36	50	37	42	38	87	39	36	40	73	41	48	42	8	43	53	44	94	45	87	46	50	47	15	48	70	49	98
	0	75	1	61	2	62	3	41	4	29	5	63	6	37	7	23	8	75	9	9	10	72	11	28	12	19	13	63	14	58	15	70	16	85	17	62	18	46	19	25	20	50	21	71	22	74	23	4	24	19	25	38	26	73	27	76	28	32	29	99	30	35	31	64	32	24	33	25	34	100	35	50	36	66	37	21	38	84	39	84	40	73	41	8	42	59	43	67	44	52	45	67	46	69	47	64	48	28	49	97
	0	20	1	68	2	66	3	39	4	94	5	1	6	86	7	65	8	78	9	52	10	26	11	23	12	92	13	71	14	10	15	95	16	71	17	66	18	32	19	11	20	33	21	78	22	38	23	24	24	28	25	44	26	98	27	29	28	67	29	45	30	76	31	4	32	53	33	16	34	55	35	75	36	92	37	72	38	67	39	63	40	30	41	59	42	37	43	51	44	57	45	47	46	45	47	71	48	73	49	16
	0	56	1	17	2	98	3	11	4	76	5	19	6	93	7	61	8	47	9	43	10	97	11	84	12	67	13	98	14	10	15	31	16	4	17	65	18	83	19	42	20	65	21	83	22	85	23	5	24	92	25	51	26	57	27	54	28	39	29	33	30	88	31	43	32	37	33	78	34	51	35	74	36	37	37	88	38	99	39	82	40	10	41	1	42	15	43	88	44	30	45	70	46	39	47	87	48	76	49	46
	0	45	1	22	2	28	3	6	4	28	5	61	6	37	7	94	8	25	9	96	10	94	11	37	12	79	13	3	14	47	15	80	16	19	17	49	18	18	19	46	20	25	21	35	22	19	23	99	24	83	25	7	26	92	27	91	28	70	29	73	30	100	31	8	32	8	33	13	34	52	35	39	36	79	37	63	38	38	39	48	40	1	41	15	42	9	43	13	44	93	45	68	46	26	47	64	48	91	49	7
	0	59	1	40	2	80	3	14	4	25	5	32	6	70	7	25	8	74	9	4	10	16	11	91	12	76	13	90	14	64	15	6	16	73	17	15	18	91	19	11	20	83	21	87	22	34	23	93	24	78	25	71	26	60	27	21	28	83	29	22	30	9	31	8	32	48	33	40	34	10	35	75	36	1	37	98	38	54	39	70	40	94	41	31	42	72	43	58	44	76	45	86	46	61	47	80	48	78	49	92
	0	48	1	69	2	79	3	85	4	81	5	50	6	92	7	96	8	91	9	63	10	2	11	95	12	77	13	100	14	17	15	44	16	91	17	40	18	39	19	98	20	21	21	7	22	63	23	71	24	17	25	4	26	41	27	39	28	6	29	3	30	95	31	57	32	70	33	65	34	53	35	16	36	6	37	45	38	34	39	48	40	81	41	4	42	32	43	79	44	55	45	22	46	42	47	77	48	32	49	94
	0	52	1	33	2	63	3	38	4	89	5	98	6	13	7	76	8	83	9	44	10	62	11	34	12	100	13	23	14	7	15	91	16	53	17	58	18	82	19	77	20	85	21	66	22	10	23	72	24	96	25	20	26	60	27	1	28	47	29	89	30	76	31	85	32	73	33	5	34	82	35	8	36	75	37	64	38	4	39	30	40	82	41	48	42	51	43	18	44	14	45	29	46	43	47	4	48	48	49	89
	0	88	1	83	2	21	3	64	4	36	5	9	6	85	7	16	8	69	9	53	10	100	11	58	12	98	13	27	14	54	15	19	16	88	17	98	18	18	19	96	20	17	21	41	22	93	23	50	24	53	25	92	26	100	27	41	28	93	29	23	30	26	31	89	32	12	33	41	34	11	35	35	36	4	37	69	38	62	39	14	40	14	41	82	42	15	43	89	44	6	45	97	46	71	47	79	48	96	49	30
	0	13	1	99	2	63	3	95	4	36	5	99	6	5	7	79	8	72	9	52	10	9	11	32	12	95	13	41	14	50	15	65	16	23	17	44	18	40	19	21	20	60	21	18	22	87	23	84	24	48	25	12	26	40	27	36	28	16	29	95	30	31	31	64	32	47	33	55	34	33	35	93	36	5	37	98	38	2	39	94	40	85	41	79	42	71	43	81	44	86	45	26	46	6	47	11	48	17	49	38
	0	53	1	48	2	82	3	77	4	37	5	42	6	6	7	83	8	74	9	50	10	5	11	74	12	25	13	99	14	6	15	20	16	3	17	51	18	63	19	98	20	98	21	40	22	40	23	69	24	95	25	81	26	46	27	30	28	90	29	73	30	50	31	37	32	36	33	47	34	100	35	98	36	72	37	27	38	36	39	88	40	15	41	8	42	71	43	28	44	19	45	74	46	67	47	29	48	32	49	98
	0	43	1	6	2	3	3	8	4	84	5	94	6	28	7	8	8	48	9	40	10	22	11	83	12	74	13	37	14	62	15	30	16	59	17	34	18	56	19	1	20	34	21	36	22	2	23	44	24	70	25	68	26	61	27	65	28	7	29	93	30	60	31	76	32	50	33	76	34	86	35	79	36	11	37	52	38	52	39	4	40	79	41	42	42	28	43	13	44	37	45	14	46	89	47	21	48	72	49	94
	0	11	1	15	2	39	3	63	4	6	5	54	6	77	7	8	8	6	9	90	10	94	11	98	12	12	13	44	14	56	15	17	16	74	17	24	18	56	19	68	20	79	21	74	22	51	23	27	24	44	25	74	26	81	27	18	28	59	29	61	30	24	31	35	32	18	33	9	34	36	35	35	36	33	37	2	38	87	39	64	40	19	41	4	42	94	43	10	44	95	45	72	46	7	47	89	48	51	49	1
	0	4	1	95	2	56	3	84	4	94	5	85	6	11	7	17	8	44	9	75	10	93	11	2	12	69	13	68	14	16	15	10	16	57	17	40	18	21	19	12	20	17	21	51	22	70	23	1	24	68	25	67	26	98	27	46	28	18	29	2	30	59	31	59	32	82	33	11	34	61	35	69	36	59	37	9	38	81	39	31	40	59	41	90	42	98	43	13	44	32	45	54	46	100	47	37	48	76	49	95
	0	38	1	74	2	2	3	89	4	38	5	16	6	72	7	88	8	93	9	66	10	72	11	18	12	98	13	35	14	64	15	19	16	8	17	25	18	19	19	94	20	11	21	43	22	54	23	43	24	62	25	74	26	7	27	8	28	24	29	96	30	16	31	43	32	90	33	42	34	99	35	97	36	12	37	21	38	56	39	66	40	35	41	45	42	27	43	52	44	25	45	54	46	68	47	53	48	39	49	13
	0	63	1	34	2	67	3	22	4	55	5	91	6	58	7	81	8	62	9	92	10	99	11	83	12	41	13	55	14	12	15	34	16	84	17	97	18	85	19	28	20	68	21	70	22	64	23	11	24	6	25	70	26	57	27	33	28	59	29	69	30	34	31	58	32	5	33	27	34	23	35	73	36	79	37	66	38	40	39	44	40	31	41	25	42	96	43	83	44	65	45	26	46	72	47	32	48	56	49	12
	0	60	1	87	2	49	3	47	4	99	5	5	6	6	7	88	8	67	9	76	10	46	11	53	12	2	13	48	14	76	15	73	16	61	17	41	18	41	19	80	20	45	21	86	22	20	23	74	24	42	25	70	26	45	27	79	28	74	29	82	30	30	31	66	32	48	33	89	34	36	35	22	36	44	37	84	38	94	39	75	40	85	41	76	42	84	43	16	44	86	45	37	46	29	47	70	48	70	49	12
	0	51	1	18	2	93	3	46	4	6	5	58	6	21	7	6	8	82	9	63	10	50	11	93	12	46	13	85	14	68	15	63	16	62	17	93	18	86	19	16	20	6	21	52	22	1	23	15	24	72	25	94	26	62	27	42	28	38	29	22	30	47	31	9	32	15	33	44	34	86	35	75	36	36	37	48	38	76	39	44	40	24	41	55	42	68	43	40	44	61	45	98	46	44	47	76	48	54	49	37
	0	94	1	86	2	48	3	90	4	62	5	66	6	57	7	54	8	38	9	44	10	94	11	32	12	97	13	94	14	32	15	97	16	12	17	39	18	26	19	68	20	9	21	26	22	64	23	57	24	29	25	61	26	53	27	34	28	12	29	36	30	36	31	6	32	19	33	92	34	99	35	13	36	72	37	89	38	28	39	84	40	58	41	88	42	12	43	4	44	33	45	69	46	99	47	93	48	37	49	18
	0	64	1	91	2	77	3	80	4	41	5	98	6	66	7	58	8	21	9	23	10	12	11	90	12	26	13	31	14	98	15	46	16	5	17	96	18	93	19	33	20	23	21	3	22	94	23	84	24	26	25	46	26	76	27	75	28	6	29	26	30	14	31	6	32	8	33	44	34	98	35	27	36	39	37	34	38	44	39	98	40	85	41	98	42	95	43	21	44	37	45	17	46	47	47	73	48	84	49	66
	0	47	1	37	2	21	3	55	4	54	5	4	6	89	7	66	8	54	9	91	10	40	11	64	12	76	13	11	14	85	15	3	16	45	17	74	18	85	19	47	20	61	21	11	22	82	23	93	24	18	25	55	26	79	27	47	28	67	29	15	30	24	31	99	32	11	33	30	34	50	35	9	36	77	37	86	38	76	39	73	40	3	41	36	42	82	43	54	44	41	45	56	46	94	47	97	48	50	49	20
	0	55	1	46	2	50	3	92	4	74	5	43	6	46	7	55	8	57	9	80	10	42	11	25	12	85	13	27	14	21	15	27	16	82	17	64	18	38	19	32	20	83	21	78	22	68	23	69	24	10	25	17	26	8	27	76	28	3	29	7	30	3	31	49	32	68	33	66	34	74	35	98	36	39	37	85	38	51	39	23	40	69	41	52	42	38	43	71	44	94	45	31	46	70	47	36	48	33	49	43
	0	41	1	7	2	23	3	95	4	100	5	86	6	96	7	54	8	60	9	22	10	52	11	65	12	52	13	39	14	89	15	69	16	31	17	52	18	78	19	59	20	16	21	1	22	10	23	75	24	3	25	36	26	50	27	42	28	10	29	51	30	67	31	95	32	24	33	41	34	32	35	39	36	60	37	23	38	7	39	38	40	62	41	58	42	50	43	54	44	2	45	53	46	28	47	43	48	50	49	42
	0	13	1	4	2	27	3	69	4	72	5	37	6	69	7	16	8	24	9	46	10	51	11	55	12	91	13	98	14	59	15	27	16	67	17	24	18	14	19	56	20	6	21	24	22	62	23	63	24	75	25	10	26	16	27	45	28	41	29	4	30	94	31	17	32	82	33	62	34	83	35	48	36	39	37	6	38	52	39	21	40	54	41	79	42	59	43	23	44	58	45	56	46	51	47	23	48	2	49	69
	0	37	1	98	2	52	3	38	4	92	5	28	6	78	7	19	8	15	9	57	10	28	11	93	12	57	13	93	14	48	15	76	16	86	17	95	18	93	19	21	20	47	21	77	22	51	23	27	24	60	25	17	26	67	27	97	28	35	29	51	30	35	31	92	32	14	33	2	34	98	35	88	36	64	37	62	38	80	39	20	40	79	41	22	42	36	43	79	44	70	45	48	46	93	47	92	48	50	49	8
	0	9	1	2	2	36	3	21	4	95	5	31	6	36	7	86	8	62	9	78	10	82	11	97	12	82	13	15	14	35	15	62	16	92	17	53	18	76	19	83	20	70	21	2	22	43	23	60	24	56	25	55	26	92	27	25	28	17	29	56	30	93	31	25	32	59	33	45	34	82	35	7	36	37	37	80	38	28	39	73	40	31	41	83	42	93	43	10	44	80	45	60	46	99	47	8	48	80	49	93
	0	8	1	27	2	9	3	7	4	3	5	81	6	24	7	43	8	18	9	31	10	43	11	15	12	44	13	20	14	10	15	20	16	31	17	100	18	97	19	17	20	34	21	6	22	10	23	20	24	5	25	5	26	86	27	50	28	12	29	10	30	1	31	43	32	21	33	43	34	28	35	28	36	10	37	84	38	24	39	92	40	74	41	36	42	14	43	20	44	39	45	10	46	24	47	76	48	10	49	82
	0	67	1	36	2	10	3	4	4	77	5	27	6	86	7	59	8	78	9	11	10	88	11	79	12	89	13	15	14	60	15	93	16	30	17	9	18	74	19	57	20	81	21	75	22	19	23	77	24	92	25	22	26	19	27	48	28	59	29	37	30	32	31	47	32	8	33	81	34	71	35	75	36	59	37	65	38	35	39	14	40	54	41	69	42	51	43	62	44	74	45	95	46	54	47	54	48	85	49	46
	0	65	1	77	2	69	3	93	4	47	5	52	6	61	7	73	8	37	9	26	10	67	11	6	12	90	13	5	14	53	15	50	16	88	17	14	18	24	19	24	20	88	21	78	22	31	23	54	24	30	25	47	26	83	27	49	28	12	29	17	30	35	31	87	32	6	33	10	34	7	35	75	36	82	37	25	38	22	39	28	40	52	41	78	42	97	43	60	44	63	45	78	46	3	47	92	48	90	49	7
	0	90	1	19	2	10	3	19	4	49	5	96	6	62	7	62	8	35	9	19	10	29	11	88	12	93	13	32	14	82	15	11	16	56	17	73	18	81	19	21	20	2	21	42	22	29	23	75	24	91	25	53	26	9	27	3	28	31	29	5	30	66	31	30	32	16	33	94	34	1	35	72	36	66	37	25	38	94	39	71	40	47	41	21	42	81	43	84	44	42	45	30	46	35	47	24	48	27	49	70
	0	37	1	34	2	42	3	73	4	44	5	25	6	89	7	16	8	72	9	32	10	79	11	42	12	61	13	46	14	10	15	17	16	93	17	36	18	62	19	76	20	79	21	79	22	30	23	51	24	27	25	39	26	35	27	85	28	63	29	83	30	72	31	71	32	72	33	18	34	8	35	80	36	80	37	80	38	25	39	58	40	77	41	29	42	62	43	6	44	76	45	7	46	22	47	83	48	51	49	73
	0	35	1	82	2	78	3	30	4	91	5	79	6	9	7	1	8	94	9	50	10	23	11	11	12	91	13	11	14	44	15	92	16	84	17	23	18	25	19	27	20	27	21	61	22	32	23	74	24	62	25	51	26	75	27	56	28	50	29	15	30	73	31	9	32	6	33	81	34	60	35	8	36	32	37	52	38	51	39	31	40	13	41	30	42	30	43	18	44	29	45	50	46	40	47	41	48	75	49	65
	0	79	1	94	2	21	3	88	4	29	5	60	6	32	7	84	8	74	9	24	10	36	11	61	12	89	13	35	14	14	15	10	16	3	17	34	18	50	19	95	20	62	21	3	22	57	23	83	24	56	25	4	26	75	27	75	28	83	29	11	30	7	31	69	32	47	33	47	34	27	35	75	36	42	37	94	38	98	39	63	40	51	41	30	42	67	43	96	44	64	45	5	46	21	47	8	48	90	49	68
	0	37	1	7	2	30	3	7	4	59	5	18	6	33	7	61	8	65	9	99	10	28	11	14	12	24	13	100	14	42	15	91	16	59	17	36	18	26	19	97	20	54	21	96	22	41	23	84	24	77	25	23	26	92	27	39	28	6	29	17	30	15	31	12	32	82	33	68	34	31	35	47	36	25	37	94	38	48	39	65	40	79	41	63	42	62	43	27	44	93	45	26	46	87	47	72	48	28	49	62
	0	22	1	6	2	63	3	46	4	34	5	84	6	43	7	68	8	3	9	18	10	71	11	80	12	77	13	4	14	68	15	29	16	20	17	40	18	28	19	23	20	47	21	85	22	44	23	33	24	7	25	88	26	100	27	14	28	9	29	73	30	41	31	19	32	53	33	69	34	62	35	23	36	81	37	17	38	88	39	89	40	60	41	90	42	37	43	39	44	85	45	23	46	74	47	21	48	34	49	17
	0	14	1	68	2	35	3	78	4	29	5	2	6	14	7	1	8	51	9	34	10	48	11	17	12	98	13	51	14	23	15	50	16	55	17	93	18	90	19	59	20	83	21	64	22	56	23	65	24	46	25	42	26	55	27	86	28	72	29	51	30	97	31	24	32	99	33	44	34	72	35	89	36	52	37	90	38	71	39	35	40	74	41	59	42	46	43	66	44	96	45	79	46	21	47	27	48	18	49	71
	0	26	1	75	2	40	3	4	4	19	5	18	6	59	7	34	8	10	9	48	10	33	11	3	12	13	13	22	14	68	15	18	16	79	17	53	18	74	19	43	20	96	21	21	22	14	23	60	24	57	25	20	26	27	27	98	28	17	29	91	30	98	31	24	32	13	33	21	34	20	35	42	36	10	37	89	38	59	39	66	40	83	41	6	42	22	43	36	44	68	45	83	46	77	47	8	48	32	49	94
	0	3	1	34	2	41	3	55	4	41	5	13	6	41	7	19	8	78	9	82	10	65	11	49	12	9	13	70	14	31	15	39	16	27	17	39	18	21	19	80	20	49	21	87	22	12	23	94	24	97	25	87	26	33	27	95	28	53	29	82	30	67	31	25	32	91	33	62	34	91	35	97	36	40	37	93	38	68	39	42	40	32	41	82	42	1	43	19	44	40	45	81	46	21	47	62	48	10	49	84
	0	78	1	58	2	51	3	49	4	45	5	86	6	13	7	69	8	61	9	60	10	93	11	63	12	76	13	48	14	35	15	54	16	62	17	72	18	22	19	79	20	11	21	8	22	65	23	22	24	45	25	37	26	46	27	78	28	78	29	11	30	66	31	89	32	41	33	54	34	9	35	7	36	36	37	94	38	22	39	72	40	87	41	94	42	63	43	23	44	11	45	54	46	78	47	62	48	5	49	67
	0	13	1	50	2	57	3	74	4	52	5	7	6	99	7	49	8	55	9	35	10	58	11	98	12	35	13	97	14	100	15	64	16	86	17	14	18	49	19	69	20	70	21	61	22	31	23	28	24	100	25	85	26	79	27	24	28	9	29	65	30	2	31	35	32	62	33	86	34	96	35	35	36	60	37	15	38	47	39	17	40	64	41	75	42	73	43	21	44	3	45	74	46	81	47	48	48	66	49	28
	0	55	1	3	2	96	3	80	4	92	5	4	6	14	7	27	8	48	9	26	10	62	11	68	12	70	13	92	14	39	15	70	16	28	17	27	18	54	19	2	20	58	21	19	22	42	23	77	24	92	25	70	26	1	27	15	28	39	29	27	30	53	31	6	32	31	33	25	34	37	35	48	36	56	37	82	38	81	39	74	40	41	41	19	42	15	43	4	44	57	45	19	46	33	47	86	48	60	49	25
	0	92	1	2	2	82	3	44	4	25	5	68	6	45	7	22	8	6	9	40	10	66	11	90	12	72	13	9	14	64	15	5	16	26	17	61	18	89	19	33	20	49	21	7	22	40	23	50	24	93	25	32	26	45	27	59	28	53	29	19	30	8	31	41	32	29	33	24	34	52	35	96	36	24	37	28	38	16	39	44	40	39	41	95	42	84	43	88	44	66	45	98	46	48	47	49	48	89	49	91
	0	41	1	43	2	38	3	54	4	85	5	56	6	65	7	37	8	48	9	22	10	29	11	57	12	94	13	28	14	14	15	52	16	85	17	93	18	16	19	87	20	50	21	93	22	69	23	56	24	48	25	37	26	2	27	35	28	85	29	5	30	49	31	87	32	44	33	13	34	36	35	100	36	74	37	62	38	46	39	31	40	12	41	80	42	12	43	89	44	50	45	78	46	93	47	51	48	78	49	68
Reldue
-1	1879	-1	1
-1	1682	-1	1
-1	1856	-1	1
-1	1522	-1	1
-1	1467	-1	1
-1	1596	-1	1
-1	1848	-1	1
-1	1547	-1	1
-1	2015	-1	1
-1	2210	-1	1
-1	2194	-1	1
-1	1957	-1	1
-1	1608	-1	1
-1	2102	-1	1
-1	1538	-1	1
-1	1942	-1	1
-1	1430	-1	1
-1	2116	-1	1
-1	1984	-1	1
-1	2176	-1	1
-1	2306	-1	1
-1	1892	-1	1
-1	1563	-1	1
-1	2047	-1	1
-1	2076	-1	1
-1	1432	-1	1
-1	1529	-1	1
-1	1595	-1	1
-1	1448	-1	1
-1	1936	-1	1
-1	1548	-1	1
-1	2027	-1	1
-1	1846	-1	1
-1	2243	-1	1
-1	2060	-1	1
-1	1759	-1	1
-1	1510	-1	1
-1	1564	-1	1
-1	1431	-1	1
-1	2042	-1	1
-1	1971	-1	1
-1	1550	-1	1
-1	2003	-1	1
-1	1742	-1	1
-1	1612	-1	1
-1	1931	-1	1
-1	1871	-1	1
-1	1443	-1	1
-1	2036	-1	1
-1	2046	-1	1
LBCmax: 4690
