250  30
	0	16	1	39	2	58	3	89	4	56	5	14	6	86	7	31	8	48	9	17	10	84	11	84	12	1	13	99	14	66	15	76	16	20	17	70	18	49	19	76	20	71	21	63	22	2	23	78	24	14	25	88	26	90	27	18	28	67	29	4
	0	50	1	82	2	50	3	27	4	88	5	16	6	18	7	46	8	5	9	50	10	87	11	30	12	64	13	96	14	2	15	35	16	81	17	79	18	12	19	50	20	96	21	21	22	46	23	42	24	31	25	72	26	4	27	83	28	82	29	70
	0	7	1	74	2	83	3	70	4	79	5	4	6	23	7	70	8	37	9	90	10	30	11	35	12	26	13	11	14	41	15	82	16	25	17	17	18	25	19	93	20	7	21	75	22	26	23	52	24	25	25	87	26	33	27	36	28	58	29	96
	0	20	1	6	2	59	3	62	4	92	5	69	6	55	7	64	8	28	9	12	10	12	11	80	12	22	13	28	14	70	15	30	16	57	17	91	18	93	19	1	20	54	21	41	22	4	23	79	24	94	25	90	26	92	27	59	28	98	29	58
	0	8	1	12	2	11	3	6	4	7	5	21	6	36	7	22	8	75	9	31	10	99	11	69	12	63	13	53	14	51	15	13	16	22	17	36	18	36	19	83	20	99	21	91	22	84	23	34	24	48	25	23	26	91	27	17	28	52	29	21
	0	25	1	64	2	78	3	91	4	47	5	61	6	4	7	59	8	34	9	59	10	81	11	52	12	67	13	31	14	29	15	47	16	93	17	11	18	79	19	52	20	88	21	33	22	8	23	44	24	86	25	73	26	29	27	94	28	38	29	82
	0	30	1	35	2	19	3	23	4	87	5	72	6	1	7	81	8	74	9	33	10	63	11	99	12	61	13	4	14	97	15	54	16	72	17	1	18	33	19	85	20	35	21	78	22	100	23	31	24	54	25	70	26	91	27	47	28	81	29	5
	0	90	1	95	2	73	3	67	4	94	5	39	6	51	7	67	8	31	9	86	10	11	11	52	12	57	13	54	14	47	15	87	16	84	17	55	18	71	19	56	20	63	21	33	22	76	23	93	24	48	25	80	26	40	27	27	28	88	29	34
	0	86	1	96	2	35	3	33	4	45	5	84	6	70	7	57	8	80	9	67	10	76	11	12	12	81	13	78	14	9	15	19	16	17	17	30	18	57	19	18	20	29	21	55	22	84	23	95	24	86	25	49	26	86	27	97	28	43	29	27
	0	22	1	3	2	68	3	33	4	93	5	35	6	33	7	54	8	79	9	61	10	81	11	40	12	58	13	8	14	19	15	23	16	67	17	84	18	95	19	88	20	78	21	89	22	65	23	42	24	4	25	49	26	43	27	77	28	54	29	15
	0	7	1	35	2	97	3	10	4	100	5	10	6	17	7	6	8	44	9	47	10	55	11	73	12	54	13	28	14	83	15	37	16	28	17	51	18	41	19	23	20	51	21	42	22	42	23	79	24	23	25	62	26	39	27	12	28	22	29	84
	0	73	1	79	2	47	3	65	4	75	5	1	6	98	7	47	8	93	9	12	10	4	11	35	12	46	13	55	14	97	15	52	16	38	17	78	18	86	19	77	20	94	21	2	22	97	23	1	24	77	25	62	26	63	27	64	28	13	29	41
	0	92	1	52	2	48	3	48	4	50	5	83	6	76	7	10	8	23	9	90	10	41	11	86	12	61	13	90	14	2	15	8	16	100	17	8	18	95	19	22	20	38	21	69	22	52	23	76	24	94	25	99	26	41	27	79	28	68	29	95
	0	57	1	32	2	16	3	43	4	66	5	96	6	71	7	7	8	76	9	63	10	83	11	11	12	11	13	24	14	81	15	88	16	84	17	73	18	52	19	70	20	7	21	75	22	1	23	46	24	94	25	88	26	45	27	97	28	30	29	31
	0	41	1	6	2	11	3	18	4	56	5	92	6	97	7	11	8	37	9	7	10	11	11	71	12	30	13	10	14	90	15	86	16	53	17	3	18	61	19	27	20	34	21	88	22	11	23	56	24	60	25	77	26	61	27	71	28	2	29	82
	0	68	1	87	2	4	3	49	4	22	5	73	6	65	7	13	8	93	9	95	10	45	11	3	12	74	13	36	14	61	15	14	16	93	17	95	18	84	19	15	20	10	21	89	22	24	23	88	24	25	25	100	26	74	27	85	28	48	29	45
	0	59	1	70	2	14	3	76	4	1	5	77	6	44	7	10	8	95	9	95	10	91	11	64	12	61	13	69	14	15	15	51	16	20	17	73	18	71	19	41	20	3	21	2	22	13	23	17	24	96	25	72	26	52	27	54	28	68	29	43
	0	11	1	23	2	58	3	100	4	60	5	95	6	95	7	46	8	41	9	80	10	91	11	4	12	9	13	47	14	23	15	28	16	44	17	94	18	95	19	69	20	6	21	76	22	59	23	45	24	62	25	6	26	17	27	20	28	77	29	80
	0	41	1	76	2	62	3	2	4	83	5	40	6	30	7	2	8	71	9	12	10	84	11	75	12	95	13	84	14	49	15	89	16	39	17	57	18	25	19	35	20	19	21	5	22	16	23	15	24	21	25	27	26	58	27	91	28	52	29	89
	0	68	1	55	2	60	3	61	4	71	5	73	6	67	7	84	8	82	9	21	10	31	11	34	12	50	13	23	14	42	15	53	16	94	17	48	18	86	19	83	20	84	21	33	22	72	23	16	24	48	25	39	26	77	27	32	28	7	29	47
	0	60	1	10	2	74	3	69	4	63	5	25	6	66	7	13	8	85	9	53	10	5	11	39	12	2	13	70	14	26	15	94	16	64	17	7	18	11	19	95	20	14	21	84	22	2	23	35	24	78	25	58	26	83	27	92	28	38	29	44
	0	24	1	88	2	94	3	94	4	30	5	25	6	60	7	49	8	33	9	89	10	61	11	94	12	22	13	9	14	26	15	84	16	7	17	95	18	88	19	20	20	51	21	18	22	40	23	91	24	20	25	77	26	6	27	18	28	36	29	84
	0	33	1	52	2	34	3	65	4	5	5	25	6	52	7	42	8	28	9	63	10	16	11	57	12	61	13	79	14	88	15	44	16	70	17	36	18	93	19	74	20	37	21	39	22	45	23	16	24	53	25	87	26	34	27	85	28	71	29	8
	0	54	1	86	2	13	3	43	4	66	5	71	6	37	7	67	8	38	9	53	10	17	11	51	12	16	13	61	14	97	15	11	16	93	17	25	18	19	19	92	20	95	21	17	22	29	23	90	24	9	25	4	26	13	27	4	28	1	29	73
	0	34	1	65	2	17	3	35	4	48	5	9	6	58	7	35	8	31	9	57	10	70	11	3	12	45	13	47	14	93	15	37	16	28	17	14	18	57	19	95	20	79	21	18	22	31	23	48	24	75	25	77	26	41	27	10	28	48	29	28
	0	33	1	45	2	99	3	56	4	37	5	32	6	29	7	40	8	58	9	28	10	22	11	12	12	14	13	54	14	4	15	36	16	63	17	6	18	56	19	43	20	35	21	63	22	75	23	81	24	25	25	32	26	84	27	76	28	23	29	77
	0	60	1	95	2	1	3	93	4	18	5	71	6	59	7	41	8	68	9	30	10	20	11	57	12	42	13	23	14	15	15	79	16	52	17	57	18	3	19	82	20	31	21	77	22	13	23	100	24	54	25	51	26	11	27	73	28	61	29	44
	0	17	1	61	2	18	3	94	4	35	5	99	6	87	7	29	8	63	9	92	10	95	11	75	12	6	13	71	14	15	15	59	16	5	17	68	18	20	19	98	20	43	21	65	22	46	23	23	24	10	25	41	26	83	27	98	28	29	29	11
	0	3	1	12	2	72	3	33	4	63	5	65	6	20	7	35	8	48	9	74	10	58	11	77	12	62	13	70	14	85	15	57	16	65	17	65	18	97	19	22	20	9	21	99	22	76	23	46	24	39	25	13	26	80	27	87	28	48	29	94
	0	29	1	29	2	5	3	89	4	15	5	77	6	5	7	99	8	2	9	59	10	86	11	78	12	90	13	53	14	42	15	14	16	36	17	41	18	8	19	62	20	85	21	59	22	90	23	54	24	48	25	4	26	96	27	8	28	8	29	1
	0	57	1	13	2	67	3	47	4	57	5	60	6	59	7	92	8	25	9	39	10	83	11	22	12	35	13	39	14	34	15	41	16	27	17	6	18	43	19	86	20	55	21	50	22	50	23	9	24	3	25	6	26	68	27	8	28	46	29	94
	0	12	1	12	2	37	3	32	4	8	5	24	6	43	7	86	8	1	9	91	10	75	11	79	12	23	13	60	14	71	15	80	16	100	17	26	18	30	19	48	20	100	21	98	22	15	23	2	24	52	25	17	26	61	27	49	28	98	29	15
	0	65	1	82	2	42	3	12	4	36	5	25	6	23	7	60	8	43	9	5	10	16	11	1	12	77	13	66	14	39	15	100	16	17	17	54	18	31	19	58	20	84	21	41	22	9	23	20	24	90	25	70	26	36	27	42	28	45	29	32
	0	60	1	72	2	71	3	13	4	83	5	57	6	23	7	73	8	92	9	91	10	33	11	32	12	66	13	63	14	22	15	97	16	8	17	60	18	42	19	37	20	1	21	49	22	42	23	91	24	77	25	33	26	78	27	82	28	29	29	57
	0	8	1	52	2	34	3	14	4	33	5	53	6	50	7	66	8	86	9	54	10	4	11	94	12	83	13	58	14	94	15	31	16	73	17	22	18	63	19	44	20	58	21	33	22	19	23	76	24	77	25	3	26	22	27	59	28	73	29	42
	0	41	1	49	2	72	3	59	4	58	5	66	6	59	7	92	8	94	9	25	10	33	11	52	12	55	13	86	14	60	15	51	16	28	17	75	18	63	19	40	20	95	21	46	22	24	23	74	24	26	25	82	26	85	27	85	28	69	29	57
	0	63	1	32	2	64	3	19	4	29	5	55	6	26	7	42	8	6	9	51	10	97	11	81	12	95	13	48	14	47	15	20	16	25	17	56	18	75	19	77	20	94	21	5	22	53	23	50	24	44	25	16	26	94	27	70	28	78	29	45
	0	50	1	28	2	33	3	9	4	74	5	81	6	43	7	94	8	92	9	45	10	77	11	76	12	73	13	48	14	20	15	28	16	91	17	90	18	35	19	92	20	28	21	36	22	40	23	21	24	45	25	27	26	68	27	44	28	30	29	12
	0	92	1	94	2	4	3	10	4	61	5	7	6	29	7	67	8	48	9	79	10	67	11	66	12	18	13	37	14	70	15	1	16	78	17	78	18	8	19	30	20	41	21	58	22	61	23	62	24	45	25	43	26	35	27	40	28	89	29	67
	0	74	1	39	2	82	3	45	4	80	5	79	6	22	7	37	8	71	9	17	10	47	11	67	12	19	13	86	14	21	15	34	16	69	17	81	18	59	19	86	20	23	21	12	22	91	23	27	24	33	25	80	26	22	27	77	28	46	29	39
	0	48	1	22	2	97	3	51	4	23	5	11	6	34	7	54	8	87	9	87	10	23	11	91	12	13	13	65	14	75	15	76	16	23	17	91	18	83	19	92	20	73	21	41	22	72	23	46	24	27	25	50	26	83	27	30	28	55	29	83
	0	58	1	63	2	31	3	73	4	5	5	7	6	10	7	6	8	29	9	88	10	20	11	19	12	92	13	58	14	93	15	34	16	18	17	95	18	9	19	62	20	59	21	4	22	52	23	35	24	97	25	82	26	88	27	55	28	34	29	65
	0	100	1	70	2	10	3	41	4	66	5	10	6	34	7	35	8	59	9	49	10	37	11	77	12	83	13	75	14	68	15	6	16	99	17	84	18	92	19	90	20	4	21	23	22	75	23	48	24	47	25	59	26	49	27	10	28	7	29	45
	0	94	1	52	2	80	3	1	4	97	5	91	6	32	7	50	8	56	9	24	10	7	11	57	12	37	13	54	14	30	15	72	16	23	17	32	18	18	19	77	20	97	21	99	22	85	23	80	24	44	25	22	26	28	27	9	28	84	29	58
	0	11	1	100	2	49	3	74	4	92	5	89	6	74	7	19	8	47	9	35	10	73	11	27	12	10	13	50	14	16	15	93	16	14	17	2	18	13	19	51	20	4	21	28	22	89	23	48	24	68	25	64	26	10	27	87	28	87	29	79
	0	71	1	93	2	26	3	77	4	73	5	26	6	100	7	97	8	51	9	21	10	80	11	36	12	23	13	62	14	44	15	49	16	69	17	4	18	80	19	37	20	75	21	91	22	84	23	2	24	84	25	52	26	18	27	34	28	50	29	67
	0	36	1	67	2	81	3	22	4	70	5	9	6	19	7	17	8	40	9	44	10	99	11	82	12	41	13	48	14	72	15	12	16	7	17	79	18	98	19	39	20	72	21	22	22	30	23	92	24	52	25	16	26	57	27	17	28	45	29	73
	0	76	1	51	2	8	3	71	4	98	5	89	6	58	7	6	8	25	9	71	10	19	11	97	12	44	13	76	14	87	15	95	16	24	17	22	18	16	19	62	20	14	21	88	22	24	23	82	24	82	25	12	26	76	27	40	28	38	29	34
	0	3	1	93	2	29	3	93	4	55	5	93	6	9	7	80	8	100	9	56	10	10	11	26	12	13	13	74	14	73	15	66	16	22	17	26	18	13	19	3	20	10	21	26	22	36	23	80	24	71	25	15	26	17	27	19	28	92	29	93
	0	15	1	88	2	92	3	31	4	86	5	9	6	50	7	34	8	13	9	18	10	100	11	20	12	79	13	34	14	68	15	48	16	27	17	4	18	93	19	17	20	6	21	28	22	45	23	98	24	89	25	82	26	40	27	99	28	6	29	97
	0	6	1	47	2	37	3	48	4	58	5	53	6	55	7	80	8	86	9	98	10	14	11	65	12	59	13	39	14	15	15	60	16	1	17	42	18	8	19	31	20	92	21	70	22	3	23	35	24	1	25	8	26	8	27	3	28	54	29	86
	0	98	1	45	2	96	3	26	4	7	5	77	6	91	7	48	8	79	9	52	10	76	11	89	12	26	13	23	14	73	15	29	16	89	17	85	18	1	19	28	20	73	21	77	22	59	23	14	24	38	25	28	26	75	27	86	28	33	29	87
	0	32	1	5	2	31	3	74	4	10	5	4	6	88	7	23	8	27	9	34	10	31	11	35	12	56	13	15	14	68	15	33	16	33	17	83	18	50	19	3	20	24	21	33	22	40	23	61	24	76	25	6	26	75	27	71	28	88	29	64
	0	15	1	21	2	87	3	63	4	21	5	10	6	65	7	9	8	100	9	26	10	48	11	55	12	19	13	1	14	77	15	83	16	70	17	75	18	26	19	69	20	34	21	21	22	98	23	35	24	83	25	92	26	73	27	27	28	14	29	96
	0	78	1	77	2	11	3	28	4	27	5	42	6	68	7	94	8	49	9	18	10	21	11	13	12	81	13	81	14	82	15	87	16	16	17	3	18	68	19	67	20	32	21	34	22	57	23	63	24	23	25	62	26	32	27	67	28	24	29	86
	0	85	1	98	2	5	3	61	4	87	5	73	6	59	7	1	8	57	9	80	10	21	11	61	12	88	13	1	14	96	15	10	16	94	17	96	18	67	19	87	20	5	21	67	22	29	23	100	24	19	25	63	26	65	27	94	28	80	29	73
	0	48	1	18	2	54	3	33	4	49	5	51	6	14	7	57	8	80	9	77	10	53	11	36	12	10	13	19	14	93	15	96	16	11	17	65	18	60	19	92	20	44	21	47	22	33	23	73	24	89	25	66	26	2	27	73	28	66	29	65
	0	72	1	85	2	11	3	86	4	17	5	26	6	10	7	88	8	75	9	21	10	87	11	81	12	6	13	44	14	14	15	26	16	88	17	94	18	89	19	96	20	18	21	5	22	84	23	98	24	13	25	20	26	80	27	9	28	72	29	57
	0	32	1	56	2	14	3	67	4	22	5	78	6	4	7	62	8	8	9	10	10	57	11	47	12	69	13	3	14	46	15	1	16	4	17	64	18	84	19	77	20	38	21	80	22	40	23	30	24	42	25	56	26	12	27	83	28	65	29	79
	0	77	1	93	2	45	3	4	4	69	5	73	6	38	7	9	8	77	9	92	10	85	11	61	12	57	13	55	14	12	15	7	16	89	17	17	18	18	19	71	20	46	21	20	22	11	23	21	24	29	25	23	26	94	27	39	28	5	29	77
	0	2	1	5	2	48	3	73	4	53	5	95	6	60	7	46	8	58	9	20	10	33	11	32	12	1	13	83	14	79	15	2	16	97	17	36	18	33	19	17	20	66	21	34	22	99	23	84	24	6	25	48	26	23	27	7	28	36	29	65
	0	75	1	55	2	45	3	94	4	99	5	5	6	78	7	68	8	63	9	17	10	29	11	80	12	99	13	59	14	39	15	21	16	36	17	86	18	100	19	8	20	56	21	39	22	30	23	92	24	28	25	21	26	67	27	17	28	91	29	66
	0	85	1	55	2	14	3	9	4	42	5	26	6	27	7	8	8	8	9	12	10	17	11	8	12	43	13	83	14	36	15	17	16	99	17	22	18	46	19	45	20	92	21	18	22	23	23	35	24	59	25	35	26	71	27	71	28	83	29	12
	0	36	1	52	2	78	3	31	4	19	5	70	6	37	7	61	8	10	9	18	10	7	11	68	12	15	13	28	14	36	15	50	16	38	17	12	18	5	19	34	20	39	21	54	22	41	23	38	24	79	25	73	26	75	27	6	28	27	29	63
	0	89	1	42	2	93	3	78	4	72	5	18	6	98	7	9	8	71	9	32	10	12	11	83	12	3	13	30	14	9	15	75	16	90	17	30	18	32	19	16	20	98	21	6	22	48	23	28	24	9	25	17	26	53	27	34	28	68	29	99
	0	53	1	16	2	65	3	44	4	30	5	22	6	45	7	41	8	65	9	35	10	77	11	52	12	76	13	66	14	100	15	42	16	11	17	39	18	33	19	97	20	78	21	64	22	41	23	89	24	19	25	21	26	53	27	78	28	56	29	11
	0	1	1	58	2	63	3	38	4	34	5	79	6	48	7	26	8	95	9	27	10	42	11	96	12	87	13	9	14	32	15	43	16	67	17	100	18	87	19	96	20	38	21	52	22	67	23	54	24	17	25	37	26	1	27	27	28	25	29	24
	0	82	1	15	2	5	3	80	4	28	5	25	6	68	7	38	8	81	9	97	10	39	11	3	12	60	13	81	14	25	15	67	16	89	17	6	18	49	19	53	20	64	21	12	22	22	23	22	24	26	25	51	26	30	27	3	28	54	29	76
	0	74	1	33	2	9	3	67	4	82	5	15	6	78	7	62	8	83	9	36	10	95	11	4	12	17	13	1	14	55	15	17	16	12	17	67	18	42	19	60	20	56	21	98	22	25	23	42	24	48	25	61	26	11	27	80	28	4	29	43
	0	44	1	41	2	44	3	58	4	97	5	5	6	6	7	61	8	1	9	24	10	39	11	15	12	90	13	82	14	87	15	51	16	74	17	67	18	64	19	28	20	66	21	23	22	72	23	87	24	11	25	31	26	26	27	50	28	14	29	34
	0	81	1	15	2	46	3	32	4	72	5	30	6	88	7	80	8	18	9	71	10	41	11	76	12	43	13	45	14	97	15	28	16	29	17	88	18	70	19	38	20	93	21	43	22	21	23	30	24	49	25	22	26	22	27	11	28	9	29	97
	0	58	1	67	2	27	3	78	4	42	5	98	6	94	7	59	8	8	9	58	10	32	11	48	12	2	13	69	14	46	15	20	16	82	17	7	18	41	19	45	20	5	21	74	22	5	23	83	24	48	25	26	26	11	27	57	28	14	29	6
	0	96	1	35	2	99	3	100	4	26	5	92	6	23	7	27	8	38	9	27	10	64	11	16	12	31	13	46	14	45	15	46	16	45	17	63	18	43	19	43	20	44	21	60	22	47	23	57	24	3	25	97	26	73	27	73	28	51	29	97
	0	3	1	26	2	33	3	24	4	27	5	16	6	83	7	20	8	86	9	47	10	29	11	95	12	49	13	49	14	69	15	71	16	88	17	38	18	82	19	23	20	10	21	28	22	77	23	69	24	73	25	8	26	83	27	7	28	2	29	47
	0	34	1	100	2	60	3	73	4	9	5	51	6	64	7	61	8	23	9	24	10	37	11	24	12	87	13	100	14	37	15	64	16	70	17	82	18	8	19	64	20	45	21	75	22	46	23	15	24	1	25	13	26	69	27	90	28	38	29	15
	0	27	1	36	2	93	3	74	4	17	5	35	6	58	7	31	8	65	9	49	10	92	11	71	12	91	13	64	14	27	15	58	16	83	17	82	18	28	19	88	20	39	21	35	22	67	23	20	24	49	25	25	26	97	27	32	28	26	29	3
	0	56	1	97	2	20	3	44	4	33	5	80	6	61	7	91	8	63	9	2	10	17	11	54	12	56	13	26	14	67	15	11	16	60	17	57	18	28	19	38	20	9	21	49	22	73	23	47	24	26	25	87	26	46	27	38	28	66	29	70
	0	45	1	84	2	21	3	8	4	37	5	90	6	28	7	28	8	39	9	9	10	48	11	31	12	40	13	16	14	1	15	59	16	96	17	50	18	92	19	65	20	93	21	83	22	47	23	78	24	61	25	88	26	45	27	30	28	100	29	3
	0	29	1	69	2	34	3	14	4	11	5	77	6	18	7	3	8	25	9	83	10	54	11	45	12	84	13	12	14	89	15	39	16	33	17	40	18	15	19	2	20	23	21	25	22	85	23	79	24	47	25	40	26	9	27	35	28	94	29	31
	0	5	1	30	2	27	3	76	4	9	5	8	6	99	7	12	8	84	9	30	10	38	11	58	12	68	13	46	14	89	15	64	16	48	17	91	18	79	19	39	20	68	21	30	22	51	23	58	24	91	25	5	26	85	27	49	28	85	29	52
	0	86	1	99	2	89	3	94	4	23	5	38	6	93	7	23	8	55	9	95	10	39	11	30	12	54	13	21	14	100	15	46	16	23	17	34	18	37	19	5	20	86	21	30	22	8	23	35	24	67	25	60	26	82	27	51	28	8	29	73
	0	9	1	94	2	80	3	67	4	12	5	33	6	99	7	5	8	19	9	55	10	44	11	87	12	70	13	78	14	28	15	90	16	29	17	70	18	94	19	94	20	8	21	74	22	22	23	87	24	95	25	56	26	59	27	4	28	12	29	25
	0	30	1	31	2	66	3	5	4	82	5	97	6	67	7	51	8	58	9	25	10	26	11	38	12	25	13	25	14	48	15	60	16	86	17	33	18	88	19	29	20	55	21	43	22	45	23	61	24	74	25	86	26	99	27	73	28	9	29	41
	0	17	1	45	2	40	3	93	4	92	5	17	6	41	7	76	8	81	9	16	10	22	11	52	12	61	13	46	14	53	15	20	16	26	17	79	18	26	19	72	20	71	21	27	22	2	23	9	24	65	25	89	26	51	27	6	28	94	29	3
	0	94	1	96	2	16	3	45	4	93	5	81	6	85	7	51	8	53	9	19	10	11	11	57	12	34	13	38	14	79	15	91	16	79	17	64	18	38	19	51	20	15	21	80	22	28	23	54	24	80	25	43	26	19	27	45	28	81	29	26
	0	66	1	4	2	88	3	73	4	12	5	74	6	17	7	68	8	99	9	18	10	59	11	67	12	50	13	70	14	59	15	39	16	42	17	25	18	49	19	22	20	4	21	5	22	89	23	81	24	69	25	90	26	75	27	24	28	89	29	83
	0	12	1	26	2	5	3	71	4	59	5	51	6	90	7	93	8	9	9	80	10	48	11	19	12	44	13	86	14	21	15	15	16	79	17	11	18	22	19	38	20	3	21	36	22	25	23	86	24	57	25	50	26	59	27	5	28	23	29	58
	0	92	1	19	2	13	3	88	4	11	5	41	6	71	7	85	8	16	9	79	10	37	11	92	12	1	13	41	14	39	15	71	16	83	17	15	18	99	19	13	20	97	21	60	22	78	23	27	24	85	25	52	26	96	27	15	28	22	29	57
	0	2	1	77	2	75	3	33	4	74	5	98	6	92	7	87	8	83	9	9	10	42	11	21	12	40	13	33	14	86	15	62	16	22	17	42	18	24	19	57	20	44	21	5	22	53	23	61	24	6	25	90	26	51	27	75	28	55	29	55
	0	41	1	93	2	35	3	40	4	21	5	69	6	5	7	40	8	62	9	22	10	48	11	32	12	1	13	24	14	25	15	83	16	89	17	50	18	14	19	47	20	68	21	93	22	58	23	47	24	85	25	48	26	13	27	98	28	73	29	41
	0	52	1	1	2	55	3	50	4	93	5	33	6	43	7	36	8	34	9	1	10	45	11	100	12	18	13	40	14	9	15	6	16	72	17	72	18	55	19	61	20	83	21	58	22	70	23	38	24	7	25	2	26	93	27	68	28	22	29	99
	0	83	1	50	2	76	3	33	4	62	5	53	6	91	7	67	8	89	9	7	10	14	11	70	12	72	13	12	14	37	15	94	16	66	17	99	18	29	19	85	20	83	21	38	22	41	23	77	24	19	25	71	26	75	27	36	28	88	29	7
	0	51	1	19	2	97	3	17	4	87	5	87	6	18	7	16	8	89	9	80	10	37	11	18	12	13	13	37	14	81	15	87	16	44	17	34	18	52	19	50	20	17	21	54	22	34	23	17	24	45	25	30	26	36	27	37	28	69	29	13
	0	88	1	90	2	12	3	61	4	12	5	70	6	14	7	47	8	35	9	44	10	92	11	38	12	2	13	69	14	23	15	95	16	18	17	97	18	77	19	75	20	33	21	19	22	23	23	66	24	25	25	20	26	100	27	70	28	75	29	44
	0	14	1	2	2	17	3	81	4	13	5	2	6	11	7	51	8	56	9	49	10	84	11	29	12	50	13	33	14	28	15	26	16	55	17	36	18	38	19	49	20	64	21	9	22	55	23	80	24	10	25	59	26	31	27	60	28	53	29	77
	0	23	1	62	2	56	3	72	4	9	5	84	6	59	7	99	8	56	9	18	10	85	11	82	12	95	13	53	14	61	15	82	16	93	17	17	18	41	19	55	20	3	21	91	22	34	23	5	24	50	25	23	26	6	27	21	28	84	29	39
	0	98	1	57	2	100	3	27	4	64	5	93	6	5	7	40	8	48	9	83	10	94	11	41	12	40	13	87	14	54	15	86	16	66	17	30	18	9	19	36	20	32	21	49	22	83	23	10	24	7	25	7	26	29	27	50	28	13	29	93
	0	76	1	45	2	74	3	44	4	57	5	41	6	22	7	38	8	54	9	32	10	75	11	62	12	55	13	4	14	32	15	53	16	6	17	89	18	51	19	49	20	20	21	38	22	100	23	16	24	55	25	32	26	100	27	38	28	90	29	77
	0	1	1	68	2	54	3	59	4	67	5	97	6	81	7	66	8	39	9	80	10	11	11	79	12	28	13	22	14	50	15	6	16	42	17	25	18	52	19	9	20	49	21	36	22	1	23	46	24	39	25	55	26	5	27	22	28	25	29	95
	0	10	1	35	2	12	3	88	4	24	5	49	6	4	7	2	8	89	9	30	10	43	11	95	12	42	13	41	14	93	15	23	16	76	17	60	18	23	19	96	20	53	21	86	22	36	23	15	24	64	25	43	26	60	27	68	28	26	29	84
	0	90	1	53	2	52	3	69	4	58	5	50	6	51	7	73	8	63	9	72	10	32	11	26	12	80	13	59	14	19	15	16	16	49	17	5	18	9	19	92	20	94	21	13	22	27	23	47	24	36	25	38	26	49	27	80	28	96	29	57
	0	19	1	61	2	97	3	65	4	58	5	39	6	19	7	100	8	56	9	77	10	62	11	46	12	94	13	10	14	20	15	52	16	22	17	43	18	73	19	81	20	12	21	44	22	49	23	74	24	49	25	6	26	17	27	83	28	33	29	69
	0	2	1	27	2	93	3	35	4	45	5	57	6	57	7	16	8	49	9	37	10	20	11	97	12	68	13	90	14	92	15	2	16	50	17	54	18	38	19	97	20	34	21	43	22	26	23	71	24	50	25	27	26	54	27	71	28	91	29	53
	0	23	1	88	2	50	3	83	4	65	5	27	6	27	7	34	8	59	9	88	10	69	11	10	12	79	13	57	14	91	15	96	16	75	17	86	18	80	19	45	20	63	21	95	22	99	23	59	24	78	25	42	26	29	27	74	28	32	29	33
	0	18	1	78	2	60	3	78	4	35	5	34	6	60	7	97	8	32	9	77	10	55	11	56	12	73	13	21	14	29	15	71	16	88	17	83	18	25	19	11	20	39	21	9	22	1	23	91	24	30	25	72	26	78	27	39	28	89	29	66
	0	32	1	78	2	1	3	17	4	17	5	43	6	70	7	86	8	10	9	45	10	43	11	44	12	22	13	35	14	24	15	24	16	22	17	43	18	61	19	98	20	57	21	88	22	76	23	31	24	63	25	79	26	82	27	5	28	17	29	60
	0	4	1	8	2	62	3	78	4	90	5	53	6	1	7	55	8	92	9	53	10	54	11	9	12	40	13	69	14	18	15	54	16	55	17	22	18	71	19	64	20	55	21	10	22	18	23	95	24	61	25	98	26	68	27	92	28	8	29	53
	0	70	1	16	2	18	3	55	4	87	5	93	6	80	7	95	8	52	9	46	10	53	11	44	12	42	13	67	14	98	15	63	16	83	17	56	18	70	19	73	20	42	21	14	22	65	23	21	24	91	25	72	26	84	27	96	28	43	29	1
	0	56	1	92	2	95	3	33	4	44	5	14	6	28	7	75	8	9	9	82	10	40	11	13	12	31	13	75	14	28	15	34	16	87	17	13	18	43	19	100	20	43	21	83	22	64	23	65	24	26	25	54	26	87	27	24	28	55	29	16
	0	22	1	19	2	68	3	71	4	32	5	49	6	66	7	44	8	67	9	62	10	64	11	77	12	71	13	19	14	20	15	60	16	77	17	68	18	71	19	82	20	4	21	56	22	18	23	13	24	20	25	74	26	22	27	61	28	53	29	18
	0	6	1	49	2	49	3	95	4	81	5	19	6	4	7	19	8	38	9	55	10	41	11	84	12	74	13	69	14	83	15	89	16	35	17	17	18	60	19	61	20	12	21	12	22	55	23	9	24	11	25	74	26	52	27	91	28	82	29	20
	0	68	1	89	2	87	3	86	4	73	5	17	6	29	7	38	8	18	9	9	10	87	11	8	12	46	13	57	14	16	15	76	16	45	17	12	18	14	19	62	20	55	21	48	22	65	23	19	24	68	25	59	26	5	27	26	28	60	29	52
	0	78	1	38	2	44	3	32	4	69	5	23	6	52	7	15	8	41	9	9	10	61	11	1	12	7	13	17	14	38	15	90	16	11	17	40	18	62	19	43	20	13	21	17	22	51	23	2	24	82	25	96	26	100	27	20	28	57	29	86
	0	2	1	83	2	29	3	44	4	26	5	9	6	44	7	55	8	53	9	56	10	40	11	89	12	6	13	91	14	63	15	47	16	26	17	77	18	26	19	31	20	69	21	100	22	9	23	3	24	42	25	34	26	9	27	15	28	88	29	20
	0	92	1	18	2	94	3	100	4	100	5	97	6	92	7	43	8	24	9	79	10	50	11	46	12	46	13	11	14	7	15	88	16	91	17	14	18	80	19	4	20	71	21	45	22	35	23	64	24	98	25	43	26	30	27	96	28	88	29	21
	0	52	1	99	2	5	3	40	4	9	5	8	6	99	7	82	8	50	9	26	10	42	11	94	12	23	13	30	14	73	15	85	16	2	17	17	18	97	19	86	20	29	21	44	22	4	23	6	24	62	25	81	26	98	27	61	28	27	29	77
	0	56	1	38	2	97	3	14	4	64	5	20	6	78	7	100	8	82	9	9	10	45	11	8	12	50	13	100	14	63	15	93	16	31	17	98	18	10	19	14	20	58	21	82	22	56	23	61	24	28	25	62	26	85	27	61	28	47	29	84
	0	49	1	6	2	46	3	65	4	9	5	34	6	5	7	78	8	91	9	57	10	49	11	16	12	53	13	8	14	20	15	100	16	66	17	58	18	25	19	13	20	34	21	32	22	21	23	74	24	6	25	5	26	90	27	90	28	70	29	79
	0	2	1	40	2	25	3	51	4	85	5	80	6	57	7	44	8	34	9	87	10	93	11	53	12	45	13	68	14	81	15	6	16	46	17	96	18	38	19	88	20	55	21	68	22	60	23	37	24	1	25	84	26	78	27	20	28	83	29	92
	0	18	1	72	2	43	3	57	4	87	5	19	6	96	7	34	8	94	9	42	10	29	11	70	12	90	13	46	14	60	15	56	16	73	17	48	18	42	19	95	20	91	21	85	22	18	23	81	24	56	25	8	26	88	27	87	28	31	29	34
	0	45	1	97	2	62	3	43	4	68	5	66	6	77	7	58	8	98	9	57	10	54	11	39	12	37	13	2	14	43	15	88	16	31	17	96	18	1	19	44	20	41	21	2	22	46	23	89	24	3	25	45	26	74	27	40	28	38	29	7
	0	81	1	67	2	61	3	61	4	68	5	59	6	96	7	1	8	44	9	50	10	5	11	56	12	54	13	61	14	76	15	9	16	75	17	17	18	39	19	32	20	74	21	65	22	98	23	25	24	31	25	80	26	99	27	28	28	48	29	40
	0	79	1	24	2	3	3	27	4	58	5	66	6	33	7	49	8	65	9	94	10	47	11	22	12	25	13	13	14	96	15	48	16	35	17	70	18	61	19	61	20	11	21	36	22	30	23	50	24	86	25	75	26	83	27	77	28	85	29	76
	0	95	1	32	2	10	3	65	4	28	5	11	6	12	7	21	8	90	9	7	10	37	11	81	12	50	13	37	14	63	15	87	16	63	17	56	18	71	19	14	20	39	21	36	22	17	23	4	24	44	25	100	26	1	27	63	28	46	29	37
	0	40	1	13	2	14	3	50	4	99	5	10	6	47	7	7	8	41	9	61	10	3	11	94	12	90	13	1	14	27	15	96	16	18	17	14	18	21	19	51	20	13	21	23	22	1	23	49	24	77	25	60	26	21	27	81	28	58	29	1
	0	72	1	59	2	36	3	36	4	88	5	46	6	85	7	93	8	7	9	89	10	12	11	49	12	68	13	30	14	25	15	90	16	57	17	42	18	86	19	6	20	19	21	17	22	61	23	28	24	100	25	94	26	51	27	54	28	98	29	23
	0	92	1	5	2	20	3	77	4	39	5	22	6	83	7	84	8	78	9	96	10	13	11	21	12	33	13	71	14	16	15	3	16	63	17	90	18	30	19	55	20	57	21	52	22	88	23	49	24	84	25	16	26	45	27	56	28	49	29	62
	0	48	1	18	2	59	3	89	4	58	5	67	6	14	7	22	8	46	9	41	10	56	11	55	12	29	13	59	14	61	15	45	16	9	17	63	18	44	19	41	20	42	21	54	22	16	23	17	24	44	25	59	26	21	27	21	28	2	29	8
	0	22	1	89	2	74	3	24	4	35	5	72	6	61	7	43	8	18	9	66	10	9	11	12	12	71	13	56	14	75	15	43	16	96	17	10	18	43	19	25	20	29	21	89	22	98	23	98	24	44	25	44	26	83	27	70	28	83	29	31
	0	98	1	11	2	71	3	63	4	13	5	64	6	16	7	73	8	12	9	59	10	5	11	59	12	86	13	1	14	41	15	37	16	31	17	7	18	84	19	36	20	46	21	67	22	100	23	77	24	9	25	86	26	18	27	50	28	86	29	21
	0	49	1	85	2	14	3	18	4	37	5	42	6	35	7	24	8	19	9	13	10	3	11	5	12	24	13	81	14	72	15	30	16	57	17	90	18	33	19	70	20	17	21	17	22	78	23	34	24	59	25	51	26	95	27	53	28	8	29	32
	0	16	1	65	2	71	3	73	4	91	5	68	6	12	7	8	8	42	9	52	10	80	11	13	12	32	13	15	14	19	15	93	16	48	17	34	18	80	19	54	20	75	21	43	22	32	23	74	24	34	25	31	26	28	27	61	28	84	29	76
	0	83	1	61	2	19	3	68	4	70	5	39	6	27	7	92	8	28	9	72	10	70	11	63	12	58	13	97	14	6	15	58	16	29	17	29	18	75	19	61	20	42	21	22	22	10	23	24	24	10	25	55	26	41	27	29	28	49	29	55
	0	11	1	69	2	3	3	84	4	23	5	12	6	36	7	75	8	79	9	6	10	66	11	68	12	86	13	36	14	29	15	92	16	38	17	44	18	89	19	99	20	100	21	73	22	44	23	41	24	48	25	2	26	80	27	35	28	58	29	64
	0	85	1	85	2	20	3	87	4	27	5	27	6	40	7	91	8	31	9	27	10	61	11	19	12	51	13	60	14	92	15	11	16	91	17	24	18	52	19	20	20	30	21	93	22	48	23	48	24	56	25	4	26	57	27	53	28	13	29	14
	0	77	1	35	2	20	3	3	4	62	5	23	6	6	7	91	8	64	9	13	10	87	11	92	12	44	13	28	14	52	15	36	16	22	17	96	18	64	19	20	20	77	21	76	22	76	23	75	24	33	25	77	26	22	27	61	28	63	29	44
	0	27	1	21	2	24	3	4	4	55	5	64	6	96	7	8	8	91	9	54	10	73	11	3	12	7	13	19	14	59	15	18	16	87	17	14	18	41	19	60	20	84	21	13	22	52	23	37	24	49	25	86	26	46	27	65	28	54	29	10
	0	49	1	30	2	87	3	8	4	56	5	100	6	16	7	24	8	88	9	14	10	22	11	71	12	25	13	96	14	62	15	6	16	92	17	64	18	15	19	35	20	49	21	38	22	12	23	32	24	21	25	69	26	65	27	45	28	64	29	30
	0	34	1	1	2	56	3	54	4	1	5	58	6	65	7	13	8	46	9	39	10	13	11	52	12	40	13	72	14	64	15	44	16	96	17	6	18	88	19	29	20	43	21	68	22	79	23	28	24	25	25	11	26	38	27	77	28	35	29	44
	0	46	1	6	2	15	3	39	4	84	5	51	6	22	7	76	8	73	9	99	10	9	11	70	12	53	13	69	14	79	15	66	16	16	17	12	18	21	19	22	20	52	21	66	22	22	23	8	24	95	25	93	26	25	27	86	28	65	29	5
	0	65	1	56	2	35	3	39	4	21	5	75	6	89	7	43	8	50	9	97	10	37	11	77	12	90	13	76	14	99	15	56	16	67	17	36	18	88	19	80	20	22	21	8	22	43	23	18	24	50	25	78	26	96	27	58	28	30	29	92
	0	70	1	35	2	58	3	27	4	54	5	92	6	45	7	16	8	87	9	40	10	29	11	81	12	47	13	30	14	94	15	19	16	49	17	39	18	29	19	42	20	72	21	40	22	51	23	72	24	81	25	15	26	69	27	26	28	11	29	15
	0	80	1	67	2	31	3	90	4	10	5	81	6	12	7	39	8	52	9	19	10	49	11	45	12	50	13	15	14	24	15	7	16	46	17	64	18	8	19	85	20	86	21	23	22	42	23	100	24	33	25	69	26	42	27	77	28	66	29	28
	0	4	1	18	2	36	3	51	4	32	5	31	6	15	7	20	8	99	9	70	10	74	11	92	12	7	13	45	14	47	15	13	16	23	17	18	18	92	19	75	20	89	21	99	22	52	23	93	24	55	25	80	26	63	27	11	28	60	29	13
	0	74	1	85	2	72	3	85	4	78	5	84	6	66	7	58	8	61	9	21	10	88	11	88	12	18	13	96	14	49	15	20	16	1	17	14	18	32	19	41	20	97	21	19	22	15	23	25	24	39	25	40	26	50	27	18	28	4	29	58
	0	27	1	21	2	72	3	25	4	43	5	100	6	9	7	10	8	32	9	9	10	30	11	36	12	35	13	10	14	57	15	42	16	20	17	37	18	38	19	85	20	71	21	13	22	48	23	65	24	15	25	49	26	51	27	34	28	49	29	61
	0	93	1	22	2	94	3	90	4	82	5	3	6	79	7	9	8	48	9	71	10	40	11	63	12	2	13	97	14	78	15	69	16	36	17	93	18	25	19	53	20	29	21	20	22	94	23	39	24	51	25	83	26	26	27	92	28	91	29	16
	0	58	1	75	2	34	3	67	4	68	5	93	6	73	7	2	8	75	9	22	10	37	11	15	12	5	13	38	14	50	15	9	16	40	17	9	18	73	19	64	20	25	21	14	22	91	23	37	24	86	25	87	26	33	27	43	28	92	29	16
	0	54	1	8	2	65	3	35	4	2	5	9	6	14	7	99	8	60	9	28	10	59	11	16	12	39	13	89	14	50	15	90	16	43	17	57	18	25	19	91	20	51	21	22	22	39	23	55	24	84	25	84	26	67	27	89	28	42	29	19
	0	66	1	22	2	33	3	6	4	40	5	35	6	45	7	16	8	57	9	59	10	3	11	17	12	90	13	28	14	36	15	40	16	9	17	13	18	45	19	1	20	20	21	88	22	27	23	85	24	46	25	99	26	17	27	33	28	88	29	41
	0	43	1	86	2	8	3	50	4	15	5	83	6	38	7	79	8	77	9	5	10	76	11	19	12	5	13	29	14	63	15	63	16	30	17	20	18	19	19	43	20	18	21	76	22	95	23	87	24	28	25	22	26	79	27	60	28	41	29	83
	0	33	1	2	2	26	3	20	4	88	5	78	6	82	7	88	8	94	9	87	10	87	11	48	12	12	13	10	14	17	15	52	16	2	17	86	18	44	19	80	20	28	21	54	22	15	23	97	24	4	25	92	26	51	27	54	28	32	29	40
	0	55	1	61	2	21	3	98	4	98	5	98	6	81	7	26	8	13	9	49	10	29	11	95	12	29	13	65	14	61	15	54	16	33	17	100	18	66	19	29	20	22	21	74	22	91	23	56	24	87	25	52	26	80	27	17	28	61	29	54
	0	56	1	29	2	1	3	18	4	1	5	15	6	88	7	100	8	71	9	50	10	79	11	68	12	43	13	48	14	33	15	32	16	77	17	61	18	96	19	15	20	48	21	87	22	27	23	57	24	71	25	4	26	80	27	8	28	45	29	92
	0	97	1	46	2	58	3	8	4	67	5	35	6	56	7	7	8	44	9	7	10	49	11	46	12	49	13	25	14	23	15	10	16	94	17	71	18	74	19	33	20	91	21	63	22	70	23	20	24	42	25	86	26	38	27	86	28	35	29	8
	0	97	1	62	2	67	3	6	4	7	5	47	6	88	7	17	8	1	9	90	10	36	11	100	12	16	13	50	14	88	15	76	16	35	17	56	18	82	19	61	20	20	21	56	22	48	23	39	24	92	25	50	26	72	27	18	28	72	29	33
	0	88	1	71	2	22	3	85	4	48	5	60	6	25	7	2	8	42	9	95	10	86	11	43	12	51	13	65	14	78	15	36	16	54	17	53	18	31	19	77	20	34	21	29	22	46	23	9	24	45	25	63	26	2	27	66	28	42	29	14
	0	58	1	13	2	71	3	92	4	87	5	33	6	88	7	89	8	94	9	23	10	54	11	29	12	92	13	12	14	2	15	86	16	51	17	16	18	2	19	65	20	43	21	76	22	58	23	55	24	35	25	59	26	4	27	82	28	23	29	18
	0	96	1	35	2	90	3	35	4	11	5	45	6	41	7	92	8	7	9	23	10	55	11	44	12	92	13	4	14	33	15	5	16	16	17	50	18	59	19	45	20	81	21	99	22	88	23	72	24	34	25	70	26	33	27	62	28	92	29	69
	0	11	1	23	2	98	3	44	4	70	5	46	6	30	7	78	8	17	9	62	10	92	11	43	12	5	13	93	14	73	15	32	16	56	17	94	18	44	19	47	20	30	21	12	22	35	23	16	24	64	25	98	26	10	27	56	28	40	29	62
	0	21	1	26	2	54	3	59	4	36	5	5	6	8	7	31	8	46	9	17	10	31	11	58	12	4	13	83	14	100	15	82	16	55	17	52	18	41	19	17	20	58	21	67	22	5	23	49	24	7	25	55	26	54	27	99	28	5	29	49
	0	15	1	94	2	49	3	78	4	74	5	71	6	13	7	84	8	22	9	16	10	72	11	64	12	79	13	8	14	72	15	28	16	51	17	16	18	45	19	28	20	100	21	73	22	47	23	100	24	29	25	26	26	30	27	32	28	22	29	37
	0	11	1	34	2	77	3	82	4	79	5	78	6	24	7	65	8	57	9	49	10	36	11	64	12	16	13	98	14	44	15	54	16	95	17	16	18	32	19	88	20	94	21	52	22	79	23	27	24	23	25	42	26	58	27	50	28	36	29	39
	0	16	1	85	2	85	3	49	4	99	5	36	6	60	7	8	8	92	9	15	10	14	11	68	12	85	13	80	14	82	15	73	16	89	17	54	18	44	19	33	20	70	21	79	22	97	23	42	24	56	25	9	26	17	27	86	28	52	29	70
	0	51	1	45	2	65	3	32	4	60	5	83	6	15	7	59	8	86	9	73	10	97	11	55	12	50	13	14	14	8	15	4	16	68	17	22	18	62	19	77	20	60	21	21	22	52	23	59	24	96	25	43	26	43	27	11	28	82	29	28
	0	82	1	73	2	97	3	93	4	83	5	81	6	34	7	75	8	15	9	41	10	96	11	6	12	92	13	86	14	52	15	57	16	55	17	20	18	68	19	54	20	90	21	9	22	52	23	70	24	23	25	90	26	78	27	26	28	83	29	89
	0	88	1	68	2	26	3	84	4	90	5	7	6	66	7	48	8	80	9	20	10	48	11	61	12	73	13	67	14	61	15	71	16	27	17	71	18	82	19	46	20	73	21	53	22	87	23	48	24	3	25	23	26	85	27	19	28	74	29	89
	0	52	1	66	2	30	3	5	4	68	5	68	6	43	7	84	8	91	9	65	10	39	11	59	12	19	13	87	14	49	15	42	16	24	17	39	18	4	19	33	20	54	21	42	22	66	23	80	24	47	25	6	26	63	27	76	28	98	29	85
	0	63	1	57	2	61	3	26	4	19	5	39	6	3	7	30	8	63	9	99	10	21	11	75	12	21	13	89	14	94	15	78	16	97	17	43	18	30	19	81	20	29	21	19	22	42	23	8	24	29	25	74	26	49	27	12	28	54	29	73
	0	79	1	15	2	67	3	80	4	51	5	18	6	88	7	74	8	31	9	12	10	53	11	4	12	1	13	39	14	10	15	56	16	92	17	79	18	39	19	10	20	64	21	55	22	71	23	7	24	28	25	80	26	36	27	49	28	53	29	5
	0	69	1	13	2	5	3	25	4	53	5	35	6	98	7	56	8	92	9	14	10	61	11	96	12	11	13	26	14	56	15	28	16	57	17	60	18	95	19	26	20	39	21	9	22	42	23	79	24	20	25	78	26	98	27	35	28	58	29	97
	0	2	1	40	2	69	3	45	4	10	5	19	6	36	7	28	8	10	9	16	10	2	11	64	12	10	13	4	14	30	15	70	16	97	17	30	18	84	19	49	20	39	21	45	22	10	23	31	24	14	25	38	26	82	27	13	28	48	29	89
	0	62	1	85	2	24	3	87	4	87	5	70	6	84	7	93	8	74	9	89	10	28	11	40	12	15	13	33	14	3	15	96	16	99	17	16	18	17	19	46	20	85	21	25	22	21	23	48	24	6	25	97	26	61	27	81	28	88	29	95
	0	82	1	97	2	8	3	58	4	26	5	29	6	27	7	39	8	76	9	30	10	70	11	74	12	24	13	33	14	43	15	28	16	72	17	71	18	2	19	23	20	90	21	91	22	23	23	42	24	92	25	39	26	30	27	51	28	99	29	20
	0	87	1	10	2	11	3	52	4	53	5	36	6	2	7	63	8	61	9	58	10	94	11	1	12	74	13	68	14	6	15	64	16	21	17	61	18	57	19	68	20	18	21	25	22	77	23	94	24	30	25	4	26	64	27	9	28	29	29	66
	0	75	1	31	2	49	3	43	4	54	5	88	6	50	7	18	8	25	9	100	10	33	11	80	12	3	13	68	14	81	15	81	16	13	17	68	18	5	19	44	20	6	21	64	22	22	23	33	24	17	25	99	26	11	27	67	28	5	29	40
	0	95	1	39	2	71	3	55	4	64	5	82	6	39	7	76	8	45	9	76	10	53	11	65	12	58	13	15	14	24	15	83	16	31	17	50	18	16	19	42	20	69	21	90	22	75	23	75	24	85	25	33	26	34	27	63	28	40	29	40
	0	43	1	1	2	65	3	97	4	98	5	97	6	42	7	17	8	99	9	27	10	82	11	62	12	27	13	97	14	18	15	18	16	39	17	83	18	8	19	38	20	20	21	47	22	9	23	15	24	27	25	57	26	70	27	89	28	36	29	56
	0	62	1	81	2	60	3	51	4	23	5	91	6	5	7	24	8	15	9	38	10	77	11	92	12	97	13	2	14	70	15	51	16	70	17	2	18	86	19	99	20	43	21	35	22	64	23	9	24	42	25	35	26	34	27	5	28	40	29	43
	0	12	1	65	2	90	3	1	4	100	5	39	6	95	7	100	8	69	9	71	10	32	11	39	12	24	13	59	14	25	15	1	16	88	17	94	18	37	19	28	20	60	21	47	22	13	23	59	24	18	25	17	26	2	27	68	28	76	29	52
	0	49	1	10	2	34	3	90	4	10	5	64	6	63	7	2	8	57	9	27	10	3	11	33	12	65	13	14	14	97	15	58	16	94	17	38	18	69	19	6	20	14	21	9	22	16	23	34	24	37	25	51	26	84	27	26	28	47	29	35
	0	38	1	71	2	49	3	85	4	58	5	42	6	77	7	82	8	6	9	66	10	27	11	5	12	51	13	71	14	6	15	57	16	63	17	54	18	28	19	71	20	86	21	85	22	68	23	10	24	65	25	56	26	83	27	83	28	99	29	54
	0	53	1	58	2	17	3	74	4	87	5	37	6	22	7	52	8	17	9	22	10	44	11	46	12	68	13	92	14	91	15	11	16	68	17	67	18	95	19	55	20	45	21	33	22	92	23	38	24	34	25	47	26	77	27	99	28	63	29	49
	0	32	1	81	2	18	3	58	4	14	5	12	6	4	7	14	8	45	9	59	10	26	11	1	12	51	13	47	14	90	15	72	16	33	17	41	18	81	19	42	20	76	21	5	22	61	23	34	24	25	25	91	26	18	27	88	28	78	29	35
	0	32	1	74	2	84	3	55	4	59	5	61	6	41	7	75	8	37	9	38	10	33	11	20	12	70	13	87	14	59	15	62	16	49	17	56	18	20	19	15	20	99	21	83	22	94	23	90	24	86	25	60	26	5	27	80	28	97	29	53
	0	55	1	28	2	95	3	5	4	90	5	85	6	13	7	93	8	15	9	91	10	19	11	10	12	72	13	4	14	85	15	2	16	56	17	74	18	43	19	83	20	28	21	48	22	95	23	91	24	46	25	33	26	23	27	74	28	35	29	59
	0	16	1	12	2	49	3	30	4	98	5	21	6	18	7	46	8	39	9	82	10	62	11	29	12	78	13	5	14	30	15	96	16	79	17	16	18	89	19	54	20	18	21	15	22	65	23	24	24	62	25	70	26	38	27	96	28	75	29	16
	0	100	1	91	2	94	3	89	4	62	5	81	6	34	7	21	8	67	9	75	10	16	11	56	12	18	13	96	14	36	15	76	16	60	17	93	18	29	19	53	20	62	21	63	22	66	23	45	24	75	25	86	26	13	27	26	28	83	29	81
	0	35	1	3	2	69	3	59	4	18	5	58	6	52	7	13	8	43	9	37	10	70	11	75	12	40	13	47	14	22	15	38	16	13	17	54	18	97	19	7	20	81	21	88	22	39	23	51	24	22	25	89	26	29	27	43	28	82	29	64
	0	100	1	29	2	97	3	26	4	94	5	55	6	44	7	44	8	36	9	44	10	6	11	24	12	93	13	12	14	33	15	87	16	25	17	40	18	22	19	44	20	59	21	65	22	55	23	47	24	39	25	56	26	66	27	91	28	37	29	70
	0	23	1	93	2	19	3	19	4	45	5	56	6	8	7	87	8	2	9	25	10	88	11	83	12	54	13	63	14	36	15	17	16	33	17	11	18	85	19	26	20	71	21	28	22	45	23	6	24	37	25	10	26	40	27	6	28	27	29	23
	0	37	1	4	2	11	3	22	4	76	5	71	6	63	7	38	8	29	9	79	10	90	11	30	12	39	13	27	14	61	15	63	16	28	17	83	18	99	19	53	20	66	21	61	22	66	23	67	24	40	25	85	26	87	27	5	28	79	29	18
	0	75	1	80	2	3	3	46	4	41	5	64	6	15	7	42	8	25	9	95	10	55	11	65	12	75	13	39	14	79	15	63	16	46	17	61	18	35	19	70	20	11	21	50	22	41	23	46	24	5	25	94	26	10	27	70	28	34	29	14
	0	49	1	99	2	28	3	86	4	40	5	62	6	27	7	30	8	87	9	29	10	6	11	25	12	70	13	97	14	98	15	84	16	57	17	65	18	74	19	18	20	52	21	100	22	71	23	42	24	91	25	22	26	84	27	24	28	3	29	43
	0	75	1	69	2	1	3	42	4	49	5	93	6	87	7	81	8	6	9	36	10	53	11	69	12	72	13	4	14	40	15	39	16	66	17	48	18	77	19	98	20	55	21	21	22	11	23	59	24	97	25	69	26	5	27	72	28	94	29	45
	0	51	1	1	2	81	3	55	4	45	5	32	6	45	7	76	8	14	9	96	10	32	11	97	12	80	13	36	14	86	15	85	16	11	17	69	18	61	19	68	20	3	21	17	22	45	23	87	24	74	25	99	26	32	27	72	28	80	29	13
	0	19	1	21	2	69	3	53	4	92	5	8	6	49	7	43	8	70	9	38	10	27	11	66	12	81	13	31	14	44	15	44	16	8	17	96	18	16	19	79	20	31	21	29	22	55	23	63	24	45	25	57	26	36	27	33	28	36	29	95
	0	18	1	5	2	40	3	96	4	54	5	26	6	17	7	15	8	35	9	36	10	22	11	11	12	61	13	13	14	51	15	57	16	26	17	47	18	89	19	42	20	67	21	76	22	96	23	70	24	13	25	69	26	100	27	99	28	26	29	42
	0	91	1	82	2	34	3	45	4	34	5	87	6	87	7	56	8	37	9	15	10	89	11	62	12	44	13	49	14	87	15	22	16	57	17	96	18	20	19	37	20	80	21	6	22	63	23	81	24	48	25	80	26	13	27	55	28	2	29	8
	0	4	1	66	2	99	3	81	4	45	5	70	6	73	7	90	8	30	9	98	10	1	11	99	12	50	13	63	14	26	15	36	16	6	17	42	18	37	19	69	20	22	21	45	22	24	23	45	24	81	25	29	26	47	27	2	28	50	29	30
	0	89	1	4	2	64	3	15	4	81	5	38	6	81	7	57	8	23	9	77	10	30	11	16	12	33	13	10	14	16	15	67	16	3	17	82	18	55	19	89	20	48	21	2	22	40	23	42	24	61	25	94	26	85	27	67	28	24	29	28
	0	75	1	95	2	41	3	37	4	33	5	58	6	81	7	5	8	76	9	20	10	46	11	95	12	14	13	93	14	21	15	40	16	44	17	93	18	54	19	23	20	1	21	40	22	67	23	18	24	88	25	37	26	25	27	65	28	19	29	59
	0	80	1	2	2	100	3	37	4	87	5	80	6	72	7	30	8	60	9	31	10	73	11	12	12	100	13	70	14	95	15	23	16	29	17	35	18	48	19	48	20	3	21	21	22	45	23	37	24	93	25	46	26	89	27	79	28	47	29	47
	0	11	1	82	2	87	3	21	4	92	5	33	6	99	7	34	8	71	9	31	10	2	11	70	12	25	13	28	14	37	15	2	16	67	17	15	18	87	19	93	20	100	21	29	22	22	23	66	24	21	25	86	26	43	27	13	28	72	29	55
	0	52	1	3	2	72	3	27	4	88	5	32	6	76	7	49	8	94	9	27	10	56	11	24	12	10	13	76	14	90	15	99	16	6	17	71	18	7	19	92	20	99	21	60	22	29	23	22	24	26	25	74	26	95	27	57	28	56	29	50
	0	75	1	92	2	61	3	75	4	95	5	98	6	94	7	34	8	37	9	40	10	38	11	12	12	85	13	36	14	9	15	5	16	34	17	97	18	49	19	29	20	74	21	90	22	36	23	38	24	22	25	100	26	76	27	86	28	67	29	86
	0	91	1	88	2	44	3	55	4	90	5	81	6	58	7	15	8	89	9	79	10	15	11	50	12	37	13	71	14	49	15	58	16	41	17	14	18	32	19	31	20	7	21	9	22	12	23	61	24	41	25	79	26	25	27	29	28	79	29	72
	0	70	1	69	2	27	3	60	4	33	5	50	6	50	7	14	8	18	9	10	10	24	11	68	12	10	13	14	14	46	15	11	16	71	17	46	18	71	19	62	20	66	21	51	22	12	23	17	24	45	25	71	26	28	27	84	28	41	29	61
	0	85	1	27	2	67	3	70	4	64	5	2	6	2	7	20	8	48	9	47	10	18	11	31	12	24	13	56	14	78	15	52	16	64	17	66	18	8	19	19	20	84	21	10	22	28	23	45	24	94	25	39	26	83	27	97	28	80	29	9
	0	31	1	37	2	92	3	74	4	57	5	14	6	21	7	49	8	20	9	49	10	86	11	26	12	82	13	39	14	82	15	48	16	35	17	77	18	36	19	95	20	49	21	61	22	85	23	19	24	14	25	41	26	78	27	34	28	16	29	34
	0	51	1	60	2	14	3	89	4	42	5	61	6	70	7	93	8	38	9	40	10	66	11	57	12	61	13	75	14	18	15	10	16	62	17	1	18	53	19	89	20	52	21	86	22	16	23	19	24	99	25	54	26	30	27	5	28	84	29	40
	0	19	1	89	2	64	3	94	4	66	5	36	6	23	7	62	8	70	9	61	10	75	11	14	12	22	13	7	14	67	15	95	16	17	17	32	18	98	19	23	20	62	21	77	22	47	23	52	24	64	25	4	26	72	27	79	28	90	29	43
	0	26	1	72	2	48	3	83	4	15	5	22	6	20	7	88	8	67	9	81	10	53	11	36	12	15	13	11	14	82	15	97	16	90	17	63	18	51	19	10	20	95	21	75	22	52	23	21	24	1	25	33	26	80	27	93	28	69	29	63
	0	16	1	99	2	16	3	18	4	42	5	51	6	67	7	4	8	71	9	43	10	53	11	45	12	48	13	2	14	56	15	75	16	47	17	68	18	14	19	33	20	78	21	59	22	27	23	68	24	66	25	87	26	40	27	96	28	85	29	26
	0	76	1	71	2	36	3	58	4	59	5	47	6	25	7	44	8	56	9	53	10	67	11	88	12	4	13	9	14	17	15	5	16	21	17	49	18	23	19	98	20	17	21	35	22	34	23	13	24	40	25	66	26	11	27	33	28	35	29	35
	0	32	1	5	2	100	3	76	4	89	5	41	6	57	7	2	8	1	9	24	10	88	11	32	12	16	13	100	14	89	15	54	16	54	17	56	18	52	19	80	20	28	21	3	22	74	23	76	24	42	25	17	26	49	27	83	28	46	29	4
	0	4	1	67	2	7	3	99	4	68	5	48	6	17	7	11	8	6	9	2	10	59	11	69	12	37	13	57	14	83	15	43	16	22	17	89	18	87	19	29	20	10	21	14	22	85	23	41	24	54	25	39	26	7	27	30	28	40	29	86
	0	93	1	35	2	6	3	41	4	30	5	40	6	27	7	59	8	76	9	68	10	98	11	46	12	69	13	71	14	49	15	96	16	93	17	71	18	62	19	48	20	77	21	65	22	78	23	1	24	25	25	6	26	21	27	84	28	16	29	26
	0	69	1	94	2	27	3	51	4	51	5	29	6	51	7	23	8	45	9	86	10	23	11	53	12	20	13	5	14	84	15	36	16	42	17	67	18	26	19	30	20	14	21	92	22	16	23	65	24	57	25	90	26	88	27	33	28	34	29	47
	0	38	1	93	2	63	3	74	4	84	5	63	6	89	7	29	8	55	9	10	10	8	11	4	12	29	13	44	14	55	15	30	16	42	17	84	18	1	19	40	20	22	21	50	22	28	23	9	24	31	25	97	26	72	27	34	28	21	29	96
	0	50	1	43	2	27	3	33	4	18	5	49	6	57	7	75	8	19	9	69	10	60	11	23	12	26	13	90	14	69	15	59	16	80	17	46	18	62	19	47	20	84	21	38	22	76	23	54	24	100	25	13	26	79	27	91	28	65	29	85
	0	80	1	7	2	18	3	60	4	19	5	61	6	100	7	91	8	97	9	77	10	83	11	1	12	16	13	51	14	26	15	25	16	27	17	56	18	69	19	58	20	45	21	75	22	17	23	33	24	44	25	52	26	70	27	45	28	54	29	44
	0	100	1	1	2	26	3	17	4	85	5	64	6	31	7	7	8	49	9	24	10	13	11	49	12	71	13	3	14	5	15	47	16	57	17	88	18	95	19	31	20	89	21	44	22	77	23	30	24	98	25	51	26	39	27	43	28	24	29	72
	0	78	1	15	2	60	3	36	4	31	5	18	6	90	7	99	8	65	9	17	10	70	11	24	12	69	13	61	14	15	15	82	16	44	17	26	18	88	19	62	20	73	21	19	22	5	23	60	24	25	25	87	26	95	27	68	28	30	29	18
	0	93	1	89	2	9	3	26	4	50	5	48	6	73	7	40	8	72	9	83	10	5	11	47	12	42	13	19	14	92	15	70	16	94	17	70	18	81	19	70	20	9	21	32	22	67	23	94	24	75	25	40	26	40	27	36	28	45	29	13
	0	45	1	53	2	55	3	15	4	37	5	66	6	95	7	99	8	39	9	50	10	60	11	13	12	19	13	69	14	14	15	86	16	62	17	25	18	34	19	25	20	97	21	21	22	28	23	82	24	93	25	70	26	54	27	92	28	55	29	82
	0	59	1	65	2	70	3	15	4	30	5	98	6	86	7	85	8	38	9	49	10	22	11	58	12	83	13	61	14	55	15	71	16	4	17	58	18	20	19	61	20	3	21	32	22	7	23	90	24	77	25	100	26	74	27	99	28	92	29	1
	0	87	1	43	2	13	3	55	4	50	5	60	6	87	7	12	8	9	9	99	10	45	11	61	12	24	13	9	14	62	15	76	16	47	17	52	18	1	19	15	20	62	21	5	22	16	23	4	24	57	25	47	26	5	27	75	28	40	29	73
	0	33	1	31	2	34	3	51	4	58	5	66	6	85	7	33	8	37	9	56	10	97	11	88	12	2	13	99	14	55	15	90	16	16	17	84	18	10	19	27	20	64	21	92	22	46	23	70	24	33	25	80	26	28	27	31	28	82	29	96
	0	31	1	21	2	18	3	20	4	77	5	53	6	12	7	32	8	36	9	69	10	39	11	57	12	70	13	95	14	13	15	30	16	33	17	27	18	57	19	86	20	42	21	24	22	23	23	73	24	83	25	60	26	60	27	24	28	32	29	42
	0	100	1	56	2	93	3	15	4	82	5	84	6	83	7	8	8	65	9	40	10	18	11	91	12	95	13	69	14	82	15	28	16	6	17	20	18	83	19	82	20	93	21	62	22	23	23	86	24	77	25	95	26	44	27	69	28	49	29	27
	0	14	1	44	2	70	3	48	4	80	5	61	6	56	7	14	8	97	9	93	10	78	11	27	12	7	13	10	14	55	15	71	16	19	17	59	18	27	19	40	20	37	21	60	22	28	23	66	24	19	25	68	26	96	27	47	28	59	29	77
	0	94	1	8	2	53	3	66	4	23	5	66	6	53	7	9	8	67	9	78	10	51	11	94	12	81	13	82	14	35	15	27	16	11	17	70	18	3	19	24	20	41	21	60	22	38	23	3	24	61	25	31	26	75	27	42	28	22	29	68
	0	15	1	55	2	37	3	12	4	60	5	1	6	11	7	8	8	84	9	45	10	36	11	24	12	57	13	15	14	73	15	45	16	94	17	34	18	4	19	100	20	85	21	22	22	36	23	51	24	33	25	92	26	85	27	65	28	21	29	93
	0	65	1	50	2	55	3	64	4	65	5	10	6	79	7	7	8	7	9	71	10	49	11	95	12	80	13	70	14	12	15	73	16	27	17	9	18	32	19	10	20	17	21	19	22	50	23	18	24	20	25	89	26	80	27	47	28	92	29	53
	0	69	1	18	2	5	3	35	4	82	5	52	6	11	7	99	8	86	9	3	10	1	11	55	12	34	13	24	14	11	15	17	16	93	17	98	18	83	19	18	20	54	21	23	22	80	23	13	24	17	25	39	26	20	27	47	28	42	29	28
	0	64	1	56	2	14	3	32	4	95	5	19	6	56	7	57	8	51	9	5	10	91	11	75	12	8	13	61	14	32	15	35	16	36	17	39	18	62	19	35	20	53	21	66	22	26	23	30	24	68	25	96	26	36	27	78	28	83	29	4
	0	93	1	34	2	83	3	12	4	34	5	60	6	57	7	46	8	96	9	6	10	8	11	77	12	36	13	72	14	61	15	91	16	45	17	72	18	58	19	87	20	64	21	42	22	19	23	1	24	67	25	78	26	2	27	6	28	92	29	90
	0	78	1	38	2	11	3	1	4	24	5	36	6	90	7	43	8	81	9	16	10	76	11	16	12	51	13	95	14	96	15	8	16	12	17	51	18	81	19	17	20	75	21	89	22	25	23	94	24	32	25	20	26	59	27	4	28	47	29	9
	0	100	1	96	2	94	3	28	4	85	5	7	6	57	7	20	8	25	9	38	10	30	11	77	12	30	13	91	14	92	15	61	16	80	17	60	18	35	19	46	20	57	21	92	22	81	23	49	24	56	25	76	26	17	27	75	28	39	29	30
	0	15	1	98	2	11	3	81	4	39	5	57	6	10	7	68	8	49	9	31	10	65	11	11	12	38	13	29	14	50	15	25	16	90	17	6	18	28	19	68	20	25	21	82	22	98	23	55	24	65	25	49	26	49	27	90	28	64	29	67
	0	2	1	72	2	60	3	92	4	5	5	92	6	43	7	7	8	90	9	38	10	60	11	13	12	21	13	48	14	7	15	26	16	84	17	3	18	50	19	88	20	14	21	38	22	95	23	70	24	36	25	7	26	9	27	47	28	80	29	51
	0	39	1	48	2	1	3	32	4	86	5	36	6	99	7	42	8	54	9	64	10	37	11	10	12	49	13	87	14	82	15	44	16	10	17	71	18	41	19	96	20	20	21	90	22	44	23	40	24	80	25	20	26	11	27	87	28	95	29	76
	0	7	1	89	2	72	3	23	4	46	5	2	6	39	7	3	8	40	9	8	10	43	11	13	12	68	13	19	14	66	15	51	16	25	17	11	18	92	19	19	20	83	21	66	22	94	23	23	24	57	25	7	26	36	27	44	28	72	29	70
	0	96	1	46	2	71	3	45	4	70	5	49	6	8	7	62	8	12	9	90	10	9	11	29	12	100	13	43	14	12	15	35	16	58	17	79	18	7	19	75	20	65	21	78	22	35	23	63	24	14	25	24	26	25	27	37	28	37	29	55
	0	73	1	75	2	82	3	47	4	96	5	79	6	5	7	34	8	11	9	84	10	40	11	23	12	18	13	10	14	35	15	42	16	2	17	70	18	70	19	21	20	68	21	74	22	14	23	6	24	77	25	27	26	64	27	55	28	53	29	91
	0	79	1	69	2	79	3	56	4	19	5	40	6	90	7	60	8	23	9	36	10	41	11	25	12	9	13	53	14	15	15	21	16	78	17	3	18	82	19	74	20	38	21	4	22	32	23	62	24	93	25	13	26	46	27	86	28	74	29	8
	0	79	1	94	2	78	3	3	4	61	5	9	6	67	7	67	8	40	9	75	10	37	11	67	12	39	13	35	14	45	15	60	16	78	17	94	18	82	19	17	20	1	21	36	22	95	23	33	24	4	25	7	26	29	27	61	28	39	29	58
	0	20	1	98	2	73	3	38	4	70	5	75	6	98	7	66	8	82	9	45	10	21	11	24	12	32	13	89	14	5	15	49	16	23	17	48	18	20	19	25	20	16	21	79	22	19	23	84	24	71	25	86	26	73	27	90	28	14	29	64
	0	9	1	50	2	24	3	69	4	39	5	75	6	11	7	4	8	77	9	100	10	15	11	67	12	87	13	18	14	65	15	16	16	98	17	95	18	60	19	48	20	84	21	75	22	74	23	84	24	99	25	86	26	89	27	22	28	11	29	7
Reldue
-1	8503	-1	1
-1	14417	-1	1
-1	13012	-1	1
-1	12048	-1	1
-1	11577	-1	1
-1	14937	-1	1
-1	8111	-1	1
-1	9112	-1	1
-1	13824	-1	1
-1	8184	-1	1
-1	15148	-1	1
-1	9203	-1	1
-1	8234	-1	1
-1	7423	-1	1
-1	13647	-1	1
-1	14599	-1	1
-1	12304	-1	1
-1	8309	-1	1
-1	9924	-1	1
-1	14714	-1	1
-1	9012	-1	1
-1	8722	-1	1
-1	11277	-1	1
-1	13131	-1	1
-1	12787	-1	1
-1	9707	-1	1
-1	8648	-1	1
-1	11257	-1	1
-1	12985	-1	1
-1	13458	-1	1
-1	13268	-1	1
-1	12838	-1	1
-1	13110	-1	1
-1	10728	-1	1
-1	14596	-1	1
-1	12726	-1	1
-1	8447	-1	1
-1	12236	-1	1
-1	12347	-1	1
-1	12681	-1	1
-1	13027	-1	1
-1	9122	-1	1
-1	11400	-1	1
-1	14715	-1	1
-1	8638	-1	1
-1	7194	-1	1
-1	7907	-1	1
-1	13302	-1	1
-1	8359	-1	1
-1	15700	-1	1
-1	14196	-1	1
-1	9932	-1	1
-1	8604	-1	1
-1	10905	-1	1
-1	9145	-1	1
-1	15534	-1	1
-1	9285	-1	1
-1	8443	-1	1
-1	11868	-1	1
-1	8438	-1	1
-1	9126	-1	1
-1	11488	-1	1
-1	15127	-1	1
-1	15151	-1	1
-1	14106	-1	1
-1	7334	-1	1
-1	14981	-1	1
-1	11198	-1	1
-1	13278	-1	1
-1	15515	-1	1
-1	14699	-1	1
-1	11032	-1	1
-1	15729	-1	1
-1	12372	-1	1
-1	11970	-1	1
-1	14229	-1	1
-1	12799	-1	1
-1	14193	-1	1
-1	14844	-1	1
-1	9573	-1	1
-1	15131	-1	1
-1	10794	-1	1
-1	13860	-1	1
-1	8985	-1	1
-1	7190	-1	1
-1	10171	-1	1
-1	11625	-1	1
-1	8171	-1	1
-1	7464	-1	1
-1	10597	-1	1
-1	7230	-1	1
-1	13324	-1	1
-1	12615	-1	1
-1	10550	-1	1
-1	15317	-1	1
-1	9292	-1	1
-1	9465	-1	1
-1	14496	-1	1
-1	12884	-1	1
-1	12871	-1	1
-1	9106	-1	1
-1	11846	-1	1
-1	9546	-1	1
-1	13613	-1	1
-1	7998	-1	1
-1	11593	-1	1
-1	9845	-1	1
-1	10236	-1	1
-1	14920	-1	1
-1	11234	-1	1
-1	7543	-1	1
-1	9405	-1	1
-1	10005	-1	1
-1	12502	-1	1
-1	7973	-1	1
-1	10371	-1	1
-1	13355	-1	1
-1	9756	-1	1
-1	8063	-1	1
-1	9678	-1	1
-1	13582	-1	1
-1	7749	-1	1
-1	11666	-1	1
-1	10764	-1	1
-1	15306	-1	1
-1	7476	-1	1
-1	14083	-1	1
-1	8298	-1	1
-1	11783	-1	1
-1	12561	-1	1
-1	11991	-1	1
-1	13627	-1	1
-1	8609	-1	1
-1	7749	-1	1
-1	11251	-1	1
-1	9616	-1	1
-1	11989	-1	1
-1	9166	-1	1
-1	7266	-1	1
-1	8576	-1	1
-1	8800	-1	1
-1	13455	-1	1
-1	9119	-1	1
-1	11413	-1	1
-1	10741	-1	1
-1	9824	-1	1
-1	9139	-1	1
-1	11649	-1	1
-1	13825	-1	1
-1	15177	-1	1
-1	7795	-1	1
-1	9850	-1	1
-1	9884	-1	1
-1	8785	-1	1
-1	8435	-1	1
-1	14718	-1	1
-1	8650	-1	1
-1	14251	-1	1
-1	10197	-1	1
-1	9241	-1	1
-1	13935	-1	1
-1	12057	-1	1
-1	12364	-1	1
-1	8411	-1	1
-1	11186	-1	1
-1	12026	-1	1
-1	11241	-1	1
-1	10903	-1	1
-1	8673	-1	1
-1	7604	-1	1
-1	15731	-1	1
-1	9861	-1	1
-1	13590	-1	1
-1	8231	-1	1
-1	15459	-1	1
-1	15421	-1	1
-1	15380	-1	1
-1	13356	-1	1
-1	9169	-1	1
-1	9439	-1	1
-1	7798	-1	1
-1	8472	-1	1
-1	14385	-1	1
-1	12569	-1	1
-1	14701	-1	1
-1	14141	-1	1
-1	7224	-1	1
-1	8156	-1	1
-1	9452	-1	1
-1	15098	-1	1
-1	9539	-1	1
-1	10401	-1	1
-1	14836	-1	1
-1	10771	-1	1
-1	10441	-1	1
-1	8396	-1	1
-1	11544	-1	1
-1	10005	-1	1
-1	12345	-1	1
-1	9082	-1	1
-1	15106	-1	1
-1	9557	-1	1
-1	13068	-1	1
-1	9471	-1	1
-1	13700	-1	1
-1	15261	-1	1
-1	12391	-1	1
-1	13874	-1	1
-1	10830	-1	1
-1	12365	-1	1
-1	13425	-1	1
-1	8007	-1	1
-1	15530	-1	1
-1	8305	-1	1
-1	8463	-1	1
-1	10044	-1	1
-1	13767	-1	1
-1	7215	-1	1
-1	9805	-1	1
-1	11743	-1	1
-1	8359	-1	1
-1	9394	-1	1
-1	7928	-1	1
-1	11267	-1	1
-1	10851	-1	1
-1	10915	-1	1
-1	7628	-1	1
-1	15233	-1	1
-1	8276	-1	1
-1	15049	-1	1
-1	11623	-1	1
-1	9843	-1	1
-1	7162	-1	1
-1	9220	-1	1
-1	12115	-1	1
-1	14724	-1	1
-1	10307	-1	1
-1	9310	-1	1
-1	10018	-1	1
-1	9009	-1	1
-1	7204	-1	1
-1	9132	-1	1
-1	15060	-1	1
-1	10682	-1	1
-1	9662	-1	1
-1	9861	-1	1
-1	7813	-1	1
-1	8572	-1	1
-1	11730	-1	1
-1	14465	-1	1
LBCmax: 14307
