50  10
	0	58	1	53	2	93	3	23	4	3	5	98	6	50	7	98	8	21	9	83
	0	10	1	44	2	7	3	100	4	39	5	71	6	87	7	83	8	40	9	66
	0	28	1	87	2	19	3	37	4	42	5	9	6	97	7	1	8	19	9	11
	0	7	1	64	2	28	3	81	4	12	5	70	6	41	7	49	8	53	9	11
	0	94	1	33	2	96	3	28	4	80	5	86	6	43	7	51	8	29	9	73
	0	34	1	43	2	44	3	98	4	37	5	59	6	71	7	49	8	18	9	33
	0	42	1	49	2	36	3	47	4	7	5	19	6	100	7	56	8	46	9	90
	0	83	1	60	2	42	3	30	4	85	5	58	6	29	7	65	8	89	9	26
	0	63	1	5	2	48	3	83	4	87	5	23	6	98	7	67	8	71	9	27
	0	91	1	24	2	48	3	36	4	81	5	61	6	3	7	42	8	23	9	50
	0	52	1	26	2	56	3	61	4	34	5	58	6	77	7	71	8	17	9	93
	0	45	1	72	2	56	3	55	4	52	5	74	6	90	7	55	8	61	9	85
	0	43	1	3	2	95	3	4	4	74	5	91	6	26	7	65	8	94	9	79
	0	6	1	10	2	36	3	89	4	21	5	95	6	59	7	99	8	80	9	39
	0	3	1	3	2	61	3	79	4	47	5	51	6	74	7	94	8	28	9	17
	0	14	1	100	2	14	3	34	4	16	5	42	6	50	7	11	8	39	9	30
	0	28	1	7	2	30	3	85	4	25	5	38	6	59	7	6	8	27	9	40
	0	8	1	77	2	42	3	4	4	72	5	52	6	45	7	73	8	1	9	10
	0	25	1	53	2	81	3	63	4	27	5	84	6	48	7	46	8	5	9	67
	0	67	1	43	2	24	3	58	4	36	5	10	6	86	7	59	8	84	9	3
	0	67	1	67	2	85	3	37	4	83	5	81	6	92	7	8	8	27	9	52
	0	75	1	78	2	46	3	39	4	17	5	90	6	48	7	15	8	93	9	63
	0	60	1	9	2	45	3	4	4	70	5	14	6	20	7	10	8	35	9	63
	0	44	1	58	2	31	3	70	4	42	5	10	6	72	7	97	8	22	9	81
	0	43	1	71	2	99	3	43	4	4	5	74	6	11	7	60	8	62	9	90
	0	61	1	78	2	32	3	63	4	88	5	28	6	27	7	8	8	38	9	2
	0	33	1	89	2	18	3	8	4	88	5	38	6	16	7	26	8	48	9	92
	0	43	1	16	2	13	3	64	4	31	5	40	6	58	7	86	8	84	9	17
	0	75	1	77	2	70	3	17	4	36	5	30	6	93	7	42	8	22	9	25
	0	4	1	87	2	84	3	2	4	19	5	53	6	29	7	63	8	55	9	57
	0	47	1	79	2	18	3	73	4	25	5	17	6	89	7	90	8	10	9	26
	0	90	1	70	2	13	3	42	4	44	5	44	6	79	7	89	8	42	9	90
	0	57	1	2	2	89	3	59	4	40	5	93	6	92	7	58	8	65	9	39
	0	13	1	9	2	100	3	52	4	97	5	28	6	41	7	68	8	47	9	7
	0	9	1	76	2	15	3	88	4	22	5	56	6	16	7	62	8	64	9	96
	0	98	1	27	2	2	3	27	4	20	5	99	6	96	7	82	8	15	9	53
	0	29	1	61	2	51	3	32	4	33	5	78	6	9	7	69	8	90	9	5
	0	40	1	91	2	49	3	42	4	80	5	10	6	68	7	87	8	29	9	13
	0	91	1	82	2	9	3	25	4	96	5	40	6	86	7	78	8	95	9	11
	0	1	1	29	2	72	3	24	4	41	5	11	6	68	7	4	8	67	9	98
	0	72	1	70	2	56	3	34	4	68	5	56	6	37	7	33	8	40	9	10
	0	30	1	80	2	54	3	55	4	3	5	68	6	51	7	32	8	30	9	57
	0	22	1	53	2	91	3	44	4	65	5	28	6	58	7	73	8	22	9	50
	0	66	1	33	2	60	3	54	4	44	5	14	6	52	7	79	8	71	9	23
	0	44	1	97	2	76	3	81	4	42	5	1	6	94	7	55	8	47	9	47
	0	55	1	83	2	10	3	6	4	64	5	18	6	1	7	71	8	89	9	82
	0	6	1	15	2	86	3	3	4	94	5	1	6	11	7	99	8	29	9	96
	0	1	1	7	2	7	3	25	4	31	5	78	6	40	7	81	8	75	9	98
	0	37	1	79	2	21	3	96	4	37	5	93	6	28	7	38	8	94	9	55
	0	27	1	43	2	28	3	73	4	88	5	54	6	86	7	7	8	21	9	48
Reldue
-1	2562	-1	1
-1	2221	-1	1
-1	2564	-1	1
-1	2567	-1	1
-1	2573	-1	1
-1	2519	-1	1
-1	2513	-1	1
-1	2507	-1	1
-1	2272	-1	1
-1	2306	-1	1
-1	2252	-1	1
-1	2253	-1	1
-1	2353	-1	1
-1	2546	-1	1
-1	2375	-1	1
-1	2229	-1	1
-1	2251	-1	1
-1	2504	-1	1
-1	2264	-1	1
-1	2410	-1	1
-1	2560	-1	1
-1	2598	-1	1
-1	2549	-1	1
-1	2695	-1	1
-1	2654	-1	1
-1	2562	-1	1
-1	2205	-1	1
-1	2374	-1	1
-1	2204	-1	1
-1	2214	-1	1
-1	2673	-1	1
-1	2146	-1	1
-1	2176	-1	1
-1	2644	-1	1
-1	2597	-1	1
-1	2644	-1	1
-1	2251	-1	1
-1	2155	-1	1
-1	2506	-1	1
-1	2628	-1	1
-1	2595	-1	1
-1	2543	-1	1
-1	2127	-1	1
-1	2560	-1	1
-1	2422	-1	1
-1	2277	-1	1
-1	2127	-1	1
-1	2557	-1	1
-1	2350	-1	1
-1	2122	-1	1
LBCmax: 3010
