350  30
	0	30	1	83	2	78	3	6	4	36	5	89	6	21	7	15	8	8	9	64	10	65	11	52	12	71	13	41	14	83	15	57	16	78	17	86	18	63	19	62	20	2	21	23	22	91	23	15	24	66	25	46	26	61	27	57	28	20	29	7
	0	46	1	2	2	31	3	83	4	87	5	86	6	17	7	67	8	71	9	87	10	54	11	27	12	11	13	41	14	44	15	50	16	56	17	3	18	6	19	40	20	78	21	20	22	46	23	50	24	33	25	21	26	100	27	71	28	75	29	50
	0	75	1	89	2	81	3	75	4	19	5	14	6	21	7	70	8	93	9	5	10	61	11	46	12	36	13	76	14	2	15	66	16	45	17	43	18	85	19	98	20	2	21	46	22	21	23	60	24	24	25	59	26	15	27	77	28	25	29	74
	0	96	1	59	2	7	3	22	4	91	5	58	6	23	7	56	8	75	9	64	10	81	11	28	12	99	13	57	14	70	15	22	16	89	17	24	18	47	19	20	20	54	21	92	22	5	23	35	24	39	25	58	26	2	27	12	28	33	29	4
	0	41	1	94	2	6	3	27	4	10	5	16	6	26	7	33	8	42	9	41	10	99	11	62	12	43	13	86	14	22	15	50	16	90	17	79	18	34	19	50	20	16	21	57	22	28	23	50	24	23	25	92	26	38	27	80	28	91	29	97
	0	19	1	90	2	69	3	71	4	93	5	34	6	76	7	61	8	16	9	96	10	45	11	56	12	4	13	48	14	88	15	55	16	1	17	20	18	52	19	65	20	3	21	20	22	15	23	5	24	54	25	50	26	37	27	51	28	81	29	77
	0	46	1	30	2	34	3	85	4	50	5	48	6	53	7	99	8	89	9	22	10	78	11	59	12	73	13	34	14	56	15	96	16	68	17	40	18	41	19	22	20	32	21	96	22	71	23	48	24	3	25	94	26	65	27	84	28	95	29	99
	0	89	1	94	2	67	3	51	4	74	5	4	6	44	7	67	8	91	9	81	10	31	11	42	12	7	13	44	14	33	15	65	16	80	17	68	18	82	19	69	20	79	21	80	22	27	23	92	24	23	25	87	26	33	27	28	28	74	29	59
	0	19	1	75	2	40	3	62	4	1	5	30	6	67	7	25	8	34	9	73	10	19	11	78	12	77	13	39	14	84	15	92	16	9	17	87	18	59	19	15	20	74	21	100	22	84	23	79	24	53	25	73	26	48	27	29	28	55	29	89
	0	76	1	96	2	99	3	68	4	72	5	1	6	39	7	61	8	75	9	92	10	21	11	13	12	57	13	27	14	100	15	7	16	73	17	55	18	48	19	90	20	33	21	77	22	33	23	14	24	58	25	69	26	47	27	62	28	45	29	6
	0	11	1	36	2	53	3	29	4	95	5	20	6	79	7	22	8	18	9	65	10	91	11	11	12	28	13	35	14	31	15	3	16	66	17	19	18	19	19	99	20	74	21	17	22	1	23	84	24	94	25	23	26	38	27	64	28	67	29	82
	0	21	1	89	2	43	3	3	4	66	5	7	6	39	7	24	8	13	9	23	10	20	11	90	12	42	13	54	14	96	15	88	16	79	17	21	18	38	19	23	20	51	21	5	22	77	23	62	24	20	25	54	26	35	27	61	28	90	29	41
	0	90	1	60	2	91	3	85	4	84	5	3	6	60	7	93	8	31	9	24	10	85	11	92	12	73	13	11	14	87	15	55	16	88	17	24	18	42	19	36	20	72	21	44	22	80	23	68	24	18	25	69	26	2	27	95	28	82	29	92
	0	17	1	44	2	13	3	20	4	77	5	45	6	65	7	22	8	63	9	63	10	45	11	16	12	62	13	7	14	48	15	28	16	19	17	14	18	88	19	95	20	73	21	41	22	21	23	82	24	100	25	96	26	30	27	36	28	20	29	3
	0	6	1	5	2	51	3	78	4	56	5	93	6	8	7	56	8	11	9	27	10	86	11	9	12	21	13	48	14	69	15	33	16	65	17	68	18	62	19	94	20	98	21	56	22	30	23	67	24	35	25	17	26	89	27	14	28	14	29	11
	0	4	1	64	2	22	3	15	4	59	5	13	6	56	7	9	8	23	9	43	10	43	11	58	12	21	13	36	14	72	15	19	16	91	17	26	18	86	19	87	20	76	21	21	22	43	23	62	24	79	25	86	26	55	27	1	28	6	29	57
	0	43	1	94	2	40	3	53	4	91	5	66	6	41	7	84	8	72	9	98	10	66	11	74	12	77	13	32	14	47	15	61	16	81	17	80	18	69	19	30	20	20	21	65	22	50	23	88	24	67	25	70	26	96	27	8	28	21	29	67
	0	95	1	77	2	60	3	36	4	75	5	33	6	20	7	25	8	29	9	88	10	84	11	94	12	93	13	53	14	24	15	45	16	21	17	20	18	100	19	33	20	2	21	78	22	21	23	8	24	8	25	49	26	33	27	41	28	63	29	82
	0	67	1	22	2	80	3	39	4	79	5	42	6	11	7	58	8	59	9	89	10	87	11	89	12	92	13	33	14	63	15	23	16	91	17	67	18	85	19	58	20	54	21	32	22	47	23	92	24	88	25	51	26	7	27	25	28	27	29	34
	0	70	1	97	2	22	3	51	4	71	5	22	6	82	7	65	8	9	9	68	10	6	11	79	12	14	13	13	14	13	15	49	16	46	17	68	18	81	19	45	20	65	21	37	22	35	23	83	24	19	25	85	26	67	27	54	28	35	29	98
	0	52	1	12	2	14	3	80	4	10	5	13	6	57	7	19	8	23	9	11	10	88	11	96	12	3	13	45	14	41	15	50	16	90	17	82	18	19	19	9	20	89	21	4	22	67	23	32	24	7	25	43	26	90	27	55	28	45	29	4
	0	16	1	16	2	36	3	37	4	2	5	98	6	52	7	46	8	14	9	38	10	26	11	39	12	25	13	60	14	38	15	60	16	29	17	55	18	82	19	70	20	67	21	8	22	9	23	44	24	83	25	33	26	6	27	20	28	91	29	94
	0	60	1	14	2	2	3	90	4	22	5	76	6	48	7	56	8	63	9	65	10	98	11	100	12	86	13	58	14	52	15	71	16	43	17	28	18	77	19	47	20	70	21	54	22	81	23	64	24	30	25	41	26	85	27	43	28	34	29	74
	0	9	1	79	2	91	3	24	4	83	5	97	6	77	7	95	8	72	9	99	10	54	11	59	12	48	13	40	14	67	15	28	16	64	17	26	18	97	19	76	20	12	21	7	22	55	23	78	24	63	25	17	26	33	27	51	28	30	29	80
	0	68	1	17	2	92	3	79	4	64	5	2	6	79	7	77	8	88	9	62	10	5	11	10	12	30	13	95	14	87	15	9	16	5	17	63	18	9	19	12	20	23	21	60	22	97	23	84	24	58	25	85	26	21	27	45	28	98	29	3
	0	56	1	74	2	51	3	12	4	43	5	49	6	51	7	40	8	42	9	32	10	59	11	48	12	82	13	12	14	93	15	18	16	21	17	68	18	4	19	26	20	96	21	6	22	90	23	60	24	26	25	88	26	20	27	20	28	70	29	66
	0	98	1	4	2	84	3	72	4	1	5	74	6	23	7	36	8	67	9	57	10	60	11	30	12	20	13	24	14	49	15	68	16	39	17	46	18	36	19	98	20	41	21	32	22	90	23	73	24	12	25	84	26	27	27	93	28	5	29	32
	0	34	1	35	2	3	3	38	4	20	5	33	6	2	7	70	8	52	9	75	10	75	11	1	12	50	13	5	14	15	15	62	16	59	17	77	18	60	19	77	20	5	21	87	22	60	23	50	24	14	25	67	26	49	27	68	28	60	29	39
	0	94	1	69	2	45	3	47	4	77	5	63	6	50	7	31	8	10	9	18	10	7	11	89	12	82	13	43	14	65	15	51	16	14	17	38	18	72	19	80	20	43	21	85	22	80	23	44	24	80	25	98	26	50	27	33	28	4	29	72
	0	18	1	28	2	90	3	81	4	42	5	39	6	80	7	18	8	45	9	54	10	52	11	86	12	23	13	91	14	39	15	84	16	89	17	29	18	3	19	28	20	56	21	56	22	70	23	18	24	98	25	87	26	85	27	46	28	36	29	1
	0	29	1	85	2	28	3	28	4	15	5	21	6	73	7	82	8	67	9	14	10	57	11	4	12	25	13	97	14	94	15	84	16	46	17	49	18	39	19	62	20	90	21	9	22	87	23	23	24	20	25	3	26	79	27	50	28	33	29	15
	0	70	1	95	2	18	3	19	4	47	5	70	6	13	7	41	8	92	9	90	10	89	11	42	12	23	13	96	14	96	15	22	16	70	17	59	18	43	19	92	20	66	21	40	22	5	23	60	24	50	25	38	26	66	27	43	28	24	29	81
	0	51	1	80	2	5	3	24	4	12	5	17	6	68	7	49	8	47	9	97	10	62	11	14	12	91	13	68	14	60	15	60	16	2	17	87	18	59	19	96	20	21	21	90	22	52	23	13	24	95	25	63	26	36	27	97	28	75	29	18
	0	18	1	43	2	37	3	66	4	56	5	88	6	97	7	45	8	14	9	25	10	1	11	46	12	55	13	44	14	14	15	34	16	69	17	41	18	50	19	66	20	28	21	63	22	13	23	49	24	14	25	100	26	30	27	100	28	45	29	35
	0	12	1	84	2	30	3	11	4	58	5	48	6	90	7	76	8	5	9	97	10	43	11	20	12	80	13	45	14	47	15	12	16	95	17	60	18	36	19	97	20	19	21	87	22	2	23	20	24	97	25	3	26	99	27	79	28	99	29	55
	0	84	1	27	2	35	3	72	4	9	5	75	6	53	7	56	8	38	9	66	10	12	11	94	12	46	13	22	14	7	15	55	16	26	17	85	18	65	19	41	20	27	21	99	22	57	23	28	24	61	25	13	26	98	27	9	28	89	29	95
	0	12	1	13	2	68	3	86	4	99	5	93	6	90	7	40	8	29	9	68	10	84	11	25	12	40	13	83	14	43	15	83	16	28	17	36	18	86	19	71	20	51	21	51	22	91	23	34	24	83	25	22	26	46	27	79	28	85	29	52
	0	99	1	57	2	98	3	62	4	20	5	65	6	54	7	32	8	87	9	24	10	67	11	16	12	73	13	9	14	56	15	38	16	92	17	18	18	8	19	53	20	29	21	18	22	76	23	38	24	62	25	3	26	85	27	48	28	54	29	44
	0	74	1	46	2	75	3	38	4	8	5	90	6	71	7	54	8	44	9	52	10	100	11	59	12	14	13	83	14	5	15	62	16	73	17	59	18	81	19	6	20	31	21	68	22	64	23	11	24	58	25	28	26	54	27	19	28	22	29	42
	0	41	1	22	2	23	3	28	4	97	5	73	6	11	7	87	8	59	9	85	10	10	11	90	12	12	13	91	14	90	15	3	16	41	17	18	18	48	19	71	20	31	21	92	22	4	23	48	24	8	25	76	26	8	27	23	28	66	29	11
	0	25	1	88	2	20	3	17	4	40	5	63	6	79	7	64	8	1	9	45	10	32	11	28	12	88	13	64	14	85	15	81	16	85	17	62	18	97	19	2	20	85	21	30	22	96	23	83	24	52	25	61	26	88	27	76	28	36	29	1
	0	79	1	21	2	93	3	22	4	62	5	21	6	75	7	44	8	64	9	76	10	86	11	58	12	43	13	90	14	8	15	64	16	69	17	4	18	58	19	97	20	48	21	25	22	32	23	15	24	62	25	50	26	23	27	76	28	36	29	15
	0	45	1	18	2	56	3	6	4	96	5	34	6	96	7	16	8	24	9	87	10	32	11	36	12	99	13	20	14	54	15	20	16	96	17	59	18	92	19	48	20	41	21	98	22	27	23	88	24	83	25	31	26	50	27	30	28	82	29	63
	0	94	1	35	2	34	3	5	4	45	5	37	6	74	7	63	8	8	9	73	10	28	11	38	12	94	13	38	14	91	15	29	16	35	17	4	18	74	19	94	20	69	21	15	22	34	23	5	24	24	25	82	26	78	27	13	28	12	29	22
	0	17	1	94	2	9	3	18	4	96	5	72	6	74	7	99	8	39	9	100	10	44	11	51	12	74	13	68	14	93	15	40	16	36	17	81	18	65	19	68	20	59	21	92	22	95	23	23	24	7	25	11	26	89	27	85	28	99	29	19
	0	33	1	91	2	34	3	45	4	39	5	83	6	22	7	3	8	56	9	89	10	72	11	88	12	4	13	100	14	94	15	75	16	6	17	61	18	24	19	76	20	27	21	77	22	63	23	49	24	48	25	2	26	2	27	59	28	26	29	67
	0	78	1	36	2	31	3	64	4	62	5	89	6	48	7	91	8	97	9	59	10	86	11	21	12	23	13	22	14	50	15	58	16	66	17	83	18	43	19	87	20	69	21	16	22	16	23	36	24	94	25	42	26	90	27	97	28	31	29	44
	0	1	1	85	2	89	3	76	4	58	5	34	6	48	7	4	8	8	9	40	10	99	11	79	12	42	13	21	14	15	15	48	16	100	17	51	18	12	19	44	20	46	21	67	22	4	23	4	24	33	25	87	26	53	27	20	28	65	29	66
	0	75	1	13	2	34	3	86	4	53	5	79	6	97	7	56	8	61	9	69	10	100	11	67	12	6	13	77	14	85	15	31	16	40	17	64	18	28	19	96	20	1	21	34	22	90	23	15	24	82	25	43	26	86	27	12	28	40	29	14
	0	1	1	84	2	86	3	65	4	6	5	5	6	35	7	11	8	64	9	51	10	89	11	62	12	10	13	49	14	87	15	44	16	57	17	6	18	59	19	18	20	69	21	98	22	45	23	58	24	84	25	7	26	77	27	40	28	93	29	33
	0	48	1	25	2	7	3	36	4	88	5	50	6	54	7	66	8	47	9	63	10	9	11	3	12	40	13	67	14	35	15	1	16	9	17	49	18	86	19	13	20	7	21	12	22	13	23	51	24	3	25	47	26	67	27	84	28	83	29	2
	0	78	1	10	2	65	3	37	4	76	5	23	6	72	7	69	8	74	9	85	10	43	11	55	12	15	13	61	14	45	15	66	16	78	17	80	18	33	19	35	20	80	21	38	22	85	23	97	24	11	25	38	26	80	27	57	28	13	29	53
	0	14	1	38	2	73	3	41	4	75	5	6	6	84	7	62	8	3	9	75	10	17	11	62	12	27	13	33	14	95	15	36	16	52	17	45	18	51	19	77	20	15	21	23	22	31	23	76	24	66	25	78	26	69	27	32	28	23	29	73
	0	30	1	82	2	5	3	58	4	19	5	66	6	58	7	66	8	88	9	81	10	13	11	73	12	96	13	91	14	45	15	68	16	98	17	6	18	31	19	88	20	72	21	27	22	8	23	12	24	14	25	39	26	96	27	11	28	51	29	94
	0	29	1	4	2	55	3	6	4	11	5	75	6	63	7	62	8	89	9	29	10	30	11	23	12	5	13	20	14	79	15	53	16	89	17	59	18	4	19	10	20	72	21	85	22	68	23	1	24	59	25	74	26	87	27	53	28	86	29	2
	0	81	1	75	2	37	3	89	4	62	5	20	6	6	7	2	8	61	9	45	10	36	11	81	12	35	13	45	14	56	15	23	16	92	17	16	18	97	19	31	20	27	21	54	22	86	23	24	24	75	25	11	26	11	27	61	28	90	29	56
	0	23	1	9	2	39	3	14	4	31	5	90	6	54	7	88	8	87	9	54	10	77	11	72	12	67	13	87	14	8	15	20	16	7	17	41	18	19	19	41	20	52	21	36	22	14	23	6	24	4	25	97	26	34	27	5	28	1	29	99
	0	47	1	1	2	59	3	43	4	63	5	40	6	44	7	97	8	70	9	35	10	69	11	49	12	82	13	35	14	41	15	87	16	39	17	32	18	75	19	85	20	4	21	75	22	81	23	52	24	42	25	98	26	75	27	96	28	96	29	75
	0	63	1	92	2	62	3	58	4	20	5	66	6	48	7	71	8	49	9	26	10	79	11	51	12	89	13	4	14	56	15	70	16	13	17	97	18	2	19	81	20	44	21	18	22	45	23	56	24	59	25	84	26	25	27	28	28	73	29	15
	0	19	1	47	2	25	3	21	4	26	5	6	6	2	7	91	8	50	9	12	10	69	11	22	12	86	13	88	14	3	15	39	16	86	17	49	18	36	19	12	20	50	21	81	22	70	23	54	24	100	25	10	26	4	27	64	28	6	29	56
	0	87	1	50	2	69	3	88	4	11	5	42	6	9	7	42	8	69	9	83	10	79	11	60	12	70	13	53	14	26	15	66	16	87	17	77	18	66	19	84	20	56	21	1	22	22	23	59	24	78	25	59	26	86	27	52	28	80	29	49
	0	63	1	8	2	31	3	99	4	20	5	7	6	41	7	89	8	66	9	75	10	57	11	58	12	5	13	1	14	64	15	17	16	69	17	66	18	39	19	39	20	99	21	25	22	15	23	11	24	39	25	56	26	64	27	49	28	75	29	87
	0	96	1	24	2	6	3	71	4	37	5	60	6	54	7	47	8	28	9	72	10	34	11	29	12	73	13	84	14	56	15	6	16	8	17	35	18	15	19	35	20	77	21	52	22	95	23	63	24	49	25	66	26	4	27	29	28	95	29	94
	0	99	1	8	2	8	3	1	4	79	5	100	6	57	7	33	8	59	9	93	10	83	11	77	12	34	13	42	14	93	15	80	16	16	17	41	18	3	19	57	20	99	21	81	22	38	23	39	24	74	25	26	26	92	27	65	28	5	29	48
	0	6	1	13	2	46	3	97	4	15	5	16	6	58	7	11	8	63	9	20	10	33	11	68	12	11	13	67	14	67	15	65	16	64	17	19	18	28	19	56	20	99	21	60	22	90	23	80	24	79	25	31	26	60	27	83	28	70	29	84
	0	9	1	96	2	6	3	79	4	64	5	27	6	63	7	35	8	50	9	85	10	50	11	26	12	81	13	36	14	12	15	82	16	21	17	65	18	2	19	21	20	93	21	94	22	87	23	45	24	86	25	69	26	80	27	55	28	89	29	41
	0	8	1	77	2	70	3	71	4	70	5	15	6	57	7	57	8	42	9	47	10	99	11	68	12	31	13	54	14	16	15	98	16	82	17	38	18	63	19	21	20	95	21	62	22	70	23	83	24	7	25	42	26	20	27	51	28	39	29	42
	0	1	1	45	2	23	3	73	4	22	5	85	6	47	7	96	8	87	9	38	10	88	11	71	12	77	13	68	14	39	15	12	16	58	17	95	18	12	19	28	20	45	21	28	22	100	23	68	24	74	25	43	26	41	27	7	28	60	29	92
	0	76	1	26	2	46	3	82	4	30	5	77	6	83	7	64	8	54	9	48	10	75	11	8	12	84	13	50	14	92	15	60	16	29	17	8	18	36	19	6	20	88	21	21	22	1	23	93	24	46	25	15	26	81	27	83	28	19	29	21
	0	2	1	22	2	28	3	39	4	82	5	75	6	37	7	74	8	53	9	49	10	79	11	50	12	99	13	96	14	54	15	55	16	85	17	80	18	75	19	51	20	86	21	50	22	92	23	63	24	47	25	39	26	31	27	32	28	22	29	100
	0	15	1	94	2	79	3	36	4	57	5	18	6	73	7	88	8	48	9	20	10	16	11	93	12	81	13	31	14	95	15	17	16	71	17	82	18	28	19	31	20	71	21	53	22	53	23	85	24	1	25	77	26	84	27	2	28	24	29	1
	0	86	1	80	2	49	3	60	4	54	5	92	6	41	7	100	8	93	9	23	10	64	11	54	12	38	13	66	14	89	15	73	16	56	17	78	18	53	19	56	20	26	21	77	22	34	23	27	24	88	25	9	26	87	27	61	28	94	29	33
	0	63	1	52	2	22	3	98	4	85	5	82	6	25	7	13	8	82	9	23	10	23	11	22	12	78	13	86	14	68	15	48	16	2	17	8	18	33	19	73	20	62	21	27	22	18	23	48	24	98	25	88	26	50	27	56	28	19	29	91
	0	42	1	94	2	57	3	71	4	35	5	20	6	34	7	48	8	22	9	86	10	99	11	28	12	51	13	65	14	83	15	6	16	37	17	37	18	88	19	21	20	37	21	88	22	5	23	70	24	75	25	37	26	19	27	50	28	8	29	3
	0	58	1	20	2	77	3	66	4	86	5	91	6	88	7	99	8	50	9	74	10	7	11	60	12	34	13	55	14	74	15	72	16	62	17	78	18	61	19	43	20	89	21	48	22	35	23	95	24	36	25	91	26	2	27	3	28	74	29	32
	0	37	1	63	2	63	3	75	4	29	5	40	6	1	7	99	8	1	9	78	10	36	11	100	12	75	13	52	14	47	15	49	16	95	17	1	18	97	19	46	20	36	21	90	22	13	23	76	24	50	25	56	26	54	27	18	28	35	29	68
	0	57	1	53	2	19	3	89	4	88	5	63	6	13	7	23	8	20	9	34	10	55	11	88	12	37	13	95	14	55	15	38	16	21	17	55	18	27	19	51	20	64	21	27	22	43	23	17	24	41	25	44	26	67	27	23	28	1	29	8
	0	43	1	16	2	87	3	33	4	47	5	75	6	81	7	64	8	25	9	36	10	35	11	86	12	85	13	50	14	45	15	54	16	8	17	64	18	56	19	19	20	90	21	58	22	35	23	17	24	45	25	77	26	24	27	43	28	25	29	36
	0	68	1	44	2	30	3	98	4	100	5	96	6	18	7	51	8	87	9	39	10	44	11	13	12	7	13	95	14	87	15	73	16	95	17	97	18	28	19	35	20	76	21	89	22	11	23	98	24	77	25	87	26	88	27	36	28	82	29	14
	0	23	1	23	2	89	3	35	4	30	5	29	6	53	7	63	8	39	9	87	10	45	11	20	12	33	13	3	14	65	15	56	16	11	17	58	18	71	19	74	20	41	21	22	22	22	23	14	24	26	25	86	26	51	27	86	28	100	29	75
	0	7	1	53	2	18	3	5	4	43	5	18	6	12	7	85	8	23	9	62	10	24	11	93	12	90	13	20	14	37	15	68	16	13	17	11	18	69	19	91	20	100	21	57	22	8	23	60	24	58	25	47	26	78	27	76	28	15	29	38
	0	93	1	89	2	61	3	3	4	22	5	88	6	55	7	55	8	77	9	9	10	10	11	19	12	96	13	18	14	52	15	28	16	83	17	86	18	21	19	59	20	29	21	51	22	55	23	49	24	20	25	50	26	65	27	38	28	19	29	61
	0	22	1	45	2	60	3	87	4	75	5	62	6	8	7	68	8	97	9	36	10	58	11	7	12	30	13	63	14	85	15	49	16	57	17	6	18	83	19	48	20	32	21	45	22	15	23	2	24	52	25	76	26	2	27	52	28	49	29	44
	0	6	1	73	2	20	3	84	4	81	5	92	6	51	7	79	8	6	9	32	10	82	11	76	12	21	13	49	14	23	15	22	16	29	17	12	18	25	19	98	20	29	21	58	22	58	23	70	24	12	25	100	26	57	27	93	28	12	29	96
	0	31	1	19	2	8	3	83	4	52	5	11	6	13	7	40	8	62	9	53	10	3	11	54	12	73	13	18	14	67	15	70	16	47	17	30	18	73	19	75	20	72	21	20	22	98	23	35	24	81	25	84	26	61	27	90	28	77	29	80
	0	42	1	72	2	57	3	21	4	98	5	1	6	58	7	55	8	100	9	83	10	51	11	36	12	45	13	98	14	76	15	31	16	27	17	68	18	82	19	20	20	70	21	40	22	10	23	67	24	50	25	13	26	55	27	89	28	61	29	4
	0	66	1	45	2	14	3	36	4	91	5	10	6	59	7	78	8	70	9	25	10	67	11	86	12	31	13	30	14	33	15	16	16	42	17	10	18	67	19	5	20	26	21	25	22	83	23	53	24	45	25	10	26	26	27	39	28	2	29	40
	0	69	1	65	2	23	3	21	4	86	5	6	6	16	7	45	8	81	9	100	10	19	11	5	12	23	13	28	14	85	15	92	16	30	17	51	18	68	19	77	20	83	21	8	22	100	23	83	24	79	25	95	26	79	27	96	28	50	29	74
	0	17	1	42	2	100	3	85	4	94	5	69	6	46	7	67	8	39	9	88	10	62	11	96	12	29	13	56	14	59	15	2	16	68	17	26	18	54	19	34	20	97	21	81	22	7	23	68	24	43	25	31	26	37	27	90	28	10	29	49
	0	31	1	92	2	63	3	51	4	26	5	64	6	68	7	76	8	16	9	66	10	84	11	4	12	7	13	33	14	20	15	15	16	48	17	16	18	2	19	91	20	81	21	84	22	16	23	96	24	3	25	38	26	17	27	9	28	40	29	97
	0	31	1	70	2	59	3	85	4	75	5	77	6	78	7	90	8	80	9	54	10	51	11	15	12	97	13	57	14	32	15	15	16	8	17	96	18	48	19	91	20	83	21	95	22	46	23	10	24	57	25	26	26	66	27	37	28	1	29	58
	0	81	1	18	2	28	3	36	4	7	5	54	6	57	7	79	8	45	9	44	10	11	11	45	12	39	13	89	14	44	15	15	16	56	17	87	18	2	19	88	20	99	21	63	22	75	23	1	24	40	25	12	26	99	27	98	28	25	29	49
	0	97	1	20	2	61	3	91	4	86	5	100	6	31	7	18	8	84	9	70	10	71	11	93	12	87	13	15	14	1	15	28	16	10	17	45	18	9	19	33	20	9	21	60	22	21	23	80	24	14	25	20	26	15	27	75	28	66	29	66
	0	42	1	20	2	27	3	39	4	87	5	94	6	83	7	93	8	69	9	8	10	1	11	12	12	61	13	93	14	78	15	56	16	89	17	36	18	3	19	18	20	28	21	76	22	30	23	55	24	22	25	7	26	3	27	17	28	77	29	76
	0	26	1	13	2	13	3	60	4	31	5	62	6	76	7	45	8	93	9	22	10	44	11	69	12	23	13	20	14	77	15	90	16	1	17	89	18	89	19	81	20	50	21	5	22	58	23	77	24	61	25	92	26	88	27	20	28	20	29	7
	0	92	1	81	2	94	3	47	4	63	5	45	6	71	7	34	8	51	9	100	10	85	11	70	12	60	13	62	14	36	15	61	16	38	17	19	18	18	19	59	20	21	21	95	22	96	23	79	24	52	25	38	26	95	27	69	28	91	29	13
	0	10	1	57	2	83	3	44	4	28	5	1	6	55	7	14	8	31	9	6	10	44	11	54	12	23	13	98	14	4	15	59	16	97	17	53	18	21	19	5	20	36	21	41	22	36	23	72	24	10	25	15	26	69	27	98	28	18	29	59
	0	84	1	90	2	90	3	86	4	33	5	8	6	33	7	37	8	80	9	69	10	12	11	28	12	94	13	43	14	67	15	40	16	46	17	49	18	32	19	65	20	62	21	59	22	7	23	32	24	18	25	75	26	80	27	88	28	80	29	36
	0	13	1	11	2	4	3	72	4	45	5	65	6	79	7	6	8	61	9	43	10	65	11	78	12	38	13	51	14	49	15	38	16	73	17	12	18	39	19	34	20	38	21	18	22	53	23	84	24	30	25	60	26	86	27	27	28	13	29	78
	0	59	1	70	2	58	3	52	4	69	5	92	6	33	7	14	8	18	9	59	10	5	11	33	12	68	13	72	14	51	15	29	16	64	17	54	18	91	19	1	20	19	21	29	22	80	23	86	24	45	25	71	26	46	27	76	28	89	29	15
	0	38	1	61	2	90	3	58	4	26	5	84	6	83	7	98	8	80	9	8	10	5	11	78	12	6	13	48	14	82	15	46	16	16	17	17	18	100	19	41	20	66	21	75	22	3	23	65	24	98	25	91	26	46	27	100	28	45	29	59
	0	9	1	92	2	3	3	21	4	65	5	96	6	84	7	88	8	30	9	52	10	85	11	72	12	53	13	63	14	51	15	55	16	29	17	59	18	15	19	72	20	30	21	91	22	40	23	76	24	95	25	85	26	98	27	11	28	24	29	41
	0	60	1	16	2	64	3	75	4	78	5	39	6	85	7	18	8	98	9	20	10	78	11	31	12	16	13	82	14	32	15	2	16	71	17	48	18	68	19	35	20	53	21	52	22	31	23	33	24	49	25	24	26	77	27	47	28	59	29	71
	0	1	1	52	2	69	3	79	4	1	5	44	6	52	7	99	8	55	9	100	10	26	11	11	12	76	13	24	14	10	15	66	16	70	17	74	18	42	19	48	20	89	21	61	22	55	23	16	24	90	25	36	26	24	27	14	28	16	29	25
	0	29	1	52	2	61	3	79	4	98	5	6	6	1	7	43	8	34	9	86	10	92	11	54	12	22	13	71	14	60	15	35	16	75	17	4	18	52	19	45	20	86	21	1	22	14	23	89	24	66	25	27	26	1	27	8	28	94	29	19
	0	63	1	3	2	25	3	83	4	43	5	60	6	16	7	82	8	80	9	81	10	55	11	88	12	18	13	33	14	35	15	87	16	44	17	83	18	91	19	28	20	23	21	71	22	71	23	82	24	99	25	33	26	50	27	46	28	66	29	95
	0	79	1	88	2	50	3	82	4	39	5	47	6	44	7	21	8	37	9	20	10	84	11	30	12	64	13	94	14	64	15	29	16	12	17	19	18	27	19	1	20	7	21	19	22	84	23	97	24	9	25	90	26	32	27	74	28	92	29	39
	0	94	1	85	2	98	3	47	4	91	5	77	6	27	7	77	8	20	9	74	10	22	11	58	12	92	13	27	14	32	15	93	16	68	17	71	18	92	19	7	20	92	21	33	22	42	23	12	24	94	25	57	26	58	27	52	28	34	29	55
	0	99	1	71	2	2	3	1	4	63	5	97	6	87	7	16	8	21	9	59	10	84	11	25	12	76	13	61	14	18	15	73	16	50	17	78	18	78	19	31	20	10	21	67	22	4	23	42	24	85	25	94	26	70	27	75	28	21	29	22
	0	61	1	84	2	96	3	9	4	17	5	8	6	83	7	17	8	16	9	41	10	19	11	29	12	7	13	66	14	50	15	20	16	7	17	31	18	29	19	41	20	47	21	15	22	98	23	89	24	8	25	1	26	97	27	2	28	88	29	62
	0	47	1	79	2	97	3	33	4	31	5	24	6	72	7	10	8	61	9	63	10	44	11	10	12	93	13	75	14	18	15	78	16	41	17	55	18	37	19	32	20	100	21	78	22	38	23	73	24	82	25	44	26	36	27	99	28	8	29	24
	0	80	1	20	2	28	3	30	4	64	5	38	6	68	7	85	8	6	9	48	10	97	11	66	12	16	13	92	14	82	15	37	16	4	17	32	18	89	19	9	20	19	21	68	22	17	23	85	24	20	25	90	26	84	27	76	28	1	29	39
	0	18	1	2	2	36	3	39	4	6	5	8	6	13	7	97	8	97	9	65	10	70	11	4	12	84	13	35	14	63	15	72	16	97	17	6	18	8	19	89	20	82	21	53	22	97	23	96	24	49	25	60	26	70	27	93	28	19	29	7
	0	98	1	37	2	99	3	27	4	5	5	98	6	63	7	72	8	30	9	77	10	22	11	38	12	20	13	99	14	11	15	54	16	96	17	49	18	20	19	26	20	35	21	96	22	51	23	86	24	48	25	37	26	91	27	3	28	75	29	47
	0	1	1	34	2	7	3	24	4	92	5	44	6	94	7	67	8	29	9	9	10	33	11	3	12	73	13	80	14	19	15	91	16	65	17	86	18	11	19	35	20	1	21	91	22	42	23	93	24	75	25	33	26	81	27	75	28	54	29	14
	0	28	1	56	2	36	3	33	4	88	5	45	6	8	7	47	8	66	9	2	10	81	11	30	12	72	13	69	14	98	15	66	16	41	17	80	18	24	19	69	20	85	21	58	22	63	23	48	24	49	25	6	26	75	27	43	28	39	29	61
	0	72	1	98	2	30	3	62	4	28	5	55	6	86	7	59	8	29	9	84	10	42	11	49	12	37	13	76	14	33	15	31	16	63	17	75	18	65	19	2	20	64	21	16	22	79	23	59	24	97	25	93	26	31	27	51	28	19	29	95
	0	96	1	6	2	98	3	57	4	89	5	48	6	75	7	28	8	28	9	39	10	8	11	52	12	4	13	46	14	63	15	13	16	30	17	8	18	59	19	89	20	80	21	35	22	56	23	19	24	37	25	92	26	66	27	76	28	22	29	33
	0	21	1	92	2	62	3	90	4	5	5	98	6	23	7	35	8	69	9	57	10	24	11	71	12	66	13	3	14	87	15	16	16	72	17	32	18	14	19	85	20	93	21	88	22	80	23	94	24	66	25	46	26	85	27	27	28	3	29	97
	0	12	1	47	2	40	3	65	4	75	5	51	6	89	7	28	8	56	9	83	10	1	11	22	12	66	13	56	14	97	15	37	16	88	17	73	18	18	19	52	20	67	21	11	22	94	23	55	24	69	25	34	26	55	27	41	28	32	29	46
	0	10	1	10	2	52	3	76	4	80	5	72	6	11	7	97	8	62	9	57	10	20	11	92	12	53	13	81	14	31	15	11	16	64	17	8	18	59	19	19	20	4	21	20	22	3	23	98	24	14	25	75	26	59	27	49	28	81	29	26
	0	69	1	46	2	61	3	18	4	48	5	92	6	89	7	96	8	75	9	97	10	60	11	94	12	56	13	99	14	5	15	68	16	76	17	64	18	100	19	19	20	11	21	48	22	76	23	6	24	70	25	21	26	20	27	35	28	68	29	72
	0	94	1	97	2	72	3	40	4	99	5	76	6	65	7	56	8	62	9	48	10	7	11	83	12	37	13	51	14	11	15	83	16	32	17	95	18	42	19	58	20	10	21	29	22	14	23	39	24	26	25	10	26	50	27	23	28	3	29	22
	0	24	1	74	2	43	3	29	4	99	5	52	6	38	7	91	8	25	9	20	10	40	11	64	12	79	13	54	14	70	15	44	16	42	17	60	18	4	19	47	20	55	21	51	22	66	23	43	24	93	25	63	26	93	27	58	28	55	29	7
	0	74	1	26	2	61	3	68	4	69	5	71	6	89	7	21	8	63	9	23	10	9	11	22	12	7	13	8	14	94	15	71	16	52	17	85	18	12	19	85	20	85	21	90	22	19	23	13	24	13	25	22	26	32	27	79	28	59	29	99
	0	32	1	42	2	63	3	38	4	22	5	2	6	12	7	52	8	66	9	2	10	28	11	80	12	55	13	92	14	94	15	71	16	92	17	60	18	1	19	94	20	92	21	53	22	38	23	63	24	25	25	31	26	67	27	77	28	75	29	35
	0	52	1	14	2	59	3	60	4	21	5	50	6	57	7	65	8	3	9	75	10	36	11	60	12	58	13	26	14	59	15	46	16	77	17	67	18	43	19	10	20	52	21	87	22	61	23	98	24	16	25	84	26	46	27	4	28	12	29	70
	0	20	1	68	2	45	3	7	4	49	5	59	6	19	7	57	8	24	9	88	10	72	11	21	12	87	13	79	14	47	15	73	16	76	17	92	18	77	19	42	20	49	21	76	22	62	23	84	24	8	25	92	26	73	27	46	28	36	29	46
	0	3	1	15	2	26	3	4	4	58	5	8	6	46	7	99	8	50	9	54	10	89	11	35	12	43	13	45	14	91	15	53	16	62	17	85	18	16	19	26	20	59	21	63	22	47	23	75	24	7	25	8	26	25	27	48	28	53	29	19
	0	34	1	83	2	67	3	77	4	8	5	59	6	54	7	77	8	28	9	5	10	25	11	39	12	26	13	14	14	34	15	82	16	3	17	93	18	39	19	80	20	49	21	31	22	37	23	29	24	6	25	89	26	85	27	81	28	17	29	15
	0	99	1	50	2	61	3	59	4	98	5	75	6	39	7	37	8	44	9	98	10	5	11	67	12	77	13	10	14	16	15	71	16	61	17	41	18	60	19	21	20	82	21	25	22	2	23	83	24	67	25	61	26	27	27	64	28	14	29	28
	0	94	1	85	2	49	3	62	4	19	5	27	6	64	7	76	8	51	9	32	10	81	11	82	12	20	13	36	14	57	15	67	16	49	17	89	18	32	19	9	20	82	21	76	22	69	23	40	24	61	25	44	26	52	27	9	28	46	29	11
	0	30	1	75	2	74	3	85	4	34	5	55	6	96	7	60	8	100	9	1	10	33	11	26	12	65	13	66	14	49	15	31	16	39	17	13	18	23	19	92	20	54	21	49	22	72	23	10	24	47	25	96	26	68	27	67	28	39	29	48
	0	28	1	2	2	92	3	49	4	82	5	85	6	83	7	5	8	60	9	39	10	14	11	21	12	32	13	90	14	43	15	15	16	1	17	32	18	16	19	52	20	41	21	43	22	26	23	100	24	15	25	88	26	32	27	16	28	25	29	91
	0	21	1	83	2	75	3	77	4	78	5	81	6	54	7	91	8	18	9	65	10	65	11	64	12	83	13	61	14	51	15	85	16	4	17	20	18	17	19	85	20	2	21	87	22	17	23	43	24	44	25	80	26	80	27	90	28	12	29	73
	0	89	1	48	2	36	3	40	4	19	5	38	6	87	7	100	8	31	9	49	10	58	11	65	12	44	13	46	14	54	15	96	16	55	17	62	18	85	19	98	20	71	21	98	22	30	23	26	24	72	25	34	26	99	27	80	28	18	29	11
	0	45	1	94	2	77	3	57	4	69	5	77	6	26	7	50	8	38	9	40	10	62	11	45	12	16	13	11	14	16	15	11	16	45	17	51	18	62	19	58	20	67	21	92	22	72	23	46	24	55	25	78	26	34	27	94	28	79	29	70
	0	64	1	58	2	57	3	56	4	63	5	26	6	47	7	76	8	95	9	45	10	71	11	33	12	4	13	2	14	2	15	85	16	80	17	99	18	45	19	4	20	51	21	2	22	77	23	74	24	58	25	65	26	50	27	51	28	39	29	43
	0	63	1	95	2	34	3	54	4	49	5	87	6	79	7	52	8	46	9	44	10	58	11	17	12	44	13	17	14	23	15	85	16	20	17	46	18	21	19	65	20	11	21	87	22	57	23	10	24	86	25	41	26	2	27	57	28	12	29	57
	0	31	1	39	2	30	3	79	4	29	5	35	6	88	7	69	8	16	9	22	10	85	11	18	12	77	13	24	14	38	15	27	16	92	17	96	18	70	19	30	20	5	21	77	22	73	23	79	24	76	25	89	26	11	27	16	28	11	29	87
	0	54	1	9	2	63	3	78	4	52	5	20	6	29	7	51	8	13	9	33	10	19	11	11	12	29	13	59	14	51	15	88	16	53	17	3	18	92	19	76	20	46	21	50	22	80	23	17	24	29	25	13	26	57	27	32	28	16	29	49
	0	23	1	86	2	12	3	21	4	93	5	97	6	95	7	94	8	2	9	67	10	33	11	63	12	96	13	84	14	87	15	56	16	8	17	97	18	9	19	84	20	11	21	5	22	38	23	94	24	78	25	81	26	49	27	75	28	10	29	26
	0	8	1	17	2	8	3	46	4	42	5	10	6	91	7	70	8	24	9	53	10	95	11	61	12	29	13	93	14	9	15	94	16	17	17	25	18	13	19	2	20	48	21	13	22	46	23	4	24	34	25	28	26	14	27	80	28	73	29	100
	0	3	1	42	2	40	3	24	4	71	5	26	6	20	7	93	8	29	9	12	10	97	11	26	12	39	13	25	14	49	15	12	16	79	17	84	18	17	19	5	20	59	21	15	22	30	23	32	24	100	25	31	26	12	27	94	28	86	29	39
	0	10	1	74	2	60	3	42	4	11	5	98	6	49	7	47	8	43	9	89	10	93	11	77	12	66	13	17	14	48	15	66	16	14	17	56	18	84	19	86	20	35	21	66	22	76	23	18	24	38	25	88	26	87	27	84	28	50	29	10
	0	72	1	95	2	41	3	39	4	65	5	79	6	65	7	98	8	11	9	94	10	26	11	18	12	73	13	55	14	81	15	9	16	19	17	4	18	14	19	16	20	63	21	20	22	62	23	3	24	25	25	52	26	72	27	26	28	25	29	100
	0	19	1	71	2	37	3	2	4	17	5	83	6	57	7	92	8	90	9	5	10	60	11	19	12	7	13	4	14	67	15	79	16	86	17	61	18	31	19	75	20	11	21	33	22	9	23	97	24	34	25	36	26	99	27	24	28	55	29	93
	0	43	1	53	2	86	3	49	4	27	5	27	6	58	7	49	8	35	9	10	10	21	11	29	12	31	13	35	14	43	15	70	16	83	17	20	18	21	19	6	20	46	21	27	22	35	23	100	24	74	25	15	26	34	27	14	28	25	29	5
	0	29	1	41	2	75	3	61	4	13	5	93	6	69	7	49	8	55	9	32	10	55	11	53	12	37	13	7	14	92	15	19	16	12	17	41	18	34	19	86	20	20	21	57	22	9	23	22	24	87	25	62	26	68	27	63	28	89	29	10
	0	62	1	31	2	58	3	20	4	66	5	75	6	57	7	26	8	76	9	65	10	71	11	75	12	32	13	27	14	65	15	100	16	45	17	15	18	12	19	44	20	43	21	25	22	13	23	2	24	49	25	38	26	40	27	15	28	60	29	17
	0	72	1	26	2	4	3	1	4	23	5	82	6	66	7	90	8	71	9	51	10	42	11	82	12	37	13	77	14	36	15	30	16	73	17	99	18	22	19	27	20	60	21	7	22	40	23	27	24	27	25	5	26	75	27	65	28	36	29	6
	0	76	1	43	2	1	3	90	4	74	5	77	6	29	7	83	8	35	9	38	10	4	11	46	12	43	13	24	14	56	15	85	16	99	17	47	18	79	19	19	20	91	21	27	22	95	23	62	24	62	25	16	26	80	27	7	28	82	29	8
	0	86	1	34	2	97	3	96	4	39	5	55	6	32	7	87	8	99	9	77	10	39	11	89	12	99	13	64	14	40	15	27	16	99	17	100	18	6	19	52	20	42	21	3	22	51	23	48	24	77	25	38	26	56	27	60	28	91	29	27
	0	45	1	88	2	73	3	51	4	67	5	22	6	94	7	2	8	67	9	22	10	78	11	23	12	52	13	54	14	94	15	37	16	75	17	43	18	10	19	73	20	4	21	9	22	69	23	19	24	33	25	89	26	84	27	71	28	75	29	62
	0	69	1	58	2	25	3	35	4	51	5	59	6	84	7	53	8	22	9	39	10	4	11	38	12	28	13	79	14	57	15	83	16	23	17	72	18	75	19	37	20	1	21	7	22	95	23	72	24	12	25	62	26	4	27	12	28	15	29	93
	0	80	1	67	2	22	3	72	4	62	5	98	6	43	7	11	8	5	9	11	10	20	11	98	12	98	13	54	14	36	15	5	16	44	17	63	18	16	19	54	20	46	21	88	22	57	23	56	24	40	25	81	26	67	27	56	28	60	29	45
	0	91	1	43	2	39	3	58	4	52	5	16	6	81	7	39	8	42	9	13	10	46	11	8	12	33	13	41	14	39	15	53	16	6	17	65	18	11	19	22	20	97	21	44	22	81	23	89	24	31	25	28	26	59	27	69	28	77	29	48
	0	32	1	76	2	52	3	56	4	31	5	55	6	56	7	13	8	91	9	31	10	12	11	22	12	77	13	44	14	52	15	55	16	50	17	83	18	63	19	21	20	64	21	27	22	87	23	78	24	53	25	48	26	46	27	80	28	27	29	55
	0	29	1	14	2	85	3	61	4	57	5	74	6	40	7	22	8	26	9	65	10	81	11	65	12	87	13	47	14	31	15	9	16	12	17	52	18	83	19	56	20	52	21	39	22	17	23	83	24	1	25	70	26	20	27	86	28	98	29	21
	0	78	1	47	2	57	3	56	4	13	5	19	6	88	7	37	8	57	9	56	10	51	11	49	12	24	13	44	14	72	15	47	16	94	17	82	18	93	19	73	20	29	21	47	22	41	23	85	24	91	25	34	26	48	27	12	28	20	29	38
	0	51	1	12	2	6	3	45	4	38	5	1	6	46	7	31	8	45	9	87	10	85	11	99	12	14	13	18	14	77	15	85	16	42	17	35	18	14	19	30	20	20	21	84	22	6	23	96	24	13	25	28	26	14	27	66	28	36	29	69
	0	76	1	55	2	40	3	66	4	60	5	35	6	95	7	5	8	46	9	46	10	51	11	69	12	30	13	27	14	92	15	3	16	78	17	20	18	42	19	74	20	94	21	9	22	66	23	79	24	68	25	7	26	78	27	38	28	25	29	99
	0	65	1	86	2	94	3	98	4	70	5	46	6	47	7	94	8	99	9	49	10	7	11	73	12	46	13	28	14	9	15	59	16	61	17	10	18	50	19	95	20	87	21	78	22	96	23	67	24	46	25	77	26	1	27	48	28	60	29	87
	0	68	1	96	2	32	3	82	4	61	5	47	6	18	7	69	8	33	9	86	10	62	11	41	12	58	13	89	14	93	15	12	16	45	17	50	18	90	19	22	20	96	21	68	22	64	23	15	24	38	25	36	26	22	27	25	28	25	29	50
	0	7	1	46	2	96	3	58	4	29	5	55	6	48	7	92	8	28	9	2	10	42	11	67	12	44	13	15	14	58	15	30	16	73	17	69	18	70	19	96	20	42	21	1	22	3	23	15	24	28	25	1	26	99	27	43	28	2	29	95
	0	90	1	10	2	87	3	92	4	69	5	25	6	42	7	77	8	9	9	40	10	17	11	62	12	55	13	80	14	49	15	34	16	100	17	1	18	90	19	50	20	23	21	31	22	78	23	82	24	42	25	23	26	5	27	7	28	14	29	98
	0	37	1	87	2	81	3	88	4	87	5	99	6	56	7	75	8	55	9	98	10	80	11	11	12	72	13	21	14	11	15	57	16	29	17	84	18	10	19	69	20	66	21	7	22	53	23	29	24	53	25	78	26	66	27	92	28	92	29	53
	0	75	1	5	2	25	3	26	4	16	5	7	6	16	7	47	8	32	9	27	10	45	11	44	12	81	13	37	14	50	15	1	16	6	17	20	18	78	19	80	20	48	21	65	22	45	23	93	24	12	25	3	26	16	27	79	28	10	29	41
	0	57	1	12	2	34	3	55	4	10	5	66	6	45	7	56	8	1	9	13	10	82	11	38	12	84	13	20	14	14	15	68	16	77	17	74	18	95	19	80	20	37	21	62	22	4	23	84	24	89	25	63	26	66	27	4	28	15	29	52
	0	93	1	98	2	37	3	9	4	98	5	27	6	80	7	86	8	50	9	87	10	91	11	79	12	97	13	5	14	43	15	3	16	63	17	65	18	52	19	66	20	91	21	35	22	91	23	98	24	3	25	85	26	84	27	74	28	83	29	23
	0	90	1	38	2	16	3	7	4	39	5	18	6	34	7	91	8	68	9	90	10	47	11	17	12	56	13	28	14	76	15	61	16	84	17	50	18	96	19	4	20	41	21	54	22	64	23	76	24	73	25	82	26	2	27	91	28	32	29	84
	0	43	1	89	2	77	3	57	4	63	5	26	6	42	7	69	8	66	9	6	10	53	11	12	12	86	13	25	14	85	15	43	16	29	17	82	18	65	19	94	20	64	21	75	22	84	23	64	24	41	25	79	26	58	27	34	28	91	29	91
	0	59	1	53	2	31	3	72	4	8	5	6	6	1	7	29	8	93	9	38	10	76	11	18	12	60	13	9	14	47	15	57	16	86	17	10	18	68	19	82	20	43	21	44	22	1	23	83	24	89	25	79	26	10	27	12	28	69	29	1
	0	93	1	35	2	8	3	43	4	43	5	79	6	10	7	56	8	80	9	100	10	11	11	58	12	4	13	64	14	57	15	68	16	44	17	21	18	91	19	15	20	18	21	11	22	66	23	85	24	21	25	46	26	33	27	27	28	13	29	31
	0	73	1	58	2	63	3	39	4	47	5	15	6	79	7	57	8	5	9	57	10	33	11	40	12	85	13	9	14	48	15	69	16	61	17	100	18	26	19	88	20	50	21	49	22	9	23	63	24	79	25	80	26	25	27	96	28	68	29	93
	0	52	1	80	2	82	3	3	4	91	5	83	6	58	7	35	8	50	9	93	10	11	11	34	12	74	13	64	14	75	15	26	16	63	17	49	18	31	19	44	20	70	21	97	22	32	23	100	24	79	25	67	26	22	27	68	28	94	29	79
	0	11	1	10	2	87	3	93	4	55	5	65	6	96	7	10	8	49	9	68	10	73	11	11	12	42	13	90	14	3	15	100	16	9	17	93	18	62	19	6	20	73	21	65	22	91	23	47	24	29	25	60	26	76	27	93	28	32	29	64
	0	93	1	56	2	52	3	65	4	33	5	95	6	94	7	96	8	34	9	27	10	46	11	83	12	73	13	75	14	4	15	2	16	99	17	90	18	89	19	48	20	16	21	33	22	37	23	54	24	33	25	3	26	52	27	24	28	54	29	50
	0	38	1	59	2	68	3	2	4	53	5	94	6	68	7	96	8	47	9	76	10	90	11	8	12	94	13	48	14	84	15	90	16	2	17	27	18	27	19	92	20	83	21	78	22	55	23	12	24	19	25	29	26	74	27	95	28	32	29	86
	0	74	1	86	2	68	3	24	4	51	5	4	6	41	7	88	8	22	9	99	10	10	11	11	12	85	13	86	14	60	15	33	16	46	17	96	18	34	19	95	20	33	21	74	22	32	23	23	24	64	25	14	26	62	27	36	28	27	29	14
	0	22	1	41	2	6	3	86	4	42	5	2	6	54	7	67	8	20	9	86	10	87	11	94	12	20	13	35	14	72	15	64	16	32	17	12	18	8	19	76	20	95	21	17	22	48	23	23	24	48	25	75	26	88	27	99	28	51	29	45
	0	34	1	18	2	93	3	90	4	28	5	78	6	78	7	16	8	73	9	5	10	58	11	81	12	12	13	59	14	63	15	7	16	35	17	3	18	16	19	57	20	27	21	49	22	74	23	75	24	82	25	37	26	10	27	77	28	29	29	15
	0	20	1	55	2	72	3	28	4	37	5	30	6	26	7	27	8	87	9	63	10	87	11	50	12	99	13	17	14	1	15	64	16	67	17	13	18	92	19	33	20	40	21	45	22	68	23	76	24	56	25	33	26	31	27	28	28	72	29	24
	0	48	1	1	2	44	3	89	4	52	5	29	6	69	7	63	8	92	9	35	10	78	11	19	12	57	13	48	14	52	15	88	16	20	17	65	18	8	19	66	20	95	21	45	22	52	23	53	24	1	25	55	26	22	27	27	28	74	29	24
	0	53	1	60	2	63	3	83	4	48	5	99	6	15	7	70	8	19	9	92	10	29	11	46	12	52	13	34	14	28	15	55	16	100	17	42	18	90	19	10	20	7	21	5	22	27	23	96	24	20	25	58	26	8	27	22	28	45	29	74
	0	70	1	65	2	47	3	85	4	49	5	78	6	98	7	62	8	36	9	64	10	43	11	21	12	44	13	43	14	8	15	37	16	26	17	47	18	96	19	78	20	91	21	34	22	28	23	97	24	4	25	6	26	33	27	41	28	77	29	56
	0	98	1	63	2	63	3	7	4	16	5	46	6	39	7	91	8	9	9	82	10	23	11	88	12	13	13	56	14	55	15	46	16	40	17	32	18	61	19	9	20	61	21	44	22	59	23	62	24	83	25	32	26	77	27	58	28	100	29	83
	0	2	1	72	2	47	3	62	4	80	5	18	6	92	7	46	8	26	9	15	10	39	11	91	12	17	13	85	14	24	15	5	16	86	17	16	18	36	19	1	20	27	21	43	22	89	23	43	24	92	25	8	26	29	27	31	28	27	29	2
	0	49	1	68	2	87	3	24	4	52	5	17	6	29	7	82	8	78	9	36	10	58	11	35	12	91	13	44	14	92	15	58	16	90	17	76	18	69	19	52	20	80	21	100	22	99	23	64	24	43	25	28	26	40	27	74	28	66	29	38
	0	69	1	50	2	31	3	81	4	44	5	6	6	70	7	48	8	3	9	95	10	48	11	20	12	42	13	23	14	16	15	27	16	54	17	77	18	45	19	80	20	45	21	92	22	51	23	64	24	34	25	1	26	56	27	3	28	16	29	52
	0	42	1	26	2	51	3	78	4	14	5	7	6	92	7	52	8	54	9	51	10	76	11	69	12	45	13	53	14	42	15	40	16	7	17	48	18	42	19	77	20	44	21	28	22	62	23	14	24	25	25	4	26	75	27	97	28	31	29	25
	0	88	1	23	2	49	3	94	4	54	5	27	6	89	7	35	8	57	9	32	10	50	11	2	12	6	13	30	14	83	15	44	16	83	17	36	18	5	19	46	20	29	21	54	22	63	23	36	24	75	25	34	26	70	27	7	28	45	29	9
	0	44	1	1	2	83	3	58	4	25	5	66	6	91	7	1	8	66	9	54	10	75	11	59	12	1	13	51	14	33	15	15	16	47	17	49	18	43	19	52	20	95	21	84	22	18	23	70	24	97	25	17	26	48	27	8	28	53	29	37
	0	51	1	10	2	37	3	92	4	85	5	15	6	52	7	95	8	8	9	69	10	77	11	55	12	87	13	82	14	46	15	25	16	81	17	80	18	90	19	80	20	62	21	15	22	6	23	51	24	48	25	51	26	63	27	89	28	53	29	31
	0	34	1	34	2	82	3	84	4	27	5	7	6	35	7	42	8	58	9	58	10	84	11	63	12	71	13	30	14	45	15	91	16	17	17	28	18	55	19	91	20	38	21	98	22	35	23	44	24	16	25	65	26	89	27	86	28	95	29	70
	0	68	1	35	2	68	3	15	4	11	5	31	6	97	7	9	8	34	9	77	10	17	11	61	12	32	13	81	14	21	15	75	16	5	17	13	18	44	19	39	20	44	21	30	22	85	23	17	24	16	25	45	26	45	27	68	28	45	29	30
	0	51	1	80	2	81	3	95	4	7	5	74	6	94	7	64	8	4	9	13	10	41	11	45	12	48	13	34	14	95	15	83	16	18	17	83	18	35	19	16	20	48	21	17	22	20	23	93	24	98	25	100	26	17	27	13	28	60	29	30
	0	51	1	100	2	7	3	40	4	87	5	21	6	98	7	81	8	67	9	11	10	73	11	83	12	69	13	63	14	15	15	37	16	52	17	94	18	74	19	54	20	8	21	7	22	51	23	93	24	37	25	89	26	12	27	65	28	7	29	34
	0	72	1	47	2	76	3	78	4	61	5	74	6	88	7	65	8	83	9	83	10	53	11	15	12	99	13	38	14	93	15	35	16	28	17	53	18	12	19	4	20	21	21	85	22	5	23	30	24	67	25	79	26	32	27	41	28	33	29	80
	0	13	1	82	2	39	3	43	4	23	5	10	6	30	7	5	8	95	9	17	10	98	11	2	12	54	13	29	14	50	15	46	16	44	17	53	18	40	19	94	20	19	21	64	22	12	23	77	24	17	25	70	26	5	27	60	28	26	29	89
	0	38	1	63	2	21	3	20	4	62	5	67	6	25	7	6	8	52	9	61	10	26	11	4	12	75	13	39	14	57	15	25	16	61	17	26	18	10	19	1	20	52	21	97	22	48	23	93	24	20	25	32	26	39	27	51	28	70	29	100
	0	22	1	82	2	73	3	87	4	73	5	99	6	90	7	94	8	50	9	40	10	85	11	69	12	7	13	97	14	44	15	70	16	32	17	86	18	40	19	52	20	39	21	50	22	9	23	27	24	9	25	70	26	37	27	53	28	78	29	34
	0	63	1	38	2	4	3	89	4	56	5	74	6	71	7	61	8	15	9	27	10	97	11	51	12	6	13	58	14	72	15	1	16	26	17	48	18	30	19	11	20	63	21	46	22	36	23	61	24	3	25	74	26	43	27	43	28	78	29	45
	0	46	1	23	2	80	3	91	4	43	5	87	6	72	7	97	8	72	9	36	10	77	11	95	12	1	13	41	14	15	15	58	16	63	17	63	18	40	19	2	20	87	21	10	22	79	23	84	24	62	25	83	26	68	27	56	28	24	29	19
	0	76	1	16	2	63	3	58	4	11	5	51	6	87	7	72	8	82	9	83	10	94	11	44	12	57	13	54	14	27	15	75	16	31	17	4	18	29	19	68	20	1	21	38	22	19	23	11	24	4	25	91	26	38	27	55	28	87	29	16
	0	59	1	72	2	86	3	72	4	58	5	17	6	43	7	87	8	73	9	52	10	11	11	10	12	10	13	91	14	87	15	87	16	72	17	85	18	94	19	28	20	28	21	40	22	16	23	40	24	28	25	53	26	28	27	47	28	42	29	6
	0	86	1	26	2	89	3	40	4	81	5	25	6	68	7	21	8	58	9	47	10	17	11	48	12	59	13	5	14	52	15	77	16	38	17	1	18	70	19	64	20	61	21	65	22	26	23	43	24	91	25	65	26	97	27	90	28	8	29	80
	0	10	1	51	2	37	3	82	4	85	5	24	6	57	7	85	8	36	9	27	10	33	11	51	12	19	13	97	14	94	15	50	16	9	17	86	18	33	19	32	20	83	21	71	22	15	23	54	24	94	25	79	26	24	27	51	28	93	29	91
	0	74	1	72	2	35	3	97	4	56	5	7	6	55	7	89	8	28	9	65	10	15	11	32	12	40	13	99	14	61	15	49	16	56	17	76	18	31	19	96	20	34	21	43	22	9	23	30	24	54	25	32	26	13	27	90	28	12	29	8
	0	63	1	39	2	24	3	56	4	70	5	39	6	7	7	53	8	36	9	65	10	31	11	80	12	64	13	72	14	46	15	66	16	8	17	69	18	52	19	67	20	21	21	69	22	53	23	21	24	78	25	25	26	99	27	41	28	73	29	56
	0	43	1	27	2	40	3	28	4	27	5	17	6	23	7	60	8	98	9	95	10	99	11	46	12	20	13	46	14	50	15	22	16	15	17	6	18	9	19	34	20	63	21	59	22	44	23	60	24	44	25	82	26	52	27	9	28	92	29	21
	0	70	1	97	2	4	3	72	4	39	5	71	6	24	7	89	8	61	9	35	10	81	11	38	12	48	13	89	14	72	15	79	16	49	17	97	18	4	19	45	20	95	21	38	22	39	23	37	24	20	25	12	26	9	27	67	28	27	29	95
	0	93	1	16	2	8	3	71	4	76	5	86	6	56	7	91	8	25	9	61	10	10	11	25	12	55	13	11	14	21	15	16	16	83	17	100	18	44	19	49	20	68	21	91	22	79	23	87	24	100	25	40	26	28	27	56	28	94	29	44
	0	31	1	63	2	84	3	71	4	98	5	77	6	35	7	87	8	72	9	27	10	9	11	71	12	52	13	82	14	64	15	69	16	87	17	14	18	70	19	29	20	26	21	70	22	55	23	24	24	59	25	1	26	36	27	59	28	5	29	13
	0	90	1	9	2	24	3	56	4	67	5	32	6	62	7	51	8	52	9	69	10	51	11	31	12	27	13	11	14	28	15	45	16	97	17	98	18	48	19	31	20	70	21	88	22	94	23	93	24	10	25	2	26	13	27	16	28	8	29	34
	0	45	1	93	2	34	3	81	4	2	5	79	6	63	7	48	8	26	9	68	10	94	11	6	12	37	13	71	14	1	15	22	16	36	17	44	18	89	19	5	20	40	21	82	22	39	23	2	24	54	25	87	26	71	27	61	28	4	29	79
	0	47	1	58	2	1	3	95	4	8	5	10	6	91	7	5	8	16	9	68	10	27	11	45	12	24	13	44	14	60	15	27	16	21	17	99	18	32	19	98	20	18	21	27	22	31	23	45	24	56	25	94	26	21	27	63	28	74	29	13
	0	77	1	54	2	54	3	76	4	82	5	7	6	40	7	70	8	50	9	68	10	87	11	44	12	6	13	34	14	98	15	9	16	31	17	94	18	49	19	85	20	31	21	15	22	10	23	27	24	21	25	61	26	19	27	93	28	16	29	68
	0	48	1	45	2	60	3	18	4	2	5	84	6	57	7	5	8	1	9	61	10	71	11	68	12	61	13	27	14	16	15	29	16	70	17	2	18	44	19	80	20	18	21	80	22	3	23	90	24	36	25	94	26	45	27	38	28	45	29	27
	0	71	1	89	2	20	3	22	4	64	5	60	6	32	7	29	8	50	9	56	10	11	11	11	12	80	13	68	14	40	15	72	16	16	17	63	18	87	19	2	20	76	21	9	22	28	23	29	24	80	25	9	26	11	27	44	28	69	29	45
	0	73	1	26	2	23	3	55	4	10	5	86	6	81	7	88	8	57	9	11	10	47	11	15	12	32	13	74	14	35	15	94	16	47	17	36	18	71	19	5	20	94	21	62	22	88	23	17	24	53	25	35	26	48	27	47	28	97	29	19
	0	93	1	17	2	62	3	22	4	17	5	30	6	33	7	53	8	88	9	18	10	59	11	81	12	88	13	27	14	74	15	31	16	26	17	38	18	28	19	75	20	57	21	67	22	28	23	13	24	22	25	57	26	36	27	48	28	52	29	68
	0	98	1	88	2	48	3	51	4	91	5	47	6	6	7	19	8	2	9	18	10	45	11	86	12	91	13	41	14	72	15	24	16	89	17	89	18	76	19	56	20	46	21	48	22	57	23	98	24	24	25	63	26	3	27	92	28	89	29	71
	0	96	1	25	2	68	3	47	4	99	5	11	6	60	7	37	8	53	9	66	10	23	11	53	12	94	13	36	14	76	15	44	16	56	17	28	18	77	19	82	20	44	21	67	22	86	23	17	24	59	25	85	26	11	27	97	28	40	29	2
	0	96	1	59	2	40	3	59	4	2	5	17	6	45	7	22	8	88	9	28	10	26	11	55	12	99	13	5	14	58	15	32	16	9	17	97	18	56	19	53	20	84	21	70	22	16	23	55	24	53	25	42	26	63	27	58	28	14	29	75
	0	24	1	80	2	11	3	19	4	3	5	2	6	43	7	48	8	16	9	75	10	15	11	57	12	3	13	6	14	25	15	97	16	46	17	48	18	53	19	56	20	42	21	97	22	98	23	40	24	16	25	66	26	71	27	88	28	73	29	81
	0	53	1	35	2	29	3	34	4	58	5	7	6	62	7	73	8	80	9	14	10	75	11	25	12	2	13	65	14	67	15	81	16	95	17	30	18	48	19	73	20	42	21	30	22	47	23	50	24	55	25	6	26	99	27	13	28	88	29	21
	0	5	1	61	2	42	3	89	4	12	5	85	6	31	7	35	8	51	9	81	10	43	11	17	12	18	13	91	14	29	15	91	16	11	17	80	18	97	19	81	20	37	21	12	22	80	23	79	24	58	25	92	26	35	27	7	28	51	29	71
	0	67	1	6	2	78	3	42	4	94	5	29	6	12	7	68	8	94	9	61	10	61	11	25	12	13	13	86	14	75	15	55	16	98	17	80	18	36	19	42	20	15	21	5	22	69	23	80	24	44	25	14	26	22	27	89	28	65	29	10
	0	94	1	80	2	97	3	12	4	22	5	8	6	12	7	22	8	52	9	33	10	84	11	99	12	44	13	92	14	11	15	75	16	8	17	64	18	30	19	74	20	50	21	45	22	26	23	31	24	83	25	11	26	77	27	100	28	41	29	98
	0	15	1	8	2	81	3	44	4	82	5	9	6	75	7	81	8	100	9	11	10	36	11	43	12	5	13	14	14	7	15	59	16	7	17	66	18	10	19	28	20	66	21	20	22	68	23	8	24	4	25	66	26	1	27	49	28	95	29	50
	0	79	1	65	2	2	3	22	4	97	5	31	6	50	7	68	8	81	9	24	10	52	11	16	12	54	13	77	14	32	15	20	16	14	17	89	18	16	19	66	20	11	21	23	22	69	23	65	24	15	25	85	26	19	27	94	28	27	29	54
	0	84	1	31	2	53	3	26	4	87	5	97	6	62	7	72	8	48	9	64	10	93	11	38	12	61	13	34	14	76	15	25	16	13	17	84	18	91	19	38	20	96	21	12	22	69	23	87	24	20	25	57	26	23	27	72	28	35	29	74
	0	48	1	100	2	100	3	62	4	43	5	3	6	78	7	6	8	27	9	64	10	44	11	69	12	71	13	61	14	15	15	39	16	54	17	94	18	62	19	26	20	17	21	50	22	52	23	62	24	78	25	25	26	23	27	48	28	29	29	5
	0	13	1	43	2	34	3	74	4	70	5	11	6	81	7	10	8	27	9	48	10	77	11	66	12	25	13	60	14	84	15	74	16	95	17	79	18	27	19	3	20	67	21	16	22	32	23	56	24	34	25	6	26	64	27	1	28	99	29	88
	0	83	1	55	2	6	3	14	4	39	5	80	6	90	7	100	8	63	9	49	10	32	11	50	12	29	13	3	14	98	15	16	16	7	17	94	18	80	19	81	20	13	21	86	22	84	23	75	24	33	25	79	26	37	27	57	28	85	29	49
	0	93	1	32	2	38	3	37	4	66	5	77	6	98	7	31	8	27	9	1	10	37	11	11	12	36	13	64	14	34	15	63	16	94	17	15	18	25	19	78	20	42	21	49	22	14	23	92	24	41	25	78	26	74	27	29	28	3	29	57
	0	34	1	62	2	68	3	34	4	58	5	1	6	38	7	97	8	28	9	59	10	19	11	39	12	13	13	76	14	26	15	69	16	73	17	98	18	59	19	38	20	30	21	23	22	50	23	62	24	16	25	81	26	35	27	48	28	68	29	5
	0	17	1	72	2	34	3	1	4	7	5	51	6	12	7	39	8	63	9	19	10	33	11	7	12	72	13	89	14	58	15	14	16	37	17	70	18	64	19	25	20	64	21	67	22	20	23	64	24	68	25	75	26	85	27	31	28	34	29	63
	0	84	1	97	2	11	3	96	4	43	5	88	6	15	7	42	8	81	9	79	10	79	11	60	12	95	13	34	14	67	15	79	16	95	17	82	18	48	19	1	20	54	21	23	22	97	23	87	24	4	25	75	26	54	27	21	28	73	29	31
	0	76	1	51	2	52	3	81	4	61	5	51	6	51	7	12	8	17	9	66	10	49	11	92	12	15	13	17	14	82	15	11	16	49	17	88	18	6	19	29	20	83	21	19	22	26	23	37	24	69	25	83	26	96	27	69	28	63	29	10
	0	12	1	85	2	70	3	91	4	57	5	26	6	88	7	82	8	80	9	22	10	56	11	84	12	12	13	84	14	100	15	63	16	44	17	26	18	39	19	45	20	31	21	89	22	11	23	11	24	92	25	76	26	8	27	43	28	20	29	99
	0	45	1	28	2	19	3	12	4	93	5	14	6	42	7	87	8	61	9	65	10	86	11	36	12	99	13	60	14	70	15	3	16	55	17	45	18	12	19	77	20	24	21	34	22	67	23	90	24	47	25	87	26	1	27	13	28	66	29	54
	0	6	1	57	2	44	3	35	4	94	5	45	6	96	7	5	8	10	9	10	10	92	11	98	12	58	13	32	14	30	15	57	16	34	17	35	18	99	19	91	20	3	21	80	22	65	23	87	24	71	25	45	26	52	27	87	28	31	29	83
	0	12	1	7	2	92	3	72	4	1	5	73	6	16	7	28	8	98	9	95	10	19	11	27	12	38	13	9	14	16	15	55	16	55	17	42	18	21	19	5	20	44	21	2	22	14	23	63	24	91	25	90	26	55	27	58	28	31	29	76
	0	96	1	87	2	38	3	94	4	27	5	16	6	52	7	55	8	52	9	24	10	88	11	73	12	86	13	62	14	3	15	51	16	15	17	11	18	100	19	82	20	56	21	77	22	98	23	56	24	27	25	68	26	100	27	80	28	90	29	22
	0	34	1	44	2	42	3	91	4	55	5	8	6	62	7	95	8	26	9	74	10	49	11	6	12	26	13	75	14	87	15	28	16	35	17	3	18	42	19	73	20	12	21	47	22	73	23	54	24	66	25	10	26	6	27	52	28	65	29	44
	0	6	1	19	2	59	3	11	4	45	5	23	6	94	7	44	8	61	9	58	10	52	11	98	12	36	13	63	14	43	15	90	16	54	17	26	18	28	19	73	20	15	21	76	22	57	23	6	24	13	25	78	26	45	27	94	28	96	29	85
	0	25	1	23	2	88	3	18	4	46	5	20	6	18	7	76	8	7	9	98	10	94	11	92	12	49	13	72	14	28	15	97	16	39	17	58	18	78	19	46	20	21	21	93	22	89	23	21	24	22	25	34	26	23	27	32	28	30	29	17
	0	28	1	53	2	91	3	8	4	81	5	81	6	82	7	44	8	4	9	7	10	66	11	70	12	38	13	23	14	35	15	19	16	18	17	26	18	85	19	73	20	7	21	67	22	99	23	23	24	48	25	71	26	14	27	2	28	62	29	34
	0	11	1	65	2	13	3	53	4	44	5	41	6	88	7	56	8	99	9	80	10	80	11	36	12	64	13	57	14	78	15	16	16	22	17	36	18	88	19	80	20	23	21	78	22	48	23	58	24	91	25	49	26	9	27	54	28	61	29	87
	0	93	1	46	2	72	3	98	4	47	5	100	6	35	7	19	8	69	9	81	10	75	11	52	12	56	13	49	14	14	15	62	16	8	17	74	18	18	19	98	20	97	21	3	22	64	23	67	24	64	25	76	26	72	27	84	28	25	29	63
	0	12	1	65	2	88	3	64	4	93	5	55	6	8	7	18	8	86	9	86	10	41	11	82	12	33	13	11	14	74	15	95	16	47	17	87	18	29	19	40	20	25	21	57	22	90	23	55	24	90	25	89	26	77	27	68	28	63	29	66
	0	79	1	53	2	33	3	16	4	28	5	27	6	51	7	51	8	56	9	50	10	90	11	39	12	81	13	77	14	39	15	36	16	8	17	88	18	19	19	36	20	51	21	98	22	41	23	40	24	94	25	9	26	52	27	41	28	67	29	70
	0	29	1	62	2	87	3	45	4	13	5	18	6	100	7	12	8	15	9	76	10	35	11	51	12	8	13	30	14	21	15	70	16	8	17	30	18	67	19	3	20	1	21	15	22	88	23	67	24	60	25	52	26	20	27	51	28	75	29	73
	0	71	1	6	2	81	3	64	4	98	5	23	6	62	7	54	8	1	9	34	10	51	11	98	12	71	13	88	14	73	15	57	16	54	17	56	18	99	19	23	20	92	21	84	22	90	23	32	24	67	25	8	26	70	27	74	28	59	29	83
	0	49	1	87	2	85	3	90	4	76	5	91	6	96	7	35	8	9	9	7	10	32	11	48	12	22	13	62	14	73	15	47	16	89	17	74	18	27	19	17	20	14	21	73	22	56	23	34	24	98	25	95	26	20	27	21	28	56	29	63
	0	87	1	20	2	39	3	36	4	61	5	25	6	15	7	88	8	94	9	94	10	2	11	62	12	6	13	48	14	83	15	88	16	33	17	22	18	28	19	85	20	50	21	27	22	4	23	64	24	66	25	24	26	60	27	16	28	86	29	44
	0	96	1	54	2	64	3	91	4	79	5	25	6	11	7	3	8	46	9	28	10	41	11	76	12	13	13	5	14	42	15	66	16	87	17	75	18	26	19	27	20	34	21	44	22	85	23	46	24	63	25	5	26	61	27	86	28	31	29	6
	0	14	1	54	2	66	3	58	4	28	5	39	6	70	7	9	8	3	9	4	10	59	11	9	12	16	13	22	14	30	15	23	16	67	17	75	18	81	19	95	20	9	21	86	22	20	23	59	24	55	25	25	26	31	27	35	28	12	29	20
	0	87	1	78	2	60	3	68	4	35	5	61	6	6	7	22	8	89	9	98	10	63	11	99	12	93	13	56	14	35	15	36	16	64	17	7	18	15	19	86	20	7	21	100	22	24	23	38	24	72	25	89	26	42	27	4	28	93	29	16
	0	25	1	85	2	23	3	49	4	87	5	41	6	69	7	28	8	3	9	10	10	78	11	49	12	76	13	47	14	31	15	22	16	43	17	87	18	46	19	47	20	29	21	48	22	5	23	17	24	92	25	37	26	44	27	43	28	84	29	11
	0	80	1	39	2	37	3	8	4	54	5	35	6	66	7	68	8	28	9	98	10	9	11	90	12	54	13	75	14	85	15	96	16	1	17	84	18	18	19	7	20	27	21	36	22	59	23	51	24	5	25	49	26	20	27	51	28	60	29	83
	0	75	1	64	2	67	3	19	4	19	5	78	6	18	7	54	8	77	9	83	10	69	11	90	12	97	13	61	14	100	15	37	16	89	17	83	18	76	19	47	20	73	21	94	22	78	23	68	24	64	25	24	26	39	27	77	28	97	29	60
	0	16	1	23	2	71	3	69	4	75	5	1	6	74	7	50	8	70	9	26	10	7	11	58	12	41	13	96	14	22	15	36	16	72	17	49	18	45	19	34	20	75	21	42	22	52	23	8	24	91	25	38	26	8	27	33	28	28	29	58
	0	94	1	61	2	77	3	28	4	82	5	23	6	72	7	53	8	38	9	41	10	88	11	72	12	51	13	5	14	93	15	87	16	21	17	43	18	96	19	78	20	69	21	64	22	63	23	29	24	34	25	74	26	78	27	45	28	67	29	84
	0	93	1	24	2	66	3	63	4	79	5	13	6	79	7	10	8	68	9	73	10	80	11	33	12	68	13	16	14	11	15	75	16	65	17	10	18	16	19	24	20	68	21	40	22	36	23	79	24	48	25	90	26	27	27	81	28	71	29	86
	0	22	1	24	2	47	3	86	4	50	5	90	6	27	7	47	8	88	9	4	10	21	11	82	12	2	13	72	14	27	15	83	16	98	17	58	18	95	19	86	20	10	21	34	22	54	23	4	24	75	25	71	26	85	27	38	28	76	29	83
	0	22	1	62	2	61	3	36	4	1	5	30	6	66	7	80	8	100	9	49	10	95	11	68	12	33	13	31	14	37	15	68	16	5	17	97	18	30	19	83	20	15	21	17	22	90	23	44	24	90	25	90	26	76	27	24	28	75	29	10
	0	56	1	95	2	5	3	75	4	83	5	44	6	60	7	20	8	18	9	84	10	42	11	91	12	43	13	54	14	52	15	95	16	54	17	95	18	57	19	88	20	33	21	18	22	54	23	79	24	24	25	37	26	83	27	70	28	86	29	7
	0	62	1	70	2	76	3	100	4	13	5	29	6	92	7	11	8	24	9	95	10	90	11	68	12	71	13	94	14	32	15	4	16	71	17	77	18	53	19	91	20	64	21	85	22	42	23	71	24	33	25	24	26	66	27	11	28	11	29	69
	0	9	1	83	2	38	3	10	4	77	5	42	6	59	7	29	8	1	9	38	10	90	11	71	12	51	13	13	14	75	15	34	16	20	17	47	18	29	19	6	20	66	21	60	22	24	23	17	24	97	25	86	26	72	27	82	28	50	29	78
	0	21	1	59	2	8	3	1	4	38	5	46	6	34	7	31	8	77	9	81	10	31	11	66	12	47	13	41	14	52	15	12	16	11	17	36	18	25	19	2	20	8	21	38	22	60	23	66	24	55	25	18	26	49	27	50	28	85	29	60
	0	94	1	64	2	31	3	69	4	3	5	100	6	44	7	22	8	55	9	40	10	22	11	93	12	10	13	75	14	82	15	75	16	28	17	73	18	8	19	77	20	21	21	79	22	37	23	55	24	32	25	40	26	96	27	22	28	55	29	87
	0	79	1	39	2	97	3	10	4	29	5	77	6	72	7	7	8	82	9	9	10	78	11	6	12	67	13	75	14	75	15	84	16	78	17	17	18	96	19	20	20	62	21	86	22	38	23	74	24	92	25	65	26	15	27	77	28	9	29	64
	0	80	1	60	2	60	3	79	4	44	5	69	6	73	7	11	8	51	9	39	10	24	11	4	12	77	13	32	14	7	15	39	16	69	17	50	18	10	19	92	20	55	21	87	22	44	23	44	24	68	25	73	26	92	27	4	28	72	29	35
	0	72	1	81	2	97	3	72	4	28	5	15	6	1	7	10	8	92	9	54	10	34	11	2	12	87	13	30	14	57	15	81	16	58	17	97	18	44	19	71	20	52	21	97	22	88	23	25	24	91	25	82	26	57	27	53	28	100	29	33
	0	1	1	37	2	85	3	13	4	86	5	64	6	76	7	61	8	17	9	14	10	86	11	37	12	72	13	92	14	35	15	39	16	57	17	85	18	55	19	65	20	61	21	82	22	71	23	8	24	59	25	98	26	14	27	85	28	12	29	77
	0	29	1	42	2	30	3	69	4	70	5	98	6	37	7	16	8	97	9	4	10	23	11	79	12	23	13	46	14	74	15	92	16	74	17	5	18	48	19	36	20	53	21	57	22	86	23	59	24	29	25	78	26	19	27	86	28	91	29	87
	0	94	1	99	2	33	3	46	4	24	5	82	6	66	7	79	8	46	9	49	10	74	11	11	12	34	13	16	14	43	15	16	16	8	17	76	18	58	19	34	20	34	21	93	22	29	23	91	24	95	25	16	26	86	27	34	28	96	29	80
	0	72	1	75	2	26	3	63	4	12	5	85	6	77	7	91	8	36	9	100	10	17	11	21	12	89	13	22	14	47	15	47	16	57	17	35	18	99	19	6	20	86	21	54	22	52	23	77	24	79	25	87	26	71	27	5	28	94	29	83
	0	6	1	86	2	79	3	88	4	87	5	99	6	14	7	29	8	18	9	75	10	61	11	4	12	62	13	30	14	18	15	57	16	43	17	12	18	44	19	42	20	29	21	32	22	100	23	23	24	71	25	74	26	19	27	65	28	6	29	20
	0	3	1	7	2	45	3	27	4	100	5	15	6	12	7	29	8	30	9	71	10	7	11	75	12	42	13	40	14	1	15	12	16	33	17	11	18	85	19	64	20	55	21	27	22	38	23	96	24	91	25	22	26	95	27	33	28	87	29	48
	0	97	1	92	2	57	3	63	4	91	5	35	6	97	7	97	8	96	9	62	10	95	11	33	12	39	13	100	14	2	15	54	16	62	17	43	18	1	19	56	20	18	21	69	22	12	23	33	24	26	25	26	26	93	27	62	28	57	29	70
	0	40	1	59	2	52	3	90	4	94	5	86	6	9	7	60	8	1	9	28	10	92	11	97	12	93	13	63	14	41	15	21	16	83	17	96	18	80	19	39	20	83	21	39	22	71	23	8	24	4	25	54	26	48	27	41	28	85	29	79
	0	28	1	61	2	55	3	23	4	84	5	25	6	51	7	88	8	41	9	65	10	14	11	52	12	10	13	23	14	51	15	36	16	71	17	71	18	47	19	18	20	98	21	53	22	38	23	86	24	56	25	76	26	95	27	34	28	19	29	49
	0	92	1	36	2	6	3	49	4	31	5	68	6	17	7	45	8	57	9	58	10	18	11	26	12	6	13	66	14	17	15	15	16	42	17	51	18	22	19	52	20	79	21	71	22	68	23	78	24	17	25	97	26	66	27	81	28	16	29	70
	0	10	1	46	2	86	3	21	4	27	5	40	6	85	7	23	8	79	9	37	10	37	11	59	12	48	13	35	14	21	15	16	16	40	17	41	18	82	19	38	20	19	21	24	22	80	23	12	24	48	25	47	26	69	27	52	28	80	29	48
	0	68	1	11	2	51	3	18	4	80	5	50	6	56	7	4	8	55	9	16	10	10	11	28	12	13	13	33	14	25	15	96	16	70	17	1	18	61	19	56	20	37	21	49	22	21	23	17	24	76	25	94	26	6	27	31	28	38	29	3
	0	57	1	11	2	25	3	58	4	29	5	40	6	38	7	67	8	93	9	76	10	2	11	80	12	54	13	85	14	100	15	98	16	27	17	28	18	36	19	74	20	23	21	3	22	14	23	66	24	17	25	20	26	9	27	77	28	15	29	40
	0	61	1	83	2	39	3	24	4	30	5	61	6	90	7	74	8	64	9	39	10	70	11	54	12	3	13	49	14	65	15	11	16	10	17	48	18	12	19	65	20	73	21	36	22	24	23	17	24	67	25	96	26	32	27	91	28	44	29	18
	0	59	1	22	2	74	3	99	4	52	5	50	6	94	7	23	8	36	9	75	10	10	11	63	12	53	13	100	14	59	15	56	16	4	17	50	18	49	19	54	20	21	21	53	22	2	23	41	24	21	25	18	26	96	27	72	28	22	29	47
	0	66	1	78	2	26	3	68	4	6	5	34	6	5	7	69	8	3	9	100	10	29	11	84	12	73	13	60	14	38	15	40	16	89	17	38	18	40	19	86	20	19	21	63	22	80	23	54	24	19	25	94	26	30	27	20	28	45	29	55
	0	76	1	72	2	80	3	20	4	16	5	3	6	80	7	51	8	88	9	74	10	9	11	97	12	87	13	31	14	96	15	79	16	57	17	66	18	33	19	33	20	51	21	41	22	18	23	99	24	97	25	44	26	86	27	53	28	22	29	22
	0	5	1	32	2	16	3	15	4	10	5	6	6	34	7	95	8	17	9	86	10	76	11	73	12	37	13	73	14	87	15	38	16	66	17	95	18	73	19	31	20	52	21	80	22	20	23	75	24	38	25	63	26	61	27	10	28	39	29	26
	0	28	1	14	2	9	3	16	4	97	5	86	6	3	7	3	8	94	9	49	10	33	11	52	12	25	13	87	14	81	15	36	16	62	17	13	18	16	19	10	20	82	21	55	22	26	23	21	24	41	25	88	26	68	27	33	28	45	29	58
	0	81	1	73	2	37	3	74	4	39	5	47	6	7	7	61	8	24	9	77	10	17	11	9	12	38	13	41	14	75	15	51	16	5	17	48	18	6	19	53	20	24	21	52	22	13	23	19	24	57	25	98	26	14	27	20	28	90	29	61
	0	7	1	4	2	87	3	6	4	94	5	70	6	21	7	92	8	65	9	80	10	60	11	96	12	32	13	60	14	37	15	19	16	48	17	15	18	46	19	21	20	68	21	47	22	13	23	76	24	28	25	72	26	65	27	55	28	47	29	48
	0	83	1	78	2	84	3	80	4	3	5	88	6	3	7	59	8	26	9	45	10	26	11	47	12	16	13	30	14	77	15	24	16	33	17	30	18	50	19	42	20	7	21	19	22	56	23	71	24	52	25	64	26	21	27	23	28	92	29	37
	0	55	1	91	2	20	3	91	4	98	5	31	6	44	7	34	8	27	9	86	10	69	11	23	12	76	13	30	14	20	15	51	16	96	17	63	18	21	19	95	20	68	21	10	22	65	23	58	24	35	25	89	26	56	27	24	28	21	29	48
	0	100	1	93	2	63	3	4	4	72	5	84	6	54	7	18	8	96	9	11	10	83	11	87	12	14	13	75	14	32	15	60	16	19	17	31	18	41	19	77	20	93	21	8	22	74	23	11	24	65	25	4	26	28	27	57	28	84	29	89
	0	88	1	86	2	72	3	71	4	2	5	83	6	2	7	15	8	39	9	13	10	15	11	35	12	50	13	85	14	67	15	73	16	47	17	33	18	81	19	47	20	75	21	8	22	37	23	45	24	21	25	51	26	25	27	78	28	18	29	17
	0	40	1	22	2	14	3	39	4	11	5	20	6	12	7	63	8	71	9	23	10	22	11	5	12	27	13	78	14	63	15	94	16	79	17	16	18	6	19	11	20	92	21	72	22	64	23	33	24	35	25	54	26	45	27	49	28	30	29	48
	0	43	1	3	2	75	3	10	4	25	5	74	6	38	7	94	8	40	9	16	10	33	11	19	12	58	13	95	14	30	15	60	16	14	17	15	18	50	19	30	20	26	21	15	22	61	23	86	24	84	25	70	26	64	27	62	28	66	29	39
	0	37	1	38	2	99	3	35	4	83	5	67	6	81	7	24	8	97	9	46	10	40	11	56	12	39	13	93	14	81	15	100	16	89	17	53	18	55	19	40	20	22	21	68	22	56	23	36	24	17	25	67	26	21	27	78	28	99	29	73
	0	86	1	69	2	73	3	19	4	42	5	25	6	6	7	33	8	73	9	82	10	52	11	30	12	76	13	33	14	35	15	12	16	9	17	49	18	43	19	82	20	94	21	48	22	84	23	8	24	80	25	25	26	8	27	97	28	65	29	52
	0	6	1	64	2	90	3	1	4	37	5	18	6	84	7	72	8	30	9	77	10	24	11	8	12	86	13	4	14	19	15	40	16	61	17	18	18	45	19	86	20	98	21	23	22	97	23	9	24	68	25	57	26	14	27	98	28	2	29	57
	0	16	1	26	2	51	3	93	4	45	5	11	6	95	7	10	8	95	9	65	10	86	11	93	12	93	13	27	14	4	15	25	16	46	17	5	18	54	19	32	20	73	21	70	22	34	23	3	24	88	25	81	26	54	27	47	28	6	29	36
	0	90	1	32	2	81	3	77	4	91	5	93	6	2	7	90	8	86	9	25	10	2	11	81	12	49	13	100	14	69	15	24	16	30	17	54	18	44	19	97	20	46	21	47	22	59	23	73	24	98	25	100	26	49	27	12	28	67	29	36
	0	38	1	83	2	81	3	8	4	76	5	16	6	82	7	71	8	94	9	41	10	18	11	41	12	93	13	88	14	44	15	45	16	75	17	51	18	9	19	51	20	7	21	25	22	64	23	38	24	52	25	80	26	9	27	46	28	21	29	37
	0	75	1	10	2	23	3	48	4	5	5	70	6	24	7	97	8	73	9	14	10	38	11	82	12	71	13	90	14	11	15	42	16	35	17	4	18	67	19	24	20	6	21	79	22	37	23	35	24	29	25	53	26	87	27	92	28	56	29	21
	0	1	1	83	2	94	3	81	4	9	5	3	6	12	7	9	8	55	9	11	10	8	11	85	12	33	13	47	14	92	15	54	16	57	17	87	18	37	19	75	20	33	21	23	22	6	23	4	24	44	25	13	26	60	27	17	28	77	29	24
	0	98	1	61	2	43	3	64	4	84	5	87	6	76	7	85	8	72	9	14	10	7	11	88	12	29	13	22	14	59	15	81	16	2	17	69	18	90	19	57	20	7	21	85	22	94	23	91	24	15	25	90	26	45	27	84	28	70	29	33
	0	22	1	4	2	64	3	50	4	62	5	83	6	50	7	93	8	35	9	94	10	77	11	77	12	29	13	98	14	71	15	40	16	83	17	45	18	90	19	19	20	28	21	77	22	48	23	88	24	5	25	36	26	59	27	6	28	66	29	13
	0	67	1	80	2	2	3	74	4	55	5	25	6	29	7	34	8	43	9	91	10	34	11	95	12	38	13	92	14	72	15	50	16	64	17	32	18	50	19	14	20	17	21	43	22	46	23	57	24	8	25	63	26	51	27	29	28	85	29	21
	0	39	1	3	2	54	3	12	4	80	5	91	6	40	7	73	8	71	9	98	10	60	11	98	12	49	13	18	14	86	15	52	16	1	17	91	18	35	19	66	20	92	21	75	22	12	23	29	24	76	25	100	26	82	27	17	28	54	29	7
	0	58	1	5	2	6	3	96	4	30	5	62	6	5	7	25	8	60	9	35	10	77	11	45	12	41	13	61	14	93	15	54	16	72	17	56	18	84	19	8	20	5	21	87	22	22	23	32	24	76	25	18	26	8	27	95	28	8	29	84
	0	65	1	69	2	67	3	31	4	15	5	73	6	89	7	37	8	4	9	61	10	27	11	3	12	89	13	36	14	74	15	49	16	8	17	61	18	70	19	100	20	99	21	28	22	91	23	16	24	35	25	1	26	80	27	3	28	92	29	22
	0	71	1	22	2	69	3	79	4	18	5	72	6	23	7	54	8	21	9	24	10	90	11	99	12	19	13	18	14	12	15	19	16	90	17	61	18	72	19	60	20	71	21	85	22	32	23	15	24	6	25	53	26	9	27	13	28	65	29	26
	0	34	1	49	2	1	3	17	4	85	5	66	6	38	7	3	8	95	9	100	10	11	11	83	12	59	13	50	14	91	15	77	16	4	17	33	18	68	19	21	20	94	21	35	22	89	23	11	24	76	25	72	26	57	27	72	28	7	29	12
	0	43	1	84	2	97	3	34	4	72	5	83	6	64	7	21	8	76	9	3	10	2	11	9	12	39	13	52	14	88	15	41	16	62	17	24	18	84	19	4	20	29	21	81	22	16	23	37	24	55	25	81	26	32	27	44	28	46	29	24
	0	73	1	59	2	96	3	23	4	3	5	24	6	5	7	58	8	89	9	100	10	100	11	49	12	25	13	17	14	80	15	47	16	38	17	14	18	25	19	57	20	27	21	49	22	41	23	17	24	14	25	77	26	24	27	1	28	9	29	12
	0	72	1	37	2	34	3	24	4	76	5	42	6	33	7	53	8	66	9	9	10	77	11	25	12	98	13	21	14	51	15	3	16	5	17	58	18	52	19	23	20	43	21	26	22	68	23	72	24	19	25	33	26	95	27	34	28	70	29	74
	0	24	1	98	2	28	3	16	4	99	5	97	6	5	7	90	8	22	9	47	10	65	11	27	12	78	13	78	14	80	15	1	16	76	17	81	18	80	19	53	20	57	21	37	22	47	23	32	24	96	25	69	26	20	27	61	28	100	29	49
	0	85	1	9	2	1	3	61	4	3	5	41	6	61	7	77	8	77	9	69	10	67	11	20	12	60	13	33	14	72	15	8	16	74	17	72	18	4	19	7	20	66	21	76	22	62	23	40	24	42	25	26	26	62	27	22	28	48	29	58
	0	4	1	26	2	85	3	15	4	73	5	1	6	80	7	70	8	97	9	80	10	53	11	32	12	21	13	74	14	51	15	70	16	76	17	28	18	30	19	18	20	45	21	74	22	20	23	48	24	58	25	28	26	100	27	13	28	72	29	3
	0	54	1	7	2	11	3	36	4	5	5	3	6	79	7	56	8	40	9	38	10	63	11	35	12	69	13	84	14	95	15	1	16	85	17	11	18	38	19	14	20	17	21	28	22	20	23	15	24	94	25	68	26	21	27	13	28	65	29	48
	0	91	1	75	2	31	3	19	4	62	5	12	6	98	7	84	8	69	9	4	10	56	11	55	12	2	13	85	14	27	15	82	16	56	17	83	18	55	19	56	20	37	21	7	22	26	23	87	24	54	25	3	26	36	27	7	28	8	29	21
	0	50	1	38	2	42	3	86	4	19	5	30	6	29	7	51	8	41	9	71	10	97	11	62	12	99	13	9	14	38	15	87	16	2	17	32	18	32	19	88	20	98	21	28	22	87	23	12	24	67	25	85	26	82	27	47	28	87	29	19
	0	59	1	90	2	41	3	41	4	6	5	78	6	3	7	5	8	15	9	16	10	28	11	82	12	27	13	84	14	34	15	63	16	76	17	14	18	37	19	95	20	8	21	77	22	97	23	81	24	35	25	96	26	70	27	14	28	48	29	99
	0	87	1	28	2	98	3	73	4	91	5	69	6	19	7	79	8	14	9	33	10	60	11	31	12	76	13	31	14	31	15	65	16	22	17	57	18	8	19	50	20	49	21	80	22	24	23	97	24	80	25	91	26	59	27	92	28	88	29	67
	0	1	1	47	2	67	3	40	4	30	5	39	6	25	7	81	8	79	9	6	10	29	11	30	12	32	13	86	14	21	15	38	16	88	17	40	18	18	19	10	20	4	21	94	22	20	23	52	24	82	25	86	26	21	27	64	28	72	29	98
	0	90	1	36	2	99	3	19	4	57	5	34	6	45	7	69	8	39	9	93	10	40	11	66	12	67	13	40	14	37	15	36	16	20	17	22	18	85	19	80	20	74	21	13	22	20	23	61	24	8	25	23	26	39	27	69	28	38	29	32
	0	18	1	74	2	69	3	18	4	9	5	83	6	81	7	68	8	14	9	58	10	98	11	69	12	12	13	55	14	95	15	33	16	9	17	98	18	48	19	5	20	16	21	98	22	36	23	38	24	95	25	78	26	38	27	60	28	10	29	63
	0	96	1	52	2	74	3	45	4	37	5	11	6	3	7	46	8	58	9	74	10	91	11	16	12	37	13	24	14	66	15	57	16	25	17	5	18	17	19	53	20	4	21	9	22	85	23	45	24	46	25	31	26	50	27	87	28	5	29	79
	0	68	1	71	2	4	3	9	4	51	5	100	6	25	7	12	8	65	9	52	10	1	11	62	12	14	13	68	14	64	15	27	16	28	17	48	18	15	19	78	20	64	21	49	22	4	23	60	24	2	25	10	26	41	27	15	28	87	29	43
	0	75	1	49	2	46	3	87	4	17	5	14	6	91	7	92	8	88	9	23	10	83	11	86	12	22	13	20	14	2	15	49	16	54	17	98	18	84	19	88	20	66	21	2	22	83	23	95	24	87	25	84	26	86	27	22	28	54	29	90
	0	93	1	17	2	86	3	91	4	32	5	93	6	34	7	5	8	72	9	39	10	96	11	44	12	54	13	72	14	24	15	9	16	59	17	14	18	53	19	7	20	77	21	32	22	26	23	54	24	42	25	65	26	10	27	8	28	61	29	50
	0	12	1	32	2	38	3	91	4	44	5	77	6	72	7	62	8	1	9	46	10	1	11	20	12	44	13	81	14	83	15	72	16	10	17	71	18	70	19	26	20	80	21	78	22	7	23	19	24	89	25	35	26	42	27	98	28	52	29	62
	0	63	1	100	2	39	3	95	4	73	5	65	6	27	7	29	8	72	9	53	10	9	11	27	12	20	13	82	14	45	15	38	16	84	17	87	18	73	19	20	20	5	21	67	22	21	23	84	24	33	25	79	26	92	27	74	28	15	29	94
	0	12	1	76	2	33	3	19	4	53	5	7	6	34	7	49	8	81	9	23	10	94	11	17	12	94	13	67	14	3	15	34	16	34	17	21	18	76	19	60	20	6	21	51	22	13	23	30	24	34	25	51	26	71	27	33	28	19	29	28
	0	26	1	22	2	8	3	83	4	21	5	93	6	67	7	76	8	39	9	71	10	25	11	86	12	58	13	91	14	36	15	9	16	58	17	48	18	63	19	39	20	89	21	68	22	95	23	31	24	29	25	24	26	46	27	57	28	96	29	89
	0	99	1	79	2	76	3	11	4	79	5	17	6	83	7	44	8	91	9	82	10	87	11	70	12	47	13	95	14	42	15	5	16	64	17	23	18	25	19	64	20	7	21	1	22	58	23	32	24	20	25	7	26	70	27	70	28	58	29	30
	0	39	1	43	2	7	3	35	4	93	5	56	6	86	7	14	8	86	9	37	10	29	11	87	12	62	13	1	14	5	15	80	16	83	17	74	18	47	19	8	20	76	21	81	22	62	23	18	24	28	25	8	26	61	27	2	28	37	29	5
	0	35	1	51	2	91	3	82	4	62	5	31	6	44	7	15	8	9	9	9	10	1	11	75	12	80	13	24	14	30	15	31	16	28	17	23	18	73	19	5	20	5	21	85	22	17	23	65	24	43	25	5	26	50	27	95	28	88	29	14
	0	10	1	79	2	19	3	51	4	98	5	82	6	28	7	30	8	25	9	10	10	46	11	43	12	11	13	97	14	40	15	8	16	41	17	43	18	16	19	56	20	64	21	93	22	99	23	6	24	86	25	46	26	84	27	74	28	85	29	27
	0	69	1	18	2	57	3	57	4	18	5	16	6	66	7	7	8	17	9	20	10	66	11	29	12	20	13	55	14	3	15	86	16	99	17	25	18	26	19	34	20	36	21	63	22	66	23	22	24	36	25	47	26	55	27	18	28	41	29	43
	0	99	1	81	2	67	3	68	4	24	5	16	6	11	7	79	8	59	9	11	10	83	11	17	12	30	13	22	14	71	15	88	16	74	17	61	18	42	19	43	20	99	21	14	22	30	23	81	24	45	25	64	26	71	27	12	28	27	29	39
	0	91	1	28	2	68	3	69	4	41	5	92	6	43	7	50	8	48	9	27	10	97	11	36	12	27	13	60	14	11	15	3	16	60	17	84	18	28	19	80	20	51	21	2	22	59	23	6	24	6	25	98	26	27	27	83	28	2	29	30
	0	40	1	29	2	30	3	49	4	76	5	47	6	44	7	95	8	28	9	65	10	50	11	99	12	59	13	14	14	96	15	20	16	39	17	52	18	68	19	88	20	78	21	42	22	1	23	22	24	84	25	51	26	47	27	51	28	95	29	29
Reldue
-1	16551	-1	1
-1	15966	-1	1
-1	16195	-1	1
-1	16655	-1	1
-1	16601	-1	1
-1	14748	-1	1
-1	14213	-1	1
-1	13892	-1	1
-1	14678	-1	1
-1	16027	-1	1
-1	16688	-1	1
-1	16868	-1	1
-1	13969	-1	1
-1	16997	-1	1
-1	16952	-1	1
-1	16316	-1	1
-1	16869	-1	1
-1	17235	-1	1
-1	16593	-1	1
-1	14147	-1	1
-1	17538	-1	1
-1	15558	-1	1
-1	15368	-1	1
-1	16940	-1	1
-1	16209	-1	1
-1	17547	-1	1
-1	15246	-1	1
-1	17637	-1	1
-1	13738	-1	1
-1	14942	-1	1
-1	17170	-1	1
-1	15411	-1	1
-1	16510	-1	1
-1	16777	-1	1
-1	17596	-1	1
-1	14774	-1	1
-1	16069	-1	1
-1	16948	-1	1
-1	16753	-1	1
-1	16639	-1	1
-1	14787	-1	1
-1	15364	-1	1
-1	16267	-1	1
-1	14988	-1	1
-1	16812	-1	1
-1	14644	-1	1
-1	16120	-1	1
-1	13809	-1	1
-1	14411	-1	1
-1	17307	-1	1
-1	14082	-1	1
-1	17148	-1	1
-1	16484	-1	1
-1	14069	-1	1
-1	15652	-1	1
-1	16755	-1	1
-1	13971	-1	1
-1	17650	-1	1
-1	16420	-1	1
-1	14512	-1	1
-1	17236	-1	1
-1	16929	-1	1
-1	13945	-1	1
-1	15845	-1	1
-1	15017	-1	1
-1	13757	-1	1
-1	16953	-1	1
-1	17591	-1	1
-1	15521	-1	1
-1	15322	-1	1
-1	16723	-1	1
-1	14773	-1	1
-1	17310	-1	1
-1	16828	-1	1
-1	16006	-1	1
-1	16437	-1	1
-1	17568	-1	1
-1	14166	-1	1
-1	15589	-1	1
-1	14547	-1	1
-1	17241	-1	1
-1	16578	-1	1
-1	16589	-1	1
-1	15765	-1	1
-1	14875	-1	1
-1	14640	-1	1
-1	15082	-1	1
-1	15385	-1	1
-1	17305	-1	1
-1	16788	-1	1
-1	13816	-1	1
-1	17349	-1	1
-1	13914	-1	1
-1	17488	-1	1
-1	13878	-1	1
-1	16891	-1	1
-1	15203	-1	1
-1	16172	-1	1
-1	16939	-1	1
-1	16396	-1	1
-1	14079	-1	1
-1	14790	-1	1
-1	14689	-1	1
-1	16513	-1	1
-1	15764	-1	1
-1	16949	-1	1
-1	13747	-1	1
-1	15829	-1	1
-1	16291	-1	1
-1	17309	-1	1
-1	15757	-1	1
-1	14134	-1	1
-1	14660	-1	1
-1	14045	-1	1
-1	14676	-1	1
-1	15295	-1	1
-1	15173	-1	1
-1	15355	-1	1
-1	15357	-1	1
-1	14948	-1	1
-1	16694	-1	1
-1	15935	-1	1
-1	15732	-1	1
-1	14172	-1	1
-1	14037	-1	1
-1	14470	-1	1
-1	17521	-1	1
-1	14918	-1	1
-1	14124	-1	1
-1	14709	-1	1
-1	17589	-1	1
-1	16765	-1	1
-1	15584	-1	1
-1	16411	-1	1
-1	15445	-1	1
-1	15915	-1	1
-1	15257	-1	1
-1	15257	-1	1
-1	14509	-1	1
-1	16179	-1	1
-1	15796	-1	1
-1	16071	-1	1
-1	15363	-1	1
-1	15595	-1	1
-1	17369	-1	1
-1	17593	-1	1
-1	15890	-1	1
-1	15704	-1	1
-1	16713	-1	1
-1	14358	-1	1
-1	14559	-1	1
-1	15172	-1	1
-1	14209	-1	1
-1	15142	-1	1
-1	14096	-1	1
-1	17102	-1	1
-1	14931	-1	1
-1	15603	-1	1
-1	15919	-1	1
-1	17640	-1	1
-1	14543	-1	1
-1	16795	-1	1
-1	16303	-1	1
-1	15015	-1	1
-1	16825	-1	1
-1	17376	-1	1
-1	16246	-1	1
-1	16417	-1	1
-1	16785	-1	1
-1	14289	-1	1
-1	14787	-1	1
-1	17132	-1	1
-1	13807	-1	1
-1	16247	-1	1
-1	15418	-1	1
-1	17597	-1	1
-1	14301	-1	1
-1	16532	-1	1
-1	17294	-1	1
-1	15548	-1	1
-1	15703	-1	1
-1	13781	-1	1
-1	14999	-1	1
-1	17316	-1	1
-1	15662	-1	1
-1	17468	-1	1
-1	15856	-1	1
-1	15267	-1	1
-1	16681	-1	1
-1	14937	-1	1
-1	14157	-1	1
-1	16644	-1	1
-1	17072	-1	1
-1	15201	-1	1
-1	15692	-1	1
-1	13899	-1	1
-1	15390	-1	1
-1	14944	-1	1
-1	14651	-1	1
-1	15139	-1	1
-1	17239	-1	1
-1	15661	-1	1
-1	14325	-1	1
-1	14957	-1	1
-1	14734	-1	1
-1	13881	-1	1
-1	15274	-1	1
-1	14459	-1	1
-1	15791	-1	1
-1	16906	-1	1
-1	17237	-1	1
-1	15894	-1	1
-1	16995	-1	1
-1	15813	-1	1
-1	15373	-1	1
-1	16327	-1	1
-1	14906	-1	1
-1	17203	-1	1
-1	15515	-1	1
-1	14043	-1	1
-1	14284	-1	1
-1	16396	-1	1
-1	15669	-1	1
-1	14863	-1	1
-1	16258	-1	1
-1	15514	-1	1
-1	15731	-1	1
-1	14763	-1	1
-1	17510	-1	1
-1	14279	-1	1
-1	16376	-1	1
-1	14661	-1	1
-1	17247	-1	1
-1	16147	-1	1
-1	16118	-1	1
-1	14326	-1	1
-1	13972	-1	1
-1	14889	-1	1
-1	16554	-1	1
-1	15763	-1	1
-1	14329	-1	1
-1	14033	-1	1
-1	15357	-1	1
-1	16401	-1	1
-1	14467	-1	1
-1	14860	-1	1
-1	14682	-1	1
-1	16529	-1	1
-1	17385	-1	1
-1	15564	-1	1
-1	14749	-1	1
-1	15433	-1	1
-1	17269	-1	1
-1	14156	-1	1
-1	14380	-1	1
-1	14797	-1	1
-1	16270	-1	1
-1	16516	-1	1
-1	13758	-1	1
-1	17541	-1	1
-1	14521	-1	1
-1	16682	-1	1
-1	15670	-1	1
-1	15169	-1	1
-1	17257	-1	1
-1	15524	-1	1
-1	14637	-1	1
-1	16537	-1	1
-1	17522	-1	1
-1	15439	-1	1
-1	15302	-1	1
-1	14968	-1	1
-1	15954	-1	1
-1	16044	-1	1
-1	16503	-1	1
-1	15318	-1	1
-1	14567	-1	1
-1	17160	-1	1
-1	16157	-1	1
-1	15934	-1	1
-1	16585	-1	1
-1	16775	-1	1
-1	14559	-1	1
-1	14145	-1	1
-1	14378	-1	1
-1	16185	-1	1
-1	14336	-1	1
-1	14595	-1	1
-1	15210	-1	1
-1	14104	-1	1
-1	16246	-1	1
-1	16833	-1	1
-1	14248	-1	1
-1	15671	-1	1
-1	14938	-1	1
-1	14461	-1	1
-1	17530	-1	1
-1	16573	-1	1
-1	15452	-1	1
-1	15593	-1	1
-1	14527	-1	1
-1	17646	-1	1
-1	13752	-1	1
-1	16875	-1	1
-1	16715	-1	1
-1	16417	-1	1
-1	15039	-1	1
-1	17330	-1	1
-1	16689	-1	1
-1	17240	-1	1
-1	15489	-1	1
-1	14085	-1	1
-1	17582	-1	1
-1	16289	-1	1
-1	15273	-1	1
-1	17211	-1	1
-1	16734	-1	1
-1	16783	-1	1
-1	14001	-1	1
-1	15902	-1	1
-1	16880	-1	1
-1	16994	-1	1
-1	15261	-1	1
-1	17601	-1	1
-1	17466	-1	1
-1	16594	-1	1
-1	16890	-1	1
-1	15787	-1	1
-1	14220	-1	1
-1	17233	-1	1
-1	15610	-1	1
-1	13895	-1	1
-1	16506	-1	1
-1	13874	-1	1
-1	16409	-1	1
-1	14083	-1	1
-1	14435	-1	1
-1	17518	-1	1
-1	14465	-1	1
-1	13941	-1	1
-1	17104	-1	1
-1	17537	-1	1
-1	16523	-1	1
-1	15982	-1	1
-1	17419	-1	1
-1	16490	-1	1
-1	16543	-1	1
-1	16516	-1	1
-1	14672	-1	1
-1	16192	-1	1
LBCmax: 19612
