350  30
	0	95	1	45	2	92	3	97	4	22	5	49	6	57	7	10	8	92	9	13	10	39	11	4	12	86	13	12	14	76	15	27	16	2	17	32	18	80	19	36	20	13	21	1	22	5	23	11	24	43	25	94	26	36	27	77	28	62	29	13
	0	29	1	50	2	29	3	21	4	25	5	96	6	32	7	69	8	21	9	41	10	13	11	45	12	82	13	15	14	84	15	50	16	16	17	79	18	50	19	50	20	50	21	81	22	9	23	93	24	75	25	57	26	99	27	65	28	56	29	40
	0	6	1	35	2	21	3	75	4	51	5	15	6	67	7	27	8	15	9	21	10	65	11	50	12	92	13	31	14	31	15	49	16	58	17	61	18	10	19	36	20	96	21	12	22	92	23	90	24	31	25	51	26	35	27	48	28	49	29	44
	0	95	1	6	2	14	3	41	4	61	5	92	6	2	7	80	8	63	9	42	10	17	11	71	12	96	13	4	14	60	15	69	16	66	17	39	18	60	19	51	20	70	21	94	22	100	23	48	24	60	25	65	26	80	27	8	28	40	29	92
	0	17	1	85	2	16	3	33	4	67	5	79	6	83	7	10	8	8	9	79	10	24	11	44	12	42	13	70	14	65	15	100	16	83	17	21	18	85	19	21	20	53	21	63	22	3	23	22	24	2	25	8	26	76	27	60	28	11	29	88
	0	89	1	22	2	59	3	8	4	4	5	81	6	56	7	39	8	16	9	13	10	79	11	92	12	35	13	87	14	50	15	61	16	70	17	58	18	57	19	14	20	9	21	30	22	4	23	80	24	9	25	68	26	29	27	51	28	35	29	81
	0	41	1	100	2	26	3	100	4	64	5	96	6	64	7	13	8	80	9	47	10	86	11	62	12	4	13	13	14	49	15	78	16	60	17	74	18	52	19	29	20	14	21	39	22	78	23	4	24	91	25	24	26	87	27	56	28	86	29	54
	0	1	1	85	2	41	3	47	4	40	5	10	6	55	7	98	8	22	9	92	10	43	11	70	12	11	13	93	14	57	15	48	16	90	17	76	18	48	19	29	20	99	21	86	22	18	23	49	24	52	25	83	26	99	27	56	28	30	29	88
	0	66	1	5	2	6	3	81	4	42	5	17	6	68	7	68	8	86	9	24	10	23	11	84	12	59	13	14	14	8	15	22	16	97	17	19	18	52	19	88	20	49	21	37	22	44	23	32	24	64	25	63	26	11	27	7	28	20	29	76
	0	24	1	39	2	40	3	8	4	57	5	28	6	31	7	89	8	90	9	13	10	45	11	51	12	32	13	55	14	51	15	23	16	87	17	37	18	61	19	62	20	100	21	76	22	55	23	94	24	64	25	95	26	81	27	65	28	58	29	20
	0	55	1	23	2	54	3	64	4	66	5	81	6	28	7	38	8	56	9	31	10	31	11	11	12	51	13	18	14	37	15	74	16	46	17	81	18	53	19	7	20	73	21	25	22	70	23	52	24	15	25	88	26	84	27	31	28	31	29	1
	0	12	1	65	2	11	3	76	4	98	5	92	6	81	7	54	8	64	9	75	10	20	11	99	12	63	13	57	14	60	15	28	16	42	17	11	18	82	19	11	20	9	21	74	22	38	23	73	24	66	25	81	26	38	27	95	28	73	29	19
	0	10	1	81	2	17	3	89	4	5	5	51	6	30	7	32	8	8	9	75	10	80	11	53	12	85	13	40	14	2	15	69	16	56	17	51	18	76	19	36	20	5	21	74	22	50	23	60	24	43	25	83	26	65	27	78	28	90	29	80
	0	44	1	69	2	43	3	81	4	32	5	38	6	60	7	6	8	19	9	65	10	51	11	1	12	62	13	39	14	69	15	87	16	10	17	93	18	58	19	16	20	85	21	24	22	66	23	71	24	68	25	59	26	61	27	47	28	11	29	10
	0	92	1	98	2	56	3	15	4	93	5	40	6	42	7	61	8	8	9	35	10	29	11	53	12	96	13	7	14	67	15	51	16	51	17	65	18	94	19	4	20	18	21	22	22	37	23	48	24	26	25	43	26	51	27	47	28	43	29	71
	0	22	1	97	2	28	3	93	4	15	5	18	6	51	7	60	8	49	9	8	10	88	11	72	12	21	13	31	14	15	15	81	16	21	17	57	18	65	19	88	20	6	21	99	22	22	23	27	24	19	25	85	26	54	27	68	28	81	29	72
	0	27	1	74	2	84	3	7	4	35	5	97	6	70	7	66	8	44	9	10	10	75	11	32	12	48	13	92	14	49	15	12	16	60	17	25	18	20	19	80	20	5	21	56	22	44	23	6	24	85	25	56	26	40	27	12	28	25	29	65
	0	35	1	61	2	32	3	90	4	53	5	64	6	10	7	31	8	18	9	72	10	30	11	19	12	63	13	86	14	42	15	8	16	63	17	87	18	66	19	53	20	32	21	92	22	20	23	61	24	52	25	76	26	58	27	97	28	28	29	10
	0	24	1	90	2	87	3	16	4	60	5	67	6	57	7	41	8	9	9	5	10	98	11	79	12	2	13	83	14	78	15	26	16	34	17	69	18	11	19	22	20	53	21	98	22	94	23	18	24	21	25	84	26	16	27	89	28	24	29	2
	0	31	1	58	2	42	3	39	4	6	5	18	6	96	7	68	8	94	9	62	10	43	11	21	12	96	13	53	14	82	15	61	16	2	17	6	18	94	19	69	20	32	21	58	22	21	23	2	24	13	25	32	26	72	27	93	28	72	29	50
	0	99	1	87	2	19	3	39	4	79	5	49	6	54	7	22	8	8	9	68	10	31	11	4	12	83	13	66	14	44	15	87	16	30	17	77	18	41	19	87	20	100	21	35	22	63	23	16	24	55	25	23	26	68	27	62	28	98	29	46
	0	97	1	91	2	32	3	34	4	80	5	38	6	41	7	92	8	91	9	62	10	46	11	57	12	6	13	95	14	57	15	18	16	18	17	4	18	33	19	18	20	18	21	28	22	38	23	37	24	35	25	92	26	21	27	34	28	6	29	88
	0	82	1	92	2	17	3	72	4	3	5	85	6	25	7	39	8	45	9	83	10	72	11	45	12	43	13	40	14	28	15	15	16	50	17	45	18	41	19	48	20	16	21	35	22	79	23	89	24	4	25	83	26	77	27	57	28	69	29	21
	0	47	1	39	2	62	3	66	4	100	5	78	6	27	7	51	8	83	9	29	10	14	11	74	12	45	13	58	14	17	15	34	16	75	17	96	18	7	19	2	20	79	21	96	22	34	23	45	24	87	25	34	26	98	27	20	28	9	29	61
	0	33	1	84	2	79	3	97	4	37	5	95	6	62	7	20	8	51	9	2	10	5	11	98	12	77	13	57	14	56	15	63	16	65	17	73	18	97	19	19	20	29	21	33	22	46	23	45	24	75	25	26	26	30	27	28	28	31	29	34
	0	50	1	30	2	26	3	38	4	62	5	97	6	61	7	92	8	63	9	37	10	55	11	77	12	60	13	36	14	74	15	61	16	46	17	99	18	69	19	2	20	13	21	20	22	75	23	74	24	98	25	24	26	61	27	22	28	12	29	36
	0	20	1	50	2	12	3	65	4	48	5	11	6	24	7	24	8	49	9	61	10	8	11	94	12	51	13	75	14	41	15	34	16	51	17	57	18	49	19	81	20	94	21	82	22	13	23	84	24	63	25	48	26	39	27	85	28	45	29	41
	0	60	1	25	2	90	3	32	4	4	5	46	6	80	7	45	8	67	9	13	10	70	11	94	12	48	13	83	14	85	15	61	16	58	17	86	18	63	19	54	20	96	21	2	22	88	23	87	24	56	25	49	26	66	27	65	28	18	29	9
	0	14	1	55	2	19	3	66	4	74	5	83	6	30	7	27	8	84	9	97	10	59	11	54	12	55	13	75	14	79	15	21	16	36	17	65	18	42	19	86	20	71	21	98	22	15	23	30	24	81	25	7	26	74	27	3	28	19	29	29
	0	28	1	2	2	89	3	99	4	57	5	28	6	14	7	45	8	87	9	41	10	8	11	38	12	42	13	85	14	89	15	72	16	44	17	54	18	13	19	78	20	46	21	31	22	45	23	78	24	26	25	9	26	85	27	43	28	66	29	88
	0	12	1	29	2	9	3	96	4	21	5	74	6	61	7	84	8	57	9	1	10	71	11	95	12	82	13	51	14	26	15	100	16	18	17	47	18	27	19	53	20	62	21	59	22	42	23	20	24	63	25	18	26	45	27	63	28	96	29	12
	0	3	1	96	2	92	3	44	4	44	5	52	6	96	7	43	8	37	9	8	10	62	11	70	12	71	13	75	14	17	15	37	16	93	17	39	18	43	19	48	20	62	21	15	22	58	23	27	24	21	25	51	26	10	27	83	28	87	29	88
	0	94	1	46	2	27	3	70	4	67	5	43	6	64	7	55	8	32	9	35	10	13	11	75	12	91	13	12	14	71	15	42	16	8	17	8	18	93	19	99	20	24	21	12	22	27	23	66	24	12	25	68	26	97	27	27	28	81	29	79
	0	57	1	60	2	39	3	88	4	50	5	5	6	100	7	83	8	43	9	18	10	80	11	41	12	37	13	63	14	18	15	24	16	52	17	35	18	34	19	90	20	49	21	25	22	79	23	68	24	42	25	55	26	66	27	31	28	2	29	48
	0	75	1	47	2	58	3	30	4	77	5	98	6	52	7	49	8	13	9	12	10	3	11	81	12	23	13	18	14	78	15	48	16	22	17	46	18	89	19	67	20	55	21	24	22	52	23	15	24	85	25	32	26	77	27	61	28	94	29	29
	0	91	1	21	2	1	3	70	4	90	5	26	6	33	7	49	8	87	9	100	10	85	11	64	12	8	13	9	14	78	15	85	16	24	17	13	18	91	19	54	20	54	21	31	22	15	23	66	24	65	25	18	26	74	27	7	28	46	29	87
	0	4	1	40	2	36	3	51	4	78	5	69	6	44	7	52	8	18	9	27	10	77	11	8	12	55	13	64	14	70	15	95	16	95	17	27	18	83	19	37	20	21	21	62	22	11	23	94	24	39	25	84	26	21	27	34	28	39	29	89
	0	5	1	65	2	39	3	4	4	32	5	44	6	28	7	4	8	10	9	90	10	25	11	34	12	15	13	74	14	17	15	27	16	44	17	57	18	56	19	93	20	85	21	5	22	16	23	27	24	22	25	99	26	38	27	62	28	22	29	17
	0	27	1	61	2	61	3	51	4	70	5	28	6	93	7	11	8	84	9	74	10	72	11	97	12	28	13	85	14	63	15	52	16	24	17	54	18	33	19	41	20	75	21	95	22	79	23	2	24	85	25	41	26	45	27	69	28	2	29	97
	0	41	1	69	2	46	3	95	4	61	5	29	6	5	7	80	8	54	9	62	10	88	11	19	12	8	13	7	14	88	15	9	16	56	17	46	18	87	19	39	20	83	21	19	22	1	23	9	24	36	25	13	26	50	27	38	28	30	29	1
	0	7	1	99	2	24	3	47	4	62	5	53	6	100	7	10	8	82	9	94	10	69	11	8	12	85	13	15	14	95	15	31	16	44	17	49	18	97	19	13	20	76	21	61	22	87	23	90	24	13	25	75	26	44	27	26	28	35	29	90
	0	26	1	67	2	10	3	95	4	82	5	57	6	96	7	84	8	19	9	30	10	74	11	67	12	14	13	63	14	33	15	78	16	1	17	57	18	20	19	63	20	59	21	59	22	16	23	90	24	82	25	78	26	26	27	99	28	15	29	31
	0	77	1	8	2	74	3	21	4	52	5	23	6	1	7	58	8	28	9	30	10	2	11	53	12	85	13	62	14	84	15	44	16	96	17	65	18	92	19	47	20	24	21	22	22	88	23	46	24	91	25	87	26	51	27	37	28	86	29	49
	0	79	1	19	2	18	3	41	4	14	5	87	6	56	7	37	8	34	9	61	10	98	11	18	12	79	13	69	14	54	15	3	16	96	17	65	18	43	19	70	20	29	21	44	22	44	23	12	24	99	25	83	26	45	27	98	28	23	29	43
	0	72	1	57	2	87	3	82	4	7	5	79	6	77	7	70	8	27	9	4	10	8	11	26	12	1	13	65	14	28	15	95	16	50	17	81	18	84	19	47	20	55	21	27	22	67	23	62	24	54	25	31	26	75	27	33	28	76	29	62
	0	69	1	2	2	95	3	21	4	11	5	15	6	4	7	51	8	94	9	51	10	55	11	7	12	17	13	67	14	91	15	80	16	68	17	74	18	77	19	49	20	7	21	8	22	19	23	8	24	58	25	97	26	9	27	94	28	73	29	10
	0	43	1	4	2	11	3	46	4	100	5	2	6	42	7	13	8	74	9	23	10	86	11	85	12	11	13	40	14	26	15	50	16	80	17	56	18	67	19	74	20	70	21	26	22	40	23	71	24	29	25	26	26	48	27	18	28	46	29	27
	0	18	1	79	2	62	3	39	4	10	5	31	6	65	7	23	8	92	9	73	10	91	11	1	12	75	13	7	14	50	15	13	16	71	17	89	18	36	19	80	20	36	21	94	22	99	23	92	24	81	25	57	26	88	27	30	28	79	29	72
	0	86	1	74	2	5	3	59	4	4	5	73	6	78	7	43	8	99	9	74	10	94	11	95	12	36	13	32	14	73	15	27	16	9	17	50	18	58	19	54	20	88	21	25	22	32	23	55	24	66	25	95	26	47	27	92	28	7	29	12
	0	88	1	82	2	34	3	89	4	2	5	17	6	3	7	98	8	68	9	94	10	47	11	9	12	99	13	79	14	99	15	100	16	92	17	30	18	8	19	89	20	64	21	64	22	21	23	55	24	57	25	7	26	5	27	44	28	76	29	3
	0	4	1	99	2	8	3	47	4	75	5	43	6	45	7	75	8	46	9	98	10	81	11	20	12	84	13	44	14	82	15	26	16	77	17	27	18	35	19	81	20	49	21	81	22	36	23	90	24	77	25	20	26	59	27	26	28	83	29	13
	0	25	1	16	2	5	3	61	4	66	5	45	6	79	7	19	8	40	9	3	10	80	11	43	12	62	13	85	14	19	15	60	16	34	17	40	18	76	19	78	20	4	21	18	22	19	23	93	24	90	25	54	26	57	27	63	28	32	29	14
	0	100	1	40	2	74	3	61	4	45	5	3	6	86	7	28	8	98	9	14	10	66	11	25	12	11	13	94	14	2	15	82	16	93	17	2	18	70	19	26	20	7	21	53	22	95	23	57	24	86	25	4	26	14	27	31	28	20	29	13
	0	13	1	1	2	90	3	29	4	21	5	68	6	63	7	74	8	85	9	26	10	66	11	43	12	68	13	16	14	100	15	1	16	36	17	26	18	81	19	81	20	23	21	92	22	91	23	92	24	97	25	93	26	1	27	9	28	65	29	47
	0	81	1	90	2	87	3	42	4	18	5	44	6	85	7	71	8	12	9	56	10	78	11	45	12	2	13	29	14	66	15	3	16	69	17	3	18	47	19	62	20	89	21	68	22	48	23	44	24	58	25	77	26	99	27	93	28	98	29	15
	0	72	1	78	2	16	3	2	4	81	5	20	6	82	7	16	8	5	9	3	10	47	11	76	12	74	13	66	14	6	15	14	16	47	17	64	18	94	19	28	20	59	21	61	22	58	23	3	24	19	25	93	26	43	27	26	28	80	29	4
	0	95	1	45	2	33	3	54	4	56	5	46	6	71	7	42	8	15	9	40	10	41	11	100	12	33	13	96	14	76	15	50	16	61	17	51	18	70	19	29	20	11	21	91	22	47	23	19	24	61	25	85	26	30	27	50	28	90	29	96
	0	19	1	48	2	91	3	35	4	15	5	56	6	91	7	9	8	76	9	45	10	80	11	75	12	73	13	99	14	45	15	18	16	85	17	33	18	34	19	9	20	63	21	78	22	16	23	100	24	26	25	61	26	3	27	80	28	98	29	28
	0	52	1	84	2	88	3	25	4	69	5	35	6	59	7	14	8	68	9	66	10	60	11	91	12	74	13	42	14	100	15	38	16	62	17	85	18	96	19	25	20	73	21	70	22	26	23	45	24	58	25	50	26	59	27	35	28	22	29	19
	0	56	1	42	2	87	3	27	4	54	5	9	6	93	7	9	8	74	9	14	10	93	11	82	12	35	13	67	14	27	15	29	16	44	17	58	18	73	19	77	20	98	21	17	22	11	23	30	24	27	25	14	26	48	27	24	28	54	29	20
	0	90	1	94	2	62	3	6	4	64	5	100	6	80	7	53	8	13	9	37	10	38	11	89	12	30	13	11	14	55	15	89	16	2	17	85	18	46	19	100	20	75	21	12	22	78	23	74	24	61	25	1	26	7	27	21	28	52	29	95
	0	65	1	18	2	11	3	64	4	90	5	40	6	58	7	17	8	24	9	86	10	59	11	10	12	2	13	27	14	98	15	94	16	21	17	99	18	94	19	27	20	66	21	8	22	72	23	51	24	16	25	38	26	22	27	6	28	76	29	53
	0	95	1	27	2	89	3	60	4	22	5	50	6	38	7	62	8	52	9	31	10	40	11	13	12	45	13	34	14	86	15	66	16	78	17	64	18	80	19	64	20	32	21	32	22	86	23	27	24	76	25	91	26	89	27	26	28	73	29	84
	0	13	1	49	2	61	3	69	4	71	5	1	6	92	7	37	8	21	9	93	10	36	11	34	12	78	13	16	14	67	15	32	16	81	17	96	18	5	19	42	20	22	21	80	22	76	23	43	24	8	25	3	26	7	27	68	28	67	29	36
	0	77	1	87	2	71	3	1	4	89	5	63	6	99	7	24	8	24	9	77	10	78	11	54	12	11	13	57	14	80	15	52	16	6	17	36	18	46	19	58	20	74	21	37	22	86	23	67	24	20	25	68	26	53	27	85	28	92	29	59
	0	19	1	37	2	81	3	83	4	68	5	50	6	78	7	37	8	8	9	40	10	54	11	83	12	64	13	71	14	81	15	72	16	87	17	58	18	23	19	96	20	14	21	45	22	38	23	48	24	51	25	73	26	92	27	77	28	65	29	21
	0	67	1	78	2	5	3	78	4	13	5	52	6	97	7	89	8	84	9	10	10	78	11	84	12	48	13	32	14	58	15	68	16	62	17	87	18	33	19	44	20	63	21	76	22	85	23	1	24	6	25	64	26	47	27	74	28	50	29	5
	0	7	1	63	2	75	3	80	4	84	5	85	6	84	7	88	8	20	9	65	10	22	11	90	12	34	13	20	14	8	15	68	16	58	17	72	18	76	19	51	20	48	21	99	22	54	23	50	24	32	25	24	26	47	27	60	28	46	29	69
	0	87	1	52	2	60	3	64	4	68	5	57	6	8	7	57	8	89	9	2	10	67	11	74	12	63	13	74	14	46	15	35	16	69	17	95	18	81	19	11	20	53	21	52	22	58	23	88	24	7	25	11	26	97	27	59	28	86	29	5
	0	66	1	87	2	28	3	81	4	29	5	78	6	4	7	41	8	25	9	75	10	4	11	15	12	42	13	64	14	36	15	46	16	29	17	47	18	96	19	85	20	67	21	17	22	30	23	16	24	84	25	51	26	16	27	64	28	91	29	8
	0	6	1	52	2	69	3	81	4	31	5	18	6	36	7	61	8	49	9	4	10	79	11	91	12	90	13	65	14	17	15	36	16	30	17	82	18	46	19	97	20	88	21	71	22	73	23	20	24	54	25	9	26	42	27	6	28	56	29	26
	0	97	1	19	2	50	3	45	4	66	5	33	6	87	7	56	8	27	9	70	10	80	11	56	12	9	13	36	14	90	15	2	16	34	17	41	18	89	19	45	20	1	21	54	22	79	23	52	24	80	25	53	26	77	27	36	28	42	29	47
	0	87	1	33	2	69	3	97	4	15	5	19	6	9	7	48	8	19	9	50	10	66	11	64	12	77	13	47	14	48	15	20	16	29	17	92	18	7	19	82	20	16	21	88	22	47	23	15	24	32	25	91	26	87	27	51	28	62	29	40
	0	92	1	46	2	51	3	30	4	30	5	93	6	60	7	95	8	98	9	62	10	84	11	18	12	36	13	5	14	32	15	64	16	25	17	25	18	14	19	15	20	19	21	14	22	72	23	53	24	81	25	100	26	46	27	13	28	13	29	52
	0	77	1	5	2	94	3	50	4	72	5	79	6	72	7	15	8	99	9	86	10	77	11	34	12	70	13	45	14	44	15	52	16	42	17	35	18	66	19	12	20	38	21	62	22	24	23	44	24	77	25	72	26	44	27	59	28	52	29	9
	0	99	1	91	2	98	3	52	4	45	5	83	6	58	7	55	8	61	9	19	10	4	11	90	12	37	13	51	14	1	15	77	16	13	17	72	18	12	19	27	20	91	21	19	22	75	23	42	24	46	25	27	26	6	27	63	28	25	29	66
	0	12	1	35	2	4	3	10	4	12	5	43	6	38	7	46	8	100	9	48	10	31	11	14	12	6	13	98	14	13	15	28	16	31	17	28	18	91	19	28	20	57	21	45	22	14	23	59	24	81	25	76	26	79	27	76	28	94	29	36
	0	56	1	24	2	23	3	7	4	11	5	49	6	9	7	77	8	59	9	15	10	70	11	60	12	85	13	59	14	94	15	89	16	84	17	3	18	46	19	71	20	41	21	88	22	98	23	33	24	46	25	23	26	95	27	100	28	89	29	49
	0	33	1	89	2	15	3	61	4	14	5	10	6	18	7	50	8	92	9	94	10	94	11	44	12	25	13	10	14	99	15	67	16	12	17	30	18	77	19	43	20	69	21	48	22	52	23	20	24	64	25	76	26	93	27	78	28	41	29	62
	0	9	1	60	2	73	3	10	4	26	5	32	6	47	7	90	8	49	9	58	10	67	11	72	12	20	13	64	14	3	15	29	16	18	17	100	18	66	19	78	20	64	21	42	22	52	23	62	24	29	25	93	26	93	27	96	28	57	29	68
	0	22	1	27	2	46	3	73	4	21	5	75	6	58	7	17	8	17	9	57	10	44	11	18	12	50	13	28	14	11	15	81	16	26	17	63	18	57	19	74	20	16	21	78	22	60	23	19	24	80	25	80	26	99	27	80	28	28	29	55
	0	33	1	12	2	29	3	72	4	75	5	3	6	43	7	48	8	24	9	26	10	50	11	87	12	66	13	78	14	66	15	18	16	37	17	80	18	99	19	70	20	2	21	55	22	82	23	66	24	27	25	21	26	74	27	35	28	9	29	53
	0	23	1	54	2	15	3	8	4	30	5	89	6	41	7	17	8	64	9	85	10	84	11	92	12	8	13	19	14	97	15	86	16	46	17	39	18	61	19	19	20	8	21	26	22	10	23	61	24	42	25	66	26	72	27	20	28	85	29	22
	0	26	1	87	2	39	3	33	4	88	5	27	6	80	7	83	8	62	9	35	10	62	11	28	12	43	13	77	14	83	15	55	16	39	17	93	18	30	19	23	20	44	21	35	22	24	23	17	24	6	25	61	26	30	27	90	28	48	29	16
	0	97	1	2	2	39	3	58	4	43	5	70	6	35	7	21	8	16	9	75	10	23	11	26	12	79	13	11	14	51	15	69	16	2	17	63	18	15	19	51	20	64	21	46	22	41	23	41	24	100	25	46	26	88	27	77	28	40	29	40
	0	52	1	35	2	27	3	99	4	55	5	44	6	11	7	84	8	34	9	16	10	56	11	98	12	82	13	13	14	10	15	54	16	3	17	81	18	22	19	74	20	69	21	12	22	3	23	19	24	1	25	28	26	70	27	28	28	22	29	81
	0	22	1	8	2	28	3	29	4	26	5	1	6	3	7	24	8	28	9	32	10	59	11	14	12	3	13	100	14	66	15	69	16	11	17	70	18	40	19	55	20	36	21	83	22	64	23	34	24	11	25	94	26	72	27	61	28	55	29	93
	0	45	1	98	2	85	3	73	4	64	5	78	6	77	7	59	8	32	9	79	10	86	11	10	12	77	13	95	14	41	15	43	16	72	17	18	18	93	19	56	20	48	21	57	22	68	23	49	24	83	25	71	26	59	27	63	28	94	29	82
	0	55	1	86	2	66	3	2	4	94	5	5	6	92	7	86	8	95	9	92	10	9	11	91	12	83	13	54	14	52	15	15	16	39	17	3	18	68	19	38	20	27	21	2	22	58	23	83	24	75	25	95	26	32	27	82	28	23	29	53
	0	3	1	12	2	54	3	65	4	63	5	22	6	75	7	63	8	93	9	87	10	29	11	78	12	25	13	44	14	27	15	37	16	43	17	7	18	46	19	71	20	93	21	56	22	40	23	86	24	47	25	52	26	48	27	10	28	34	29	27
	0	92	1	35	2	31	3	46	4	19	5	1	6	83	7	37	8	9	9	93	10	91	11	38	12	61	13	62	14	90	15	24	16	34	17	73	18	5	19	80	20	97	21	50	22	54	23	52	24	20	25	75	26	36	27	11	28	8	29	44
	0	34	1	67	2	58	3	17	4	5	5	57	6	99	7	81	8	45	9	76	10	36	11	32	12	54	13	27	14	4	15	53	16	32	17	19	18	26	19	15	20	88	21	19	22	7	23	59	24	30	25	58	26	9	27	24	28	94	29	34
	0	11	1	13	2	97	3	66	4	25	5	44	6	48	7	93	8	29	9	5	10	38	11	22	12	53	13	6	14	99	15	63	16	5	17	23	18	3	19	15	20	35	21	53	22	35	23	87	24	75	25	31	26	71	27	56	28	10	29	78
	0	31	1	21	2	46	3	97	4	9	5	87	6	100	7	4	8	76	9	80	10	22	11	88	12	22	13	8	14	17	15	28	16	85	17	86	18	45	19	9	20	73	21	5	22	98	23	19	24	88	25	22	26	83	27	10	28	95	29	80
	0	80	1	73	2	7	3	99	4	35	5	39	6	75	7	96	8	3	9	22	10	3	11	21	12	77	13	57	14	25	15	20	16	40	17	4	18	17	19	61	20	36	21	12	22	33	23	79	24	62	25	82	26	82	27	41	28	96	29	59
	0	93	1	17	2	38	3	30	4	24	5	22	6	30	7	46	8	22	9	61	10	58	11	61	12	37	13	94	14	75	15	56	16	48	17	94	18	92	19	24	20	47	21	79	22	24	23	96	24	93	25	31	26	82	27	51	28	48	29	34
	0	61	1	50	2	25	3	4	4	59	5	62	6	31	7	68	8	20	9	92	10	95	11	52	12	99	13	25	14	82	15	54	16	80	17	41	18	61	19	19	20	4	21	71	22	70	23	58	24	86	25	90	26	87	27	56	28	19	29	74
	0	13	1	72	2	8	3	74	4	20	5	30	6	74	7	71	8	22	9	45	10	23	11	11	12	61	13	39	14	66	15	56	16	37	17	33	18	38	19	83	20	5	21	34	22	62	23	17	24	29	25	44	26	34	27	87	28	64	29	51
	0	44	1	36	2	96	3	98	4	50	5	33	6	80	7	35	8	76	9	46	10	36	11	86	12	92	13	3	14	8	15	93	16	8	17	35	18	95	19	39	20	79	21	65	22	89	23	31	24	10	25	19	26	9	27	7	28	12	29	43
	0	98	1	12	2	33	3	65	4	17	5	34	6	83	7	42	8	75	9	13	10	11	11	67	12	56	13	49	14	13	15	33	16	43	17	90	18	82	19	83	20	46	21	58	22	15	23	88	24	96	25	53	26	50	27	29	28	43	29	46
	0	96	1	81	2	80	3	41	4	73	5	25	6	86	7	79	8	87	9	34	10	47	11	5	12	87	13	2	14	14	15	22	16	4	17	27	18	92	19	4	20	52	21	59	22	75	23	51	24	41	25	63	26	76	27	94	28	43	29	83
	0	9	1	84	2	96	3	84	4	24	5	37	6	57	7	20	8	11	9	8	10	21	11	52	12	6	13	9	14	67	15	9	16	83	17	17	18	14	19	80	20	4	21	12	22	91	23	62	24	63	25	56	26	35	27	18	28	52	29	100
	0	6	1	8	2	28	3	73	4	54	5	3	6	62	7	5	8	86	9	94	10	95	11	71	12	31	13	57	14	36	15	70	16	73	17	35	18	85	19	72	20	29	21	46	22	48	23	93	24	78	25	29	26	83	27	88	28	58	29	93
	0	15	1	69	2	15	3	21	4	69	5	90	6	45	7	49	8	49	9	48	10	69	11	27	12	36	13	97	14	43	15	20	16	88	17	88	18	84	19	15	20	85	21	55	22	65	23	45	24	11	25	27	26	1	27	37	28	8	29	37
	0	53	1	43	2	27	3	51	4	4	5	27	6	46	7	40	8	78	9	1	10	57	11	71	12	22	13	42	14	27	15	90	16	68	17	28	18	85	19	12	20	39	21	73	22	94	23	57	24	71	25	63	26	3	27	95	28	56	29	2
	0	4	1	72	2	47	3	38	4	22	5	45	6	65	7	20	8	16	9	52	10	93	11	100	12	80	13	83	14	70	15	99	16	57	17	31	18	98	19	83	20	20	21	43	22	33	23	25	24	68	25	98	26	29	27	47	28	52	29	82
	0	46	1	79	2	31	3	37	4	48	5	61	6	2	7	5	8	45	9	83	10	85	11	85	12	64	13	50	14	33	15	93	16	46	17	97	18	11	19	78	20	9	21	100	22	55	23	35	24	18	25	71	26	8	27	22	28	54	29	10
	0	9	1	70	2	83	3	61	4	46	5	53	6	49	7	8	8	41	9	34	10	53	11	89	12	100	13	22	14	96	15	23	16	51	17	10	18	89	19	74	20	67	21	66	22	59	23	8	24	24	25	92	26	5	27	5	28	63	29	1
	0	94	1	28	2	42	3	47	4	86	5	80	6	2	7	17	8	23	9	91	10	82	11	87	12	52	13	99	14	57	15	73	16	30	17	50	18	88	19	47	20	48	21	8	22	100	23	3	24	89	25	51	26	31	27	72	28	63	29	7
	0	23	1	36	2	30	3	41	4	42	5	1	6	81	7	11	8	45	9	4	10	30	11	35	12	39	13	72	14	66	15	64	16	96	17	75	18	37	19	29	20	20	21	18	22	79	23	15	24	80	25	79	26	23	27	85	28	50	29	80
	0	19	1	47	2	27	3	50	4	75	5	55	6	20	7	21	8	3	9	62	10	19	11	63	12	9	13	80	14	96	15	47	16	75	17	22	18	1	19	91	20	22	21	23	22	42	23	38	24	45	25	51	26	72	27	57	28	68	29	81
	0	25	1	78	2	56	3	85	4	57	5	95	6	75	7	38	8	6	9	98	10	95	11	84	12	61	13	22	14	83	15	78	16	9	17	23	18	18	19	4	20	4	21	13	22	22	23	56	24	70	25	23	26	17	27	11	28	37	29	77
	0	13	1	27	2	71	3	75	4	18	5	68	6	42	7	50	8	9	9	23	10	50	11	24	12	8	13	67	14	4	15	85	16	59	17	98	18	100	19	61	20	89	21	26	22	80	23	55	24	9	25	19	26	40	27	93	28	74	29	27
	0	32	1	56	2	32	3	20	4	73	5	35	6	4	7	33	8	54	9	19	10	90	11	6	12	26	13	95	14	98	15	39	16	77	17	32	18	25	19	21	20	67	21	74	22	44	23	94	24	49	25	62	26	85	27	66	28	9	29	66
	0	5	1	74	2	6	3	88	4	79	5	74	6	86	7	70	8	71	9	7	10	14	11	34	12	61	13	48	14	23	15	5	16	33	17	67	18	4	19	20	20	52	21	42	22	74	23	27	24	93	25	6	26	80	27	4	28	87	29	13
	0	53	1	65	2	3	3	62	4	6	5	43	6	91	7	18	8	36	9	48	10	35	11	6	12	84	13	53	14	1	15	74	16	54	17	51	18	86	19	56	20	4	21	82	22	96	23	72	24	57	25	37	26	7	27	46	28	83	29	75
	0	82	1	44	2	69	3	12	4	71	5	43	6	75	7	67	8	91	9	93	10	19	11	85	12	70	13	33	14	74	15	61	16	19	17	74	18	51	19	33	20	38	21	54	22	92	23	27	24	94	25	33	26	22	27	71	28	12	29	87
	0	15	1	100	2	74	3	3	4	76	5	32	6	21	7	6	8	49	9	84	10	82	11	53	12	1	13	50	14	7	15	82	16	40	17	69	18	59	19	99	20	67	21	51	22	79	23	43	24	77	25	44	26	64	27	64	28	46	29	49
	0	93	1	93	2	79	3	27	4	97	5	2	6	10	7	51	8	69	9	81	10	62	11	94	12	49	13	71	14	19	15	63	16	35	17	36	18	80	19	13	20	96	21	68	22	75	23	7	24	7	25	48	26	64	27	94	28	12	29	17
	0	75	1	43	2	94	3	15	4	23	5	34	6	17	7	14	8	31	9	97	10	42	11	35	12	40	13	73	14	63	15	28	16	79	17	96	18	100	19	65	20	41	21	60	22	40	23	61	24	68	25	4	26	25	27	32	28	54	29	18
	0	21	1	57	2	26	3	74	4	16	5	95	6	39	7	21	8	35	9	77	10	15	11	100	12	75	13	76	14	6	15	73	16	76	17	24	18	59	19	72	20	8	21	32	22	13	23	98	24	32	25	23	26	59	27	47	28	48	29	95
	0	43	1	31	2	61	3	64	4	87	5	17	6	16	7	64	8	67	9	18	10	85	11	94	12	62	13	89	14	8	15	50	16	80	17	25	18	21	19	70	20	6	21	67	22	20	23	85	24	32	25	47	26	46	27	64	28	82	29	44
	0	95	1	79	2	22	3	26	4	82	5	33	6	15	7	98	8	11	9	39	10	88	11	82	12	31	13	31	14	91	15	98	16	92	17	42	18	75	19	35	20	18	21	91	22	38	23	6	24	57	25	63	26	79	27	49	28	89	29	58
	0	92	1	1	2	95	3	63	4	76	5	73	6	20	7	71	8	38	9	95	10	75	11	30	12	33	13	93	14	72	15	18	16	40	17	60	18	83	19	76	20	100	21	84	22	67	23	30	24	43	25	69	26	97	27	94	28	81	29	75
	0	2	1	40	2	62	3	30	4	85	5	66	6	88	7	18	8	91	9	1	10	55	11	35	12	41	13	33	14	76	15	62	16	40	17	50	18	71	19	11	20	48	21	16	22	59	23	32	24	50	25	38	26	79	27	85	28	76	29	95
	0	10	1	22	2	56	3	14	4	88	5	41	6	8	7	46	8	35	9	82	10	94	11	59	12	35	13	99	14	97	15	36	16	36	17	22	18	98	19	85	20	62	21	88	22	58	23	64	24	53	25	16	26	34	27	86	28	76	29	34
	0	88	1	71	2	83	3	15	4	59	5	44	6	85	7	47	8	17	9	1	10	88	11	66	12	13	13	95	14	15	15	20	16	92	17	13	18	78	19	37	20	45	21	46	22	14	23	30	24	95	25	62	26	74	27	46	28	69	29	55
	0	33	1	51	2	84	3	19	4	62	5	2	6	48	7	60	8	88	9	63	10	70	11	65	12	17	13	44	14	12	15	73	16	5	17	81	18	32	19	30	20	12	21	94	22	9	23	19	24	47	25	77	26	48	27	90	28	16	29	13
	0	85	1	41	2	18	3	18	4	73	5	21	6	56	7	61	8	94	9	56	10	52	11	4	12	36	13	15	14	83	15	68	16	40	17	73	18	85	19	17	20	78	21	40	22	95	23	9	24	54	25	55	26	2	27	71	28	12	29	67
	0	61	1	81	2	98	3	54	4	71	5	73	6	22	7	52	8	18	9	95	10	1	11	89	12	54	13	89	14	90	15	64	16	44	17	68	18	27	19	85	20	5	21	15	22	52	23	85	24	26	25	23	26	74	27	69	28	41	29	54
	0	92	1	54	2	93	3	92	4	5	5	21	6	3	7	2	8	57	9	72	10	45	11	34	12	7	13	82	14	91	15	36	16	15	17	65	18	55	19	49	20	88	21	18	22	85	23	13	24	34	25	97	26	51	27	4	28	99	29	39
	0	45	1	73	2	100	3	46	4	86	5	66	6	85	7	78	8	94	9	45	10	60	11	34	12	83	13	35	14	81	15	19	16	78	17	66	18	2	19	11	20	64	21	92	22	20	23	91	24	15	25	1	26	60	27	97	28	63	29	48
	0	88	1	9	2	15	3	73	4	56	5	82	6	13	7	96	8	3	9	79	10	94	11	92	12	72	13	78	14	19	15	80	16	25	17	51	18	53	19	1	20	50	21	33	22	16	23	56	24	1	25	39	26	55	27	21	28	23	29	95
	0	98	1	75	2	36	3	85	4	74	5	2	6	88	7	37	8	39	9	55	10	4	11	90	12	24	13	85	14	91	15	33	16	89	17	78	18	75	19	92	20	72	21	65	22	65	23	2	24	49	25	76	26	94	27	11	28	38	29	65
	0	78	1	90	2	38	3	33	4	71	5	39	6	65	7	11	8	30	9	25	10	28	11	92	12	16	13	92	14	75	15	19	16	74	17	18	18	71	19	67	20	99	21	20	22	15	23	84	24	61	25	27	26	99	27	63	28	44	29	70
	0	65	1	77	2	32	3	70	4	10	5	96	6	50	7	5	8	49	9	49	10	27	11	1	12	37	13	30	14	51	15	80	16	10	17	38	18	34	19	40	20	92	21	9	22	97	23	77	24	77	25	84	26	62	27	56	28	96	29	5
	0	78	1	93	2	7	3	55	4	56	5	11	6	88	7	66	8	67	9	82	10	10	11	71	12	30	13	58	14	19	15	71	16	3	17	62	18	60	19	39	20	43	21	96	22	21	23	93	24	4	25	69	26	78	27	94	28	97	29	77
	0	64	1	68	2	8	3	69	4	6	5	45	6	73	7	80	8	88	9	70	10	46	11	34	12	52	13	30	14	97	15	28	16	21	17	93	18	50	19	63	20	27	21	71	22	30	23	71	24	75	25	34	26	86	27	66	28	57	29	44
	0	3	1	17	2	26	3	91	4	27	5	5	6	74	7	47	8	68	9	33	10	75	11	63	12	46	13	88	14	97	15	82	16	95	17	83	18	87	19	51	20	51	21	17	22	83	23	34	24	84	25	40	26	13	27	76	28	43	29	2
	0	71	1	65	2	27	3	42	4	97	5	94	6	12	7	20	8	95	9	12	10	83	11	12	12	57	13	24	14	58	15	35	16	90	17	84	18	98	19	32	20	56	21	75	22	49	23	78	24	72	25	79	26	49	27	66	28	43	29	86
	0	6	1	77	2	100	3	92	4	21	5	55	6	88	7	70	8	20	9	46	10	21	11	41	12	16	13	53	14	89	15	61	16	4	17	30	18	96	19	96	20	90	21	24	22	61	23	73	24	69	25	9	26	7	27	9	28	29	29	4
	0	16	1	61	2	40	3	51	4	44	5	57	6	48	7	2	8	6	9	90	10	95	11	30	12	76	13	89	14	23	15	76	16	68	17	8	18	42	19	94	20	99	21	78	22	60	23	49	24	33	25	30	26	21	27	91	28	71	29	80
	0	85	1	93	2	29	3	23	4	44	5	53	6	22	7	99	8	76	9	65	10	53	11	2	12	61	13	35	14	52	15	62	16	21	17	93	18	40	19	25	20	60	21	9	22	3	23	92	24	6	25	33	26	96	27	6	28	94	29	15
	0	17	1	96	2	34	3	67	4	23	5	21	6	48	7	71	8	75	9	54	10	82	11	65	12	27	13	29	14	26	15	34	16	15	17	16	18	82	19	5	20	95	21	99	22	80	23	23	24	34	25	2	26	34	27	43	28	69	29	38
	0	63	1	90	2	70	3	17	4	54	5	43	6	88	7	28	8	15	9	62	10	62	11	63	12	51	13	65	14	19	15	73	16	80	17	19	18	98	19	59	20	35	21	2	22	68	23	44	24	58	25	47	26	38	27	73	28	57	29	85
	0	68	1	40	2	85	3	37	4	24	5	52	6	79	7	33	8	55	9	48	10	41	11	42	12	65	13	66	14	75	15	63	16	18	17	10	18	95	19	91	20	5	21	53	22	70	23	61	24	39	25	99	26	81	27	58	28	81	29	71
	0	98	1	3	2	4	3	3	4	100	5	92	6	45	7	60	8	1	9	32	10	2	11	8	12	56	13	96	14	84	15	5	16	55	17	100	18	8	19	94	20	30	21	68	22	13	23	8	24	32	25	52	26	35	27	32	28	70	29	95
	0	48	1	66	2	85	3	81	4	82	5	94	6	29	7	3	8	66	9	56	10	69	11	30	12	54	13	64	14	22	15	70	16	41	17	26	18	99	19	53	20	66	21	55	22	20	23	82	24	65	25	88	26	26	27	29	28	26	29	34
	0	77	1	61	2	46	3	26	4	55	5	41	6	4	7	56	8	78	9	35	10	93	11	3	12	93	13	2	14	79	15	97	16	32	17	74	18	77	19	72	20	22	21	39	22	66	23	100	24	90	25	79	26	77	27	8	28	12	29	40
	0	28	1	27	2	88	3	25	4	2	5	24	6	53	7	46	8	66	9	9	10	34	11	65	12	2	13	16	14	37	15	13	16	91	17	14	18	16	19	84	20	55	21	93	22	49	23	16	24	78	25	13	26	43	27	18	28	35	29	34
	0	10	1	18	2	4	3	56	4	24	5	19	6	62	7	33	8	32	9	96	10	60	11	50	12	70	13	84	14	39	15	62	16	24	17	18	18	49	19	51	20	32	21	39	22	56	23	36	24	12	25	78	26	67	27	54	28	65	29	73
	0	95	1	84	2	97	3	89	4	61	5	94	6	35	7	38	8	96	9	27	10	53	11	32	12	73	13	52	14	38	15	99	16	20	17	62	18	37	19	60	20	58	21	68	22	74	23	41	24	84	25	53	26	48	27	59	28	91	29	58
	0	29	1	31	2	84	3	28	4	10	5	64	6	51	7	40	8	5	9	43	10	89	11	82	12	83	13	32	14	88	15	65	16	75	17	30	18	31	19	84	20	13	21	72	22	68	23	53	24	68	25	58	26	61	27	94	28	6	29	35
	0	6	1	40	2	85	3	95	4	97	5	87	6	40	7	46	8	72	9	21	10	53	11	58	12	51	13	76	14	99	15	13	16	82	17	15	18	1	19	9	20	30	21	50	22	50	23	76	24	76	25	21	26	72	27	20	28	30	29	14
	0	41	1	16	2	63	3	88	4	70	5	80	6	4	7	33	8	38	9	26	10	66	11	89	12	28	13	70	14	9	15	88	16	84	17	35	18	29	19	6	20	16	21	86	22	43	23	35	24	2	25	81	26	20	27	12	28	79	29	24
	0	55	1	67	2	16	3	54	4	8	5	69	6	3	7	17	8	39	9	90	10	13	11	85	12	22	13	23	14	13	15	33	16	12	17	100	18	31	19	92	20	96	21	16	22	7	23	22	24	68	25	62	26	82	27	88	28	87	29	94
	0	12	1	28	2	19	3	10	4	1	5	41	6	80	7	25	8	84	9	49	10	12	11	35	12	31	13	90	14	74	15	29	16	24	17	62	18	30	19	93	20	39	21	19	22	49	23	2	24	40	25	93	26	74	27	10	28	60	29	85
	0	9	1	60	2	29	3	55	4	28	5	2	6	74	7	6	8	17	9	77	10	98	11	35	12	100	13	95	14	16	15	2	16	1	17	39	18	10	19	37	20	51	21	51	22	15	23	92	24	44	25	97	26	67	27	89	28	97	29	5
	0	64	1	51	2	62	3	31	4	20	5	93	6	4	7	2	8	22	9	18	10	51	11	20	12	12	13	46	14	52	15	48	16	51	17	66	18	26	19	11	20	52	21	4	22	85	23	61	24	75	25	23	26	38	27	9	28	21	29	15
	0	47	1	27	2	80	3	51	4	68	5	54	6	7	7	94	8	94	9	71	10	40	11	85	12	8	13	25	14	75	15	69	16	85	17	26	18	75	19	20	20	20	21	32	22	64	23	71	24	62	25	8	26	41	27	65	28	79	29	24
	0	17	1	88	2	2	3	8	4	51	5	43	6	94	7	3	8	46	9	73	10	62	11	73	12	28	13	53	14	10	15	44	16	20	17	4	18	90	19	9	20	85	21	89	22	97	23	12	24	93	25	10	26	32	27	83	28	44	29	10
	0	13	1	4	2	56	3	42	4	12	5	30	6	80	7	71	8	53	9	78	10	26	11	9	12	93	13	71	14	96	15	10	16	76	17	100	18	63	19	66	20	24	21	32	22	37	23	87	24	18	25	91	26	19	27	58	28	66	29	74
	0	23	1	87	2	80	3	90	4	18	5	22	6	95	7	28	8	25	9	69	10	2	11	6	12	67	13	46	14	93	15	32	16	63	17	79	18	18	19	96	20	1	21	82	22	19	23	80	24	45	25	19	26	88	27	34	28	55	29	15
	0	55	1	75	2	25	3	67	4	15	5	94	6	68	7	89	8	41	9	88	10	3	11	60	12	46	13	39	14	24	15	93	16	89	17	23	18	54	19	25	20	45	21	11	22	16	23	96	24	73	25	89	26	79	27	76	28	57	29	31
	0	45	1	46	2	9	3	77	4	3	5	59	6	49	7	11	8	54	9	17	10	11	11	47	12	90	13	57	14	31	15	58	16	84	17	20	18	26	19	14	20	100	21	52	22	59	23	99	24	71	25	64	26	56	27	48	28	68	29	41
	0	22	1	2	2	69	3	81	4	61	5	77	6	19	7	9	8	9	9	8	10	6	11	95	12	34	13	94	14	19	15	60	16	52	17	70	18	66	19	63	20	71	21	74	22	45	23	100	24	60	25	94	26	13	27	56	28	10	29	97
	0	99	1	83	2	25	3	91	4	38	5	11	6	62	7	70	8	44	9	5	10	16	11	31	12	36	13	26	14	12	15	70	16	79	17	60	18	49	19	7	20	22	21	23	22	11	23	78	24	35	25	53	26	42	27	3	28	72	29	58
	0	45	1	26	2	16	3	64	4	52	5	68	6	95	7	94	8	84	9	55	10	55	11	73	12	87	13	100	14	41	15	26	16	14	17	67	18	19	19	37	20	5	21	28	22	39	23	63	24	53	25	97	26	29	27	30	28	95	29	11
	0	59	1	67	2	42	3	80	4	21	5	32	6	35	7	33	8	16	9	51	10	19	11	31	12	38	13	77	14	33	15	15	16	100	17	26	18	84	19	29	20	46	21	59	22	50	23	21	24	34	25	11	26	26	27	8	28	90	29	91
	0	3	1	79	2	70	3	97	4	52	5	52	6	76	7	25	8	52	9	10	10	12	11	67	12	81	13	99	14	86	15	22	16	64	17	50	18	73	19	71	20	31	21	51	22	23	23	83	24	60	25	97	26	57	27	60	28	76	29	87
	0	90	1	34	2	47	3	47	4	82	5	74	6	97	7	88	8	97	9	70	10	25	11	48	12	25	13	90	14	3	15	62	16	99	17	50	18	80	19	57	20	6	21	19	22	38	23	79	24	72	25	56	26	54	27	96	28	94	29	65
	0	73	1	13	2	10	3	97	4	1	5	27	6	57	7	40	8	70	9	87	10	60	11	83	12	23	13	27	14	30	15	35	16	37	17	25	18	88	19	45	20	81	21	62	22	24	23	44	24	57	25	14	26	73	27	13	28	98	29	83
	0	60	1	47	2	3	3	67	4	37	5	56	6	37	7	13	8	38	9	49	10	32	11	97	12	99	13	69	14	58	15	50	16	35	17	79	18	57	19	92	20	68	21	26	22	59	23	72	24	39	25	33	26	11	27	3	28	64	29	80
	0	4	1	52	2	4	3	90	4	78	5	29	6	67	7	27	8	21	9	70	10	50	11	71	12	16	13	19	14	5	15	23	16	89	17	47	18	81	19	61	20	58	21	73	22	64	23	54	24	4	25	67	26	42	27	86	28	92	29	49
	0	38	1	70	2	27	3	20	4	10	5	42	6	24	7	83	8	3	9	66	10	14	11	45	12	4	13	88	14	25	15	6	16	27	17	28	18	20	19	76	20	40	21	89	22	54	23	75	24	9	25	29	26	99	27	4	28	10	29	19
	0	64	1	6	2	51	3	85	4	70	5	34	6	91	7	16	8	93	9	14	10	58	11	65	12	72	13	57	14	91	15	98	16	33	17	61	18	73	19	55	20	1	21	21	22	21	23	32	24	79	25	9	26	43	27	89	28	24	29	18
	0	100	1	61	2	59	3	77	4	12	5	19	6	78	7	66	8	96	9	88	10	54	11	7	12	48	13	57	14	48	15	3	16	86	17	11	18	83	19	40	20	7	21	68	22	26	23	92	24	61	25	22	26	88	27	87	28	13	29	11
	0	54	1	19	2	55	3	56	4	82	5	18	6	90	7	51	8	45	9	13	10	5	11	99	12	96	13	52	14	3	15	16	16	89	17	59	18	46	19	54	20	89	21	50	22	51	23	15	24	35	25	26	26	32	27	58	28	56	29	23
	0	76	1	11	2	58	3	96	4	96	5	59	6	7	7	39	8	11	9	51	10	8	11	2	12	31	13	53	14	30	15	37	16	56	17	51	18	38	19	75	20	12	21	65	22	35	23	49	24	87	25	37	26	12	27	86	28	41	29	100
	0	80	1	33	2	96	3	46	4	1	5	10	6	33	7	44	8	78	9	98	10	61	11	80	12	49	13	84	14	22	15	19	16	87	17	53	18	50	19	13	20	32	21	77	22	7	23	98	24	75	25	48	26	52	27	62	28	90	29	63
	0	24	1	76	2	74	3	32	4	42	5	10	6	45	7	4	8	53	9	95	10	10	11	5	12	80	13	84	14	97	15	38	16	55	17	29	18	19	19	92	20	35	21	90	22	5	23	69	24	36	25	20	26	35	27	8	28	42	29	8
	0	43	1	72	2	51	3	74	4	75	5	39	6	96	7	37	8	45	9	93	10	30	11	12	12	88	13	24	14	70	15	2	16	26	17	67	18	43	19	81	20	95	21	50	22	69	23	12	24	85	25	32	26	90	27	13	28	10	29	43
	0	11	1	82	2	92	3	58	4	27	5	48	6	40	7	74	8	43	9	99	10	52	11	73	12	19	13	9	14	67	15	69	16	88	17	58	18	53	19	5	20	31	21	36	22	8	23	22	24	19	25	45	26	96	27	23	28	39	29	73
	0	65	1	17	2	71	3	78	4	4	5	89	6	86	7	16	8	46	9	59	10	79	11	8	12	13	13	11	14	58	15	12	16	72	17	5	18	48	19	70	20	44	21	8	22	95	23	17	24	70	25	4	26	57	27	96	28	58	29	75
	0	38	1	9	2	36	3	47	4	91	5	84	6	91	7	63	8	99	9	61	10	88	11	17	12	6	13	15	14	70	15	56	16	67	17	65	18	100	19	49	20	26	21	40	22	7	23	61	24	47	25	14	26	13	27	96	28	67	29	10
	0	85	1	97	2	24	3	45	4	28	5	1	6	99	7	71	8	10	9	2	10	66	11	27	12	85	13	72	14	36	15	10	16	59	17	31	18	50	19	21	20	17	21	70	22	51	23	63	24	98	25	75	26	28	27	80	28	90	29	99
	0	36	1	72	2	86	3	77	4	17	5	18	6	20	7	98	8	80	9	3	10	63	11	55	12	22	13	26	14	75	15	50	16	85	17	22	18	14	19	35	20	94	21	52	22	60	23	89	24	13	25	21	26	16	27	89	28	16	29	33
	0	73	1	13	2	63	3	4	4	67	5	77	6	20	7	81	8	56	9	9	10	76	11	33	12	98	13	98	14	34	15	31	16	16	17	80	18	81	19	19	20	62	21	44	22	68	23	41	24	35	25	77	26	59	27	85	28	6	29	66
	0	19	1	53	2	56	3	43	4	52	5	71	6	28	7	37	8	19	9	99	10	54	11	57	12	89	13	100	14	8	15	34	16	4	17	80	18	85	19	89	20	57	21	8	22	26	23	12	24	24	25	87	26	19	27	57	28	94	29	17
	0	61	1	97	2	79	3	85	4	52	5	93	6	16	7	72	8	65	9	74	10	81	11	52	12	2	13	17	14	76	15	36	16	31	17	92	18	62	19	75	20	82	21	10	22	55	23	36	24	25	25	68	26	97	27	100	28	61	29	5
	0	79	1	65	2	14	3	99	4	69	5	39	6	96	7	71	8	76	9	50	10	70	11	79	12	60	13	35	14	57	15	13	16	55	17	60	18	51	19	28	20	76	21	84	22	26	23	75	24	24	25	87	26	72	27	19	28	5	29	7
	0	77	1	47	2	35	3	70	4	48	5	17	6	97	7	88	8	40	9	84	10	59	11	83	12	27	13	23	14	88	15	55	16	47	17	24	18	99	19	80	20	96	21	23	22	44	23	36	24	56	25	17	26	22	27	86	28	76	29	46
	0	48	1	49	2	56	3	62	4	40	5	57	6	89	7	20	8	3	9	69	10	60	11	43	12	4	13	91	14	20	15	51	16	82	17	35	18	71	19	78	20	40	21	93	22	42	23	88	24	97	25	25	26	31	27	73	28	15	29	96
	0	42	1	8	2	9	3	80	4	57	5	78	6	30	7	45	8	10	9	7	10	60	11	84	12	51	13	58	14	53	15	32	16	24	17	86	18	43	19	11	20	96	21	55	22	68	23	85	24	7	25	56	26	100	27	11	28	31	29	78
	0	74	1	19	2	69	3	43	4	55	5	67	6	7	7	78	8	99	9	39	10	27	11	100	12	73	13	99	14	27	15	42	16	58	17	2	18	13	19	26	20	52	21	33	22	63	23	89	24	31	25	33	26	57	27	90	28	49	29	16
	0	57	1	73	2	81	3	98	4	52	5	61	6	35	7	93	8	7	9	94	10	98	11	35	12	2	13	50	14	81	15	43	16	24	17	10	18	80	19	38	20	54	21	48	22	76	23	66	24	79	25	61	26	34	27	100	28	1	29	78
	0	74	1	25	2	30	3	97	4	24	5	12	6	82	7	52	8	80	9	54	10	26	11	10	12	37	13	16	14	45	15	33	16	55	17	9	18	98	19	78	20	85	21	14	22	9	23	3	24	62	25	87	26	25	27	8	28	40	29	41
	0	96	1	35	2	39	3	91	4	89	5	92	6	1	7	82	8	43	9	82	10	6	11	62	12	3	13	63	14	82	15	55	16	7	17	54	18	99	19	56	20	24	21	63	22	49	23	45	24	38	25	20	26	41	27	89	28	51	29	16
	0	71	1	98	2	41	3	4	4	37	5	27	6	97	7	100	8	14	9	66	10	18	11	91	12	8	13	39	14	48	15	39	16	59	17	15	18	88	19	41	20	50	21	5	22	99	23	85	24	55	25	84	26	94	27	4	28	28	29	80
	0	76	1	23	2	5	3	2	4	84	5	51	6	99	7	13	8	34	9	69	10	76	11	61	12	82	13	99	14	68	15	26	16	41	17	78	18	50	19	47	20	31	21	51	22	77	23	42	24	40	25	64	26	94	27	23	28	25	29	38
	0	18	1	79	2	91	3	20	4	79	5	75	6	15	7	73	8	83	9	92	10	3	11	42	12	8	13	5	14	7	15	1	16	49	17	74	18	34	19	70	20	95	21	91	22	25	23	67	24	84	25	17	26	83	27	23	28	66	29	94
	0	75	1	79	2	91	3	21	4	57	5	47	6	87	7	26	8	72	9	89	10	86	11	69	12	26	13	70	14	36	15	74	16	59	17	68	18	97	19	50	20	47	21	58	22	94	23	77	24	5	25	98	26	5	27	43	28	86	29	85
	0	75	1	67	2	85	3	63	4	10	5	55	6	5	7	98	8	81	9	55	10	36	11	48	12	33	13	17	14	44	15	1	16	96	17	81	18	1	19	49	20	39	21	36	22	71	23	36	24	3	25	23	26	51	27	82	28	8	29	99
	0	26	1	75	2	37	3	51	4	89	5	1	6	20	7	43	8	37	9	16	10	73	11	48	12	34	13	25	14	83	15	70	16	21	17	86	18	32	19	82	20	89	21	69	22	88	23	25	24	68	25	48	26	35	27	37	28	86	29	80
	0	95	1	27	2	2	3	22	4	75	5	96	6	17	7	80	8	48	9	63	10	23	11	99	12	29	13	84	14	41	15	20	16	30	17	28	18	40	19	78	20	94	21	70	22	78	23	28	24	38	25	26	26	70	27	92	28	62	29	15
	0	83	1	81	2	98	3	33	4	31	5	52	6	17	7	87	8	94	9	67	10	5	11	6	12	7	13	94	14	75	15	28	16	72	17	60	18	98	19	53	20	5	21	32	22	42	23	76	24	15	25	5	26	66	27	64	28	79	29	16
	0	14	1	42	2	56	3	3	4	85	5	88	6	52	7	96	8	3	9	53	10	42	11	1	12	84	13	76	14	100	15	100	16	95	17	36	18	93	19	1	20	45	21	73	22	38	23	3	24	42	25	71	26	43	27	55	28	32	29	74
	0	68	1	19	2	78	3	95	4	67	5	86	6	56	7	25	8	23	9	87	10	76	11	59	12	76	13	2	14	63	15	92	16	85	17	67	18	30	19	52	20	10	21	22	22	62	23	79	24	83	25	49	26	68	27	67	28	2	29	8
	0	78	1	7	2	79	3	54	4	100	5	35	6	21	7	100	8	41	9	42	10	25	11	56	12	92	13	10	14	8	15	62	16	99	17	87	18	16	19	99	20	80	21	8	22	80	23	31	24	72	25	27	26	6	27	29	28	4	29	11
	0	24	1	71	2	31	3	30	4	25	5	24	6	82	7	16	8	71	9	40	10	6	11	3	12	56	13	39	14	11	15	49	16	44	17	53	18	35	19	9	20	14	21	48	22	1	23	28	24	99	25	61	26	33	27	36	28	91	29	2
	0	39	1	94	2	40	3	30	4	98	5	20	6	90	7	83	8	86	9	81	10	12	11	28	12	50	13	33	14	36	15	72	16	3	17	59	18	86	19	22	20	96	21	19	22	75	23	22	24	8	25	23	26	14	27	73	28	32	29	89
	0	42	1	32	2	72	3	41	4	74	5	44	6	70	7	72	8	27	9	37	10	30	11	59	12	89	13	14	14	1	15	24	16	6	17	93	18	43	19	63	20	32	21	94	22	89	23	93	24	61	25	75	26	74	27	93	28	14	29	54
	0	93	1	34	2	86	3	82	4	7	5	19	6	46	7	52	8	22	9	92	10	62	11	45	12	91	13	71	14	87	15	72	16	25	17	29	18	25	19	41	20	17	21	21	22	75	23	69	24	5	25	18	26	7	27	18	28	29	29	28
	0	35	1	17	2	69	3	82	4	66	5	17	6	59	7	35	8	71	9	66	10	11	11	2	12	87	13	16	14	3	15	26	16	40	17	3	18	17	19	68	20	74	21	58	22	18	23	34	24	1	25	24	26	17	27	100	28	18	29	9
	0	61	1	6	2	56	3	2	4	50	5	10	6	50	7	5	8	50	9	33	10	60	11	78	12	75	13	37	14	68	15	10	16	58	17	23	18	26	19	37	20	6	21	23	22	54	23	86	24	46	25	40	26	95	27	12	28	80	29	54
	0	69	1	62	2	17	3	95	4	3	5	77	6	54	7	57	8	23	9	12	10	7	11	95	12	20	13	54	14	37	15	47	16	40	17	40	18	6	19	47	20	69	21	28	22	54	23	41	24	88	25	69	26	8	27	18	28	35	29	65
	0	34	1	14	2	4	3	39	4	100	5	52	6	49	7	33	8	35	9	26	10	93	11	10	12	69	13	46	14	50	15	38	16	3	17	96	18	8	19	70	20	55	21	76	22	36	23	58	24	56	25	32	26	15	27	52	28	22	29	85
	0	95	1	88	2	100	3	24	4	39	5	55	6	72	7	23	8	8	9	91	10	80	11	87	12	84	13	69	14	80	15	47	16	47	17	50	18	61	19	61	20	47	21	16	22	70	23	76	24	44	25	34	26	39	27	72	28	99	29	84
	0	10	1	98	2	44	3	66	4	82	5	44	6	60	7	76	8	52	9	42	10	44	11	97	12	7	13	69	14	46	15	63	16	94	17	99	18	4	19	86	20	81	21	33	22	4	23	45	24	75	25	99	26	50	27	91	28	63	29	100
	0	21	1	12	2	4	3	51	4	46	5	58	6	69	7	48	8	23	9	20	10	17	11	34	12	62	13	24	14	67	15	70	16	45	17	67	18	69	19	41	20	7	21	21	22	17	23	19	24	95	25	76	26	51	27	90	28	59	29	90
	0	22	1	18	2	84	3	88	4	44	5	80	6	62	7	100	8	29	9	24	10	54	11	58	12	4	13	10	14	16	15	71	16	47	17	50	18	69	19	56	20	75	21	53	22	40	23	3	24	6	25	38	26	6	27	79	28	36	29	81
	0	22	1	20	2	42	3	93	4	12	5	63	6	76	7	58	8	46	9	7	10	16	11	73	12	50	13	9	14	4	15	75	16	2	17	64	18	62	19	33	20	26	21	8	22	89	23	52	24	79	25	59	26	66	27	24	28	94	29	75
	0	29	1	94	2	34	3	93	4	81	5	58	6	46	7	91	8	56	9	97	10	49	11	67	12	66	13	12	14	78	15	47	16	68	17	17	18	65	19	56	20	63	21	6	22	44	23	3	24	92	25	97	26	98	27	92	28	100	29	26
	0	87	1	39	2	83	3	40	4	35	5	51	6	30	7	6	8	51	9	26	10	47	11	49	12	17	13	46	14	96	15	69	16	76	17	96	18	6	19	19	20	92	21	25	22	32	23	22	24	73	25	21	26	79	27	82	28	65	29	82
	0	93	1	4	2	82	3	95	4	11	5	17	6	12	7	62	8	15	9	97	10	11	11	25	12	20	13	5	14	90	15	88	16	9	17	91	18	50	19	32	20	82	21	48	22	18	23	79	24	87	25	98	26	80	27	45	28	47	29	44
	0	44	1	84	2	12	3	36	4	47	5	20	6	83	7	16	8	96	9	19	10	92	11	56	12	29	13	48	14	52	15	94	16	5	17	11	18	88	19	33	20	80	21	81	22	22	23	63	24	20	25	47	26	74	27	13	28	56	29	59
	0	5	1	57	2	94	3	31	4	9	5	10	6	19	7	41	8	27	9	13	10	63	11	42	12	51	13	68	14	30	15	52	16	30	17	86	18	94	19	12	20	1	21	70	22	13	23	23	24	7	25	12	26	23	27	91	28	76	29	13
	0	10	1	47	2	67	3	33	4	70	5	32	6	16	7	33	8	8	9	40	10	29	11	76	12	36	13	80	14	15	15	85	16	59	17	100	18	48	19	88	20	84	21	63	22	96	23	86	24	68	25	88	26	78	27	31	28	97	29	94
	0	7	1	5	2	71	3	99	4	57	5	25	6	20	7	73	8	49	9	21	10	92	11	46	12	32	13	60	14	81	15	5	16	40	17	23	18	81	19	55	20	8	21	47	22	97	23	13	24	8	25	82	26	34	27	59	28	31	29	45
	0	57	1	69	2	14	3	63	4	91	5	1	6	5	7	26	8	90	9	17	10	7	11	7	12	20	13	42	14	39	15	11	16	11	17	17	18	14	19	62	20	82	21	80	22	20	23	50	24	50	25	88	26	50	27	72	28	70	29	69
	0	22	1	69	2	63	3	53	4	76	5	22	6	39	7	44	8	51	9	65	10	20	11	1	12	73	13	37	14	12	15	64	16	9	17	62	18	84	19	44	20	58	21	45	22	66	23	43	24	100	25	21	26	57	27	90	28	21	29	86
	0	5	1	2	2	65	3	6	4	19	5	14	6	6	7	84	8	6	9	21	10	39	11	12	12	46	13	42	14	11	15	73	16	56	17	97	18	58	19	37	20	3	21	39	22	26	23	80	24	60	25	10	26	76	27	24	28	25	29	96
	0	3	1	65	2	40	3	96	4	30	5	50	6	79	7	41	8	50	9	13	10	5	11	24	12	26	13	76	14	99	15	32	16	68	17	87	18	14	19	78	20	62	21	48	22	17	23	81	24	6	25	38	26	11	27	51	28	79	29	63
	0	59	1	64	2	58	3	65	4	44	5	39	6	46	7	82	8	36	9	52	10	86	11	37	12	65	13	48	14	71	15	4	16	5	17	39	18	74	19	70	20	15	21	96	22	53	23	96	24	19	25	76	26	16	27	56	28	85	29	36
	0	51	1	80	2	57	3	24	4	34	5	59	6	58	7	71	8	100	9	72	10	33	11	94	12	25	13	51	14	40	15	90	16	47	17	83	18	84	19	7	20	43	21	23	22	61	23	93	24	22	25	72	26	48	27	59	28	10	29	33
	0	69	1	37	2	40	3	57	4	14	5	85	6	60	7	29	8	93	9	84	10	36	11	81	12	57	13	36	14	11	15	11	16	100	17	48	18	29	19	40	20	56	21	60	22	70	23	63	24	21	25	59	26	17	27	55	28	90	29	89
	0	73	1	34	2	69	3	29	4	3	5	13	6	18	7	32	8	48	9	75	10	30	11	19	12	58	13	58	14	39	15	77	16	20	17	37	18	39	19	21	20	5	21	38	22	30	23	95	24	34	25	21	26	38	27	40	28	44	29	12
	0	73	1	51	2	22	3	85	4	15	5	87	6	4	7	8	8	55	9	27	10	94	11	10	12	20	13	72	14	23	15	40	16	57	17	42	18	62	19	15	20	69	21	11	22	66	23	83	24	15	25	86	26	96	27	42	28	23	29	30
	0	69	1	3	2	72	3	58	4	9	5	80	6	53	7	87	8	16	9	41	10	5	11	6	12	75	13	60	14	85	15	89	16	52	17	54	18	34	19	80	20	80	21	94	22	23	23	20	24	14	25	17	26	14	27	86	28	1	29	85
	0	57	1	76	2	11	3	73	4	9	5	50	6	17	7	75	8	52	9	9	10	19	11	49	12	43	13	86	14	51	15	66	16	17	17	67	18	19	19	17	20	37	21	70	22	48	23	87	24	55	25	52	26	59	27	22	28	24	29	22
	0	76	1	22	2	93	3	77	4	51	5	59	6	48	7	93	8	63	9	89	10	1	11	32	12	100	13	9	14	40	15	57	16	67	17	84	18	79	19	56	20	58	21	34	22	80	23	16	24	75	25	72	26	38	27	14	28	16	29	19
	0	40	1	99	2	30	3	41	4	54	5	82	6	27	7	84	8	1	9	78	10	96	11	7	12	8	13	38	14	55	15	37	16	62	17	88	18	49	19	82	20	3	21	56	22	60	23	98	24	22	25	48	26	1	27	89	28	66	29	13
	0	10	1	69	2	49	3	97	4	57	5	42	6	32	7	94	8	33	9	62	10	24	11	24	12	99	13	78	14	2	15	10	16	88	17	87	18	70	19	21	20	6	21	44	22	91	23	20	24	74	25	94	26	67	27	24	28	100	29	44
	0	54	1	57	2	75	3	71	4	36	5	74	6	32	7	41	8	90	9	64	10	23	11	97	12	18	13	78	14	86	15	13	16	33	17	33	18	9	19	54	20	21	21	79	22	29	23	66	24	18	25	52	26	8	27	94	28	63	29	27
	0	78	1	7	2	36	3	58	4	49	5	63	6	80	7	65	8	13	9	67	10	62	11	99	12	8	13	80	14	30	15	12	16	6	17	89	18	70	19	93	20	38	21	69	22	68	23	59	24	93	25	60	26	27	27	6	28	26	29	59
	0	6	1	68	2	75	3	10	4	67	5	27	6	80	7	23	8	56	9	80	10	41	11	64	12	52	13	53	14	56	15	92	16	54	17	23	18	38	19	47	20	4	21	78	22	2	23	6	24	56	25	34	26	57	27	51	28	31	29	91
	0	51	1	39	2	35	3	84	4	62	5	52	6	22	7	79	8	26	9	68	10	34	11	6	12	41	13	88	14	33	15	36	16	93	17	3	18	25	19	37	20	96	21	91	22	45	23	77	24	36	25	75	26	30	27	55	28	60	29	79
	0	16	1	64	2	63	3	74	4	35	5	37	6	44	7	94	8	98	9	27	10	49	11	52	12	79	13	8	14	18	15	10	16	50	17	5	18	5	19	72	20	27	21	5	22	27	23	90	24	24	25	83	26	81	27	26	28	26	29	50
	0	25	1	96	2	35	3	36	4	100	5	93	6	37	7	19	8	59	9	61	10	8	11	90	12	20	13	70	14	51	15	25	16	64	17	18	18	18	19	74	20	32	21	48	22	89	23	7	24	9	25	77	26	92	27	86	28	89	29	48
	0	79	1	23	2	60	3	71	4	13	5	69	6	59	7	13	8	17	9	45	10	77	11	44	12	91	13	85	14	19	15	56	16	7	17	75	18	50	19	8	20	21	21	2	22	76	23	67	24	83	25	47	26	55	27	48	28	19	29	81
	0	17	1	70	2	16	3	52	4	51	5	84	6	46	7	75	8	93	9	41	10	96	11	60	12	2	13	96	14	2	15	33	16	33	17	84	18	97	19	51	20	30	21	97	22	15	23	6	24	94	25	56	26	29	27	57	28	8	29	64
	0	99	1	64	2	31	3	59	4	62	5	96	6	71	7	32	8	99	9	20	10	13	11	73	12	40	13	32	14	69	15	36	16	18	17	54	18	57	19	64	20	69	21	24	22	45	23	10	24	26	25	50	26	1	27	31	28	90	29	93
	0	48	1	50	2	42	3	33	4	6	5	21	6	36	7	87	8	75	9	24	10	7	11	20	12	91	13	94	14	61	15	57	16	48	17	44	18	37	19	73	20	94	21	47	22	63	23	40	24	13	25	90	26	49	27	51	28	71	29	94
	0	76	1	42	2	82	3	95	4	80	5	85	6	23	7	1	8	51	9	36	10	100	11	84	12	77	13	43	14	52	15	77	16	17	17	60	18	40	19	67	20	75	21	12	22	53	23	24	24	18	25	22	26	39	27	92	28	51	29	79
	0	35	1	41	2	42	3	13	4	56	5	53	6	68	7	22	8	70	9	85	10	19	11	29	12	65	13	50	14	86	15	9	16	81	17	86	18	8	19	88	20	80	21	16	22	70	23	99	24	54	25	23	26	65	27	70	28	10	29	87
	0	69	1	53	2	82	3	53	4	87	5	46	6	45	7	39	8	77	9	45	10	46	11	95	12	44	13	29	14	74	15	73	16	80	17	88	18	23	19	72	20	85	21	19	22	35	23	63	24	81	25	62	26	22	27	13	28	33	29	60
	0	94	1	58	2	8	3	45	4	58	5	2	6	58	7	3	8	57	9	35	10	100	11	57	12	55	13	94	14	26	15	76	16	12	17	19	18	75	19	3	20	76	21	77	22	38	23	54	24	5	25	48	26	86	27	29	28	91	29	100
	0	45	1	45	2	44	3	3	4	47	5	80	6	69	7	49	8	44	9	77	10	34	11	87	12	51	13	65	14	11	15	84	16	62	17	86	18	48	19	69	20	60	21	29	22	1	23	31	24	7	25	23	26	23	27	73	28	83	29	32
	0	3	1	31	2	18	3	56	4	94	5	34	6	33	7	31	8	77	9	43	10	82	11	83	12	50	13	4	14	65	15	74	16	33	17	6	18	41	19	51	20	33	21	16	22	92	23	91	24	13	25	54	26	75	27	81	28	55	29	3
	0	92	1	2	2	8	3	92	4	67	5	97	6	63	7	77	8	84	9	26	10	2	11	24	12	53	13	66	14	13	15	59	16	94	17	92	18	51	19	39	20	52	21	42	22	1	23	68	24	99	25	66	26	87	27	52	28	71	29	10
	0	100	1	70	2	51	3	75	4	63	5	5	6	100	7	51	8	50	9	72	10	87	11	43	12	23	13	18	14	84	15	98	16	63	17	89	18	14	19	31	20	100	21	2	22	75	23	3	24	69	25	48	26	79	27	84	28	53	29	24
	0	69	1	20	2	88	3	67	4	21	5	85	6	33	7	35	8	22	9	79	10	39	11	74	12	2	13	10	14	74	15	43	16	46	17	73	18	72	19	96	20	19	21	99	22	24	23	52	24	87	25	58	26	37	27	92	28	1	29	25
	0	3	1	57	2	90	3	46	4	85	5	53	6	81	7	69	8	91	9	84	10	33	11	14	12	97	13	51	14	56	15	10	16	50	17	5	18	57	19	17	20	46	21	45	22	24	23	12	24	77	25	88	26	61	27	5	28	87	29	50
	0	3	1	20	2	84	3	25	4	97	5	49	6	86	7	51	8	31	9	66	10	18	11	94	12	28	13	70	14	72	15	84	16	50	17	75	18	3	19	98	20	79	21	80	22	23	23	67	24	66	25	82	26	16	27	45	28	65	29	21
	0	85	1	86	2	96	3	54	4	1	5	93	6	2	7	18	8	23	9	48	10	93	11	17	12	3	13	45	14	96	15	36	16	96	17	71	18	52	19	90	20	41	21	7	22	20	23	38	24	75	25	54	26	98	27	27	28	10	29	98
	0	60	1	56	2	80	3	80	4	58	5	62	6	17	7	15	8	58	9	69	10	57	11	93	12	6	13	63	14	41	15	57	16	24	17	76	18	84	19	22	20	2	21	90	22	31	23	6	24	33	25	94	26	5	27	64	28	98	29	63
	0	35	1	62	2	6	3	40	4	1	5	22	6	39	7	30	8	54	9	33	10	69	11	41	12	84	13	2	14	33	15	47	16	38	17	88	18	92	19	34	20	33	21	61	22	10	23	64	24	99	25	55	26	17	27	78	28	51	29	19
	0	62	1	10	2	72	3	88	4	56	5	79	6	62	7	21	8	60	9	96	10	90	11	80	12	78	13	5	14	32	15	53	16	54	17	15	18	4	19	36	20	77	21	27	22	22	23	27	24	57	25	49	26	28	27	7	28	16	29	48
	0	82	1	6	2	6	3	88	4	14	5	71	6	59	7	53	8	62	9	95	10	10	11	51	12	62	13	75	14	79	15	54	16	62	17	90	18	71	19	13	20	61	21	39	22	49	23	50	24	16	25	72	26	92	27	37	28	58	29	2
	0	18	1	85	2	1	3	73	4	68	5	20	6	58	7	40	8	59	9	21	10	78	11	81	12	52	13	36	14	65	15	29	16	7	17	10	18	69	19	19	20	7	21	88	22	36	23	71	24	77	25	75	26	61	27	64	28	38	29	70
	0	87	1	69	2	58	3	100	4	43	5	35	6	4	7	30	8	13	9	67	10	95	11	19	12	73	13	27	14	15	15	44	16	50	17	41	18	45	19	21	20	78	21	11	22	4	23	91	24	64	25	48	26	22	27	51	28	84	29	83
	0	85	1	41	2	71	3	26	4	16	5	28	6	75	7	69	8	93	9	42	10	91	11	61	12	3	13	57	14	92	15	95	16	1	17	18	18	28	19	99	20	20	21	60	22	50	23	2	24	24	25	73	26	88	27	24	28	41	29	2
	0	97	1	23	2	94	3	97	4	25	5	81	6	17	7	32	8	100	9	19	10	31	11	85	12	15	13	70	14	12	15	25	16	63	17	63	18	83	19	57	20	66	21	79	22	5	23	30	24	76	25	90	26	51	27	86	28	60	29	91
	0	87	1	30	2	94	3	94	4	98	5	33	6	20	7	31	8	31	9	2	10	50	11	89	12	38	13	85	14	15	15	82	16	48	17	85	18	97	19	21	20	1	21	6	22	91	23	49	24	17	25	57	26	82	27	38	28	88	29	85
	0	39	1	83	2	8	3	12	4	53	5	19	6	99	7	98	8	87	9	62	10	74	11	53	12	93	13	51	14	52	15	74	16	29	17	24	18	31	19	81	20	87	21	74	22	69	23	65	24	86	25	62	26	21	27	95	28	27	29	75
	0	58	1	25	2	91	3	69	4	49	5	3	6	34	7	34	8	70	9	92	10	11	11	47	12	7	13	28	14	27	15	38	16	31	17	83	18	3	19	61	20	79	21	28	22	10	23	42	24	68	25	86	26	93	27	63	28	25	29	26
	0	99	1	90	2	7	3	64	4	91	5	62	6	46	7	34	8	79	9	90	10	52	11	67	12	40	13	51	14	35	15	95	16	84	17	49	18	55	19	45	20	90	21	98	22	1	23	23	24	24	25	57	26	53	27	69	28	9	29	86
	0	82	1	57	2	24	3	40	4	97	5	61	6	21	7	8	8	36	9	13	10	13	11	54	12	60	13	26	14	75	15	26	16	12	17	50	18	31	19	46	20	23	21	96	22	51	23	80	24	5	25	35	26	71	27	67	28	45	29	70
	0	93	1	53	2	92	3	20	4	57	5	44	6	14	7	77	8	71	9	98	10	46	11	23	12	45	13	3	14	77	15	24	16	77	17	15	18	32	19	15	20	64	21	55	22	55	23	70	24	56	25	88	26	93	27	12	28	77	29	32
	0	40	1	94	2	60	3	75	4	100	5	77	6	88	7	85	8	62	9	73	10	40	11	58	12	1	13	26	14	67	15	32	16	55	17	66	18	66	19	49	20	40	21	39	22	14	23	68	24	92	25	7	26	81	27	45	28	62	29	78
	0	48	1	29	2	100	3	97	4	81	5	53	6	95	7	15	8	39	9	11	10	67	11	13	12	33	13	56	14	22	15	59	16	52	17	47	18	21	19	11	20	18	21	46	22	22	23	97	24	44	25	38	26	92	27	45	28	11	29	12
	0	4	1	34	2	76	3	46	4	60	5	89	6	87	7	76	8	13	9	47	10	64	11	34	12	74	13	63	14	63	15	95	16	23	17	36	18	57	19	70	20	67	21	67	22	66	23	17	24	11	25	90	26	51	27	85	28	38	29	26
	0	38	1	89	2	8	3	57	4	33	5	87	6	24	7	29	8	67	9	23	10	34	11	12	12	51	13	29	14	49	15	88	16	53	17	22	18	16	19	46	20	21	21	36	22	59	23	97	24	4	25	60	26	86	27	48	28	64	29	91
	0	30	1	92	2	63	3	15	4	56	5	100	6	76	7	69	8	68	9	29	10	66	11	61	12	83	13	78	14	21	15	35	16	79	17	59	18	31	19	20	20	6	21	58	22	67	23	95	24	31	25	12	26	81	27	62	28	69	29	24
	0	45	1	3	2	90	3	87	4	95	5	68	6	28	7	94	8	42	9	24	10	36	11	53	12	89	13	48	14	33	15	38	16	26	17	58	18	69	19	44	20	35	21	11	22	94	23	14	24	100	25	11	26	90	27	76	28	6	29	98
	0	30	1	1	2	88	3	31	4	58	5	58	6	48	7	66	8	98	9	45	10	55	11	98	12	44	13	14	14	96	15	29	16	99	17	12	18	54	19	64	20	47	21	14	22	9	23	58	24	77	25	35	26	8	27	60	28	9	29	5
	0	42	1	35	2	83	3	85	4	21	5	51	6	98	7	50	8	47	9	65	10	33	11	38	12	17	13	49	14	77	15	81	16	8	17	38	18	44	19	45	20	23	21	85	22	60	23	44	24	7	25	61	26	47	27	17	28	63	29	35
	0	37	1	66	2	14	3	27	4	87	5	13	6	3	7	1	8	91	9	14	10	23	11	60	12	100	13	31	14	17	15	53	16	93	17	70	18	2	19	1	20	74	21	10	22	84	23	19	24	75	25	8	26	87	27	60	28	91	29	34
	0	17	1	42	2	88	3	78	4	4	5	17	6	46	7	44	8	29	9	85	10	40	11	99	12	16	13	86	14	57	15	62	16	25	17	95	18	16	19	51	20	12	21	29	22	41	23	8	24	22	25	23	26	79	27	81	28	20	29	34
	0	91	1	35	2	7	3	100	4	49	5	11	6	49	7	37	8	12	9	68	10	24	11	70	12	68	13	57	14	73	15	16	16	60	17	43	18	93	19	80	20	45	21	45	22	33	23	25	24	44	25	63	26	54	27	23	28	81	29	41
	0	80	1	1	2	25	3	47	4	52	5	43	6	77	7	88	8	47	9	10	10	79	11	96	12	47	13	86	14	17	15	43	16	48	17	63	18	59	19	65	20	57	21	21	22	45	23	25	24	13	25	81	26	26	27	29	28	31	29	7
	0	10	1	68	2	53	3	19	4	66	5	72	6	55	7	19	8	99	9	81	10	53	11	46	12	87	13	72	14	89	15	29	16	53	17	10	18	6	19	78	20	100	21	92	22	36	23	50	24	55	25	15	26	63	27	75	28	74	29	84
	0	35	1	28	2	14	3	43	4	28	5	83	6	83	7	91	8	100	9	90	10	14	11	15	12	79	13	44	14	24	15	62	16	75	17	58	18	57	19	16	20	16	21	53	22	24	23	69	24	30	25	11	26	81	27	91	28	48	29	77
	0	22	1	35	2	82	3	100	4	61	5	48	6	7	7	29	8	39	9	59	10	55	11	32	12	88	13	67	14	95	15	93	16	19	17	59	18	62	19	97	20	35	21	19	22	56	23	17	24	67	25	14	26	24	27	60	28	3	29	80
	0	92	1	47	2	50	3	13	4	22	5	5	6	41	7	66	8	97	9	31	10	93	11	8	12	71	13	35	14	59	15	66	16	29	17	72	18	51	19	85	20	40	21	33	22	11	23	78	24	14	25	38	26	62	27	24	28	86	29	72
	0	67	1	61	2	78	3	30	4	81	5	77	6	34	7	87	8	65	9	84	10	12	11	2	12	100	13	49	14	81	15	4	16	37	17	90	18	67	19	47	20	40	21	87	22	31	23	17	24	30	25	55	26	83	27	26	28	34	29	70
	0	64	1	31	2	94	3	64	4	45	5	63	6	86	7	12	8	34	9	55	10	61	11	89	12	76	13	95	14	9	15	66	16	1	17	57	18	100	19	71	20	53	21	74	22	54	23	38	24	91	25	65	26	56	27	13	28	65	29	26
	0	7	1	2	2	91	3	38	4	71	5	72	6	91	7	73	8	78	9	31	10	68	11	81	12	79	13	69	14	19	15	2	16	66	17	23	18	30	19	25	20	96	21	92	22	88	23	97	24	5	25	38	26	9	27	56	28	76	29	15
	0	70	1	25	2	98	3	46	4	82	5	8	6	57	7	18	8	71	9	72	10	18	11	72	12	16	13	2	14	92	15	15	16	80	17	52	18	10	19	57	20	49	21	56	22	46	23	88	24	32	25	52	26	52	27	14	28	6	29	35
	0	94	1	30	2	15	3	47	4	19	5	3	6	37	7	68	8	84	9	87	10	99	11	66	12	13	13	100	14	91	15	19	16	88	17	17	18	6	19	16	20	77	21	84	22	25	23	10	24	39	25	43	26	2	27	61	28	97	29	19
	0	36	1	8	2	37	3	22	4	25	5	58	6	80	7	52	8	35	9	62	10	49	11	17	12	45	13	47	14	11	15	6	16	38	17	95	18	80	19	71	20	50	21	3	22	98	23	97	24	2	25	61	26	35	27	96	28	72	29	37
	0	89	1	34	2	86	3	48	4	52	5	63	6	35	7	59	8	84	9	48	10	41	11	45	12	24	13	94	14	38	15	96	16	11	17	9	18	36	19	60	20	100	21	69	22	76	23	59	24	99	25	63	26	13	27	98	28	65	29	36
	0	76	1	80	2	22	3	65	4	75	5	90	6	4	7	22	8	84	9	95	10	29	11	24	12	1	13	89	14	49	15	59	16	66	17	84	18	52	19	54	20	95	21	8	22	97	23	10	24	51	25	71	26	2	27	28	28	70	29	23
	0	28	1	3	2	4	3	81	4	34	5	44	6	56	7	35	8	81	9	72	10	21	11	45	12	9	13	87	14	44	15	78	16	34	17	4	18	72	19	71	20	22	21	11	22	60	23	94	24	46	25	91	26	55	27	67	28	23	29	14
	0	69	1	54	2	96	3	90	4	4	5	19	6	11	7	31	8	15	9	46	10	90	11	87	12	4	13	30	14	15	15	23	16	84	17	11	18	61	19	71	20	58	21	6	22	54	23	78	24	7	25	39	26	38	27	11	28	73	29	10
	0	75	1	19	2	88	3	20	4	10	5	39	6	83	7	64	8	82	9	13	10	68	11	51	12	59	13	41	14	96	15	10	16	31	17	93	18	14	19	1	20	81	21	55	22	86	23	27	24	23	25	80	26	45	27	30	28	86	29	73
	0	98	1	4	2	66	3	17	4	90	5	67	6	82	7	47	8	4	9	71	10	21	11	2	12	68	13	42	14	35	15	13	16	70	17	82	18	37	19	35	20	13	21	73	22	16	23	3	24	72	25	60	26	54	27	68	28	18	29	14
	0	23	1	77	2	32	3	93	4	97	5	60	6	17	7	54	8	94	9	61	10	89	11	88	12	50	13	37	14	98	15	76	16	87	17	80	18	5	19	86	20	9	21	64	22	42	23	71	24	58	25	10	26	92	27	23	28	13	29	20
	0	100	1	6	2	3	3	30	4	82	5	59	6	67	7	76	8	98	9	53	10	97	11	78	12	19	13	51	14	34	15	84	16	74	17	73	18	4	19	23	20	90	21	97	22	16	23	71	24	43	25	47	26	69	27	28	28	81	29	20
	0	15	1	39	2	99	3	81	4	99	5	36	6	66	7	22	8	70	9	69	10	43	11	52	12	15	13	49	14	30	15	84	16	84	17	35	18	46	19	16	20	93	21	22	22	20	23	31	24	27	25	24	26	44	27	72	28	82	29	56
	0	29	1	46	2	17	3	56	4	55	5	83	6	4	7	3	8	9	9	44	10	93	11	20	12	43	13	52	14	39	15	76	16	18	17	1	18	56	19	10	20	97	21	55	22	84	23	62	24	99	25	43	26	100	27	67	28	53	29	28
	0	100	1	47	2	85	3	83	4	25	5	28	6	43	7	15	8	35	9	40	10	42	11	23	12	22	13	88	14	74	15	67	16	34	17	11	18	36	19	5	20	52	21	54	22	40	23	1	24	27	25	27	26	38	27	27	28	95	29	21
	0	62	1	13	2	95	3	5	4	57	5	5	6	87	7	40	8	69	9	48	10	24	11	58	12	6	13	98	14	35	15	6	16	96	17	27	18	33	19	59	20	94	21	88	22	19	23	39	24	24	25	31	26	92	27	4	28	55	29	16
	0	61	1	83	2	47	3	37	4	13	5	85	6	10	7	72	8	97	9	1	10	72	11	14	12	27	13	68	14	49	15	46	16	8	17	84	18	48	19	76	20	39	21	76	22	61	23	30	24	48	25	63	26	29	27	87	28	68	29	79
	0	79	1	81	2	48	3	28	4	64	5	27	6	66	7	95	8	65	9	35	10	96	11	48	12	24	13	12	14	19	15	85	16	27	17	83	18	9	19	11	20	56	21	69	22	26	23	70	24	65	25	2	26	78	27	53	28	69	29	71
	0	66	1	44	2	42	3	33	4	96	5	5	6	54	7	21	8	39	9	92	10	3	11	33	12	69	13	45	14	29	15	3	16	96	17	23	18	3	19	66	20	5	21	50	22	25	23	80	24	39	25	1	26	88	27	62	28	92	29	58
	0	90	1	53	2	16	3	88	4	89	5	23	6	45	7	43	8	40	9	73	10	87	11	87	12	63	13	96	14	46	15	82	16	27	17	13	18	73	19	99	20	49	21	89	22	56	23	41	24	45	25	93	26	92	27	80	28	74	29	59
	0	17	1	59	2	72	3	66	4	70	5	4	6	70	7	40	8	27	9	45	10	28	11	50	12	33	13	42	14	40	15	40	16	3	17	75	18	86	19	31	20	87	21	32	22	44	23	86	24	17	25	1	26	89	27	8	28	71	29	68
	0	22	1	30	2	27	3	59	4	25	5	5	6	99	7	87	8	42	9	12	10	72	11	91	12	8	13	34	14	74	15	70	16	89	17	73	18	61	19	68	20	10	21	11	22	94	23	42	24	75	25	28	26	41	27	25	28	12	29	38
	0	31	1	80	2	90	3	2	4	41	5	90	6	94	7	34	8	94	9	32	10	71	11	7	12	2	13	37	14	50	15	20	16	75	17	36	18	20	19	90	20	87	21	31	22	35	23	71	24	71	25	50	26	37	27	29	28	73	29	81
	0	52	1	11	2	97	3	82	4	93	5	89	6	22	7	10	8	58	9	75	10	68	11	37	12	32	13	30	14	37	15	19	16	8	17	19	18	71	19	57	20	4	21	76	22	92	23	58	24	31	25	93	26	16	27	78	28	33	29	39
	0	56	1	17	2	30	3	69	4	66	5	91	6	5	7	96	8	81	9	5	10	26	11	18	12	53	13	99	14	5	15	27	16	92	17	44	18	22	19	53	20	69	21	99	22	68	23	5	24	34	25	75	26	98	27	24	28	44	29	53
	0	72	1	48	2	26	3	57	4	49	5	67	6	3	7	75	8	58	9	17	10	72	11	83	12	42	13	16	14	1	15	20	16	81	17	83	18	76	19	100	20	9	21	61	22	45	23	83	24	97	25	41	26	15	27	29	28	71	29	72
	0	95	1	99	2	74	3	84	4	16	5	99	6	96	7	76	8	45	9	55	10	39	11	33	12	95	13	85	14	81	15	86	16	85	17	2	18	56	19	20	20	94	21	50	22	74	23	94	24	46	25	80	26	34	27	34	28	82	29	96
	0	19	1	12	2	27	3	45	4	64	5	17	6	53	7	20	8	40	9	78	10	100	11	2	12	96	13	17	14	96	15	73	16	52	17	9	18	99	19	47	20	36	21	2	22	47	23	33	24	1	25	18	26	89	27	12	28	79	29	27
	0	29	1	80	2	40	3	83	4	17	5	20	6	77	7	52	8	62	9	73	10	34	11	73	12	43	13	41	14	34	15	29	16	64	17	38	18	97	19	31	20	55	21	62	22	33	23	31	24	31	25	67	26	60	27	14	28	60	29	54
	0	91	1	49	2	94	3	10	4	67	5	86	6	64	7	54	8	54	9	37	10	60	11	87	12	11	13	71	14	23	15	46	16	15	17	19	18	37	19	98	20	90	21	60	22	88	23	52	24	67	25	46	26	37	27	42	28	1	29	75
	0	19	1	31	2	86	3	19	4	60	5	40	6	68	7	88	8	87	9	80	10	44	11	56	12	60	13	69	14	91	15	100	16	58	17	43	18	59	19	25	20	95	21	98	22	38	23	71	24	53	25	26	26	69	27	29	28	51	29	30
	0	59	1	10	2	93	3	21	4	39	5	47	6	57	7	54	8	39	9	20	10	27	11	33	12	6	13	34	14	73	15	2	16	73	17	99	18	36	19	11	20	45	21	76	22	65	23	6	24	81	25	100	26	22	27	94	28	72	29	96
	0	54	1	75	2	51	3	40	4	79	5	53	6	81	7	28	8	58	9	60	10	13	11	74	12	41	13	47	14	4	15	34	16	2	17	43	18	40	19	23	20	14	21	79	22	7	23	88	24	18	25	21	26	92	27	48	28	92	29	67
	0	23	1	8	2	24	3	100	4	77	5	2	6	47	7	7	8	3	9	50	10	84	11	93	12	53	13	11	14	10	15	60	16	11	17	59	18	47	19	30	20	60	21	39	22	22	23	30	24	41	25	67	26	73	27	66	28	76	29	82
	0	77	1	57	2	72	3	59	4	34	5	4	6	18	7	46	8	36	9	15	10	52	11	89	12	99	13	15	14	57	15	53	16	35	17	10	18	8	19	50	20	3	21	74	22	80	23	30	24	60	25	94	26	96	27	9	28	91	29	91
	0	73	1	31	2	12	3	80	4	80	5	87	6	49	7	63	8	41	9	36	10	55	11	60	12	32	13	8	14	13	15	15	16	55	17	86	18	36	19	37	20	83	21	87	22	60	23	64	24	33	25	92	26	95	27	58	28	84	29	97
	0	81	1	73	2	53	3	89	4	54	5	51	6	13	7	67	8	35	9	29	10	93	11	51	12	83	13	79	14	9	15	61	16	82	17	8	18	8	19	61	20	53	21	84	22	34	23	91	24	4	25	65	26	33	27	36	28	68	29	56
	0	70	1	4	2	95	3	16	4	20	5	13	6	78	7	88	8	47	9	13	10	48	11	30	12	6	13	83	14	70	15	57	16	2	17	91	18	7	19	36	20	13	21	92	22	48	23	94	24	63	25	20	26	15	27	21	28	77	29	87
	0	90	1	76	2	80	3	93	4	33	5	48	6	11	7	25	8	80	9	10	10	66	11	77	12	42	13	72	14	93	15	40	16	36	17	32	18	90	19	29	20	34	21	65	22	98	23	59	24	3	25	12	26	85	27	71	28	70	29	48
	0	47	1	82	2	39	3	58	4	96	5	14	6	37	7	27	8	95	9	10	10	78	11	38	12	60	13	52	14	67	15	37	16	51	17	40	18	72	19	96	20	10	21	98	22	54	23	92	24	24	25	4	26	19	27	83	28	17	29	82
	0	41	1	43	2	4	3	75	4	68	5	91	6	60	7	9	8	97	9	35	10	76	11	20	12	8	13	93	14	28	15	70	16	66	17	83	18	60	19	20	20	39	21	88	22	57	23	5	24	3	25	38	26	84	27	35	28	18	29	57
	0	88	1	28	2	94	3	76	4	95	5	32	6	96	7	19	8	68	9	7	10	48	11	83	12	89	13	67	14	28	15	100	16	77	17	1	18	79	19	44	20	81	21	27	22	67	23	2	24	83	25	50	26	65	27	50	28	6	29	21
	0	43	1	82	2	33	3	24	4	91	5	97	6	49	7	33	8	16	9	34	10	79	11	26	12	69	13	6	14	1	15	30	16	14	17	85	18	21	19	55	20	40	21	33	22	60	23	26	24	59	25	83	26	97	27	22	28	67	29	2
	0	49	1	99	2	56	3	10	4	97	5	24	6	90	7	30	8	76	9	75	10	87	11	83	12	5	13	73	14	84	15	66	16	13	17	51	18	66	19	73	20	82	21	79	22	81	23	38	24	24	25	91	26	85	27	27	28	68	29	97
	0	80	1	96	2	6	3	68	4	41	5	94	6	28	7	22	8	44	9	76	10	71	11	65	12	44	13	61	14	18	15	45	16	66	17	54	18	60	19	36	20	1	21	94	22	90	23	61	24	25	25	23	26	85	27	15	28	88	29	80
	0	22	1	41	2	24	3	60	4	100	5	89	6	1	7	88	8	88	9	50	10	100	11	13	12	11	13	27	14	87	15	18	16	49	17	28	18	28	19	85	20	8	21	55	22	57	23	77	24	83	25	29	26	95	27	29	28	36	29	2
	0	80	1	44	2	42	3	10	4	61	5	47	6	91	7	92	8	59	9	47	10	42	11	77	12	3	13	96	14	56	15	97	16	89	17	53	18	84	19	96	20	33	21	1	22	56	23	42	24	94	25	55	26	7	27	48	28	5	29	74
	0	52	1	71	2	44	3	67	4	69	5	47	6	100	7	37	8	70	9	67	10	60	11	30	12	65	13	16	14	90	15	55	16	50	17	27	18	94	19	19	20	69	21	14	22	86	23	71	24	36	25	96	26	90	27	60	28	15	29	22
	0	68	1	53	2	94	3	56	4	32	5	53	6	3	7	86	8	96	9	39	10	59	11	69	12	67	13	94	14	39	15	15	16	96	17	99	18	16	19	81	20	13	21	17	22	6	23	34	24	39	25	92	26	13	27	79	28	45	29	28
	0	68	1	96	2	90	3	36	4	3	5	3	6	69	7	55	8	100	9	50	10	46	11	86	12	15	13	18	14	66	15	2	16	54	17	62	18	50	19	11	20	64	21	40	22	31	23	3	24	58	25	97	26	89	27	83	28	86	29	18
	0	80	1	94	2	36	3	52	4	73	5	71	6	3	7	74	8	47	9	79	10	76	11	49	12	97	13	38	14	27	15	97	16	61	17	14	18	10	19	86	20	77	21	53	22	85	23	95	24	1	25	83	26	41	27	36	28	78	29	96
	0	84	1	3	2	33	3	96	4	96	5	12	6	15	7	82	8	3	9	44	10	31	11	82	12	2	13	85	14	37	15	83	16	17	17	54	18	78	19	94	20	10	21	51	22	97	23	61	24	52	25	55	26	48	27	14	28	34	29	69
	0	94	1	4	2	71	3	88	4	65	5	74	6	31	7	38	8	7	9	69	10	93	11	3	12	54	13	73	14	10	15	46	16	2	17	33	18	41	19	1	20	62	21	8	22	69	23	65	24	24	25	49	26	23	27	41	28	65	29	7
Reldue
-1	15856	-1	1
-1	3084	-1	1
-1	15784	-1	1
-1	3729	-1	1
-1	10698	-1	1
-1	20646	-1	1
-1	13470	-1	1
-1	15762	-1	1
-1	8936	-1	1
-1	7719	-1	1
-1	9583	-1	1
-1	3761	-1	1
-1	11102	-1	1
-1	12554	-1	1
-1	6368	-1	1
-1	4188	-1	1
-1	19391	-1	1
-1	4252	-1	1
-1	16533	-1	1
-1	7672	-1	1
-1	19078	-1	1
-1	4526	-1	1
-1	17758	-1	1
-1	6470	-1	1
-1	3640	-1	1
-1	16255	-1	1
-1	16044	-1	1
-1	3650	-1	1
-1	9413	-1	1
-1	19702	-1	1
-1	5437	-1	1
-1	6299	-1	1
-1	10030	-1	1
-1	10954	-1	1
-1	18397	-1	1
-1	9952	-1	1
-1	8081	-1	1
-1	22033	-1	1
-1	4111	-1	1
-1	6589	-1	1
-1	3506	-1	1
-1	6843	-1	1
-1	20296	-1	1
-1	13355	-1	1
-1	5417	-1	1
-1	4435	-1	1
-1	3740	-1	1
-1	3704	-1	1
-1	17951	-1	1
-1	11815	-1	1
-1	16912	-1	1
-1	9288	-1	1
-1	16187	-1	1
-1	7893	-1	1
-1	4892	-1	1
-1	3113	-1	1
-1	13496	-1	1
-1	12764	-1	1
-1	10160	-1	1
-1	3046	-1	1
-1	5317	-1	1
-1	11261	-1	1
-1	10072	-1	1
-1	16208	-1	1
-1	21329	-1	1
-1	16664	-1	1
-1	13209	-1	1
-1	12266	-1	1
-1	20774	-1	1
-1	13134	-1	1
-1	11288	-1	1
-1	18209	-1	1
-1	13560	-1	1
-1	2507	-1	1
-1	11058	-1	1
-1	10389	-1	1
-1	11333	-1	1
-1	4513	-1	1
-1	14022	-1	1
-1	7763	-1	1
-1	20407	-1	1
-1	5064	-1	1
-1	17772	-1	1
-1	11995	-1	1
-1	12183	-1	1
-1	13008	-1	1
-1	17256	-1	1
-1	7525	-1	1
-1	12621	-1	1
-1	9078	-1	1
-1	9437	-1	1
-1	18775	-1	1
-1	15425	-1	1
-1	17752	-1	1
-1	9829	-1	1
-1	5745	-1	1
-1	11135	-1	1
-1	15445	-1	1
-1	14038	-1	1
-1	6940	-1	1
-1	7533	-1	1
-1	16211	-1	1
-1	3193	-1	1
-1	19628	-1	1
-1	2127	-1	1
-1	18267	-1	1
-1	16793	-1	1
-1	16320	-1	1
-1	13104	-1	1
-1	21944	-1	1
-1	20233	-1	1
-1	19342	-1	1
-1	19059	-1	1
-1	13284	-1	1
-1	2329	-1	1
-1	19754	-1	1
-1	4267	-1	1
-1	13413	-1	1
-1	20058	-1	1
-1	13974	-1	1
-1	10028	-1	1
-1	17610	-1	1
-1	13177	-1	1
-1	14701	-1	1
-1	17243	-1	1
-1	14595	-1	1
-1	19897	-1	1
-1	18220	-1	1
-1	12705	-1	1
-1	20417	-1	1
-1	3628	-1	1
-1	15669	-1	1
-1	14051	-1	1
-1	6131	-1	1
-1	12354	-1	1
-1	20338	-1	1
-1	14157	-1	1
-1	5178	-1	1
-1	11223	-1	1
-1	7723	-1	1
-1	11622	-1	1
-1	8453	-1	1
-1	19517	-1	1
-1	11606	-1	1
-1	17817	-1	1
-1	3302	-1	1
-1	3075	-1	1
-1	21772	-1	1
-1	16320	-1	1
-1	15520	-1	1
-1	2675	-1	1
-1	17044	-1	1
-1	16297	-1	1
-1	18449	-1	1
-1	19739	-1	1
-1	10242	-1	1
-1	4914	-1	1
-1	20207	-1	1
-1	9330	-1	1
-1	6866	-1	1
-1	10648	-1	1
-1	2330	-1	1
-1	14001	-1	1
-1	5220	-1	1
-1	12264	-1	1
-1	10808	-1	1
-1	15124	-1	1
-1	10056	-1	1
-1	15818	-1	1
-1	2490	-1	1
-1	7302	-1	1
-1	16728	-1	1
-1	4323	-1	1
-1	19019	-1	1
-1	3053	-1	1
-1	8246	-1	1
-1	12118	-1	1
-1	20094	-1	1
-1	21430	-1	1
-1	12595	-1	1
-1	18551	-1	1
-1	18523	-1	1
-1	18822	-1	1
-1	11632	-1	1
-1	3403	-1	1
-1	19614	-1	1
-1	6455	-1	1
-1	20107	-1	1
-1	9302	-1	1
-1	15655	-1	1
-1	21565	-1	1
-1	15620	-1	1
-1	21273	-1	1
-1	10085	-1	1
-1	5932	-1	1
-1	7957	-1	1
-1	20875	-1	1
-1	10759	-1	1
-1	12019	-1	1
-1	18989	-1	1
-1	15024	-1	1
-1	17125	-1	1
-1	17042	-1	1
-1	10495	-1	1
-1	5280	-1	1
-1	11015	-1	1
-1	16320	-1	1
-1	3142	-1	1
-1	9011	-1	1
-1	6006	-1	1
-1	7653	-1	1
-1	12190	-1	1
-1	7850	-1	1
-1	14397	-1	1
-1	5774	-1	1
-1	13038	-1	1
-1	5152	-1	1
-1	16886	-1	1
-1	9974	-1	1
-1	14124	-1	1
-1	17643	-1	1
-1	4920	-1	1
-1	13728	-1	1
-1	18430	-1	1
-1	12239	-1	1
-1	10037	-1	1
-1	9558	-1	1
-1	21405	-1	1
-1	4913	-1	1
-1	19458	-1	1
-1	7636	-1	1
-1	17397	-1	1
-1	21256	-1	1
-1	3590	-1	1
-1	11340	-1	1
-1	11736	-1	1
-1	5025	-1	1
-1	4898	-1	1
-1	18484	-1	1
-1	20613	-1	1
-1	7072	-1	1
-1	21709	-1	1
-1	21544	-1	1
-1	5684	-1	1
-1	7782	-1	1
-1	7983	-1	1
-1	5321	-1	1
-1	16785	-1	1
-1	16747	-1	1
-1	13891	-1	1
-1	5744	-1	1
-1	17675	-1	1
-1	13723	-1	1
-1	14892	-1	1
-1	17332	-1	1
-1	19687	-1	1
-1	2994	-1	1
-1	6519	-1	1
-1	3859	-1	1
-1	8254	-1	1
-1	16352	-1	1
-1	2987	-1	1
-1	10654	-1	1
-1	16027	-1	1
-1	5392	-1	1
-1	4587	-1	1
-1	20414	-1	1
-1	18371	-1	1
-1	10726	-1	1
-1	3864	-1	1
-1	2922	-1	1
-1	14993	-1	1
-1	16489	-1	1
-1	5154	-1	1
-1	11479	-1	1
-1	3628	-1	1
-1	8331	-1	1
-1	16994	-1	1
-1	3073	-1	1
-1	18712	-1	1
-1	14870	-1	1
-1	2015	-1	1
-1	8447	-1	1
-1	11258	-1	1
-1	18048	-1	1
-1	15026	-1	1
-1	17748	-1	1
-1	14053	-1	1
-1	4510	-1	1
-1	21755	-1	1
-1	17089	-1	1
-1	16872	-1	1
-1	13316	-1	1
-1	20643	-1	1
-1	13744	-1	1
-1	5853	-1	1
-1	20227	-1	1
-1	10404	-1	1
-1	13275	-1	1
-1	3521	-1	1
-1	6011	-1	1
-1	13931	-1	1
-1	17308	-1	1
-1	11229	-1	1
-1	18889	-1	1
-1	12618	-1	1
-1	15285	-1	1
-1	21911	-1	1
-1	6072	-1	1
-1	11746	-1	1
-1	8805	-1	1
-1	14973	-1	1
-1	17949	-1	1
-1	20665	-1	1
-1	11733	-1	1
-1	10838	-1	1
-1	7497	-1	1
-1	17777	-1	1
-1	14475	-1	1
-1	6548	-1	1
-1	19286	-1	1
-1	15508	-1	1
-1	6256	-1	1
-1	20621	-1	1
-1	20785	-1	1
-1	3982	-1	1
-1	13655	-1	1
-1	18337	-1	1
-1	19688	-1	1
-1	19176	-1	1
-1	18258	-1	1
-1	15951	-1	1
-1	11229	-1	1
-1	3770	-1	1
-1	2920	-1	1
-1	4454	-1	1
-1	7512	-1	1
-1	17832	-1	1
-1	19632	-1	1
-1	21491	-1	1
-1	4170	-1	1
-1	15602	-1	1
-1	16286	-1	1
-1	2034	-1	1
-1	5806	-1	1
-1	16659	-1	1
-1	8313	-1	1
-1	7586	-1	1
-1	15759	-1	1
-1	18336	-1	1
LBCmax: 20086
