250  30
	0	92	1	87	2	97	3	71	4	45	5	54	6	45	7	22	8	1	9	33	10	92	11	81	12	58	13	12	14	26	15	18	16	43	17	60	18	60	19	9	20	36	21	34	22	100	23	61	24	77	25	53	26	65	27	67	28	52	29	36
	0	19	1	56	2	28	3	9	4	46	5	97	6	78	7	19	8	61	9	68	10	4	11	10	12	53	13	3	14	68	15	61	16	100	17	69	18	82	19	84	20	99	21	49	22	12	23	19	24	2	25	28	26	94	27	93	28	52	29	2
	0	83	1	31	2	58	3	65	4	74	5	12	6	56	7	39	8	57	9	32	10	42	11	56	12	4	13	18	14	81	15	5	16	13	17	73	18	10	19	100	20	28	21	91	22	11	23	36	24	27	25	42	26	16	27	38	28	55	29	16
	0	54	1	24	2	29	3	98	4	73	5	27	6	41	7	89	8	90	9	54	10	55	11	7	12	40	13	77	14	51	15	34	16	48	17	86	18	75	19	87	20	33	21	37	22	2	23	28	24	14	25	95	26	4	27	55	28	83	29	39
	0	94	1	24	2	71	3	75	4	91	5	89	6	10	7	2	8	11	9	87	10	70	11	90	12	93	13	81	14	36	15	89	16	11	17	37	18	33	19	82	20	28	21	16	22	30	23	21	24	97	25	92	26	83	27	44	28	10	29	36
	0	79	1	44	2	64	3	21	4	12	5	39	6	68	7	32	8	94	9	62	10	36	11	6	12	77	13	81	14	36	15	22	16	49	17	11	18	74	19	7	20	25	21	70	22	42	23	51	24	45	25	7	26	73	27	31	28	52	29	87
	0	60	1	88	2	11	3	32	4	38	5	12	6	94	7	35	8	53	9	31	10	36	11	94	12	39	13	95	14	47	15	52	16	97	17	21	18	27	19	28	20	48	21	26	22	18	23	67	24	85	25	62	26	3	27	63	28	65	29	48
	0	12	1	18	2	11	3	42	4	21	5	43	6	11	7	7	8	41	9	24	10	34	11	67	12	29	13	99	14	11	15	56	16	76	17	18	18	31	19	97	20	53	21	88	22	63	23	76	24	18	25	27	26	18	27	92	28	14	29	74
	0	75	1	94	2	13	3	22	4	68	5	55	6	82	7	83	8	96	9	13	10	86	11	7	12	97	13	98	14	47	15	93	16	18	17	42	18	16	19	80	20	39	21	97	22	41	23	3	24	68	25	43	26	34	27	44	28	97	29	61
	0	71	1	36	2	77	3	74	4	61	5	69	6	80	7	11	8	100	9	20	10	28	11	40	12	70	13	20	14	20	15	58	16	50	17	5	18	91	19	57	20	79	21	32	22	69	23	91	24	39	25	49	26	32	27	13	28	87	29	51
	0	73	1	68	2	46	3	61	4	13	5	42	6	22	7	23	8	41	9	21	10	15	11	89	12	63	13	2	14	39	15	41	16	78	17	58	18	79	19	77	20	35	21	58	22	34	23	53	24	12	25	78	26	28	27	68	28	46	29	73
	0	2	1	19	2	96	3	86	4	99	5	73	6	99	7	6	8	18	9	32	10	92	11	21	12	98	13	87	14	75	15	11	16	49	17	87	18	41	19	85	20	57	21	67	22	23	23	52	24	6	25	14	26	7	27	84	28	22	29	64
	0	21	1	14	2	15	3	60	4	6	5	66	6	70	7	13	8	17	9	24	10	29	11	37	12	17	13	74	14	54	15	76	16	59	17	84	18	66	19	14	20	74	21	3	22	91	23	47	24	1	25	100	26	81	27	73	28	36	29	61
	0	66	1	5	2	86	3	25	4	68	5	24	6	42	7	35	8	81	9	33	10	23	11	7	12	93	13	67	14	47	15	71	16	22	17	81	18	33	19	36	20	59	21	16	22	38	23	53	24	71	25	2	26	82	27	11	28	100	29	80
	0	27	1	86	2	40	3	25	4	93	5	1	6	11	7	100	8	38	9	97	10	38	11	100	12	42	13	15	14	7	15	38	16	59	17	29	18	70	19	92	20	32	21	86	22	8	23	26	24	88	25	50	26	69	27	31	28	52	29	49
	0	63	1	71	2	54	3	65	4	56	5	19	6	13	7	34	8	3	9	17	10	21	11	32	12	31	13	98	14	68	15	63	16	24	17	58	18	72	19	90	20	4	21	63	22	12	23	54	24	100	25	18	26	76	27	90	28	41	29	48
	0	66	1	27	2	28	3	72	4	36	5	29	6	57	7	50	8	38	9	20	10	10	11	40	12	16	13	96	14	32	15	20	16	67	17	16	18	57	19	23	20	53	21	24	22	58	23	12	24	50	25	62	26	30	27	3	28	48	29	41
	0	24	1	81	2	50	3	11	4	11	5	99	6	36	7	35	8	22	9	40	10	80	11	58	12	5	13	78	14	42	15	24	16	94	17	77	18	75	19	89	20	74	21	17	22	15	23	28	24	2	25	21	26	44	27	32	28	100	29	32
	0	47	1	51	2	40	3	71	4	100	5	18	6	84	7	57	8	64	9	70	10	61	11	81	12	70	13	45	14	69	15	74	16	13	17	25	18	54	19	92	20	98	21	50	22	2	23	14	24	14	25	24	26	38	27	35	28	11	29	89
	0	22	1	95	2	8	3	43	4	91	5	75	6	81	7	17	8	80	9	37	10	75	11	43	12	17	13	24	14	63	15	82	16	93	17	14	18	39	19	86	20	34	21	4	22	13	23	20	24	28	25	77	26	53	27	62	28	99	29	64
	0	88	1	59	2	13	3	22	4	66	5	17	6	65	7	61	8	31	9	28	10	87	11	24	12	69	13	92	14	66	15	87	16	30	17	70	18	74	19	22	20	25	21	70	22	35	23	64	24	65	25	69	26	93	27	58	28	79	29	17
	0	53	1	84	2	34	3	71	4	100	5	79	6	47	7	48	8	30	9	14	10	56	11	23	12	51	13	89	14	91	15	83	16	16	17	51	18	64	19	15	20	15	21	59	22	73	23	16	24	43	25	38	26	73	27	19	28	99	29	99
	0	86	1	93	2	1	3	31	4	26	5	52	6	15	7	75	8	75	9	91	10	40	11	32	12	33	13	26	14	79	15	91	16	32	17	4	18	10	19	61	20	80	21	19	22	32	23	28	24	76	25	40	26	28	27	5	28	23	29	46
	0	4	1	29	2	11	3	18	4	75	5	9	6	64	7	35	8	3	9	55	10	68	11	74	12	28	13	26	14	11	15	11	16	31	17	82	18	28	19	74	20	21	21	26	22	11	23	91	24	43	25	69	26	27	27	36	28	39	29	61
	0	73	1	75	2	24	3	68	4	38	5	48	6	41	7	83	8	67	9	51	10	10	11	4	12	39	13	3	14	12	15	23	16	6	17	6	18	29	19	99	20	60	21	37	22	57	23	20	24	11	25	38	26	77	27	61	28	12	29	73
	0	12	1	13	2	51	3	82	4	34	5	24	6	97	7	65	8	97	9	84	10	74	11	34	12	96	13	48	14	98	15	61	16	93	17	63	18	8	19	87	20	49	21	71	22	55	23	64	24	58	25	80	26	55	27	70	28	71	29	25
	0	12	1	96	2	63	3	83	4	56	5	98	6	66	7	95	8	61	9	78	10	75	11	7	12	44	13	21	14	26	15	49	16	49	17	8	18	55	19	100	20	74	21	85	22	29	23	15	24	84	25	50	26	96	27	7	28	37	29	99
	0	69	1	17	2	5	3	28	4	93	5	7	6	55	7	2	8	9	9	66	10	50	11	22	12	40	13	9	14	57	15	48	16	71	17	9	18	92	19	78	20	63	21	2	22	32	23	82	24	62	25	36	26	65	27	21	28	77	29	68
	0	72	1	37	2	23	3	34	4	63	5	68	6	82	7	36	8	89	9	27	10	10	11	13	12	29	13	59	14	88	15	13	16	14	17	53	18	13	19	71	20	22	21	85	22	66	23	52	24	83	25	9	26	100	27	29	28	60	29	25
	0	39	1	91	2	97	3	98	4	92	5	14	6	53	7	92	8	98	9	34	10	65	11	56	12	76	13	1	14	9	15	78	16	49	17	6	18	35	19	78	20	41	21	15	22	29	23	17	24	97	25	46	26	96	27	51	28	51	29	79
	0	78	1	41	2	55	3	70	4	66	5	99	6	44	7	30	8	38	9	51	10	87	11	80	12	64	13	24	14	70	15	84	16	43	17	94	18	85	19	39	20	62	21	63	22	51	23	60	24	98	25	39	26	69	27	95	28	10	29	45
	0	83	1	58	2	71	3	70	4	27	5	63	6	55	7	57	8	54	9	96	10	77	11	75	12	82	13	65	14	36	15	18	16	12	17	3	18	35	19	48	20	93	21	26	22	54	23	52	24	48	25	65	26	11	27	94	28	80	29	22
	0	34	1	77	2	20	3	29	4	38	5	44	6	92	7	92	8	62	9	92	10	5	11	67	12	23	13	69	14	96	15	97	16	100	17	76	18	81	19	92	20	29	21	8	22	99	23	46	24	94	25	90	26	42	27	28	28	43	29	100
	0	11	1	67	2	51	3	87	4	46	5	43	6	22	7	18	8	21	9	42	10	2	11	24	12	89	13	35	14	25	15	14	16	25	17	97	18	47	19	88	20	15	21	70	22	17	23	70	24	67	25	43	26	84	27	24	28	55	29	85
	0	66	1	52	2	24	3	82	4	10	5	65	6	1	7	40	8	14	9	75	10	16	11	64	12	12	13	75	14	3	15	29	16	27	17	69	18	49	19	97	20	38	21	96	22	7	23	47	24	36	25	54	26	88	27	22	28	45	29	2
	0	14	1	13	2	48	3	22	4	65	5	34	6	31	7	53	8	84	9	51	10	46	11	26	12	12	13	71	14	50	15	69	16	56	17	22	18	69	19	69	20	30	21	49	22	4	23	92	24	9	25	23	26	67	27	8	28	91	29	55
	0	20	1	72	2	54	3	27	4	49	5	58	6	63	7	4	8	7	9	46	10	50	11	92	12	99	13	5	14	76	15	42	16	94	17	32	18	60	19	23	20	85	21	25	22	13	23	13	24	46	25	21	26	33	27	85	28	39	29	7
	0	34	1	77	2	72	3	87	4	19	5	79	6	28	7	85	8	29	9	85	10	99	11	89	12	14	13	72	14	99	15	77	16	11	17	18	18	40	19	90	20	39	21	79	22	6	23	26	24	27	25	68	26	37	27	79	28	46	29	10
	0	24	1	51	2	10	3	87	4	84	5	99	6	60	7	65	8	38	9	4	10	58	11	89	12	39	13	77	14	47	15	87	16	14	17	29	18	50	19	6	20	9	21	72	22	22	23	79	24	57	25	36	26	81	27	3	28	17	29	14
	0	73	1	65	2	40	3	69	4	43	5	48	6	59	7	62	8	35	9	14	10	26	11	93	12	27	13	36	14	29	15	61	16	80	17	24	18	62	19	79	20	59	21	75	22	37	23	8	24	47	25	50	26	58	27	96	28	70	29	24
	0	100	1	24	2	98	3	5	4	50	5	13	6	93	7	87	8	20	9	32	10	12	11	100	12	36	13	7	14	95	15	64	16	41	17	39	18	99	19	55	20	2	21	67	22	38	23	61	24	83	25	30	26	59	27	56	28	27	29	24
	0	69	1	51	2	68	3	61	4	63	5	73	6	63	7	66	8	49	9	96	10	13	11	67	12	64	13	32	14	6	15	76	16	6	17	25	18	18	19	64	20	50	21	47	22	42	23	64	24	18	25	61	26	28	27	70	28	13	29	4
	0	73	1	14	2	38	3	15	4	74	5	27	6	66	7	3	8	32	9	34	10	36	11	31	12	100	13	25	14	75	15	59	16	71	17	8	18	84	19	83	20	74	21	38	22	35	23	50	24	32	25	64	26	66	27	38	28	70	29	65
	0	70	1	35	2	4	3	38	4	18	5	65	6	41	7	76	8	65	9	18	10	58	11	50	12	9	13	10	14	67	15	67	16	35	17	69	18	60	19	88	20	39	21	18	22	92	23	16	24	16	25	7	26	70	27	90	28	78	29	18
	0	29	1	49	2	97	3	35	4	23	5	42	6	35	7	61	8	63	9	14	10	74	11	29	12	85	13	76	14	58	15	17	16	19	17	56	18	41	19	91	20	97	21	76	22	60	23	22	24	25	25	4	26	12	27	50	28	98	29	91
	0	85	1	91	2	46	3	61	4	74	5	23	6	25	7	51	8	96	9	79	10	4	11	96	12	66	13	36	14	2	15	98	16	5	17	99	18	81	19	54	20	99	21	90	22	3	23	10	24	23	25	4	26	98	27	61	28	99	29	97
	0	3	1	41	2	51	3	13	4	79	5	40	6	83	7	63	8	4	9	66	10	91	11	8	12	98	13	32	14	71	15	29	16	44	17	30	18	5	19	69	20	98	21	28	22	23	23	72	24	93	25	2	26	85	27	84	28	5	29	95
	0	11	1	59	2	19	3	42	4	71	5	3	6	12	7	27	8	18	9	53	10	48	11	63	12	94	13	51	14	49	15	83	16	78	17	87	18	93	19	11	20	44	21	1	22	36	23	43	24	35	25	83	26	77	27	45	28	83	29	98
	0	10	1	68	2	40	3	32	4	23	5	22	6	76	7	41	8	43	9	65	10	79	11	32	12	39	13	95	14	60	15	26	16	33	17	59	18	33	19	76	20	74	21	8	22	45	23	36	24	81	25	68	26	63	27	4	28	61	29	4
	0	42	1	95	2	49	3	92	4	36	5	5	6	39	7	38	8	26	9	77	10	95	11	99	12	74	13	80	14	57	15	95	16	28	17	65	18	94	19	24	20	39	21	55	22	58	23	15	24	59	25	77	26	41	27	74	28	45	29	60
	0	47	1	23	2	66	3	40	4	27	5	30	6	8	7	54	8	36	9	69	10	17	11	19	12	9	13	72	14	19	15	12	16	76	17	67	18	21	19	13	20	49	21	93	22	58	23	68	24	62	25	50	26	74	27	93	28	41	29	31
	0	25	1	12	2	31	3	23	4	43	5	9	6	20	7	99	8	20	9	44	10	28	11	24	12	76	13	44	14	48	15	34	16	38	17	86	18	64	19	96	20	41	21	29	22	82	23	33	24	9	25	51	26	47	27	61	28	7	29	14
	0	29	1	12	2	56	3	60	4	5	5	99	6	45	7	94	8	74	9	66	10	96	11	29	12	74	13	37	14	63	15	89	16	93	17	32	18	63	19	98	20	85	21	42	22	77	23	88	24	50	25	60	26	71	27	27	28	21	29	20
	0	12	1	38	2	72	3	93	4	99	5	46	6	55	7	26	8	24	9	2	10	4	11	50	12	17	13	53	14	79	15	70	16	71	17	59	18	47	19	18	20	32	21	80	22	1	23	40	24	99	25	77	26	80	27	45	28	77	29	10
	0	35	1	27	2	71	3	24	4	58	5	49	6	22	7	47	8	65	9	53	10	17	11	51	12	97	13	20	14	22	15	48	16	93	17	10	18	26	19	20	20	33	21	42	22	93	23	8	24	66	25	5	26	59	27	98	28	67	29	9
	0	21	1	1	2	88	3	7	4	3	5	96	6	95	7	58	8	1	9	82	10	13	11	6	12	44	13	76	14	11	15	99	16	9	17	36	18	11	19	72	20	87	21	4	22	94	23	59	24	2	25	93	26	30	27	26	28	94	29	67
	0	80	1	25	2	54	3	92	4	23	5	14	6	57	7	43	8	12	9	100	10	20	11	8	12	70	13	89	14	6	15	25	16	72	17	60	18	30	19	28	20	74	21	96	22	46	23	5	24	93	25	23	26	20	27	87	28	39	29	68
	0	21	1	14	2	54	3	16	4	84	5	62	6	27	7	25	8	17	9	16	10	56	11	54	12	71	13	21	14	7	15	80	16	89	17	59	18	78	19	29	20	100	21	22	22	69	23	49	24	27	25	83	26	15	27	92	28	18	29	81
	0	34	1	75	2	42	3	83	4	99	5	58	6	77	7	82	8	35	9	48	10	98	11	33	12	98	13	5	14	52	15	56	16	85	17	36	18	60	19	55	20	97	21	80	22	89	23	9	24	25	25	27	26	86	27	61	28	64	29	23
	0	76	1	4	2	51	3	66	4	41	5	32	6	92	7	80	8	58	9	9	10	25	11	13	12	49	13	72	14	26	15	34	16	73	17	89	18	65	19	89	20	70	21	3	22	67	23	44	24	23	25	66	26	21	27	48	28	15	29	26
	0	64	1	76	2	79	3	26	4	23	5	38	6	86	7	33	8	81	9	58	10	8	11	90	12	22	13	80	14	51	15	79	16	49	17	29	18	47	19	31	20	1	21	49	22	52	23	7	24	96	25	99	26	90	27	59	28	77	29	60
	0	35	1	31	2	59	3	13	4	21	5	55	6	76	7	61	8	25	9	73	10	85	11	25	12	68	13	62	14	95	15	34	16	19	17	63	18	99	19	77	20	98	21	35	22	42	23	2	24	22	25	86	26	62	27	77	28	33	29	45
	0	61	1	37	2	3	3	90	4	16	5	96	6	4	7	37	8	32	9	86	10	91	11	51	12	93	13	63	14	35	15	51	16	59	17	88	18	99	19	95	20	24	21	65	22	57	23	94	24	34	25	9	26	79	27	71	28	16	29	60
	0	53	1	68	2	86	3	80	4	6	5	83	6	19	7	90	8	38	9	58	10	10	11	38	12	100	13	83	14	64	15	3	16	64	17	71	18	75	19	78	20	72	21	13	22	96	23	84	24	62	25	37	26	16	27	9	28	5	29	9
	0	77	1	83	2	10	3	63	4	9	5	13	6	67	7	53	8	73	9	60	10	41	11	43	12	21	13	19	14	50	15	96	16	27	17	33	18	69	19	25	20	47	21	72	22	50	23	17	24	6	25	26	26	59	27	34	28	25	29	18
	0	65	1	60	2	34	3	31	4	21	5	53	6	34	7	92	8	38	9	10	10	6	11	75	12	37	13	57	14	75	15	7	16	22	17	32	18	83	19	88	20	20	21	7	22	27	23	59	24	77	25	72	26	64	27	84	28	3	29	94
	0	90	1	28	2	5	3	99	4	46	5	43	6	61	7	50	8	9	9	96	10	8	11	23	12	63	13	4	14	61	15	3	16	75	17	59	18	79	19	50	20	1	21	57	22	47	23	98	24	11	25	59	26	34	27	6	28	2	29	54
	0	56	1	65	2	39	3	8	4	57	5	15	6	46	7	8	8	62	9	56	10	28	11	31	12	95	13	29	14	11	15	16	16	52	17	23	18	19	19	6	20	69	21	18	22	22	23	80	24	36	25	68	26	40	27	15	28	30	29	13
	0	72	1	31	2	88	3	33	4	93	5	2	6	33	7	10	8	32	9	65	10	15	11	59	12	29	13	30	14	52	15	29	16	37	17	85	18	59	19	99	20	2	21	56	22	21	23	22	24	57	25	48	26	31	27	78	28	100	29	100
	0	10	1	49	2	46	3	13	4	77	5	24	6	68	7	32	8	29	9	1	10	76	11	7	12	69	13	41	14	98	15	53	16	64	17	85	18	48	19	85	20	40	21	50	22	13	23	94	24	46	25	60	26	87	27	4	28	36	29	77
	0	25	1	11	2	50	3	35	4	17	5	1	6	7	7	3	8	77	9	97	10	23	11	18	12	20	13	78	14	30	15	69	16	64	17	86	18	50	19	26	20	72	21	89	22	59	23	37	24	38	25	82	26	41	27	46	28	63	29	42
	0	9	1	2	2	92	3	73	4	60	5	57	6	96	7	95	8	72	9	75	10	28	11	71	12	78	13	7	14	74	15	73	16	61	17	2	18	2	19	42	20	60	21	44	22	56	23	77	24	87	25	57	26	55	27	58	28	82	29	5
	0	7	1	9	2	69	3	81	4	22	5	36	6	82	7	63	8	18	9	99	10	74	11	81	12	22	13	5	14	37	15	26	16	21	17	39	18	85	19	84	20	32	21	60	22	78	23	95	24	70	25	25	26	5	27	48	28	42	29	36
	0	31	1	80	2	10	3	2	4	92	5	30	6	85	7	78	8	91	9	67	10	36	11	16	12	21	13	5	14	59	15	28	16	28	17	48	18	13	19	75	20	80	21	53	22	21	23	5	24	21	25	99	26	100	27	15	28	1	29	88
	0	67	1	7	2	31	3	24	4	37	5	70	6	11	7	53	8	93	9	3	10	96	11	46	12	22	13	52	14	30	15	68	16	31	17	43	18	59	19	60	20	73	21	30	22	86	23	33	24	79	25	71	26	38	27	41	28	57	29	27
	0	70	1	92	2	99	3	40	4	9	5	8	6	18	7	15	8	17	9	46	10	5	11	42	12	36	13	41	14	72	15	14	16	25	17	29	18	27	19	33	20	25	21	64	22	92	23	6	24	96	25	37	26	62	27	76	28	11	29	69
	0	69	1	46	2	15	3	13	4	97	5	79	6	73	7	13	8	57	9	89	10	60	11	90	12	25	13	52	14	86	15	58	16	100	17	13	18	40	19	88	20	32	21	54	22	1	23	74	24	35	25	56	26	64	27	69	28	71	29	65
	0	55	1	95	2	86	3	55	4	49	5	48	6	18	7	45	8	15	9	38	10	28	11	94	12	47	13	60	14	2	15	16	16	52	17	66	18	39	19	57	20	13	21	84	22	24	23	41	24	44	25	19	26	35	27	84	28	1	29	20
	0	55	1	10	2	18	3	96	4	77	5	41	6	90	7	27	8	15	9	34	10	11	11	93	12	73	13	88	14	42	15	16	16	31	17	46	18	73	19	98	20	46	21	60	22	93	23	93	24	78	25	5	26	97	27	43	28	95	29	48
	0	75	1	71	2	5	3	11	4	81	5	12	6	33	7	92	8	64	9	24	10	35	11	22	12	17	13	4	14	7	15	77	16	68	17	8	18	52	19	77	20	21	21	52	22	94	23	35	24	37	25	33	26	65	27	32	28	83	29	4
	0	89	1	54	2	14	3	92	4	59	5	92	6	56	7	48	8	64	9	97	10	8	11	49	12	20	13	58	14	74	15	10	16	14	17	19	18	5	19	76	20	49	21	74	22	1	23	90	24	81	25	96	26	6	27	58	28	49	29	87
	0	8	1	71	2	63	3	63	4	100	5	43	6	99	7	6	8	91	9	73	10	1	11	48	12	62	13	52	14	9	15	70	16	6	17	64	18	48	19	25	20	92	21	49	22	54	23	27	24	51	25	37	26	21	27	62	28	74	29	65
	0	91	1	10	2	63	3	32	4	30	5	84	6	77	7	71	8	54	9	29	10	64	11	18	12	94	13	37	14	78	15	22	16	34	17	61	18	18	19	34	20	35	21	56	22	24	23	45	24	43	25	51	26	40	27	84	28	51	29	50
	0	19	1	85	2	47	3	18	4	20	5	85	6	76	7	82	8	44	9	14	10	96	11	69	12	86	13	82	14	16	15	57	16	14	17	89	18	25	19	13	20	99	21	2	22	69	23	26	24	56	25	70	26	35	27	91	28	73	29	83
	0	27	1	80	2	28	3	92	4	68	5	5	6	34	7	44	8	56	9	68	10	60	11	97	12	46	13	54	14	4	15	24	16	57	17	6	18	36	19	18	20	4	21	80	22	21	23	62	24	17	25	99	26	100	27	19	28	99	29	15
	0	85	1	52	2	27	3	74	4	96	5	98	6	1	7	40	8	43	9	37	10	95	11	10	12	39	13	37	14	67	15	45	16	94	17	70	18	30	19	79	20	16	21	17	22	91	23	98	24	38	25	26	26	12	27	92	28	23	29	79
	0	45	1	21	2	46	3	75	4	47	5	55	6	25	7	54	8	87	9	71	10	67	11	5	12	89	13	25	14	55	15	38	16	68	17	25	18	66	19	8	20	66	21	76	22	38	23	30	24	2	25	75	26	87	27	15	28	63	29	73
	0	55	1	22	2	30	3	31	4	56	5	96	6	4	7	47	8	27	9	49	10	64	11	20	12	12	13	4	14	6	15	80	16	39	17	92	18	4	19	5	20	64	21	92	22	19	23	97	24	90	25	42	26	44	27	99	28	88	29	69
	0	45	1	61	2	80	3	11	4	58	5	94	6	51	7	25	8	36	9	76	10	19	11	12	12	65	13	88	14	62	15	4	16	81	17	97	18	80	19	83	20	76	21	23	22	63	23	39	24	62	25	45	26	70	27	77	28	24	29	33
	0	45	1	39	2	5	3	28	4	40	5	100	6	75	7	87	8	98	9	38	10	2	11	71	12	28	13	12	14	16	15	50	16	88	17	89	18	20	19	47	20	26	21	83	22	28	23	44	24	73	25	30	26	87	27	22	28	82	29	97
	0	43	1	15	2	43	3	91	4	60	5	96	6	37	7	28	8	75	9	11	10	96	11	71	12	80	13	60	14	87	15	56	16	41	17	60	18	41	19	56	20	3	21	54	22	80	23	51	24	51	25	58	26	34	27	9	28	8	29	33
	0	39	1	4	2	95	3	63	4	51	5	5	6	97	7	38	8	30	9	26	10	96	11	97	12	80	13	27	14	68	15	74	16	39	17	90	18	58	19	47	20	56	21	18	22	75	23	93	24	5	25	37	26	81	27	82	28	22	29	87
	0	58	1	87	2	63	3	39	4	71	5	69	6	19	7	75	8	74	9	82	10	33	11	14	12	22	13	99	14	14	15	73	16	86	17	46	18	33	19	99	20	81	21	17	22	51	23	1	24	54	25	89	26	21	27	81	28	100	29	61
	0	42	1	37	2	93	3	89	4	81	5	81	6	59	7	3	8	82	9	9	10	19	11	5	12	23	13	99	14	81	15	100	16	97	17	39	18	73	19	10	20	25	21	7	22	20	23	53	24	27	25	44	26	30	27	23	28	7	29	9
	0	34	1	65	2	37	3	95	4	87	5	51	6	30	7	49	8	40	9	9	10	57	11	29	12	30	13	34	14	30	15	78	16	48	17	9	18	61	19	19	20	87	21	100	22	82	23	78	24	78	25	14	26	67	27	3	28	59	29	22
	0	98	1	40	2	55	3	90	4	77	5	64	6	33	7	83	8	54	9	2	10	90	11	12	12	43	13	71	14	76	15	52	16	44	17	39	18	43	19	61	20	69	21	72	22	10	23	56	24	76	25	14	26	55	27	36	28	36	29	45
	0	72	1	68	2	89	3	78	4	80	5	62	6	68	7	9	8	48	9	99	10	4	11	35	12	83	13	9	14	24	15	86	16	95	17	89	18	14	19	57	20	29	21	18	22	19	23	19	24	41	25	14	26	89	27	57	28	46	29	31
	0	85	1	52	2	67	3	95	4	29	5	19	6	71	7	29	8	50	9	60	10	67	11	13	12	41	13	86	14	86	15	76	16	64	17	38	18	98	19	29	20	43	21	96	22	19	23	68	24	41	25	49	26	2	27	15	28	8	29	87
	0	41	1	87	2	44	3	22	4	13	5	86	6	30	7	47	8	37	9	69	10	93	11	10	12	45	13	40	14	32	15	28	16	61	17	66	18	12	19	6	20	63	21	8	22	97	23	9	24	66	25	26	26	97	27	12	28	32	29	2
	0	30	1	24	2	26	3	71	4	29	5	64	6	50	7	77	8	57	9	36	10	31	11	84	12	2	13	17	14	58	15	100	16	52	17	77	18	67	19	7	20	98	21	81	22	40	23	12	24	95	25	41	26	72	27	34	28	83	29	21
	0	93	1	16	2	59	3	26	4	82	5	24	6	36	7	2	8	88	9	57	10	36	11	46	12	52	13	6	14	13	15	2	16	3	17	9	18	85	19	86	20	57	21	4	22	37	23	71	24	50	25	79	26	17	27	21	28	83	29	61
	0	27	1	57	2	67	3	4	4	8	5	92	6	85	7	64	8	46	9	77	10	7	11	63	12	50	13	30	14	42	15	89	16	95	17	52	18	97	19	90	20	21	21	46	22	81	23	40	24	25	25	96	26	82	27	100	28	98	29	72
	0	90	1	100	2	89	3	62	4	55	5	12	6	97	7	58	8	6	9	88	10	22	11	39	12	59	13	86	14	39	15	28	16	91	17	18	18	52	19	16	20	76	21	65	22	59	23	90	24	83	25	72	26	42	27	91	28	99	29	15
	0	35	1	2	2	31	3	74	4	65	5	42	6	80	7	87	8	52	9	100	10	13	11	66	12	10	13	56	14	63	15	70	16	2	17	69	18	34	19	1	20	19	21	9	22	97	23	57	24	6	25	87	26	1	27	36	28	49	29	4
	0	30	1	18	2	78	3	12	4	86	5	29	6	80	7	70	8	83	9	80	10	10	11	32	12	67	13	46	14	39	15	9	16	12	17	7	18	94	19	71	20	50	21	75	22	63	23	8	24	39	25	91	26	76	27	47	28	71	29	43
	0	92	1	98	2	77	3	53	4	39	5	88	6	84	7	41	8	94	9	79	10	28	11	41	12	13	13	10	14	27	15	55	16	19	17	92	18	66	19	42	20	30	21	43	22	64	23	3	24	86	25	55	26	99	27	95	28	92	29	18
	0	23	1	81	2	99	3	50	4	12	5	16	6	84	7	7	8	98	9	10	10	100	11	69	12	98	13	24	14	14	15	25	16	43	17	92	18	46	19	14	20	58	21	73	22	82	23	81	24	47	25	74	26	21	27	57	28	94	29	98
	0	82	1	89	2	83	3	15	4	80	5	51	6	77	7	56	8	40	9	37	10	45	11	64	12	22	13	4	14	95	15	82	16	70	17	11	18	66	19	36	20	96	21	99	22	90	23	48	24	78	25	70	26	14	27	3	28	35	29	84
	0	65	1	28	2	86	3	85	4	70	5	86	6	29	7	6	8	84	9	70	10	90	11	32	12	88	13	57	14	19	15	9	16	45	17	71	18	49	19	38	20	38	21	41	22	29	23	82	24	34	25	67	26	8	27	85	28	27	29	33
	0	28	1	70	2	69	3	19	4	49	5	73	6	2	7	12	8	23	9	34	10	17	11	10	12	75	13	36	14	37	15	69	16	81	17	78	18	89	19	49	20	24	21	16	22	98	23	39	24	88	25	16	26	33	27	82	28	15	29	89
	0	91	1	33	2	31	3	13	4	86	5	3	6	24	7	57	8	89	9	87	10	19	11	68	12	27	13	78	14	96	15	83	16	45	17	9	18	32	19	64	20	94	21	75	22	79	23	95	24	80	25	37	26	98	27	65	28	100	29	95
	0	3	1	37	2	58	3	98	4	9	5	76	6	16	7	14	8	72	9	81	10	38	11	81	12	61	13	56	14	38	15	28	16	7	17	95	18	11	19	9	20	28	21	88	22	43	23	9	24	4	25	63	26	13	27	18	28	68	29	9
	0	20	1	62	2	33	3	69	4	25	5	51	6	61	7	85	8	77	9	90	10	64	11	28	12	52	13	43	14	73	15	57	16	44	17	66	18	26	19	83	20	80	21	30	22	58	23	34	24	42	25	14	26	97	27	48	28	21	29	45
	0	89	1	40	2	44	3	88	4	23	5	16	6	34	7	40	8	16	9	31	10	10	11	67	12	74	13	20	14	26	15	97	16	62	17	49	18	8	19	48	20	23	21	48	22	42	23	58	24	45	25	47	26	15	27	52	28	62	29	16
	0	26	1	54	2	35	3	67	4	98	5	32	6	51	7	99	8	73	9	40	10	39	11	68	12	76	13	86	14	89	15	18	16	55	17	42	18	19	19	19	20	66	21	84	22	30	23	79	24	32	25	8	26	43	27	41	28	9	29	90
	0	15	1	72	2	42	3	58	4	62	5	10	6	76	7	2	8	49	9	27	10	75	11	53	12	25	13	15	14	54	15	88	16	1	17	22	18	26	19	57	20	17	21	72	22	21	23	32	24	34	25	55	26	31	27	19	28	40	29	90
	0	89	1	94	2	76	3	62	4	80	5	49	6	11	7	5	8	42	9	60	10	12	11	97	12	18	13	7	14	3	15	55	16	47	17	14	18	10	19	72	20	23	21	95	22	13	23	24	24	48	25	6	26	82	27	44	28	64	29	59
	0	56	1	35	2	41	3	32	4	75	5	68	6	45	7	94	8	3	9	1	10	32	11	18	12	87	13	97	14	25	15	57	16	36	17	34	18	75	19	10	20	23	21	44	22	23	23	85	24	44	25	8	26	92	27	68	28	78	29	2
	0	3	1	19	2	45	3	79	4	71	5	75	6	49	7	14	8	39	9	35	10	44	11	62	12	51	13	41	14	84	15	3	16	65	17	85	18	18	19	64	20	81	21	20	22	58	23	57	24	1	25	36	26	32	27	69	28	70	29	33
	0	83	1	76	2	63	3	20	4	92	5	91	6	8	7	93	8	42	9	62	10	58	11	94	12	22	13	66	14	74	15	43	16	67	17	80	18	52	19	99	20	76	21	18	22	25	23	93	24	38	25	68	26	25	27	29	28	83	29	67
	0	66	1	67	2	16	3	99	4	8	5	8	6	17	7	1	8	96	9	60	10	7	11	12	12	95	13	66	14	8	15	5	16	47	17	92	18	61	19	84	20	46	21	33	22	72	23	37	24	91	25	76	26	95	27	70	28	61	29	26
	0	83	1	75	2	37	3	89	4	55	5	97	6	43	7	56	8	72	9	7	10	5	11	51	12	5	13	4	14	36	15	25	16	55	17	83	18	87	19	7	20	45	21	56	22	51	23	48	24	97	25	23	26	81	27	21	28	67	29	100
	0	68	1	63	2	2	3	82	4	8	5	68	6	36	7	81	8	21	9	63	10	40	11	68	12	22	13	41	14	4	15	17	16	63	17	21	18	100	19	21	20	81	21	58	22	60	23	31	24	18	25	32	26	78	27	43	28	17	29	79
	0	3	1	30	2	1	3	53	4	93	5	88	6	78	7	25	8	50	9	54	10	40	11	56	12	39	13	8	14	54	15	8	16	81	17	70	18	56	19	80	20	62	21	53	22	84	23	67	24	2	25	29	26	41	27	99	28	73	29	28
	0	43	1	4	2	56	3	73	4	11	5	85	6	92	7	10	8	13	9	32	10	49	11	7	12	43	13	86	14	19	15	15	16	31	17	32	18	18	19	19	20	85	21	5	22	43	23	26	24	25	25	7	26	26	27	60	28	61	29	90
	0	74	1	74	2	23	3	50	4	91	5	80	6	44	7	26	8	17	9	78	10	50	11	14	12	41	13	21	14	18	15	33	16	63	17	42	18	1	19	94	20	8	21	61	22	21	23	76	24	28	25	3	26	1	27	4	28	44	29	26
	0	65	1	73	2	6	3	39	4	40	5	75	6	77	7	43	8	40	9	18	10	70	11	36	12	96	13	47	14	93	15	63	16	99	17	3	18	88	19	5	20	32	21	75	22	51	23	31	24	27	25	47	26	85	27	60	28	79	29	33
	0	26	1	14	2	84	3	41	4	26	5	48	6	99	7	36	8	93	9	91	10	35	11	81	12	34	13	42	14	31	15	58	16	29	17	94	18	65	19	27	20	40	21	85	22	14	23	60	24	53	25	2	26	61	27	54	28	64	29	86
	0	97	1	23	2	1	3	2	4	93	5	15	6	23	7	87	8	23	9	94	10	26	11	93	12	63	13	11	14	77	15	69	16	2	17	26	18	30	19	60	20	40	21	65	22	3	23	25	24	58	25	34	26	30	27	90	28	79	29	3
	0	99	1	87	2	65	3	54	4	54	5	57	6	16	7	41	8	20	9	8	10	58	11	10	12	69	13	57	14	48	15	79	16	48	17	1	18	27	19	81	20	36	21	97	22	93	23	2	24	90	25	34	26	92	27	85	28	5	29	45
	0	29	1	81	2	6	3	80	4	61	5	57	6	29	7	36	8	19	9	94	10	74	11	27	12	69	13	46	14	24	15	30	16	15	17	36	18	81	19	41	20	96	21	6	22	46	23	31	24	40	25	49	26	48	27	85	28	66	29	1
	0	8	1	59	2	57	3	51	4	83	5	97	6	34	7	15	8	28	9	82	10	15	11	74	12	71	13	23	14	41	15	67	16	1	17	97	18	80	19	7	20	89	21	1	22	68	23	33	24	14	25	76	26	40	27	46	28	56	29	14
	0	53	1	72	2	79	3	64	4	3	5	51	6	13	7	86	8	3	9	61	10	9	11	31	12	62	13	7	14	35	15	39	16	80	17	39	18	18	19	84	20	56	21	93	22	72	23	11	24	72	25	48	26	54	27	37	28	100	29	57
	0	28	1	23	2	41	3	90	4	64	5	28	6	2	7	97	8	60	9	6	10	58	11	83	12	91	13	5	14	63	15	47	16	18	17	84	18	12	19	30	20	99	21	56	22	52	23	74	24	11	25	13	26	8	27	89	28	36	29	5
	0	69	1	74	2	9	3	75	4	43	5	49	6	16	7	61	8	86	9	80	10	72	11	31	12	58	13	17	14	47	15	16	16	66	17	73	18	7	19	29	20	82	21	9	22	79	23	14	24	71	25	4	26	69	27	63	28	47	29	42
	0	90	1	63	2	45	3	15	4	78	5	100	6	90	7	43	8	98	9	9	10	81	11	69	12	78	13	52	14	36	15	53	16	11	17	66	18	65	19	93	20	23	21	9	22	59	23	45	24	97	25	2	26	12	27	17	28	93	29	32
	0	29	1	48	2	2	3	81	4	68	5	24	6	44	7	90	8	34	9	68	10	81	11	60	12	7	13	9	14	92	15	69	16	90	17	30	18	73	19	45	20	100	21	38	22	17	23	26	24	28	25	13	26	4	27	1	28	69	29	19
	0	12	1	4	2	64	3	98	4	17	5	20	6	26	7	74	8	53	9	2	10	46	11	24	12	41	13	40	14	83	15	23	16	10	17	100	18	92	19	42	20	82	21	33	22	54	23	69	24	75	25	43	26	98	27	85	28	54	29	32
	0	32	1	96	2	38	3	80	4	34	5	36	6	37	7	27	8	50	9	61	10	81	11	58	12	20	13	9	14	63	15	14	16	20	17	7	18	10	19	75	20	83	21	32	22	43	23	98	24	58	25	72	26	15	27	87	28	95	29	37
	0	13	1	53	2	86	3	10	4	67	5	70	6	89	7	55	8	22	9	41	10	18	11	11	12	37	13	42	14	68	15	25	16	42	17	85	18	25	19	37	20	53	21	40	22	75	23	96	24	21	25	96	26	86	27	59	28	89	29	52
	0	67	1	45	2	53	3	63	4	9	5	98	6	77	7	2	8	53	9	2	10	89	11	89	12	52	13	73	14	64	15	4	16	22	17	74	18	79	19	97	20	2	21	65	22	85	23	53	24	49	25	79	26	38	27	76	28	58	29	70
	0	78	1	92	2	83	3	89	4	54	5	100	6	79	7	75	8	28	9	18	10	17	11	75	12	16	13	88	14	20	15	27	16	37	17	56	18	37	19	61	20	82	21	32	22	48	23	18	24	32	25	88	26	58	27	81	28	73	29	73
	0	42	1	70	2	2	3	29	4	31	5	48	6	4	7	41	8	66	9	32	10	64	11	71	12	43	13	22	14	35	15	42	16	37	17	75	18	63	19	76	20	87	21	91	22	68	23	10	24	58	25	100	26	3	27	30	28	25	29	52
	0	64	1	11	2	46	3	53	4	7	5	46	6	21	7	4	8	98	9	100	10	36	11	38	12	10	13	31	14	63	15	45	16	37	17	45	18	59	19	49	20	84	21	6	22	64	23	72	24	61	25	93	26	18	27	93	28	93	29	82
	0	41	1	93	2	6	3	4	4	29	5	35	6	78	7	92	8	80	9	41	10	39	11	34	12	49	13	36	14	77	15	81	16	82	17	96	18	72	19	81	20	92	21	5	22	73	23	50	24	84	25	13	26	95	27	79	28	15	29	55
	0	75	1	58	2	70	3	57	4	52	5	54	6	90	7	64	8	28	9	79	10	59	11	42	12	40	13	36	14	64	15	48	16	55	17	18	18	71	19	78	20	47	21	23	22	85	23	28	24	37	25	78	26	80	27	24	28	8	29	7
	0	26	1	19	2	9	3	87	4	46	5	49	6	12	7	55	8	78	9	12	10	5	11	84	12	28	13	94	14	19	15	38	16	31	17	70	18	21	19	54	20	75	21	47	22	26	23	31	24	32	25	27	26	14	27	23	28	9	29	18
	0	50	1	55	2	27	3	96	4	36	5	13	6	73	7	26	8	56	9	86	10	85	11	76	12	91	13	47	14	75	15	86	16	4	17	13	18	99	19	77	20	31	21	13	22	8	23	11	24	32	25	56	26	73	27	41	28	77	29	83
	0	44	1	8	2	76	3	38	4	87	5	73	6	79	7	94	8	23	9	94	10	10	11	18	12	47	13	82	14	98	15	73	16	13	17	6	18	27	19	72	20	9	21	19	22	25	23	35	24	53	25	27	26	46	27	37	28	93	29	31
	0	31	1	20	2	82	3	9	4	49	5	13	6	73	7	15	8	46	9	99	10	43	11	14	12	59	13	10	14	48	15	82	16	73	17	31	18	71	19	46	20	34	21	64	22	100	23	24	24	27	25	74	26	66	27	6	28	5	29	4
	0	23	1	89	2	13	3	59	4	39	5	39	6	42	7	73	8	43	9	62	10	26	11	16	12	46	13	96	14	44	15	9	16	16	17	55	18	95	19	52	20	1	21	98	22	72	23	79	24	5	25	95	26	44	27	96	28	71	29	9
	0	6	1	74	2	38	3	30	4	93	5	91	6	50	7	15	8	32	9	54	10	55	11	31	12	91	13	43	14	17	15	2	16	65	17	54	18	25	19	4	20	75	21	35	22	74	23	56	24	2	25	46	26	52	27	13	28	62	29	84
	0	64	1	51	2	3	3	53	4	60	5	98	6	75	7	68	8	73	9	57	10	8	11	26	12	59	13	14	14	97	15	94	16	13	17	48	18	81	19	70	20	93	21	62	22	59	23	39	24	81	25	16	26	88	27	31	28	66	29	33
	0	56	1	33	2	9	3	95	4	7	5	38	6	56	7	63	8	95	9	8	10	83	11	87	12	64	13	3	14	3	15	84	16	82	17	97	18	57	19	98	20	6	21	73	22	84	23	86	24	24	25	90	26	35	27	75	28	5	29	40
	0	65	1	91	2	77	3	53	4	42	5	58	6	87	7	13	8	36	9	21	10	23	11	95	12	79	13	28	14	2	15	35	16	27	17	85	18	66	19	92	20	47	21	69	22	14	23	66	24	8	25	61	26	79	27	76	28	67	29	33
	0	34	1	20	2	64	3	95	4	65	5	67	6	71	7	9	8	72	9	52	10	58	11	95	12	58	13	72	14	77	15	5	16	34	17	12	18	69	19	41	20	53	21	37	22	48	23	31	24	37	25	45	26	19	27	99	28	69	29	51
	0	31	1	88	2	64	3	54	4	73	5	32	6	39	7	13	8	70	9	65	10	46	11	18	12	24	13	33	14	37	15	52	16	15	17	43	18	77	19	63	20	62	21	53	22	30	23	1	24	98	25	4	26	63	27	90	28	18	29	36
	0	69	1	32	2	99	3	44	4	93	5	67	6	97	7	65	8	2	9	43	10	87	11	100	12	51	13	64	14	83	15	13	16	26	17	7	18	51	19	71	20	59	21	55	22	33	23	96	24	66	25	67	26	3	27	59	28	39	29	74
	0	50	1	37	2	88	3	99	4	64	5	4	6	25	7	20	8	36	9	34	10	39	11	24	12	39	13	34	14	90	15	29	16	26	17	37	18	25	19	76	20	64	21	18	22	11	23	97	24	5	25	24	26	12	27	34	28	39	29	20
	0	70	1	57	2	6	3	93	4	67	5	99	6	40	7	73	8	74	9	15	10	87	11	56	12	19	13	34	14	13	15	44	16	19	17	46	18	93	19	33	20	68	21	61	22	53	23	13	24	78	25	35	26	97	27	65	28	5	29	14
	0	56	1	62	2	18	3	89	4	21	5	22	6	80	7	39	8	61	9	57	10	60	11	94	12	39	13	22	14	94	15	67	16	67	17	53	18	57	19	31	20	67	21	58	22	20	23	29	24	35	25	91	26	6	27	53	28	22	29	26
	0	61	1	32	2	70	3	11	4	4	5	9	6	76	7	66	8	36	9	95	10	81	11	65	12	12	13	35	14	80	15	2	16	97	17	33	18	29	19	40	20	76	21	95	22	77	23	93	24	80	25	9	26	51	27	85	28	56	29	75
	0	90	1	90	2	81	3	29	4	69	5	46	6	5	7	44	8	99	9	97	10	74	11	2	12	74	13	7	14	66	15	59	16	91	17	42	18	46	19	53	20	96	21	34	22	8	23	34	24	97	25	47	26	79	27	97	28	61	29	30
	0	90	1	66	2	5	3	15	4	49	5	59	6	13	7	96	8	57	9	12	10	62	11	12	12	66	13	63	14	35	15	93	16	65	17	21	18	50	19	65	20	40	21	64	22	39	23	14	24	44	25	35	26	46	27	57	28	81	29	50
	0	43	1	64	2	83	3	28	4	66	5	38	6	30	7	91	8	29	9	43	10	54	11	17	12	81	13	34	14	18	15	42	16	79	17	37	18	63	19	20	20	28	21	69	22	61	23	15	24	95	25	13	26	32	27	73	28	91	29	83
	0	84	1	92	2	99	3	25	4	16	5	2	6	68	7	70	8	74	9	6	10	17	11	19	12	48	13	57	14	19	15	14	16	69	17	70	18	42	19	53	20	18	21	92	22	93	23	30	24	76	25	71	26	73	27	15	28	75	29	12
	0	40	1	14	2	17	3	8	4	48	5	53	6	76	7	69	8	2	9	1	10	12	11	1	12	47	13	9	14	48	15	13	16	83	17	28	18	90	19	41	20	79	21	57	22	98	23	12	24	8	25	100	26	32	27	10	28	54	29	55
	0	39	1	7	2	49	3	65	4	43	5	50	6	33	7	91	8	60	9	47	10	53	11	96	12	59	13	86	14	57	15	48	16	21	17	60	18	28	19	80	20	85	21	11	22	66	23	67	24	78	25	93	26	31	27	8	28	60	29	26
	0	87	1	19	2	43	3	100	4	20	5	77	6	57	7	32	8	13	9	81	10	73	11	97	12	2	13	97	14	13	15	86	16	59	17	24	18	92	19	60	20	52	21	99	22	91	23	3	24	100	25	2	26	42	27	89	28	16	29	59
	0	74	1	24	2	92	3	45	4	67	5	23	6	98	7	20	8	87	9	34	10	70	11	68	12	26	13	16	14	26	15	22	16	52	17	40	18	31	19	77	20	44	21	64	22	98	23	42	24	77	25	2	26	97	27	82	28	80	29	92
	0	11	1	35	2	71	3	24	4	60	5	24	6	47	7	96	8	75	9	87	10	95	11	97	12	7	13	100	14	40	15	40	16	95	17	67	18	42	19	99	20	25	21	96	22	16	23	12	24	55	25	92	26	46	27	59	28	95	29	30
	0	92	1	34	2	62	3	95	4	30	5	63	6	52	7	97	8	78	9	30	10	87	11	100	12	75	13	29	14	45	15	23	16	42	17	46	18	77	19	3	20	27	21	32	22	63	23	24	24	9	25	34	26	58	27	58	28	34	29	87
	0	49	1	69	2	84	3	85	4	7	5	73	6	14	7	88	8	98	9	57	10	11	11	23	12	16	13	7	14	53	15	100	16	26	17	88	18	67	19	48	20	34	21	79	22	36	23	18	24	34	25	55	26	77	27	48	28	87	29	77
	0	8	1	64	2	39	3	26	4	69	5	55	6	81	7	81	8	67	9	62	10	100	11	48	12	58	13	63	14	91	15	82	16	88	17	47	18	14	19	46	20	60	21	100	22	24	23	19	24	80	25	52	26	100	27	33	28	35	29	62
	0	66	1	11	2	68	3	33	4	62	5	26	6	71	7	92	8	14	9	6	10	17	11	61	12	30	13	67	14	86	15	27	16	83	17	26	18	74	19	68	20	92	21	49	22	70	23	96	24	98	25	24	26	54	27	44	28	95	29	57
	0	55	1	71	2	66	3	50	4	50	5	99	6	35	7	99	8	20	9	83	10	32	11	14	12	75	13	78	14	30	15	60	16	21	17	82	18	11	19	66	20	34	21	25	22	62	23	52	24	57	25	67	26	5	27	73	28	35	29	15
	0	18	1	74	2	66	3	63	4	3	5	9	6	20	7	34	8	99	9	74	10	53	11	55	12	56	13	46	14	34	15	17	16	11	17	28	18	46	19	82	20	38	21	57	22	28	23	47	24	49	25	11	26	87	27	85	28	89	29	20
	0	83	1	4	2	44	3	84	4	56	5	11	6	38	7	30	8	76	9	70	10	11	11	84	12	16	13	74	14	1	15	19	16	72	17	97	18	58	19	21	20	2	21	72	22	72	23	79	24	46	25	25	26	96	27	82	28	36	29	60
	0	89	1	96	2	40	3	61	4	15	5	38	6	69	7	80	8	76	9	83	10	51	11	6	12	50	13	60	14	62	15	45	16	78	17	28	18	46	19	50	20	22	21	42	22	89	23	85	24	68	25	40	26	11	27	14	28	68	29	26
	0	86	1	41	2	37	3	9	4	33	5	51	6	44	7	41	8	10	9	21	10	70	11	64	12	11	13	5	14	16	15	39	16	52	17	12	18	96	19	44	20	99	21	25	22	27	23	43	24	64	25	44	26	25	27	74	28	79	29	33
	0	49	1	2	2	26	3	17	4	64	5	43	6	68	7	54	8	15	9	46	10	39	11	78	12	16	13	93	14	52	15	93	16	30	17	56	18	57	19	57	20	54	21	14	22	56	23	82	24	67	25	32	26	42	27	59	28	87	29	39
	0	41	1	66	2	45	3	72	4	54	5	15	6	95	7	58	8	38	9	62	10	81	11	60	12	74	13	80	14	57	15	20	16	5	17	61	18	30	19	49	20	52	21	2	22	52	23	62	24	23	25	97	26	6	27	64	28	95	29	32
	0	44	1	25	2	18	3	61	4	80	5	1	6	78	7	1	8	48	9	92	10	17	11	84	12	66	13	40	14	92	15	48	16	80	17	20	18	35	19	64	20	77	21	58	22	22	23	9	24	81	25	88	26	92	27	59	28	77	29	48
	0	53	1	51	2	31	3	43	4	65	5	29	6	1	7	53	8	9	9	81	10	40	11	58	12	61	13	40	14	65	15	97	16	28	17	92	18	18	19	95	20	36	21	19	22	52	23	23	24	61	25	77	26	29	27	71	28	36	29	71
	0	85	1	45	2	5	3	96	4	30	5	35	6	69	7	45	8	72	9	96	10	70	11	100	12	81	13	48	14	9	15	65	16	42	17	90	18	73	19	8	20	49	21	73	22	39	23	10	24	56	25	88	26	67	27	46	28	80	29	63
	0	11	1	51	2	5	3	66	4	96	5	34	6	65	7	66	8	51	9	50	10	80	11	97	12	89	13	42	14	77	15	28	16	85	17	11	18	32	19	33	20	78	21	85	22	97	23	9	24	4	25	83	26	11	27	96	28	50	29	94
	0	12	1	95	2	55	3	30	4	83	5	75	6	32	7	22	8	8	9	30	10	64	11	47	12	32	13	27	14	5	15	28	16	30	17	42	18	93	19	39	20	41	21	89	22	50	23	99	24	30	25	84	26	27	27	49	28	58	29	93
	0	24	1	37	2	99	3	73	4	90	5	55	6	33	7	86	8	72	9	6	10	76	11	46	12	94	13	5	14	54	15	56	16	61	17	22	18	35	19	9	20	22	21	28	22	45	23	75	24	54	25	14	26	63	27	6	28	35	29	84
	0	58	1	27	2	15	3	34	4	11	5	82	6	21	7	84	8	42	9	65	10	37	11	20	12	29	13	61	14	61	15	54	16	94	17	59	18	10	19	23	20	84	21	27	22	42	23	69	24	89	25	56	26	15	27	86	28	54	29	10
	0	89	1	26	2	94	3	45	4	54	5	78	6	11	7	80	8	34	9	91	10	65	11	31	12	5	13	88	14	76	15	48	16	15	17	92	18	18	19	9	20	13	21	72	22	65	23	69	24	7	25	67	26	89	27	52	28	14	29	57
	0	9	1	57	2	81	3	77	4	70	5	100	6	80	7	5	8	59	9	5	10	100	11	65	12	30	13	54	14	9	15	24	16	68	17	5	18	42	19	78	20	16	21	83	22	39	23	48	24	60	25	84	26	53	27	44	28	32	29	34
	0	88	1	61	2	78	3	35	4	37	5	6	6	6	7	41	8	39	9	87	10	11	11	70	12	72	13	6	14	32	15	53	16	44	17	29	18	3	19	60	20	58	21	35	22	93	23	59	24	62	25	68	26	47	27	98	28	100	29	33
	0	75	1	23	2	36	3	19	4	56	5	58	6	17	7	43	8	48	9	24	10	88	11	38	12	17	13	64	14	85	15	32	16	39	17	3	18	59	19	95	20	25	21	64	22	14	23	54	24	80	25	15	26	68	27	91	28	99	29	16
	0	50	1	81	2	46	3	92	4	11	5	41	6	84	7	67	8	11	9	84	10	58	11	2	12	89	13	9	14	23	15	53	16	58	17	71	18	87	19	26	20	63	21	1	22	21	23	97	24	93	25	84	26	25	27	33	28	47	29	11
	0	85	1	15	2	87	3	50	4	40	5	67	6	27	7	27	8	48	9	28	10	44	11	87	12	20	13	33	14	13	15	91	16	70	17	80	18	93	19	68	20	86	21	99	22	24	23	17	24	25	25	64	26	11	27	44	28	96	29	95
	0	100	1	65	2	67	3	53	4	80	5	18	6	28	7	24	8	53	9	66	10	78	11	37	12	74	13	76	14	39	15	75	16	38	17	13	18	93	19	65	20	72	21	81	22	12	23	50	24	64	25	2	26	16	27	98	28	15	29	13
	0	84	1	85	2	34	3	26	4	6	5	62	6	79	7	73	8	46	9	91	10	18	11	35	12	52	13	13	14	89	15	39	16	38	17	88	18	50	19	45	20	26	21	3	22	64	23	83	24	14	25	57	26	65	27	2	28	19	29	56
	0	88	1	36	2	96	3	89	4	64	5	8	6	55	7	51	8	17	9	20	10	2	11	48	12	7	13	3	14	91	15	4	16	14	17	27	18	62	19	32	20	44	21	94	22	95	23	67	24	18	25	58	26	11	27	50	28	69	29	54
	0	3	1	26	2	44	3	21	4	65	5	93	6	13	7	64	8	64	9	5	10	10	11	78	12	77	13	26	14	65	15	24	16	63	17	83	18	3	19	55	20	78	21	72	22	21	23	7	24	21	25	6	26	66	27	9	28	91	29	12
	0	71	1	83	2	82	3	18	4	29	5	40	6	39	7	87	8	11	9	85	10	79	11	88	12	58	13	77	14	18	15	8	16	92	17	43	18	81	19	50	20	45	21	3	22	69	23	70	24	91	25	71	26	24	27	45	28	24	29	48
	0	14	1	76	2	28	3	4	4	17	5	70	6	24	7	31	8	89	9	60	10	98	11	1	12	38	13	37	14	42	15	66	16	46	17	28	18	47	19	95	20	1	21	32	22	61	23	15	24	42	25	94	26	72	27	10	28	15	29	87
	0	90	1	5	2	9	3	27	4	53	5	21	6	14	7	49	8	40	9	94	10	7	11	4	12	20	13	82	14	78	15	69	16	26	17	5	18	49	19	73	20	49	21	3	22	28	23	83	24	5	25	99	26	22	27	10	28	89	29	89
	0	3	1	9	2	46	3	21	4	76	5	2	6	16	7	26	8	23	9	45	10	25	11	94	12	2	13	13	14	31	15	37	16	31	17	75	18	59	19	67	20	88	21	79	22	72	23	79	24	9	25	83	26	65	27	25	28	57	29	89
	0	74	1	10	2	91	3	69	4	54	5	54	6	86	7	89	8	47	9	1	10	41	11	77	12	55	13	59	14	8	15	82	16	92	17	13	18	21	19	24	20	70	21	41	22	93	23	36	24	49	25	24	26	39	27	37	28	59	29	30
	0	12	1	100	2	70	3	16	4	79	5	97	6	62	7	74	8	78	9	29	10	33	11	17	12	9	13	89	14	42	15	83	16	75	17	7	18	75	19	98	20	71	21	61	22	72	23	31	24	65	25	84	26	70	27	29	28	57	29	78
	0	40	1	15	2	75	3	16	4	25	5	89	6	61	7	1	8	98	9	66	10	63	11	12	12	17	13	33	14	13	15	54	16	30	17	22	18	76	19	85	20	56	21	16	22	97	23	7	24	61	25	52	26	75	27	15	28	84	29	72
	0	46	1	67	2	95	3	42	4	52	5	10	6	95	7	48	8	25	9	67	10	76	11	28	12	23	13	81	14	2	15	99	16	86	17	67	18	95	19	97	20	3	21	18	22	22	23	34	24	11	25	61	26	17	27	36	28	64	29	74
	0	96	1	23	2	38	3	90	4	39	5	39	6	72	7	59	8	45	9	54	10	57	11	56	12	90	13	73	14	9	15	32	16	49	17	52	18	5	19	55	20	48	21	93	22	69	23	5	24	65	25	55	26	22	27	98	28	99	29	27
	0	43	1	56	2	71	3	39	4	6	5	58	6	25	7	100	8	83	9	39	10	46	11	4	12	38	13	7	14	18	15	28	16	42	17	9	18	74	19	20	20	93	21	67	22	29	23	60	24	6	25	50	26	86	27	22	28	31	29	69
	0	54	1	85	2	95	3	7	4	32	5	66	6	71	7	12	8	37	9	80	10	52	11	28	12	80	13	36	14	41	15	33	16	21	17	34	18	16	19	11	20	54	21	19	22	17	23	82	24	15	25	11	26	69	27	57	28	95	29	18
	0	37	1	2	2	6	3	81	4	71	5	26	6	56	7	40	8	99	9	17	10	90	11	99	12	68	13	7	14	34	15	28	16	39	17	27	18	42	19	45	20	91	21	87	22	23	23	53	24	92	25	3	26	14	27	23	28	31	29	31
	0	8	1	62	2	33	3	1	4	68	5	3	6	94	7	62	8	82	9	86	10	1	11	66	12	35	13	41	14	39	15	57	16	3	17	94	18	96	19	55	20	7	21	32	22	1	23	38	24	71	25	17	26	75	27	62	28	65	29	36
	0	86	1	80	2	49	3	17	4	9	5	48	6	31	7	53	8	57	9	18	10	5	11	17	12	32	13	77	14	52	15	55	16	96	17	61	18	91	19	90	20	76	21	62	22	27	23	77	24	48	25	16	26	48	27	95	28	71	29	15
	0	44	1	57	2	48	3	14	4	52	5	80	6	47	7	99	8	70	9	45	10	23	11	47	12	79	13	37	14	96	15	96	16	58	17	54	18	87	19	4	20	9	21	9	22	33	23	70	24	91	25	77	26	7	27	24	28	61	29	58
	0	30	1	46	2	55	3	55	4	51	5	42	6	56	7	91	8	27	9	90	10	45	11	9	12	25	13	52	14	13	15	37	16	38	17	95	18	1	19	13	20	83	21	73	22	76	23	84	24	21	25	75	26	77	27	43	28	20	29	19
	0	74	1	68	2	44	3	66	4	39	5	64	6	52	7	77	8	9	9	27	10	25	11	31	12	96	13	87	14	68	15	91	16	77	17	98	18	51	19	72	20	60	21	73	22	73	23	56	24	20	25	87	26	86	27	51	28	40	29	100
	0	1	1	7	2	11	3	76	4	55	5	11	6	67	7	80	8	24	9	32	10	67	11	3	12	9	13	9	14	47	15	37	16	25	17	72	18	97	19	91	20	72	21	54	22	49	23	39	24	67	25	41	26	74	27	29	28	71	29	50
	0	21	1	89	2	36	3	48	4	51	5	21	6	48	7	45	8	44	9	66	10	64	11	23	12	94	13	77	14	45	15	88	16	5	17	31	18	41	19	52	20	57	21	74	22	84	23	91	24	14	25	80	26	97	27	19	28	82	29	61
	0	14	1	97	2	44	3	62	4	77	5	50	6	33	7	31	8	52	9	57	10	8	11	48	12	87	13	66	14	61	15	42	16	94	17	8	18	60	19	53	20	29	21	45	22	100	23	95	24	16	25	61	26	35	27	28	28	13	29	85
	0	93	1	71	2	49	3	98	4	15	5	87	6	50	7	76	8	52	9	25	10	45	11	66	12	29	13	14	14	30	15	80	16	47	17	32	18	12	19	87	20	84	21	4	22	76	23	11	24	25	25	91	26	40	27	71	28	23	29	79
	0	87	1	30	2	67	3	88	4	3	5	32	6	21	7	46	8	50	9	39	10	64	11	9	12	47	13	12	14	11	15	19	16	48	17	84	18	40	19	20	20	50	21	18	22	32	23	97	24	37	25	65	26	91	27	90	28	76	29	51
	0	22	1	95	2	10	3	52	4	68	5	78	6	1	7	55	8	36	9	33	10	43	11	4	12	78	13	79	14	24	15	68	16	89	17	80	18	20	19	1	20	33	21	18	22	53	23	71	24	42	25	59	26	37	27	73	28	13	29	5
	0	88	1	59	2	12	3	1	4	95	5	47	6	70	7	49	8	62	9	3	10	13	11	59	12	65	13	87	14	66	15	20	16	88	17	28	18	32	19	81	20	41	21	52	22	31	23	76	24	66	25	93	26	35	27	33	28	72	29	52
	0	64	1	42	2	84	3	79	4	1	5	85	6	73	7	15	8	56	9	45	10	1	11	83	12	89	13	47	14	21	15	57	16	54	17	5	18	96	19	15	20	43	21	65	22	30	23	64	24	43	25	85	26	23	27	7	28	15	29	74
	0	9	1	70	2	75	3	94	4	21	5	24	6	32	7	1	8	97	9	55	10	15	11	51	12	26	13	84	14	85	15	36	16	88	17	32	18	26	19	98	20	52	21	79	22	55	23	45	24	24	25	61	26	88	27	73	28	58	29	13
	0	69	1	51	2	83	3	49	4	35	5	44	6	98	7	30	8	83	9	65	10	41	11	69	12	43	13	91	14	44	15	67	16	4	17	76	18	12	19	85	20	27	21	50	22	1	23	96	24	37	25	93	26	80	27	72	28	91	29	8
	0	99	1	86	2	65	3	49	4	2	5	59	6	92	7	63	8	59	9	62	10	61	11	60	12	96	13	62	14	46	15	27	16	54	17	73	18	30	19	34	20	11	21	36	22	57	23	3	24	38	25	69	26	87	27	48	28	79	29	26
	0	87	1	99	2	68	3	81	4	55	5	66	6	44	7	24	8	50	9	11	10	97	11	10	12	7	13	29	14	77	15	38	16	36	17	61	18	53	19	17	20	34	21	90	22	72	23	62	24	74	25	87	26	1	27	26	28	39	29	12
	0	17	1	53	2	18	3	90	4	85	5	27	6	75	7	13	8	55	9	19	10	71	11	39	12	46	13	93	14	97	15	82	16	18	17	3	18	35	19	34	20	31	21	93	22	65	23	38	24	53	25	87	26	94	27	21	28	73	29	23
	0	60	1	51	2	15	3	87	4	32	5	67	6	62	7	29	8	42	9	17	10	53	11	71	12	75	13	84	14	89	15	53	16	38	17	93	18	73	19	67	20	70	21	25	22	75	23	70	24	59	25	86	26	81	27	88	28	93	29	14
	0	84	1	42	2	46	3	96	4	11	5	61	6	88	7	54	8	9	9	70	10	56	11	18	12	26	13	58	14	41	15	76	16	51	17	62	18	69	19	99	20	16	21	38	22	78	23	53	24	67	25	94	26	31	27	57	28	55	29	96
	0	1	1	62	2	7	3	92	4	31	5	41	6	64	7	10	8	51	9	15	10	30	11	10	12	2	13	69	14	34	15	9	16	5	17	31	18	5	19	16	20	63	21	2	22	41	23	28	24	4	25	76	26	83	27	87	28	82	29	85
	0	44	1	89	2	9	3	53	4	62	5	9	6	77	7	45	8	56	9	73	10	93	11	52	12	25	13	84	14	45	15	40	16	4	17	6	18	60	19	54	20	68	21	39	22	26	23	66	24	65	25	50	26	98	27	91	28	96	29	48
	0	95	1	22	2	86	3	1	4	64	5	61	6	13	7	54	8	82	9	30	10	86	11	86	12	95	13	7	14	89	15	4	16	34	17	13	18	36	19	81	20	57	21	41	22	2	23	81	24	97	25	22	26	22	27	19	28	21	29	34
	0	73	1	52	2	34	3	32	4	91	5	14	6	72	7	51	8	73	9	16	10	76	11	83	12	75	13	92	14	46	15	60	16	12	17	59	18	1	19	83	20	99	21	19	22	6	23	77	24	16	25	20	26	46	27	63	28	68	29	50
	0	40	1	80	2	78	3	53	4	48	5	94	6	38	7	64	8	95	9	78	10	94	11	10	12	21	13	55	14	63	15	30	16	43	17	31	18	79	19	16	20	61	21	62	22	33	23	57	24	75	25	33	26	62	27	57	28	77	29	47
	0	79	1	60	2	31	3	43	4	68	5	78	6	68	7	99	8	76	9	38	10	55	11	82	12	80	13	77	14	14	15	60	16	12	17	46	18	89	19	78	20	71	21	14	22	10	23	73	24	47	25	80	26	87	27	72	28	38	29	24
	0	28	1	95	2	52	3	70	4	76	5	77	6	98	7	33	8	7	9	54	10	27	11	74	12	31	13	97	14	75	15	86	16	81	17	76	18	3	19	83	20	96	21	100	22	66	23	74	24	29	25	56	26	23	27	29	28	27	29	46
	0	90	1	77	2	68	3	94	4	3	5	99	6	67	7	73	8	16	9	100	10	63	11	81	12	81	13	62	14	60	15	43	16	70	17	31	18	85	19	48	20	38	21	88	22	86	23	32	24	33	25	90	26	82	27	63	28	10	29	93
	0	33	1	94	2	5	3	98	4	99	5	93	6	68	7	71	8	2	9	64	10	65	11	37	12	15	13	13	14	97	15	42	16	35	17	29	18	4	19	33	20	18	21	81	22	40	23	10	24	84	25	52	26	41	27	35	28	14	29	61
	0	30	1	16	2	6	3	47	4	19	5	97	6	57	7	6	8	6	9	8	10	88	11	19	12	87	13	79	14	24	15	100	16	9	17	9	18	9	19	56	20	58	21	41	22	9	23	47	24	49	25	97	26	27	27	73	28	50	29	55
	0	53	1	30	2	73	3	91	4	100	5	22	6	10	7	10	8	10	9	12	10	94	11	36	12	39	13	48	14	15	15	37	16	37	17	3	18	16	19	6	20	92	21	10	22	59	23	29	24	15	25	81	26	31	27	2	28	58	29	50
	0	20	1	77	2	11	3	66	4	2	5	63	6	30	7	27	8	4	9	1	10	59	11	52	12	30	13	83	14	78	15	100	16	79	17	100	18	80	19	1	20	91	21	30	22	53	23	69	24	80	25	98	26	31	27	82	28	66	29	75
	0	28	1	76	2	1	3	100	4	83	5	76	6	49	7	29	8	68	9	59	10	72	11	57	12	38	13	33	14	32	15	76	16	34	17	61	18	6	19	32	20	65	21	84	22	75	23	28	24	16	25	98	26	39	27	75	28	80	29	13
	0	59	1	73	2	96	3	83	4	44	5	4	6	45	7	85	8	15	9	37	10	43	11	4	12	28	13	96	14	13	15	24	16	38	17	45	18	46	19	60	20	15	21	75	22	85	23	56	24	81	25	99	26	66	27	54	28	99	29	14
	0	20	1	2	2	33	3	51	4	28	5	42	6	90	7	43	8	58	9	29	10	73	11	88	12	43	13	35	14	35	15	59	16	83	17	61	18	7	19	24	20	59	21	60	22	23	23	45	24	17	25	37	26	92	27	95	28	44	29	80
	0	69	1	96	2	43	3	39	4	33	5	66	6	100	7	64	8	78	9	48	10	64	11	59	12	65	13	32	14	14	15	17	16	98	17	15	18	80	19	40	20	19	21	43	22	26	23	68	24	42	25	39	26	18	27	60	28	60	29	18
	0	48	1	10	2	3	3	29	4	73	5	80	6	22	7	77	8	94	9	97	10	44	11	25	12	88	13	40	14	6	15	74	16	57	17	3	18	68	19	61	20	71	21	25	22	72	23	39	24	9	25	27	26	77	27	25	28	33	29	73
	0	10	1	21	2	36	3	65	4	100	5	45	6	64	7	44	8	86	9	45	10	99	11	30	12	15	13	61	14	39	15	52	16	78	17	68	18	34	19	34	20	44	21	17	22	51	23	43	24	87	25	47	26	77	27	20	28	31	29	53
	0	84	1	35	2	33	3	10	4	23	5	58	6	5	7	6	8	7	9	15	10	28	11	31	12	14	13	91	14	17	15	15	16	8	17	87	18	35	19	20	20	64	21	41	22	66	23	32	24	53	25	83	26	4	27	6	28	6	29	68
Reldue
-1	7319	-1	1
-1	8612	-1	1
-1	9637	-1	1
-1	7979	-1	1
-1	10077	-1	1
-1	8508	-1	1
-1	9642	-1	1
-1	9861	-1	1
-1	7488	-1	1
-1	10154	-1	1
-1	7993	-1	1
-1	8487	-1	1
-1	9488	-1	1
-1	10217	-1	1
-1	8596	-1	1
-1	8627	-1	1
-1	9305	-1	1
-1	7988	-1	1
-1	9318	-1	1
-1	8865	-1	1
-1	7321	-1	1
-1	9830	-1	1
-1	7964	-1	1
-1	8605	-1	1
-1	7947	-1	1
-1	9699	-1	1
-1	8435	-1	1
-1	10223	-1	1
-1	9725	-1	1
-1	8888	-1	1
-1	9695	-1	1
-1	8272	-1	1
-1	9627	-1	1
-1	7380	-1	1
-1	7629	-1	1
-1	8073	-1	1
-1	8166	-1	1
-1	8025	-1	1
-1	8459	-1	1
-1	8627	-1	1
-1	8511	-1	1
-1	8310	-1	1
-1	9314	-1	1
-1	8248	-1	1
-1	9397	-1	1
-1	7784	-1	1
-1	7423	-1	1
-1	10215	-1	1
-1	9836	-1	1
-1	7368	-1	1
-1	9614	-1	1
-1	9417	-1	1
-1	9359	-1	1
-1	9615	-1	1
-1	8626	-1	1
-1	8879	-1	1
-1	8650	-1	1
-1	9309	-1	1
-1	7464	-1	1
-1	7689	-1	1
-1	7441	-1	1
-1	8292	-1	1
-1	10128	-1	1
-1	7760	-1	1
-1	8916	-1	1
-1	7392	-1	1
-1	8783	-1	1
-1	8704	-1	1
-1	8507	-1	1
-1	7884	-1	1
-1	9902	-1	1
-1	7565	-1	1
-1	9923	-1	1
-1	8942	-1	1
-1	8181	-1	1
-1	9228	-1	1
-1	9767	-1	1
-1	8696	-1	1
-1	7728	-1	1
-1	10172	-1	1
-1	9678	-1	1
-1	8496	-1	1
-1	9571	-1	1
-1	9615	-1	1
-1	7546	-1	1
-1	8994	-1	1
-1	7990	-1	1
-1	9259	-1	1
-1	7762	-1	1
-1	7888	-1	1
-1	9698	-1	1
-1	7451	-1	1
-1	9359	-1	1
-1	9842	-1	1
-1	8785	-1	1
-1	8888	-1	1
-1	7619	-1	1
-1	10217	-1	1
-1	8893	-1	1
-1	7459	-1	1
-1	7444	-1	1
-1	8427	-1	1
-1	9471	-1	1
-1	8654	-1	1
-1	9554	-1	1
-1	8152	-1	1
-1	8116	-1	1
-1	9666	-1	1
-1	10194	-1	1
-1	9106	-1	1
-1	7445	-1	1
-1	8020	-1	1
-1	9003	-1	1
-1	7486	-1	1
-1	9844	-1	1
-1	7981	-1	1
-1	8749	-1	1
-1	8332	-1	1
-1	7518	-1	1
-1	9370	-1	1
-1	8888	-1	1
-1	9962	-1	1
-1	8179	-1	1
-1	7954	-1	1
-1	7337	-1	1
-1	8984	-1	1
-1	8828	-1	1
-1	8097	-1	1
-1	8032	-1	1
-1	7973	-1	1
-1	9093	-1	1
-1	8184	-1	1
-1	9218	-1	1
-1	8581	-1	1
-1	10201	-1	1
-1	7706	-1	1
-1	9483	-1	1
-1	8663	-1	1
-1	7751	-1	1
-1	9673	-1	1
-1	7944	-1	1
-1	8136	-1	1
-1	7656	-1	1
-1	7346	-1	1
-1	7846	-1	1
-1	8532	-1	1
-1	7662	-1	1
-1	9296	-1	1
-1	10202	-1	1
-1	9501	-1	1
-1	7434	-1	1
-1	8519	-1	1
-1	8197	-1	1
-1	9144	-1	1
-1	8594	-1	1
-1	9514	-1	1
-1	8434	-1	1
-1	9975	-1	1
-1	7799	-1	1
-1	8814	-1	1
-1	9389	-1	1
-1	9626	-1	1
-1	10014	-1	1
-1	9287	-1	1
-1	8436	-1	1
-1	8778	-1	1
-1	8048	-1	1
-1	8981	-1	1
-1	10191	-1	1
-1	8127	-1	1
-1	9603	-1	1
-1	8311	-1	1
-1	9645	-1	1
-1	7872	-1	1
-1	9671	-1	1
-1	9957	-1	1
-1	9028	-1	1
-1	9300	-1	1
-1	8522	-1	1
-1	9984	-1	1
-1	8269	-1	1
-1	10034	-1	1
-1	9655	-1	1
-1	8614	-1	1
-1	9021	-1	1
-1	8590	-1	1
-1	8824	-1	1
-1	8476	-1	1
-1	8618	-1	1
-1	8351	-1	1
-1	9316	-1	1
-1	9763	-1	1
-1	7869	-1	1
-1	8846	-1	1
-1	8863	-1	1
-1	9589	-1	1
-1	7605	-1	1
-1	8037	-1	1
-1	9426	-1	1
-1	7654	-1	1
-1	7638	-1	1
-1	7898	-1	1
-1	8378	-1	1
-1	9433	-1	1
-1	7908	-1	1
-1	7528	-1	1
-1	9186	-1	1
-1	10033	-1	1
-1	9387	-1	1
-1	9693	-1	1
-1	8647	-1	1
-1	9801	-1	1
-1	10137	-1	1
-1	8973	-1	1
-1	9021	-1	1
-1	8323	-1	1
-1	10174	-1	1
-1	9310	-1	1
-1	7709	-1	1
-1	8899	-1	1
-1	7370	-1	1
-1	8462	-1	1
-1	8457	-1	1
-1	7888	-1	1
-1	8279	-1	1
-1	7385	-1	1
-1	8190	-1	1
-1	8324	-1	1
-1	8364	-1	1
-1	9805	-1	1
-1	7828	-1	1
-1	7345	-1	1
-1	7875	-1	1
-1	10104	-1	1
-1	8510	-1	1
-1	10001	-1	1
-1	7624	-1	1
-1	9283	-1	1
-1	7967	-1	1
-1	8741	-1	1
-1	8548	-1	1
-1	8928	-1	1
-1	9606	-1	1
-1	8916	-1	1
-1	7515	-1	1
-1	9786	-1	1
-1	7902	-1	1
-1	8914	-1	1
-1	8873	-1	1
-1	10167	-1	1
LBCmax: 14606
