50  50
	0	55	1	16	2	29	3	44	4	11	5	52	6	51	7	3	8	55	9	91	10	63	11	40	12	64	13	52	14	89	15	81	16	71	17	49	18	86	19	79	20	36	21	56	22	99	23	57	24	21	25	14	26	47	27	99	28	100	29	95	30	79	31	7	32	62	33	30	34	66	35	42	36	78	37	71	38	32	39	26	40	44	41	27	42	26	43	81	44	30	45	19	46	88	47	22	48	85	49	29
	0	69	1	37	2	81	3	30	4	5	5	17	6	97	7	38	8	54	9	16	10	78	11	23	12	48	13	62	14	23	15	56	16	11	17	44	18	72	19	83	20	56	21	47	22	17	23	72	24	62	25	9	26	40	27	45	28	82	29	25	30	56	31	8	32	40	33	15	34	30	35	42	36	23	37	39	38	72	39	11	40	73	41	31	42	45	43	5	44	24	45	59	46	32	47	13	48	59	49	63
	0	53	1	21	2	66	3	19	4	31	5	40	6	22	7	15	8	29	9	47	10	38	11	63	12	33	13	76	14	42	15	64	16	31	17	81	18	83	19	2	20	31	21	90	22	76	23	47	24	3	25	87	26	34	27	72	28	44	29	15	30	52	31	41	32	12	33	78	34	27	35	96	36	47	37	82	38	51	39	63	40	17	41	54	42	93	43	60	44	25	45	13	46	63	47	65	48	69	49	99
	0	32	1	87	2	63	3	71	4	32	5	42	6	37	7	32	8	76	9	26	10	73	11	59	12	75	13	45	14	73	15	14	16	23	17	37	18	37	19	88	20	90	21	97	22	5	23	10	24	54	25	92	26	98	27	90	28	36	29	23	30	58	31	12	32	40	33	76	34	71	35	88	36	4	37	73	38	14	39	17	40	18	41	97	42	88	43	35	44	60	45	68	46	93	47	52	48	56	49	99
	0	79	1	89	2	76	3	36	4	75	5	73	6	100	7	87	8	77	9	63	10	42	11	69	12	48	13	1	14	96	15	54	16	59	17	18	18	52	19	72	20	86	21	30	22	97	23	13	24	17	25	21	26	82	27	31	28	63	29	81	30	53	31	41	32	59	33	54	34	40	35	77	36	97	37	16	38	80	39	23	40	44	41	81	42	3	43	64	44	19	45	11	46	9	47	5	48	45	49	72
	0	30	1	50	2	85	3	77	4	21	5	54	6	46	7	83	8	65	9	81	10	5	11	51	12	56	13	26	14	71	15	89	16	10	17	91	18	18	19	25	20	11	21	30	22	38	23	80	24	89	25	92	26	87	27	48	28	10	29	17	30	50	31	4	32	88	33	90	34	28	35	76	36	71	37	52	38	20	39	78	40	75	41	93	42	75	43	78	44	33	45	15	46	18	47	43	48	7	49	27
	0	73	1	100	2	82	3	92	4	56	5	85	6	16	7	65	8	97	9	87	10	49	11	78	12	6	13	4	14	70	15	57	16	13	17	59	18	95	19	88	20	39	21	50	22	24	23	65	24	62	25	41	26	67	27	74	28	8	29	1	30	50	31	11	32	75	33	55	34	53	35	40	36	55	37	11	38	44	39	22	40	30	41	64	42	97	43	79	44	51	45	4	46	17	47	88	48	23	49	72
	0	11	1	98	2	62	3	34	4	72	5	26	6	85	7	84	8	66	9	68	10	60	11	88	12	51	13	46	14	24	15	19	16	53	17	61	18	48	19	61	20	77	21	27	22	99	23	79	24	43	25	11	26	31	27	73	28	64	29	99	30	22	31	76	32	11	33	68	34	7	35	52	36	20	37	27	38	100	39	15	40	54	41	65	42	98	43	69	44	18	45	9	46	1	47	34	48	83	49	91
	0	5	1	28	2	67	3	72	4	48	5	97	6	100	7	68	8	1	9	19	10	43	11	81	12	57	13	45	14	53	15	34	16	49	17	17	18	17	19	49	20	94	21	6	22	78	23	34	24	56	25	46	26	56	27	56	28	68	29	57	30	11	31	19	32	56	33	95	34	11	35	76	36	56	37	47	38	98	39	45	40	23	41	91	42	80	43	5	44	59	45	67	46	69	47	86	48	21	49	31
	0	57	1	99	2	86	3	91	4	4	5	46	6	75	7	62	8	62	9	20	10	73	11	59	12	80	13	84	14	87	15	31	16	48	17	83	18	35	19	22	20	90	21	38	22	67	23	75	24	95	25	14	26	41	27	47	28	58	29	65	30	13	31	82	32	80	33	9	34	28	35	73	36	20	37	73	38	4	39	99	40	31	41	8	42	46	43	23	44	98	45	77	46	42	47	96	48	67	49	64
	0	28	1	78	2	48	3	46	4	10	5	97	6	6	7	30	8	97	9	99	10	92	11	62	12	73	13	52	14	69	15	39	16	6	17	13	18	33	19	89	20	99	21	76	22	53	23	5	24	97	25	49	26	49	27	42	28	24	29	40	30	99	31	18	32	11	33	37	34	64	35	67	36	39	37	22	38	26	39	51	40	9	41	56	42	12	43	21	44	7	45	8	46	54	47	75	48	38	49	40
	0	71	1	69	2	24	3	53	4	13	5	73	6	24	7	50	8	82	9	74	10	93	11	1	12	22	13	68	14	95	15	84	16	51	17	3	18	45	19	54	20	60	21	53	22	35	23	61	24	30	25	39	26	81	27	8	28	10	29	30	30	74	31	47	32	81	33	90	34	52	35	29	36	89	37	50	38	3	39	52	40	20	41	17	42	67	43	4	44	58	45	65	46	21	47	68	48	41	49	57
	0	30	1	37	2	13	3	87	4	22	5	73	6	27	7	61	8	15	9	98	10	59	11	43	12	100	13	90	14	32	15	31	16	63	17	41	18	59	19	50	20	94	21	97	22	55	23	70	24	22	25	68	26	76	27	88	28	65	29	2	30	89	31	33	32	4	33	51	34	83	35	80	36	95	37	66	38	55	39	86	40	89	41	14	42	64	43	79	44	30	45	88	46	11	47	72	48	45	49	66
	0	92	1	65	2	43	3	39	4	48	5	82	6	90	7	96	8	88	9	40	10	35	11	63	12	68	13	37	14	83	15	18	16	62	17	37	18	66	19	27	20	38	21	64	22	40	23	80	24	38	25	32	26	15	27	25	28	29	29	93	30	92	31	19	32	55	33	63	34	74	35	47	36	34	37	55	38	64	39	83	40	53	41	52	42	71	43	93	44	72	45	76	46	91	47	100	48	40	49	39
	0	25	1	56	2	68	3	96	4	65	5	11	6	36	7	20	8	36	9	51	10	13	11	80	12	10	13	56	14	9	15	87	16	97	17	4	18	14	19	39	20	93	21	12	22	76	23	81	24	47	25	97	26	15	27	59	28	61	29	94	30	100	31	44	32	50	33	69	34	7	35	36	36	15	37	10	38	61	39	89	40	9	41	78	42	14	43	16	44	8	45	70	46	11	47	59	48	4	49	8
	0	62	1	39	2	83	3	55	4	5	5	10	6	69	7	44	8	32	9	97	10	33	11	39	12	22	13	86	14	99	15	95	16	90	17	89	18	2	19	67	20	59	21	10	22	81	23	82	24	1	25	87	26	7	27	94	28	12	29	77	30	69	31	70	32	22	33	11	34	99	35	75	36	35	37	51	38	77	39	67	40	78	41	2	42	55	43	13	44	80	45	75	46	12	47	77	48	21	49	10
	0	94	1	65	2	22	3	83	4	34	5	3	6	65	7	82	8	32	9	100	10	60	11	13	12	51	13	14	14	7	15	61	16	65	17	21	18	6	19	40	20	43	21	65	22	28	23	87	24	83	25	32	26	45	27	100	28	13	29	73	30	72	31	7	32	18	33	72	34	88	35	32	36	79	37	47	38	15	39	90	40	19	41	99	42	98	43	19	44	90	45	82	46	2	47	49	48	60	49	33
	0	3	1	40	2	71	3	100	4	77	5	68	6	81	7	52	8	81	9	23	10	10	11	53	12	90	13	40	14	59	15	49	16	39	17	9	18	65	19	81	20	83	21	1	22	10	23	42	24	64	25	22	26	8	27	24	28	61	29	83	30	22	31	40	32	57	33	42	34	99	35	95	36	41	37	62	38	19	39	67	40	50	41	85	42	92	43	3	44	87	45	20	46	58	47	43	48	5	49	93
	0	69	1	39	2	19	3	10	4	56	5	16	6	90	7	26	8	12	9	11	10	9	11	27	12	48	13	59	14	43	15	62	16	97	17	43	18	57	19	86	20	77	21	11	22	6	23	3	24	30	25	24	26	50	27	9	28	15	29	91	30	57	31	88	32	3	33	17	34	94	35	9	36	14	37	51	38	6	39	10	40	90	41	22	42	41	43	93	44	91	45	96	46	82	47	43	48	70	49	95
	0	81	1	62	2	42	3	57	4	3	5	71	6	82	7	27	8	33	9	21	10	88	11	21	12	16	13	26	14	13	15	76	16	2	17	94	18	51	19	14	20	35	21	32	22	15	23	53	24	23	25	45	26	64	27	49	28	42	29	55	30	52	31	70	32	90	33	9	34	10	35	17	36	85	37	59	38	84	39	42	40	63	41	22	42	93	43	46	44	45	45	65	46	76	47	41	48	52	49	63
	0	40	1	11	2	96	3	25	4	40	5	14	6	90	7	2	8	35	9	1	10	34	11	95	12	13	13	51	14	81	15	52	16	82	17	41	18	95	19	13	20	57	21	9	22	35	23	29	24	3	25	72	26	54	27	89	28	1	29	1	30	78	31	14	32	63	33	88	34	4	35	99	36	3	37	29	38	49	39	29	40	32	41	27	42	14	43	85	44	54	45	82	46	71	47	15	48	69	49	19
	0	69	1	56	2	6	3	85	4	16	5	10	6	49	7	91	8	97	9	10	10	32	11	9	12	33	13	48	14	10	15	28	16	69	17	41	18	24	19	36	20	75	21	48	22	40	23	89	24	85	25	74	26	10	27	74	28	99	29	24	30	90	31	81	32	41	33	90	34	16	35	39	36	41	37	87	38	20	39	87	40	75	41	65	42	46	43	83	44	88	45	66	46	77	47	56	48	96	49	13
	0	6	1	86	2	17	3	29	4	1	5	40	6	96	7	39	8	49	9	2	10	21	11	6	12	70	13	94	14	38	15	89	16	56	17	55	18	18	19	30	20	63	21	31	22	32	23	18	24	50	25	2	26	38	27	73	28	69	29	35	30	85	31	55	32	34	33	45	34	90	35	94	36	18	37	21	38	38	39	81	40	69	41	2	42	17	43	92	44	43	45	66	46	84	47	7	48	80	49	30
	0	24	1	64	2	83	3	84	4	60	5	60	6	86	7	13	8	95	9	73	10	100	11	64	12	32	13	84	14	77	15	94	16	82	17	18	18	47	19	61	20	51	21	31	22	5	23	78	24	85	25	11	26	52	27	42	28	95	29	73	30	21	31	78	32	7	33	63	34	42	35	95	36	94	37	10	38	29	39	24	40	94	41	73	42	90	43	87	44	28	45	92	46	86	47	26	48	51	49	27
	0	6	1	80	2	17	3	44	4	23	5	96	6	44	7	97	8	46	9	8	10	88	11	93	12	97	13	24	14	85	15	54	16	60	17	3	18	16	19	9	20	86	21	9	22	89	23	81	24	67	25	81	26	59	27	49	28	96	29	49	30	24	31	98	32	69	33	87	34	67	35	1	36	19	37	86	38	34	39	83	40	82	41	89	42	69	43	50	44	10	45	8	46	44	47	15	48	15	49	36
	0	52	1	30	2	96	3	6	4	54	5	7	6	68	7	67	8	7	9	99	10	23	11	86	12	100	13	59	14	67	15	78	16	73	17	13	18	27	19	43	20	13	21	5	22	25	23	47	24	44	25	3	26	42	27	85	28	45	29	75	30	44	31	10	32	74	33	69	34	33	35	15	36	84	37	63	38	37	39	1	40	50	41	67	42	67	43	72	44	48	45	92	46	90	47	40	48	56	49	13
	0	10	1	25	2	63	3	100	4	48	5	85	6	13	7	88	8	59	9	22	10	15	11	17	12	40	13	32	14	99	15	50	16	2	17	3	18	94	19	60	20	26	21	81	22	58	23	50	24	11	25	59	26	6	27	28	28	87	29	49	30	80	31	65	32	66	33	54	34	83	35	6	36	33	37	45	38	69	39	17	40	11	41	2	42	54	43	72	44	54	45	97	46	91	47	22	48	42	49	99
	0	19	1	14	2	94	3	44	4	1	5	25	6	19	7	10	8	84	9	51	10	61	11	69	12	56	13	56	14	23	15	18	16	93	17	64	18	67	19	6	20	4	21	79	22	29	23	22	24	31	25	25	26	96	27	89	28	56	29	63	30	23	31	96	32	15	33	40	34	9	35	63	36	41	37	44	38	41	39	4	40	61	41	96	42	78	43	54	44	40	45	1	46	45	47	66	48	35	49	16
	0	47	1	90	2	4	3	39	4	28	5	91	6	86	7	12	8	33	9	81	10	48	11	76	12	50	13	53	14	59	15	56	16	46	17	54	18	35	19	34	20	7	21	33	22	87	23	50	24	57	25	46	26	31	27	42	28	27	29	14	30	70	31	5	32	78	33	54	34	48	35	40	36	5	37	34	38	29	39	20	40	89	41	34	42	66	43	91	44	60	45	90	46	46	47	81	48	89	49	68
	0	39	1	3	2	31	3	3	4	82	5	51	6	77	7	77	8	77	9	48	10	98	11	41	12	79	13	75	14	71	15	96	16	13	17	99	18	41	19	91	20	40	21	89	22	48	23	1	24	53	25	64	26	22	27	94	28	93	29	37	30	28	31	100	32	100	33	30	34	9	35	36	36	37	37	89	38	76	39	68	40	68	41	13	42	18	43	89	44	64	45	74	46	46	47	53	48	71	49	13
	0	97	1	12	2	69	3	9	4	51	5	22	6	98	7	79	8	39	9	16	10	37	11	44	12	62	13	79	14	63	15	75	16	21	17	67	18	12	19	5	20	47	21	29	22	41	23	57	24	81	25	65	26	47	27	49	28	31	29	1	30	89	31	52	32	21	33	66	34	39	35	23	36	94	37	26	38	36	39	44	40	46	41	67	42	36	43	28	44	98	45	77	46	66	47	73	48	30	49	42
	0	39	1	92	2	43	3	59	4	79	5	30	6	15	7	40	8	71	9	50	10	62	11	54	12	28	13	64	14	42	15	33	16	39	17	23	18	36	19	31	20	46	21	96	22	12	23	28	24	66	25	12	26	50	27	3	28	46	29	35	30	80	31	27	32	18	33	95	34	74	35	45	36	9	37	5	38	78	39	49	40	98	41	28	42	81	43	67	44	47	45	76	46	69	47	7	48	31	49	56
	0	89	1	45	2	54	3	98	4	36	5	39	6	27	7	25	8	40	9	5	10	32	11	50	12	99	13	97	14	22	15	10	16	8	17	65	18	3	19	84	20	63	21	92	22	12	23	36	24	41	25	33	26	98	27	87	28	98	29	98	30	48	31	18	32	26	33	65	34	30	35	39	36	54	37	7	38	35	39	95	40	99	41	71	42	50	43	81	44	98	45	43	46	93	47	84	48	71	49	84
	0	80	1	94	2	95	3	31	4	15	5	28	6	99	7	84	8	28	9	77	10	6	11	29	12	91	13	57	14	76	15	76	16	89	17	34	18	30	19	3	20	29	21	52	22	63	23	28	24	20	25	70	26	70	27	70	28	43	29	17	30	46	31	59	32	2	33	89	34	32	35	94	36	31	37	61	38	22	39	91	40	82	41	98	42	52	43	36	44	34	45	74	46	26	47	53	48	93	49	26
	0	66	1	59	2	69	3	27	4	80	5	41	6	58	7	35	8	92	9	98	10	54	11	59	12	74	13	32	14	79	15	49	16	64	17	73	18	5	19	90	20	86	21	64	22	98	23	84	24	80	25	71	26	18	27	20	28	23	29	60	30	47	31	85	32	92	33	76	34	34	35	53	36	2	37	15	38	76	39	71	40	23	41	59	42	80	43	14	44	55	45	38	46	65	47	82	48	16	49	21
	0	1	1	76	2	71	3	53	4	10	5	40	6	15	7	98	8	57	9	99	10	68	11	49	12	4	13	5	14	74	15	14	16	22	17	66	18	90	19	93	20	81	21	47	22	4	23	100	24	44	25	33	26	45	27	99	28	58	29	22	30	44	31	59	32	2	33	78	34	70	35	46	36	48	37	51	38	65	39	97	40	35	41	64	42	23	43	62	44	60	45	8	46	10	47	1	48	54	49	2
	0	14	1	60	2	73	3	12	4	61	5	83	6	40	7	24	8	60	9	26	10	3	11	29	12	36	13	71	14	15	15	60	16	79	17	70	18	36	19	79	20	21	21	61	22	5	23	23	24	6	25	31	26	57	27	43	28	30	29	27	30	70	31	99	32	50	33	37	34	52	35	89	36	1	37	84	38	30	39	43	40	72	41	20	42	90	43	90	44	15	45	3	46	64	47	84	48	4	49	92
	0	94	1	59	2	57	3	98	4	90	5	32	6	95	7	75	8	84	9	86	10	98	11	47	12	30	13	95	14	83	15	84	16	9	17	80	18	14	19	90	20	51	21	99	22	11	23	70	24	55	25	18	26	37	27	68	28	96	29	16	30	60	31	18	32	37	33	7	34	31	35	28	36	87	37	2	38	23	39	4	40	72	41	38	42	10	43	79	44	14	45	33	46	7	47	2	48	32	49	60
	0	74	1	7	2	5	3	51	4	66	5	54	6	77	7	54	8	87	9	41	10	75	11	23	12	66	13	92	14	76	15	12	16	82	17	88	18	59	19	94	20	82	21	15	22	100	23	27	24	95	25	6	26	25	27	54	28	20	29	30	30	4	31	85	32	36	33	50	34	68	35	12	36	82	37	42	38	83	39	64	40	87	41	62	42	88	43	73	44	54	45	97	46	17	47	42	48	31	49	27
	0	41	1	18	2	22	3	96	4	92	5	9	6	14	7	75	8	82	9	3	10	31	11	47	12	4	13	84	14	40	15	53	16	86	17	45	18	64	19	88	20	44	21	41	22	90	23	35	24	41	25	35	26	59	27	57	28	61	29	40	30	85	31	7	32	38	33	41	34	52	35	22	36	17	37	64	38	63	39	97	40	29	41	25	42	57	43	69	44	7	45	64	46	6	47	59	48	73	49	65
	0	74	1	39	2	76	3	4	4	83	5	27	6	62	7	82	8	26	9	33	10	5	11	26	12	31	13	8	14	27	15	77	16	36	17	60	18	87	19	1	20	69	21	46	22	26	23	68	24	20	25	53	26	80	27	8	28	40	29	30	30	15	31	37	32	29	33	31	34	40	35	1	36	83	37	71	38	97	39	87	40	9	41	27	42	40	43	96	44	40	45	21	46	53	47	94	48	98	49	64
	0	64	1	54	2	93	3	61	4	56	5	80	6	53	7	94	8	89	9	76	10	29	11	39	12	69	13	81	14	9	15	86	16	45	17	4	18	43	19	61	20	14	21	23	22	68	23	77	24	53	25	25	26	66	27	50	28	32	29	10	30	20	31	77	32	51	33	85	34	26	35	46	36	22	37	13	38	95	39	27	40	94	41	6	42	42	43	73	44	61	45	65	46	48	47	17	48	42	49	12
	0	47	1	60	2	100	3	67	4	70	5	64	6	28	7	62	8	46	9	17	10	51	11	96	12	39	13	31	14	98	15	80	16	96	17	67	18	47	19	17	20	93	21	25	22	48	23	9	24	33	25	34	26	87	27	11	28	38	29	28	30	30	31	52	32	13	33	90	34	64	35	98	36	93	37	4	38	41	39	32	40	97	41	55	42	67	43	73	44	54	45	49	46	2	47	55	48	61	49	56
	0	73	1	47	2	2	3	100	4	4	5	76	6	37	7	39	8	15	9	91	10	31	11	8	12	50	13	75	14	91	15	40	16	34	17	93	18	19	19	56	20	66	21	40	22	24	23	12	24	6	25	15	26	18	27	40	28	2	29	50	30	12	31	8	32	64	33	56	34	85	35	6	36	6	37	73	38	73	39	17	40	82	41	29	42	36	43	39	44	92	45	62	46	63	47	62	48	58	49	35
	0	42	1	16	2	72	3	65	4	10	5	50	6	68	7	47	8	45	9	5	10	84	11	33	12	75	13	82	14	4	15	3	16	12	17	31	18	96	19	42	20	42	21	12	22	95	23	2	24	18	25	89	26	89	27	17	28	45	29	72	30	6	31	5	32	60	33	18	34	21	35	62	36	23	37	45	38	18	39	45	40	4	41	32	42	81	43	96	44	5	45	1	46	98	47	45	48	62	49	6
	0	10	1	3	2	28	3	82	4	33	5	36	6	1	7	16	8	19	9	73	10	87	11	50	12	66	13	87	14	80	15	37	16	73	17	64	18	15	19	87	20	96	21	38	22	23	23	100	24	67	25	62	26	93	27	53	28	69	29	43	30	22	31	1	32	80	33	52	34	98	35	100	36	44	37	11	38	68	39	68	40	8	41	88	42	68	43	42	44	50	45	68	46	18	47	86	48	83	49	80
	0	17	1	81	2	10	3	6	4	89	5	74	6	67	7	77	8	63	9	90	10	62	11	56	12	85	13	22	14	33	15	61	16	2	17	52	18	46	19	57	20	59	21	82	22	25	23	49	24	5	25	55	26	85	27	33	28	97	29	18	30	100	31	97	32	46	33	44	34	39	35	78	36	44	37	11	38	45	39	14	40	68	41	26	42	43	43	48	44	54	45	16	46	90	47	79	48	72	49	38
	0	29	1	55	2	71	3	82	4	85	5	66	6	42	7	63	8	23	9	72	10	48	11	25	12	68	13	76	14	2	15	9	16	31	17	39	18	91	19	56	20	16	21	74	22	99	23	42	24	97	25	85	26	37	27	70	28	71	29	32	30	24	31	72	32	51	33	41	34	59	35	84	36	47	37	79	38	62	39	1	40	35	41	75	42	9	43	36	44	29	45	57	46	66	47	23	48	6	49	23
	0	89	1	44	2	37	3	84	4	75	5	81	6	29	7	30	8	53	9	9	10	86	11	22	12	56	13	83	14	42	15	97	16	36	17	90	18	18	19	52	20	75	21	71	22	10	23	33	24	26	25	22	26	17	27	54	28	2	29	45	30	54	31	15	32	55	33	96	34	11	35	96	36	52	37	50	38	66	39	53	40	26	41	97	42	46	43	27	44	49	45	13	46	2	47	62	48	75	49	94
	0	48	1	76	2	27	3	36	4	60	5	41	6	55	7	91	8	64	9	60	10	58	11	50	12	34	13	53	14	64	15	26	16	87	17	91	18	16	19	22	20	53	21	22	22	91	23	37	24	53	25	4	26	67	27	19	28	1	29	24	30	2	31	78	32	33	33	71	34	98	35	27	36	18	37	92	38	56	39	90	40	96	41	42	42	65	43	27	44	78	45	27	46	48	47	34	48	58	49	75
Reldue
-1	4843	-1	1
-1	3315	-1	1
-1	4056	-1	1
-1	2621	-1	1
-1	4877	-1	1
-1	4418	-1	1
-1	2545	-1	1
-1	4745	-1	1
-1	3991	-1	1
-1	4423	-1	1
-1	4674	-1	1
-1	3020	-1	1
-1	2558	-1	1
-1	2709	-1	1
-1	2809	-1	1
-1	4703	-1	1
-1	5146	-1	1
-1	3377	-1	1
-1	3328	-1	1
-1	4798	-1	1
-1	2393	-1	1
-1	2600	-1	1
-1	3376	-1	1
-1	3745	-1	1
-1	3362	-1	1
-1	4644	-1	1
-1	4817	-1	1
-1	4552	-1	1
-1	5203	-1	1
-1	2689	-1	1
-1	4185	-1	1
-1	4715	-1	1
-1	2818	-1	1
-1	4708	-1	1
-1	4333	-1	1
-1	4784	-1	1
-1	4221	-1	1
-1	4706	-1	1
-1	5228	-1	1
-1	4461	-1	1
-1	3701	-1	1
-1	3944	-1	1
-1	3786	-1	1
-1	3768	-1	1
-1	3265	-1	1
-1	3960	-1	1
-1	4689	-1	1
-1	4583	-1	1
-1	4334	-1	1
-1	2889	-1	1
LBCmax: 4779
