250  30
	0	54	1	71	2	65	3	7	4	43	5	10	6	72	7	46	8	5	9	18	10	96	11	70	12	72	13	20	14	81	15	73	16	7	17	21	18	87	19	9	20	71	21	17	22	89	23	33	24	90	25	79	26	58	27	8	28	4	29	82
	0	20	1	21	2	20	3	44	4	21	5	41	6	20	7	9	8	65	9	4	10	69	11	89	12	88	13	22	14	44	15	45	16	86	17	29	18	72	19	75	20	18	21	26	22	44	23	36	24	48	25	91	26	57	27	24	28	90	29	53
	0	81	1	80	2	83	3	56	4	68	5	4	6	4	7	58	8	45	9	88	10	88	11	42	12	57	13	12	14	26	15	32	16	61	17	47	18	52	19	51	20	66	21	71	22	47	23	43	24	91	25	92	26	11	27	67	28	84	29	26
	0	87	1	28	2	5	3	85	4	41	5	97	6	91	7	56	8	25	9	46	10	39	11	99	12	80	13	83	14	79	15	80	16	59	17	86	18	31	19	9	20	75	21	55	22	56	23	77	24	99	25	30	26	46	27	86	28	70	29	55
	0	30	1	17	2	92	3	75	4	70	5	3	6	20	7	5	8	78	9	82	10	76	11	6	12	96	13	43	14	35	15	42	16	91	17	10	18	69	19	31	20	85	21	14	22	58	23	95	24	2	25	39	26	83	27	70	28	11	29	70
	0	74	1	38	2	99	3	52	4	77	5	99	6	90	7	43	8	51	9	80	10	14	11	38	12	33	13	52	14	78	15	72	16	6	17	21	18	95	19	50	20	71	21	79	22	70	23	46	24	12	25	66	26	62	27	77	28	92	29	59
	0	60	1	49	2	31	3	89	4	40	5	17	6	49	7	69	8	99	9	17	10	75	11	58	12	77	13	59	14	53	15	15	16	20	17	92	18	5	19	12	20	37	21	70	22	14	23	8	24	57	25	91	26	58	27	100	28	87	29	87
	0	100	1	9	2	36	3	77	4	5	5	69	6	48	7	21	8	47	9	20	10	52	11	35	12	39	13	18	14	41	15	56	16	79	17	37	18	24	19	58	20	99	21	97	22	11	23	70	24	77	25	57	26	36	27	39	28	21	29	69
	0	25	1	46	2	66	3	45	4	53	5	62	6	18	7	29	8	62	9	1	10	44	11	47	12	25	13	12	14	100	15	77	16	78	17	16	18	34	19	75	20	65	21	79	22	17	23	45	24	53	25	74	26	74	27	32	28	17	29	77
	0	36	1	84	2	18	3	1	4	28	5	7	6	95	7	62	8	51	9	8	10	68	11	20	12	43	13	14	14	13	15	63	16	21	17	89	18	52	19	3	20	25	21	1	22	88	23	14	24	41	25	15	26	46	27	35	28	51	29	1
	0	32	1	98	2	46	3	95	4	4	5	82	6	11	7	47	8	17	9	88	10	42	11	34	12	96	13	70	14	84	15	46	16	32	17	4	18	73	19	50	20	25	21	57	22	42	23	1	24	6	25	74	26	14	27	55	28	19	29	30
	0	87	1	96	2	30	3	93	4	1	5	92	6	16	7	92	8	20	9	34	10	44	11	100	12	88	13	26	14	23	15	65	16	35	17	32	18	18	19	55	20	36	21	93	22	50	23	95	24	56	25	74	26	6	27	21	28	36	29	3
	0	44	1	65	2	95	3	15	4	84	5	57	6	59	7	3	8	84	9	11	10	44	11	49	12	71	13	13	14	41	15	90	16	68	17	50	18	1	19	27	20	28	21	34	22	97	23	91	24	81	25	11	26	24	27	33	28	42	29	69
	0	65	1	85	2	42	3	70	4	18	5	18	6	85	7	85	8	87	9	94	10	30	11	95	12	55	13	87	14	63	15	91	16	15	17	22	18	99	19	94	20	17	21	47	22	38	23	64	24	50	25	56	26	64	27	75	28	82	29	6
	0	39	1	84	2	16	3	16	4	75	5	5	6	35	7	30	8	44	9	75	10	57	11	73	12	75	13	78	14	7	15	59	16	56	17	51	18	77	19	7	20	28	21	94	22	52	23	76	24	46	25	67	26	99	27	38	28	39	29	34
	0	53	1	35	2	95	3	83	4	62	5	1	6	54	7	53	8	56	9	40	10	95	11	26	12	52	13	84	14	32	15	71	16	38	17	87	18	56	19	60	20	56	21	18	22	10	23	72	24	9	25	59	26	69	27	68	28	53	29	27
	0	45	1	10	2	39	3	75	4	74	5	35	6	36	7	33	8	32	9	26	10	23	11	1	12	90	13	37	14	62	15	12	16	11	17	59	18	67	19	10	20	39	21	38	22	37	23	19	24	50	25	77	26	21	27	6	28	45	29	94
	0	32	1	54	2	15	3	4	4	28	5	97	6	14	7	61	8	25	9	94	10	11	11	61	12	12	13	30	14	2	15	11	16	82	17	81	18	18	19	6	20	98	21	80	22	53	23	56	24	62	25	62	26	95	27	86	28	56	29	91
	0	31	1	71	2	60	3	84	4	74	5	92	6	88	7	84	8	22	9	31	10	77	11	56	12	35	13	23	14	33	15	9	16	23	17	52	18	18	19	54	20	52	21	51	22	15	23	62	24	14	25	37	26	32	27	87	28	36	29	1
	0	14	1	53	2	7	3	29	4	73	5	27	6	48	7	27	8	71	9	34	10	74	11	69	12	96	13	80	14	95	15	2	16	27	17	82	18	68	19	64	20	83	21	31	22	10	23	11	24	89	25	36	26	10	27	55	28	6	29	25
	0	14	1	52	2	28	3	93	4	70	5	100	6	12	7	27	8	54	9	38	10	13	11	59	12	19	13	51	14	45	15	16	16	27	17	16	18	68	19	59	20	70	21	54	22	98	23	53	24	83	25	78	26	69	27	97	28	98	29	36
	0	1	1	96	2	11	3	93	4	63	5	78	6	40	7	14	8	26	9	70	10	6	11	32	12	30	13	86	14	73	15	3	16	43	17	1	18	12	19	8	20	63	21	13	22	83	23	30	24	91	25	1	26	57	27	22	28	90	29	52
	0	7	1	57	2	89	3	7	4	57	5	7	6	19	7	38	8	56	9	8	10	73	11	80	12	13	13	90	14	25	15	53	16	26	17	4	18	70	19	65	20	77	21	50	22	53	23	82	24	83	25	3	26	99	27	93	28	13	29	88
	0	69	1	24	2	34	3	47	4	4	5	55	6	25	7	4	8	27	9	68	10	78	11	15	12	18	13	22	14	78	15	73	16	79	17	17	18	35	19	81	20	60	21	24	22	94	23	38	24	10	25	66	26	62	27	82	28	65	29	88
	0	29	1	99	2	5	3	49	4	48	5	86	6	34	7	28	8	36	9	17	10	50	11	27	12	85	13	73	14	33	15	96	16	3	17	15	18	59	19	44	20	29	21	18	22	9	23	83	24	80	25	96	26	40	27	32	28	38	29	82
	0	41	1	81	2	77	3	54	4	82	5	77	6	88	7	7	8	28	9	1	10	53	11	10	12	86	13	36	14	78	15	21	16	1	17	45	18	82	19	30	20	15	21	17	22	8	23	47	24	66	25	38	26	98	27	73	28	81	29	9
	0	44	1	16	2	87	3	9	4	25	5	29	6	65	7	72	8	63	9	93	10	91	11	38	12	89	13	70	14	65	15	82	16	77	17	99	18	8	19	50	20	5	21	6	22	77	23	32	24	40	25	52	26	41	27	73	28	55	29	48
	0	4	1	90	2	37	3	1	4	71	5	47	6	35	7	75	8	1	9	13	10	54	11	79	12	87	13	92	14	96	15	13	16	50	17	17	18	24	19	49	20	53	21	29	22	58	23	8	24	61	25	1	26	66	27	69	28	2	29	61
	0	4	1	22	2	14	3	34	4	93	5	54	6	68	7	10	8	66	9	22	10	22	11	93	12	8	13	51	14	35	15	7	16	78	17	80	18	35	19	54	20	79	21	13	22	38	23	42	24	21	25	79	26	63	27	46	28	96	29	85
	0	74	1	64	2	45	3	27	4	47	5	63	6	9	7	95	8	60	9	50	10	71	11	74	12	42	13	18	14	48	15	49	16	16	17	15	18	79	19	39	20	49	21	72	22	24	23	38	24	76	25	86	26	71	27	36	28	65	29	8
	0	9	1	40	2	39	3	34	4	20	5	18	6	73	7	61	8	99	9	43	10	40	11	60	12	100	13	14	14	57	15	8	16	63	17	62	18	66	19	35	20	92	21	85	22	53	23	15	24	60	25	69	26	88	27	98	28	79	29	76
	0	28	1	39	2	56	3	24	4	37	5	11	6	20	7	78	8	94	9	79	10	3	11	22	12	6	13	72	14	95	15	100	16	46	17	98	18	14	19	32	20	78	21	78	22	52	23	40	24	41	25	90	26	11	27	54	28	100	29	53
	0	13	1	69	2	100	3	4	4	59	5	80	6	68	7	23	8	77	9	17	10	46	11	30	12	76	13	55	14	63	15	54	16	98	17	66	18	72	19	37	20	31	21	50	22	7	23	43	24	43	25	51	26	40	27	67	28	17	29	44
	0	48	1	68	2	34	3	65	4	8	5	86	6	8	7	1	8	87	9	91	10	73	11	72	12	97	13	94	14	97	15	67	16	28	17	18	18	42	19	25	20	81	21	88	22	18	23	63	24	60	25	18	26	90	27	93	28	9	29	81
	0	43	1	89	2	75	3	96	4	100	5	87	6	64	7	78	8	65	9	32	10	8	11	20	12	32	13	4	14	48	15	11	16	63	17	86	18	21	19	11	20	58	21	64	22	99	23	27	24	45	25	65	26	8	27	80	28	69	29	66
	0	40	1	31	2	70	3	41	4	32	5	29	6	63	7	37	8	62	9	90	10	62	11	71	12	4	13	8	14	24	15	3	16	32	17	89	18	93	19	39	20	74	21	21	22	71	23	48	24	37	25	46	26	54	27	5	28	74	29	94
	0	95	1	98	2	59	3	81	4	3	5	56	6	80	7	1	8	72	9	94	10	80	11	45	12	2	13	65	14	3	15	41	16	66	17	85	18	16	19	97	20	25	21	57	22	23	23	75	24	3	25	19	26	89	27	49	28	57	29	82
	0	44	1	16	2	32	3	43	4	24	5	59	6	64	7	89	8	83	9	82	10	70	11	10	12	77	13	79	14	56	15	15	16	93	17	93	18	17	19	92	20	100	21	69	22	18	23	73	24	14	25	38	26	68	27	93	28	32	29	56
	0	38	1	46	2	57	3	91	4	90	5	82	6	25	7	54	8	99	9	98	10	17	11	82	12	96	13	19	14	96	15	44	16	67	17	73	18	20	19	27	20	85	21	93	22	15	23	4	24	51	25	17	26	2	27	16	28	78	29	65
	0	24	1	99	2	49	3	1	4	14	5	51	6	22	7	22	8	86	9	23	10	71	11	41	12	64	13	51	14	83	15	26	16	62	17	5	18	49	19	40	20	86	21	97	22	21	23	83	24	26	25	65	26	24	27	27	28	46	29	51
	0	41	1	7	2	8	3	25	4	13	5	99	6	71	7	20	8	27	9	97	10	63	11	84	12	65	13	79	14	14	15	77	16	62	17	17	18	84	19	41	20	85	21	73	22	53	23	44	24	22	25	86	26	32	27	77	28	56	29	37
	0	17	1	28	2	57	3	66	4	7	5	97	6	25	7	46	8	43	9	7	10	49	11	67	12	46	13	22	14	85	15	74	16	65	17	87	18	56	19	52	20	53	21	45	22	29	23	77	24	39	25	100	26	30	27	48	28	63	29	31
	0	87	1	86	2	91	3	67	4	25	5	65	6	30	7	88	8	48	9	99	10	2	11	14	12	80	13	19	14	56	15	85	16	58	17	90	18	23	19	49	20	86	21	69	22	44	23	24	24	5	25	10	26	21	27	84	28	32	29	46
	0	82	1	82	2	78	3	13	4	53	5	30	6	37	7	5	8	67	9	89	10	15	11	68	12	80	13	31	14	53	15	67	16	49	17	82	18	28	19	91	20	2	21	67	22	67	23	80	24	11	25	1	26	6	27	82	28	32	29	6
	0	62	1	82	2	86	3	48	4	9	5	59	6	95	7	18	8	80	9	63	10	91	11	3	12	33	13	11	14	64	15	36	16	50	17	50	18	11	19	91	20	62	21	46	22	23	23	86	24	10	25	78	26	97	27	10	28	99	29	53
	0	65	1	64	2	98	3	82	4	3	5	13	6	82	7	67	8	17	9	68	10	39	11	94	12	59	13	48	14	75	15	41	16	100	17	96	18	96	19	35	20	64	21	51	22	45	23	22	24	15	25	91	26	20	27	27	28	22	29	1
	0	18	1	36	2	71	3	44	4	63	5	4	6	96	7	22	8	18	9	81	10	29	11	60	12	91	13	27	14	8	15	54	16	87	17	21	18	92	19	69	20	63	21	16	22	61	23	66	24	84	25	88	26	16	27	2	28	98	29	73
	0	91	1	37	2	67	3	95	4	56	5	23	6	26	7	27	8	58	9	88	10	58	11	47	12	45	13	10	14	11	15	69	16	61	17	68	18	84	19	66	20	2	21	99	22	66	23	11	24	88	25	3	26	6	27	17	28	69	29	84
	0	42	1	36	2	94	3	96	4	24	5	45	6	86	7	67	8	1	9	59	10	19	11	83	12	65	13	11	14	90	15	76	16	67	17	4	18	22	19	49	20	52	21	42	22	49	23	23	24	68	25	68	26	63	27	95	28	58	29	82
	0	29	1	35	2	43	3	11	4	1	5	70	6	33	7	54	8	85	9	30	10	47	11	37	12	37	13	49	14	20	15	23	16	95	17	51	18	25	19	91	20	78	21	70	22	47	23	67	24	11	25	64	26	75	27	59	28	38	29	38
	0	8	1	57	2	54	3	97	4	88	5	72	6	65	7	65	8	11	9	41	10	34	11	55	12	69	13	19	14	6	15	86	16	26	17	33	18	99	19	72	20	44	21	67	22	100	23	21	24	96	25	10	26	22	27	34	28	41	29	83
	0	98	1	91	2	42	3	18	4	15	5	48	6	60	7	69	8	23	9	100	10	45	11	75	12	72	13	74	14	18	15	95	16	52	17	64	18	7	19	93	20	50	21	11	22	78	23	45	24	40	25	2	26	95	27	94	28	76	29	36
	0	62	1	67	2	61	3	79	4	70	5	43	6	86	7	6	8	36	9	29	10	94	11	9	12	91	13	79	14	95	15	10	16	88	17	78	18	34	19	12	20	4	21	56	22	3	23	81	24	80	25	15	26	33	27	29	28	11	29	90
	0	23	1	62	2	82	3	63	4	75	5	89	6	19	7	11	8	52	9	29	10	89	11	54	12	80	13	40	14	77	15	26	16	59	17	73	18	20	19	10	20	43	21	27	22	83	23	78	24	20	25	34	26	93	27	43	28	99	29	33
	0	81	1	22	2	72	3	90	4	89	5	50	6	25	7	75	8	39	9	4	10	4	11	12	12	89	13	23	14	67	15	55	16	100	17	41	18	75	19	63	20	1	21	57	22	4	23	66	24	26	25	15	26	73	27	59	28	60	29	71
	0	39	1	57	2	14	3	67	4	89	5	91	6	16	7	34	8	26	9	52	10	98	11	3	12	42	13	91	14	98	15	93	16	21	17	31	18	28	19	100	20	15	21	68	22	61	23	13	24	73	25	54	26	38	27	25	28	39	29	88
	0	17	1	19	2	36	3	59	4	87	5	51	6	99	7	23	8	43	9	47	10	26	11	1	12	85	13	92	14	73	15	40	16	75	17	97	18	94	19	57	20	99	21	33	22	5	23	66	24	77	25	100	26	40	27	78	28	44	29	68
	0	5	1	89	2	95	3	84	4	59	5	13	6	49	7	54	8	83	9	32	10	94	11	47	12	8	13	67	14	10	15	58	16	13	17	73	18	76	19	43	20	19	21	37	22	21	23	17	24	33	25	24	26	71	27	64	28	30	29	90
	0	87	1	6	2	65	3	70	4	21	5	36	6	55	7	3	8	17	9	6	10	80	11	56	12	39	13	21	14	84	15	57	16	3	17	87	18	84	19	41	20	49	21	17	22	11	23	90	24	74	25	85	26	41	27	98	28	10	29	78
	0	96	1	4	2	33	3	1	4	21	5	77	6	18	7	26	8	59	9	30	10	82	11	90	12	90	13	20	14	92	15	79	16	3	17	44	18	15	19	67	20	18	21	37	22	40	23	82	24	70	25	48	26	6	27	20	28	31	29	34
	0	7	1	43	2	28	3	1	4	68	5	18	6	82	7	97	8	3	9	79	10	85	11	8	12	1	13	37	14	66	15	39	16	13	17	61	18	44	19	65	20	15	21	90	22	52	23	91	24	88	25	76	26	78	27	57	28	36	29	55
	0	62	1	64	2	19	3	86	4	46	5	24	6	97	7	22	8	67	9	55	10	89	11	96	12	32	13	67	14	6	15	35	16	23	17	15	18	8	19	31	20	19	21	20	22	95	23	46	24	34	25	73	26	30	27	15	28	99	29	79
	0	55	1	77	2	52	3	13	4	51	5	60	6	5	7	81	8	46	9	82	10	100	11	15	12	85	13	58	14	80	15	48	16	95	17	19	18	30	19	42	20	28	21	82	22	74	23	75	24	66	25	30	26	17	27	90	28	96	29	91
	0	81	1	86	2	22	3	24	4	76	5	92	6	49	7	45	8	92	9	44	10	62	11	66	12	15	13	81	14	94	15	18	16	93	17	8	18	38	19	78	20	19	21	2	22	69	23	30	24	88	25	57	26	59	27	36	28	64	29	92
	0	13	1	72	2	54	3	69	4	68	5	83	6	66	7	3	8	9	9	47	10	26	11	48	12	11	13	46	14	52	15	93	16	14	17	10	18	19	19	17	20	77	21	51	22	73	23	65	24	72	25	22	26	71	27	61	28	26	29	60
	0	45	1	64	2	2	3	4	4	30	5	29	6	93	7	96	8	13	9	36	10	68	11	99	12	60	13	94	14	80	15	92	16	60	17	35	18	41	19	40	20	86	21	60	22	22	23	31	24	40	25	91	26	25	27	28	28	68	29	42
	0	39	1	1	2	36	3	33	4	79	5	8	6	6	7	84	8	68	9	56	10	64	11	71	12	12	13	61	14	79	15	44	16	76	17	80	18	97	19	26	20	63	21	95	22	6	23	37	24	53	25	59	26	19	27	29	28	59	29	46
	0	54	1	22	2	91	3	57	4	24	5	64	6	58	7	82	8	61	9	63	10	35	11	5	12	28	13	75	14	71	15	19	16	1	17	28	18	27	19	84	20	25	21	26	22	65	23	35	24	76	25	59	26	24	27	31	28	73	29	17
	0	51	1	100	2	40	3	86	4	94	5	32	6	2	7	60	8	45	9	1	10	55	11	12	12	4	13	39	14	66	15	7	16	18	17	85	18	77	19	38	20	81	21	82	22	18	23	32	24	28	25	99	26	71	27	53	28	54	29	92
	0	17	1	82	2	25	3	41	4	67	5	83	6	81	7	26	8	71	9	65	10	43	11	17	12	33	13	90	14	59	15	5	16	2	17	12	18	76	19	99	20	90	21	29	22	6	23	52	24	56	25	84	26	27	27	2	28	55	29	61
	0	36	1	41	2	30	3	40	4	48	5	48	6	12	7	27	8	7	9	45	10	39	11	61	12	50	13	57	14	23	15	70	16	51	17	1	18	15	19	27	20	8	21	27	22	58	23	21	24	91	25	74	26	26	27	57	28	32	29	34
	0	68	1	37	2	33	3	25	4	43	5	97	6	33	7	24	8	81	9	93	10	43	11	94	12	25	13	68	14	61	15	26	16	33	17	38	18	2	19	78	20	41	21	77	22	27	23	61	24	30	25	100	26	44	27	30	28	23	29	67
	0	10	1	63	2	39	3	50	4	78	5	47	6	48	7	45	8	40	9	99	10	17	11	24	12	86	13	80	14	52	15	48	16	62	17	5	18	58	19	96	20	5	21	37	22	78	23	74	24	88	25	20	26	87	27	13	28	94	29	3
	0	53	1	70	2	22	3	34	4	77	5	84	6	72	7	59	8	94	9	70	10	72	11	31	12	91	13	25	14	47	15	13	16	52	17	99	18	40	19	51	20	71	21	58	22	25	23	30	24	77	25	22	26	94	27	50	28	46	29	73
	0	92	1	77	2	25	3	57	4	25	5	67	6	72	7	36	8	90	9	64	10	89	11	43	12	78	13	4	14	11	15	66	16	63	17	3	18	66	19	60	20	71	21	99	22	33	23	55	24	93	25	64	26	49	27	13	28	91	29	22
	0	53	1	56	2	6	3	39	4	58	5	64	6	70	7	61	8	100	9	17	10	75	11	18	12	97	13	25	14	54	15	28	16	16	17	79	18	89	19	62	20	41	21	9	22	33	23	60	24	83	25	29	26	13	27	93	28	64	29	28
	0	70	1	35	2	89	3	2	4	27	5	77	6	81	7	61	8	6	9	89	10	19	11	51	12	40	13	27	14	40	15	68	16	38	17	39	18	77	19	63	20	98	21	5	22	35	23	61	24	93	25	20	26	45	27	37	28	61	29	26
	0	47	1	36	2	71	3	14	4	68	5	17	6	65	7	80	8	26	9	60	10	74	11	1	12	68	13	79	14	71	15	52	16	100	17	10	18	17	19	2	20	100	21	79	22	88	23	45	24	9	25	72	26	19	27	44	28	28	29	52
	0	79	1	22	2	83	3	97	4	75	5	12	6	35	7	69	8	51	9	40	10	38	11	11	12	12	13	24	14	71	15	54	16	22	17	100	18	14	19	80	20	20	21	7	22	23	23	53	24	74	25	100	26	36	27	37	28	69	29	72
	0	19	1	57	2	84	3	92	4	14	5	59	6	12	7	5	8	71	9	90	10	36	11	48	12	66	13	2	14	54	15	64	16	35	17	44	18	17	19	35	20	78	21	96	22	23	23	69	24	15	25	74	26	91	27	88	28	95	29	90
	0	1	1	20	2	92	3	54	4	59	5	98	6	40	7	59	8	53	9	100	10	86	11	78	12	91	13	100	14	68	15	63	16	29	17	98	18	47	19	29	20	51	21	70	22	46	23	65	24	48	25	33	26	80	27	97	28	97	29	30
	0	72	1	4	2	65	3	84	4	2	5	55	6	60	7	55	8	19	9	24	10	19	11	28	12	26	13	93	14	8	15	90	16	10	17	60	18	60	19	86	20	79	21	5	22	91	23	69	24	30	25	82	26	61	27	67	28	54	29	38
	0	69	1	46	2	64	3	89	4	8	5	32	6	86	7	88	8	13	9	28	10	66	11	68	12	73	13	47	14	67	15	60	16	98	17	16	18	67	19	100	20	66	21	59	22	86	23	83	24	72	25	48	26	100	27	32	28	74	29	69
	0	6	1	81	2	3	3	60	4	71	5	98	6	71	7	11	8	66	9	94	10	13	11	35	12	55	13	96	14	24	15	40	16	21	17	68	18	95	19	76	20	19	21	28	22	62	23	28	24	6	25	86	26	100	27	77	28	82	29	90
	0	43	1	61	2	38	3	71	4	16	5	96	6	6	7	19	8	93	9	45	10	45	11	30	12	28	13	43	14	17	15	1	16	28	17	20	18	30	19	70	20	51	21	72	22	56	23	28	24	57	25	80	26	57	27	51	28	51	29	74
	0	61	1	17	2	72	3	92	4	84	5	17	6	47	7	80	8	86	9	82	10	5	11	33	12	10	13	66	14	93	15	74	16	41	17	67	18	84	19	24	20	70	21	83	22	38	23	5	24	75	25	25	26	58	27	76	28	43	29	31
	0	72	1	10	2	82	3	67	4	7	5	38	6	11	7	95	8	54	9	40	10	37	11	56	12	34	13	51	14	30	15	85	16	15	17	99	18	74	19	64	20	38	21	16	22	50	23	88	24	49	25	79	26	82	27	80	28	63	29	58
	0	50	1	91	2	80	3	8	4	43	5	79	6	42	7	2	8	20	9	43	10	15	11	6	12	93	13	46	14	5	15	54	16	57	17	84	18	72	19	42	20	19	21	53	22	80	23	88	24	11	25	31	26	99	27	98	28	89	29	95
	0	70	1	41	2	47	3	12	4	63	5	42	6	4	7	86	8	16	9	13	10	43	11	62	12	28	13	8	14	96	15	100	16	36	17	69	18	26	19	77	20	11	21	77	22	41	23	84	24	46	25	56	26	29	27	21	28	21	29	69
	0	16	1	12	2	68	3	19	4	83	5	86	6	78	7	38	8	82	9	4	10	11	11	27	12	47	13	19	14	13	15	79	16	96	17	2	18	39	19	3	20	55	21	89	22	50	23	32	24	59	25	96	26	18	27	64	28	9	29	31
	0	69	1	1	2	93	3	9	4	45	5	59	6	95	7	24	8	53	9	74	10	50	11	44	12	58	13	25	14	29	15	44	16	9	17	52	18	49	19	78	20	25	21	39	22	44	23	61	24	76	25	84	26	50	27	16	28	23	29	83
	0	92	1	98	2	18	3	3	4	55	5	6	6	82	7	9	8	97	9	46	10	87	11	78	12	40	13	2	14	29	15	17	16	22	17	31	18	75	19	64	20	22	21	89	22	98	23	36	24	76	25	45	26	49	27	63	28	52	29	62
	0	31	1	10	2	51	3	24	4	63	5	86	6	47	7	61	8	56	9	90	10	91	11	89	12	47	13	30	14	42	15	65	16	45	17	38	18	89	19	40	20	92	21	51	22	86	23	39	24	57	25	30	26	18	27	12	28	98	29	50
	0	58	1	38	2	61	3	69	4	92	5	75	6	17	7	64	8	20	9	70	10	39	11	2	12	59	13	3	14	73	15	63	16	4	17	8	18	70	19	50	20	28	21	93	22	59	23	51	24	23	25	69	26	97	27	33	28	19	29	42
	0	20	1	78	2	18	3	42	4	75	5	9	6	52	7	79	8	18	9	51	10	34	11	69	12	99	13	21	14	66	15	52	16	75	17	60	18	31	19	95	20	15	21	41	22	68	23	76	24	98	25	6	26	22	27	60	28	9	29	33
	0	10	1	33	2	86	3	31	4	43	5	55	6	81	7	8	8	3	9	31	10	20	11	62	12	57	13	34	14	99	15	97	16	61	17	15	18	31	19	57	20	87	21	81	22	35	23	27	24	72	25	40	26	48	27	57	28	79	29	31
	0	77	1	96	2	6	3	95	4	35	5	46	6	100	7	52	8	31	9	68	10	49	11	89	12	100	13	16	14	64	15	79	16	97	17	61	18	74	19	85	20	91	21	40	22	92	23	8	24	31	25	48	26	35	27	100	28	72	29	47
	0	97	1	41	2	84	3	65	4	4	5	52	6	78	7	9	8	13	9	95	10	25	11	21	12	27	13	73	14	54	15	32	16	38	17	57	18	47	19	17	20	18	21	67	22	77	23	47	24	24	25	7	26	49	27	74	28	86	29	34
	0	51	1	21	2	90	3	88	4	5	5	57	6	85	7	43	8	94	9	61	10	65	11	34	12	6	13	21	14	7	15	71	16	99	17	29	18	70	19	60	20	97	21	47	22	92	23	83	24	77	25	68	26	22	27	100	28	81	29	98
	0	86	1	85	2	86	3	26	4	77	5	8	6	11	7	68	8	12	9	21	10	34	11	91	12	98	13	11	14	63	15	53	16	90	17	31	18	70	19	31	20	59	21	20	22	92	23	10	24	74	25	67	26	53	27	45	28	79	29	97
	0	63	1	42	2	28	3	61	4	99	5	9	6	85	7	78	8	70	9	70	10	30	11	52	12	19	13	41	14	8	15	55	16	32	17	25	18	13	19	68	20	27	21	62	22	11	23	7	24	72	25	41	26	27	27	68	28	36	29	71
	0	48	1	95	2	78	3	54	4	39	5	32	6	34	7	21	8	51	9	12	10	44	11	10	12	69	13	17	14	41	15	6	16	53	17	83	18	90	19	74	20	44	21	60	22	46	23	46	24	42	25	30	26	70	27	50	28	94	29	49
	0	27	1	89	2	38	3	84	4	52	5	9	6	79	7	34	8	53	9	13	10	17	11	65	12	89	13	14	14	39	15	10	16	61	17	30	18	47	19	5	20	64	21	62	22	82	23	49	24	25	25	11	26	72	27	38	28	17	29	27
	0	6	1	86	2	99	3	97	4	18	5	40	6	59	7	6	8	41	9	65	10	38	11	36	12	34	13	28	14	60	15	82	16	35	17	42	18	10	19	11	20	60	21	15	22	24	23	79	24	63	25	41	26	83	27	84	28	32	29	18
	0	39	1	35	2	71	3	70	4	92	5	42	6	14	7	29	8	16	9	75	10	48	11	88	12	93	13	46	14	62	15	36	16	4	17	94	18	34	19	33	20	92	21	97	22	24	23	100	24	85	25	41	26	53	27	6	28	58	29	97
	0	60	1	98	2	56	3	16	4	84	5	7	6	20	7	22	8	8	9	7	10	87	11	68	12	60	13	31	14	43	15	98	16	67	17	58	18	64	19	2	20	95	21	23	22	78	23	88	24	24	25	35	26	8	27	89	28	50	29	79
	0	8	1	81	2	2	3	43	4	84	5	88	6	21	7	15	8	66	9	89	10	42	11	18	12	80	13	67	14	67	15	86	16	30	17	50	18	24	19	4	20	79	21	39	22	63	23	61	24	11	25	35	26	8	27	83	28	1	29	94
	0	87	1	57	2	14	3	69	4	10	5	57	6	35	7	45	8	40	9	27	10	81	11	46	12	16	13	95	14	50	15	79	16	92	17	7	18	19	19	60	20	15	21	25	22	83	23	12	24	61	25	13	26	4	27	42	28	77	29	97
	0	13	1	49	2	30	3	4	4	73	5	96	6	47	7	85	8	16	9	58	10	85	11	92	12	89	13	45	14	86	15	60	16	96	17	37	18	92	19	14	20	95	21	90	22	31	23	9	24	6	25	5	26	99	27	58	28	42	29	64
	0	92	1	19	2	43	3	78	4	75	5	45	6	7	7	97	8	81	9	9	10	27	11	74	12	79	13	69	14	85	15	93	16	67	17	24	18	61	19	2	20	56	21	90	22	62	23	1	24	68	25	83	26	72	27	78	28	67	29	89
	0	77	1	6	2	73	3	80	4	33	5	29	6	54	7	71	8	55	9	12	10	89	11	52	12	68	13	17	14	31	15	34	16	31	17	46	18	32	19	90	20	37	21	61	22	6	23	83	24	47	25	57	26	34	27	13	28	1	29	70
	0	40	1	13	2	34	3	26	4	95	5	100	6	69	7	77	8	30	9	37	10	78	11	79	12	57	13	74	14	29	15	89	16	30	17	76	18	63	19	14	20	11	21	44	22	58	23	27	24	97	25	5	26	93	27	24	28	42	29	5
	0	8	1	93	2	74	3	53	4	6	5	33	6	94	7	88	8	85	9	25	10	99	11	62	12	56	13	39	14	75	15	76	16	100	17	65	18	50	19	100	20	84	21	55	22	92	23	68	24	4	25	41	26	17	27	31	28	68	29	67
	0	12	1	4	2	4	3	39	4	9	5	43	6	60	7	90	8	60	9	42	10	59	11	99	12	90	13	27	14	90	15	35	16	46	17	96	18	64	19	100	20	47	21	22	22	69	23	83	24	22	25	27	26	3	27	68	28	86	29	1
	0	58	1	55	2	75	3	93	4	95	5	75	6	68	7	33	8	29	9	7	10	44	11	49	12	15	13	55	14	66	15	81	16	2	17	12	18	76	19	13	20	98	21	25	22	59	23	73	24	64	25	59	26	4	27	79	28	23	29	2
	0	57	1	19	2	68	3	59	4	67	5	95	6	81	7	43	8	55	9	86	10	19	11	50	12	55	13	86	14	21	15	75	16	20	17	33	18	33	19	14	20	82	21	44	22	77	23	45	24	8	25	100	26	84	27	100	28	100	29	70
	0	84	1	63	2	16	3	52	4	26	5	50	6	34	7	72	8	61	9	64	10	58	11	80	12	6	13	33	14	56	15	17	16	91	17	67	18	80	19	59	20	46	21	89	22	88	23	45	24	70	25	44	26	99	27	63	28	15	29	71
	0	29	1	34	2	44	3	97	4	83	5	33	6	79	7	100	8	27	9	25	10	25	11	35	12	49	13	7	14	36	15	25	16	73	17	98	18	85	19	64	20	6	21	97	22	22	23	86	24	25	25	13	26	42	27	83	28	19	29	34
	0	13	1	90	2	68	3	96	4	13	5	76	6	8	7	57	8	95	9	84	10	8	11	94	12	60	13	28	14	81	15	72	16	24	17	43	18	85	19	72	20	8	21	29	22	93	23	51	24	64	25	56	26	32	27	80	28	52	29	97
	0	38	1	1	2	4	3	28	4	54	5	68	6	43	7	1	8	77	9	85	10	60	11	80	12	45	13	57	14	49	15	94	16	91	17	96	18	58	19	58	20	33	21	71	22	9	23	49	24	64	25	87	26	95	27	49	28	57	29	22
	0	56	1	100	2	8	3	67	4	85	5	4	6	78	7	52	8	30	9	97	10	7	11	41	12	83	13	63	14	13	15	33	16	70	17	60	18	97	19	11	20	94	21	91	22	12	23	16	24	84	25	38	26	80	27	37	28	58	29	20
	0	55	1	50	2	3	3	81	4	66	5	48	6	23	7	92	8	91	9	40	10	19	11	17	12	47	13	13	14	92	15	14	16	97	17	79	18	96	19	27	20	2	21	67	22	59	23	17	24	77	25	19	26	73	27	36	28	32	29	96
	0	17	1	24	2	89	3	16	4	40	5	8	6	30	7	73	8	56	9	15	10	3	11	12	12	96	13	40	14	82	15	52	16	37	17	13	18	89	19	91	20	95	21	76	22	91	23	25	24	51	25	61	26	42	27	80	28	63	29	12
	0	43	1	24	2	55	3	17	4	29	5	10	6	8	7	21	8	2	9	86	10	90	11	51	12	78	13	36	14	97	15	71	16	26	17	76	18	86	19	43	20	88	21	4	22	31	23	62	24	31	25	61	26	38	27	98	28	75	29	86
	0	85	1	60	2	72	3	42	4	77	5	58	6	54	7	64	8	42	9	41	10	64	11	45	12	5	13	25	14	42	15	71	16	100	17	43	18	28	19	65	20	28	21	87	22	1	23	92	24	63	25	18	26	73	27	65	28	58	29	57
	0	6	1	15	2	15	3	99	4	9	5	40	6	7	7	6	8	50	9	44	10	76	11	64	12	85	13	24	14	48	15	17	16	76	17	65	18	29	19	14	20	70	21	63	22	72	23	32	24	43	25	70	26	45	27	54	28	51	29	42
	0	20	1	17	2	19	3	36	4	76	5	77	6	75	7	68	8	90	9	23	10	11	11	60	12	35	13	62	14	14	15	7	16	38	17	57	18	21	19	54	20	53	21	70	22	65	23	78	24	50	25	65	26	38	27	89	28	27	29	54
	0	80	1	10	2	1	3	11	4	59	5	3	6	34	7	67	8	27	9	42	10	90	11	71	12	38	13	58	14	42	15	83	16	84	17	95	18	63	19	27	20	73	21	63	22	89	23	23	24	61	25	84	26	11	27	73	28	17	29	41
	0	54	1	82	2	60	3	100	4	52	5	20	6	28	7	61	8	2	9	70	10	53	11	42	12	95	13	15	14	43	15	25	16	14	17	55	18	9	19	3	20	84	21	61	22	88	23	8	24	95	25	11	26	38	27	16	28	25	29	47
	0	17	1	56	2	66	3	75	4	71	5	60	6	90	7	79	8	84	9	45	10	39	11	12	12	74	13	11	14	8	15	21	16	42	17	85	18	65	19	78	20	89	21	58	22	29	23	45	24	80	25	90	26	77	27	99	28	8	29	76
	0	84	1	80	2	86	3	5	4	99	5	51	6	80	7	50	8	8	9	74	10	44	11	78	12	46	13	47	14	45	15	56	16	56	17	56	18	60	19	2	20	3	21	31	22	4	23	4	24	99	25	14	26	19	27	4	28	87	29	79
	0	17	1	29	2	99	3	64	4	78	5	95	6	83	7	100	8	33	9	44	10	63	11	42	12	85	13	71	14	73	15	54	16	52	17	50	18	85	19	91	20	31	21	80	22	32	23	71	24	18	25	97	26	63	27	57	28	34	29	31
	0	20	1	68	2	42	3	2	4	100	5	94	6	54	7	74	8	46	9	90	10	60	11	31	12	87	13	73	14	37	15	27	16	13	17	41	18	14	19	29	20	63	21	94	22	95	23	61	24	49	25	28	26	77	27	7	28	62	29	14
	0	12	1	41	2	18	3	13	4	96	5	89	6	41	7	67	8	85	9	30	10	8	11	68	12	74	13	14	14	80	15	7	16	93	17	36	18	5	19	39	20	85	21	92	22	75	23	39	24	2	25	26	26	50	27	10	28	12	29	19
	0	7	1	76	2	98	3	96	4	67	5	83	6	21	7	47	8	93	9	81	10	48	11	88	12	85	13	55	14	72	15	8	16	13	17	36	18	99	19	76	20	35	21	9	22	50	23	3	24	29	25	100	26	8	27	96	28	24	29	4
	0	33	1	32	2	79	3	86	4	93	5	42	6	100	7	77	8	95	9	96	10	48	11	35	12	28	13	13	14	92	15	49	16	32	17	46	18	27	19	4	20	64	21	16	22	31	23	37	24	26	25	90	26	54	27	51	28	77	29	30
	0	55	1	70	2	37	3	59	4	29	5	39	6	58	7	19	8	93	9	19	10	27	11	22	12	19	13	31	14	20	15	9	16	34	17	25	18	15	19	72	20	34	21	6	22	49	23	15	24	68	25	34	26	65	27	46	28	96	29	70
	0	82	1	27	2	24	3	46	4	1	5	26	6	79	7	80	8	10	9	54	10	71	11	61	12	60	13	75	14	39	15	71	16	23	17	19	18	14	19	34	20	66	21	44	22	16	23	89	24	78	25	17	26	68	27	42	28	51	29	26
	0	24	1	35	2	2	3	24	4	6	5	48	6	87	7	74	8	22	9	8	10	26	11	62	12	100	13	79	14	68	15	66	16	62	17	60	18	48	19	25	20	32	21	4	22	12	23	35	24	24	25	52	26	30	27	60	28	95	29	24
	0	99	1	51	2	26	3	27	4	26	5	98	6	73	7	66	8	36	9	59	10	18	11	72	12	39	13	49	14	94	15	77	16	59	17	74	18	62	19	3	20	10	21	49	22	79	23	40	24	62	25	34	26	83	27	45	28	42	29	68
	0	61	1	75	2	59	3	5	4	11	5	26	6	49	7	65	8	89	9	68	10	76	11	49	12	2	13	72	14	40	15	8	16	11	17	88	18	75	19	39	20	31	21	7	22	35	23	51	24	45	25	22	26	10	27	40	28	83	29	69
	0	10	1	54	2	22	3	12	4	14	5	36	6	9	7	17	8	74	9	79	10	16	11	98	12	16	13	28	14	75	15	61	16	79	17	24	18	56	19	66	20	88	21	68	22	85	23	83	24	55	25	29	26	14	27	8	28	31	29	68
	0	89	1	77	2	87	3	21	4	79	5	82	6	79	7	57	8	69	9	83	10	14	11	34	12	12	13	77	14	47	15	92	16	12	17	42	18	61	19	69	20	78	21	97	22	6	23	28	24	58	25	40	26	9	27	22	28	65	29	33
	0	82	1	49	2	33	3	73	4	83	5	62	6	80	7	55	8	100	9	44	10	60	11	12	12	86	13	63	14	28	15	4	16	45	17	53	18	56	19	71	20	53	21	4	22	71	23	91	24	67	25	55	26	6	27	90	28	46	29	9
	0	73	1	8	2	7	3	25	4	20	5	15	6	67	7	56	8	16	9	32	10	59	11	38	12	73	13	91	14	17	15	39	16	11	17	51	18	67	19	36	20	20	21	56	22	77	23	79	24	76	25	85	26	44	27	45	28	2	29	48
	0	22	1	4	2	7	3	18	4	27	5	53	6	24	7	10	8	66	9	75	10	26	11	36	12	70	13	43	14	18	15	9	16	44	17	71	18	4	19	69	20	54	21	81	22	90	23	54	24	13	25	34	26	77	27	41	28	40	29	60
	0	44	1	27	2	100	3	65	4	34	5	29	6	51	7	5	8	88	9	17	10	64	11	77	12	91	13	20	14	78	15	28	16	25	17	57	18	7	19	11	20	44	21	86	22	28	23	40	24	19	25	76	26	99	27	98	28	4	29	51
	0	95	1	26	2	46	3	46	4	51	5	85	6	13	7	80	8	67	9	67	10	28	11	47	12	3	13	11	14	41	15	63	16	62	17	25	18	46	19	29	20	57	21	48	22	66	23	4	24	95	25	82	26	32	27	83	28	32	29	89
	0	35	1	30	2	78	3	32	4	45	5	22	6	56	7	97	8	100	9	90	10	49	11	37	12	29	13	63	14	84	15	13	16	48	17	68	18	35	19	32	20	53	21	18	22	53	23	8	24	98	25	6	26	45	27	87	28	25	29	90
	0	65	1	12	2	89	3	23	4	92	5	32	6	97	7	76	8	100	9	76	10	48	11	50	12	50	13	30	14	46	15	79	16	63	17	9	18	32	19	68	20	41	21	9	22	36	23	20	24	60	25	61	26	63	27	46	28	49	29	52
	0	62	1	59	2	10	3	64	4	34	5	97	6	74	7	45	8	79	9	28	10	79	11	32	12	1	13	32	14	11	15	73	16	4	17	60	18	56	19	16	20	56	21	20	22	57	23	81	24	7	25	32	26	53	27	12	28	81	29	59
	0	61	1	86	2	81	3	9	4	36	5	30	6	81	7	51	8	93	9	52	10	89	11	3	12	96	13	17	14	3	15	82	16	50	17	7	18	100	19	24	20	38	21	37	22	30	23	9	24	94	25	36	26	100	27	53	28	12	29	6
	0	66	1	54	2	19	3	13	4	86	5	7	6	71	7	83	8	87	9	6	10	50	11	98	12	43	13	23	14	61	15	20	16	89	17	23	18	72	19	89	20	99	21	39	22	38	23	67	24	9	25	46	26	95	27	29	28	66	29	83
	0	27	1	29	2	28	3	19	4	43	5	71	6	55	7	72	8	100	9	87	10	54	11	13	12	79	13	95	14	80	15	17	16	92	17	71	18	93	19	55	20	64	21	88	22	39	23	26	24	47	25	87	26	93	27	69	28	36	29	76
	0	78	1	24	2	96	3	3	4	72	5	16	6	35	7	11	8	33	9	76	10	65	11	94	12	31	13	46	14	49	15	16	16	57	17	10	18	15	19	37	20	43	21	54	22	94	23	89	24	26	25	55	26	10	27	68	28	27	29	42
	0	25	1	59	2	30	3	80	4	23	5	91	6	99	7	84	8	81	9	99	10	39	11	41	12	68	13	44	14	10	15	9	16	59	17	99	18	53	19	34	20	65	21	26	22	61	23	74	24	14	25	88	26	38	27	52	28	33	29	73
	0	1	1	55	2	4	3	21	4	35	5	57	6	21	7	95	8	4	9	41	10	51	11	16	12	59	13	42	14	67	15	68	16	29	17	31	18	42	19	47	20	66	21	17	22	82	23	83	24	66	25	44	26	60	27	99	28	21	29	91
	0	77	1	50	2	52	3	27	4	48	5	74	6	28	7	59	8	11	9	55	10	78	11	78	12	94	13	55	14	50	15	3	16	78	17	85	18	73	19	67	20	63	21	25	22	16	23	94	24	17	25	95	26	72	27	69	28	50	29	46
	0	94	1	98	2	64	3	37	4	61	5	1	6	63	7	89	8	61	9	96	10	22	11	52	12	8	13	65	14	45	15	24	16	42	17	4	18	75	19	4	20	70	21	100	22	23	23	65	24	42	25	97	26	28	27	85	28	87	29	33
	0	83	1	71	2	45	3	52	4	70	5	64	6	55	7	48	8	90	9	5	10	9	11	78	12	89	13	4	14	75	15	49	16	22	17	46	18	32	19	71	20	91	21	21	22	94	23	37	24	51	25	60	26	2	27	63	28	78	29	16
	0	16	1	94	2	43	3	28	4	32	5	82	6	33	7	47	8	5	9	64	10	1	11	23	12	68	13	15	14	56	15	69	16	57	17	50	18	23	19	57	20	89	21	87	22	15	23	24	24	65	25	16	26	12	27	70	28	79	29	28
	0	41	1	92	2	59	3	89	4	97	5	84	6	84	7	69	8	46	9	91	10	29	11	73	12	2	13	8	14	52	15	21	16	76	17	43	18	25	19	69	20	32	21	7	22	51	23	82	24	95	25	87	26	48	27	97	28	3	29	16
	0	70	1	32	2	98	3	53	4	11	5	29	6	93	7	22	8	100	9	46	10	60	11	92	12	89	13	26	14	31	15	90	16	97	17	10	18	8	19	64	20	48	21	81	22	14	23	60	24	29	25	41	26	36	27	75	28	53	29	69
	0	54	1	86	2	98	3	14	4	38	5	80	6	61	7	4	8	63	9	38	10	49	11	98	12	84	13	34	14	93	15	99	16	60	17	63	18	58	19	99	20	20	21	6	22	87	23	38	24	16	25	96	26	1	27	98	28	1	29	42
	0	35	1	47	2	28	3	29	4	3	5	16	6	57	7	93	8	95	9	79	10	22	11	43	12	72	13	61	14	87	15	90	16	94	17	96	18	93	19	84	20	12	21	3	22	87	23	83	24	3	25	69	26	71	27	5	28	17	29	41
	0	12	1	31	2	96	3	73	4	19	5	61	6	45	7	81	8	59	9	51	10	95	11	95	12	66	13	62	14	78	15	22	16	91	17	22	18	92	19	46	20	66	21	75	22	55	23	44	24	93	25	49	26	47	27	79	28	91	29	95
	0	98	1	7	2	47	3	72	4	81	5	15	6	57	7	61	8	8	9	55	10	56	11	50	12	37	13	72	14	77	15	32	16	47	17	19	18	82	19	82	20	28	21	6	22	49	23	22	24	3	25	41	26	27	27	95	28	69	29	50
	0	74	1	87	2	34	3	87	4	43	5	88	6	82	7	67	8	2	9	71	10	91	11	84	12	68	13	29	14	91	15	5	16	17	17	7	18	30	19	45	20	98	21	9	22	94	23	59	24	45	25	75	26	93	27	16	28	90	29	53
	0	13	1	40	2	98	3	15	4	85	5	22	6	95	7	87	8	36	9	51	10	48	11	98	12	18	13	15	14	23	15	63	16	26	17	64	18	32	19	53	20	48	21	40	22	38	23	33	24	22	25	14	26	89	27	48	28	83	29	94
	0	86	1	94	2	19	3	84	4	26	5	28	6	83	7	4	8	54	9	70	10	24	11	14	12	22	13	14	14	31	15	99	16	56	17	66	18	2	19	99	20	51	21	51	22	92	23	99	24	59	25	73	26	93	27	7	28	48	29	18
	0	50	1	100	2	32	3	26	4	21	5	94	6	4	7	88	8	29	9	79	10	31	11	22	12	75	13	32	14	83	15	53	16	93	17	87	18	11	19	93	20	78	21	35	22	85	23	96	24	24	25	66	26	75	27	36	28	32	29	2
	0	25	1	28	2	93	3	61	4	49	5	100	6	50	7	58	8	59	9	73	10	96	11	42	12	93	13	23	14	61	15	4	16	24	17	14	18	86	19	31	20	38	21	37	22	6	23	71	24	28	25	97	26	76	27	40	28	56	29	19
	0	9	1	87	2	53	3	84	4	28	5	5	6	67	7	1	8	30	9	41	10	1	11	73	12	24	13	41	14	67	15	37	16	99	17	59	18	70	19	61	20	14	21	86	22	97	23	30	24	34	25	88	26	58	27	76	28	49	29	67
	0	34	1	7	2	40	3	79	4	97	5	57	6	95	7	63	8	24	9	56	10	83	11	83	12	24	13	93	14	27	15	75	16	36	17	20	18	53	19	51	20	79	21	20	22	1	23	7	24	54	25	43	26	7	27	38	28	35	29	70
	0	17	1	49	2	95	3	75	4	86	5	19	6	58	7	79	8	53	9	65	10	66	11	32	12	24	13	2	14	5	15	53	16	86	17	95	18	42	19	17	20	32	21	59	22	41	23	84	24	90	25	52	26	84	27	87	28	61	29	53
	0	100	1	31	2	22	3	36	4	85	5	86	6	52	7	76	8	68	9	51	10	81	11	46	12	46	13	34	14	66	15	93	16	3	17	85	18	55	19	4	20	82	21	60	22	90	23	93	24	81	25	7	26	47	27	81	28	69	29	10
	0	32	1	41	2	81	3	24	4	77	5	33	6	7	7	95	8	92	9	47	10	92	11	34	12	78	13	40	14	25	15	4	16	14	17	27	18	58	19	37	20	58	21	54	22	16	23	72	24	26	25	84	26	54	27	9	28	55	29	52
	0	100	1	1	2	49	3	86	4	84	5	28	6	66	7	92	8	21	9	41	10	1	11	52	12	27	13	54	14	64	15	83	16	72	17	26	18	72	19	51	20	98	21	69	22	87	23	53	24	56	25	64	26	84	27	94	28	49	29	74
	0	19	1	29	2	74	3	88	4	36	5	48	6	1	7	36	8	43	9	22	10	46	11	57	12	22	13	42	14	4	15	3	16	79	17	13	18	65	19	22	20	35	21	89	22	28	23	58	24	7	25	56	26	76	27	37	28	55	29	10
	0	89	1	48	2	65	3	76	4	97	5	36	6	14	7	65	8	7	9	56	10	30	11	79	12	59	13	62	14	42	15	90	16	87	17	34	18	83	19	70	20	87	21	53	22	96	23	41	24	39	25	92	26	52	27	72	28	7	29	80
	0	73	1	44	2	29	3	44	4	39	5	56	6	83	7	52	8	97	9	51	10	58	11	8	12	24	13	73	14	95	15	66	16	94	17	99	18	71	19	66	20	58	21	94	22	33	23	18	24	44	25	86	26	4	27	75	28	27	29	62
	0	35	1	72	2	20	3	38	4	56	5	37	6	5	7	38	8	53	9	81	10	97	11	95	12	93	13	29	14	88	15	64	16	44	17	67	18	57	19	97	20	86	21	83	22	4	23	29	24	1	25	58	26	62	27	76	28	80	29	24
	0	5	1	37	2	9	3	81	4	20	5	57	6	91	7	67	8	51	9	90	10	37	11	5	12	18	13	66	14	35	15	68	16	58	17	67	18	58	19	51	20	53	21	39	22	94	23	30	24	42	25	18	26	100	27	50	28	29	29	41
	0	5	1	71	2	33	3	60	4	30	5	63	6	45	7	95	8	86	9	38	10	83	11	81	12	71	13	47	14	64	15	6	16	89	17	88	18	39	19	43	20	43	21	95	22	52	23	6	24	89	25	20	26	14	27	7	28	46	29	12
	0	17	1	89	2	1	3	61	4	26	5	47	6	62	7	63	8	12	9	71	10	28	11	17	12	27	13	82	14	100	15	70	16	28	17	36	18	43	19	67	20	6	21	9	22	66	23	64	24	68	25	6	26	99	27	25	28	82	29	43
	0	62	1	100	2	97	3	4	4	72	5	55	6	70	7	63	8	23	9	18	10	82	11	32	12	36	13	37	14	31	15	68	16	78	17	74	18	5	19	53	20	68	21	96	22	6	23	33	24	50	25	14	26	60	27	74	28	84	29	86
	0	29	1	75	2	81	3	9	4	33	5	44	6	5	7	25	8	20	9	27	10	90	11	51	12	63	13	50	14	62	15	93	16	62	17	12	18	64	19	100	20	81	21	29	22	18	23	82	24	54	25	32	26	76	27	86	28	33	29	71
	0	37	1	6	2	57	3	54	4	42	5	73	6	84	7	46	8	71	9	60	10	4	11	8	12	100	13	74	14	6	15	26	16	90	17	46	18	7	19	92	20	27	21	25	22	37	23	14	24	29	25	45	26	38	27	78	28	83	29	14
	0	36	1	84	2	84	3	51	4	88	5	31	6	91	7	67	8	7	9	24	10	23	11	61	12	17	13	27	14	44	15	91	16	10	17	84	18	37	19	19	20	76	21	83	22	42	23	69	24	53	25	35	26	20	27	17	28	14	29	92
	0	68	1	20	2	66	3	29	4	84	5	53	6	67	7	60	8	85	9	3	10	50	11	67	12	95	13	45	14	28	15	57	16	74	17	91	18	17	19	78	20	53	21	2	22	96	23	66	24	95	25	88	26	1	27	95	28	94	29	48
	0	8	1	47	2	85	3	13	4	63	5	45	6	28	7	7	8	56	9	96	10	85	11	33	12	60	13	41	14	7	15	41	16	72	17	21	18	97	19	55	20	15	21	86	22	22	23	45	24	15	25	22	26	76	27	79	28	50	29	73
	0	35	1	98	2	20	3	68	4	47	5	94	6	12	7	100	8	41	9	72	10	39	11	95	12	63	13	46	14	79	15	90	16	60	17	93	18	59	19	97	20	81	21	53	22	39	23	15	24	59	25	66	26	4	27	33	28	85	29	76
	0	63	1	25	2	11	3	45	4	17	5	33	6	25	7	51	8	46	9	88	10	80	11	71	12	21	13	16	14	96	15	74	16	42	17	32	18	38	19	60	20	65	21	11	22	50	23	42	24	67	25	96	26	13	27	44	28	51	29	83
	0	30	1	54	2	99	3	84	4	73	5	78	6	36	7	69	8	45	9	62	10	41	11	29	12	35	13	93	14	25	15	19	16	72	17	84	18	80	19	63	20	7	21	13	22	40	23	42	24	85	25	71	26	24	27	88	28	65	29	25
	0	65	1	57	2	25	3	27	4	13	5	58	6	54	7	1	8	86	9	55	10	95	11	95	12	18	13	71	14	28	15	88	16	98	17	65	18	83	19	86	20	22	21	56	22	19	23	39	24	1	25	20	26	26	27	74	28	79	29	76
	0	29	1	16	2	77	3	43	4	94	5	47	6	54	7	35	8	70	9	33	10	46	11	24	12	18	13	4	14	45	15	87	16	16	17	72	18	3	19	16	20	33	21	24	22	89	23	60	24	4	25	39	26	38	27	28	28	71	29	79
	0	47	1	73	2	53	3	90	4	37	5	29	6	68	7	4	8	67	9	75	10	19	11	6	12	65	13	57	14	14	15	35	16	34	17	78	18	86	19	24	20	26	21	37	22	30	23	87	24	99	25	100	26	79	27	25	28	9	29	99
	0	75	1	99	2	88	3	17	4	16	5	84	6	16	7	5	8	84	9	31	10	93	11	19	12	85	13	67	14	63	15	90	16	45	17	23	18	44	19	69	20	61	21	88	22	73	23	95	24	93	25	99	26	65	27	78	28	42	29	28
	0	46	1	18	2	51	3	38	4	8	5	73	6	30	7	99	8	4	9	64	10	90	11	97	12	67	13	80	14	31	15	75	16	28	17	8	18	26	19	90	20	77	21	15	22	93	23	72	24	70	25	56	26	47	27	23	28	96	29	74
	0	74	1	88	2	46	3	22	4	72	5	88	6	57	7	32	8	42	9	98	10	12	11	98	12	40	13	9	14	20	15	52	16	5	17	5	18	21	19	48	20	33	21	48	22	82	23	96	24	69	25	48	26	63	27	91	28	24	29	64
	0	93	1	42	2	38	3	64	4	81	5	99	6	64	7	32	8	32	9	13	10	30	11	12	12	72	13	3	14	96	15	17	16	78	17	2	18	37	19	47	20	73	21	100	22	98	23	98	24	53	25	16	26	11	27	51	28	19	29	68
	0	66	1	63	2	58	3	14	4	81	5	25	6	90	7	89	8	15	9	40	10	74	11	60	12	4	13	33	14	36	15	75	16	27	17	6	18	62	19	77	20	39	21	2	22	84	23	5	24	12	25	32	26	29	27	11	28	69	29	81
	0	25	1	62	2	21	3	1	4	83	5	99	6	33	7	56	8	86	9	84	10	70	11	72	12	70	13	45	14	8	15	17	16	76	17	12	18	11	19	2	20	91	21	97	22	9	23	87	24	25	25	53	26	24	27	28	28	94	29	39
	0	29	1	3	2	88	3	45	4	47	5	100	6	58	7	82	8	6	9	56	10	48	11	26	12	31	13	77	14	52	15	65	16	20	17	86	18	85	19	13	20	34	21	72	22	75	23	61	24	24	25	33	26	36	27	90	28	39	29	55
	0	77	1	86	2	10	3	43	4	35	5	93	6	6	7	19	8	68	9	24	10	95	11	37	12	28	13	10	14	57	15	94	16	97	17	45	18	48	19	25	20	74	21	81	22	90	23	17	24	22	25	43	26	47	27	84	28	31	29	11
	0	22	1	70	2	55	3	65	4	62	5	95	6	15	7	83	8	73	9	56	10	93	11	63	12	77	13	27	14	48	15	81	16	68	17	48	18	28	19	37	20	35	21	82	22	77	23	16	24	78	25	83	26	35	27	95	28	20	29	100
	0	90	1	62	2	94	3	20	4	47	5	16	6	69	7	15	8	96	9	94	10	26	11	48	12	9	13	13	14	14	15	66	16	99	17	39	18	37	19	56	20	13	21	16	22	56	23	72	24	48	25	25	26	9	27	50	28	12	29	45
	0	72	1	54	2	66	3	41	4	35	5	40	6	19	7	3	8	48	9	22	10	66	11	5	12	54	13	73	14	87	15	67	16	49	17	9	18	45	19	31	20	100	21	23	22	65	23	88	24	20	25	71	26	60	27	12	28	98	29	40
	0	46	1	98	2	12	3	33	4	81	5	100	6	83	7	56	8	82	9	20	10	47	11	1	12	34	13	98	14	52	15	46	16	91	17	91	18	8	19	26	20	18	21	59	22	47	23	44	24	44	25	83	26	66	27	20	28	7	29	85
	0	71	1	13	2	27	3	33	4	33	5	37	6	28	7	38	8	32	9	81	10	92	11	86	12	49	13	1	14	29	15	57	16	23	17	22	18	84	19	31	20	1	21	99	22	21	23	75	24	27	25	1	26	52	27	58	28	69	29	26
	0	3	1	53	2	59	3	68	4	37	5	10	6	11	7	82	8	70	9	10	10	36	11	17	12	51	13	45	14	69	15	33	16	1	17	65	18	80	19	95	20	23	21	7	22	18	23	26	24	27	25	83	26	48	27	68	28	39	29	98
	0	34	1	57	2	83	3	27	4	4	5	44	6	58	7	62	8	3	9	96	10	41	11	21	12	6	13	57	14	6	15	70	16	56	17	74	18	19	19	10	20	40	21	97	22	59	23	15	24	36	25	18	26	79	27	38	28	75	29	5
	0	100	1	12	2	2	3	47	4	3	5	18	6	52	7	19	8	62	9	99	10	51	11	24	12	44	13	25	14	10	15	82	16	48	17	60	18	88	19	65	20	74	21	80	22	31	23	1	24	39	25	32	26	12	27	99	28	93	29	47
	0	29	1	63	2	75	3	37	4	43	5	93	6	36	7	41	8	61	9	8	10	20	11	10	12	80	13	22	14	54	15	32	16	75	17	61	18	17	19	40	20	80	21	10	22	75	23	63	24	88	25	17	26	7	27	6	28	85	29	10
	0	51	1	69	2	91	3	81	4	48	5	37	6	64	7	57	8	79	9	10	10	92	11	67	12	98	13	58	14	95	15	63	16	15	17	100	18	85	19	54	20	93	21	61	22	79	23	78	24	54	25	50	26	53	27	97	28	100	29	66
	0	80	1	4	2	8	3	14	4	100	5	89	6	50	7	2	8	100	9	65	10	48	11	43	12	18	13	91	14	55	15	83	16	86	17	30	18	41	19	41	20	82	21	9	22	6	23	2	24	62	25	1	26	62	27	35	28	76	29	27
	0	52	1	14	2	2	3	48	4	89	5	44	6	51	7	3	8	58	9	48	10	24	11	6	12	78	13	57	14	18	15	14	16	49	17	3	18	26	19	24	20	17	21	17	22	67	23	63	24	30	25	67	26	42	27	77	28	70	29	12
	0	15	1	38	2	91	3	32	4	39	5	24	6	90	7	72	8	99	9	31	10	92	11	19	12	38	13	34	14	26	15	73	16	80	17	8	18	29	19	11	20	70	21	59	22	99	23	41	24	96	25	42	26	81	27	89	28	64	29	66
	0	69	1	75	2	38	3	97	4	40	5	75	6	64	7	28	8	76	9	63	10	54	11	68	12	18	13	84	14	78	15	68	16	70	17	11	18	97	19	85	20	43	21	77	22	56	23	62	24	13	25	80	26	86	27	62	28	26	29	25
	0	5	1	93	2	71	3	23	4	16	5	9	6	20	7	78	8	32	9	68	10	82	11	33	12	88	13	100	14	49	15	40	16	13	17	88	18	5	19	96	20	73	21	97	22	32	23	47	24	4	25	74	26	54	27	51	28	10	29	27
	0	73	1	59	2	76	3	46	4	10	5	54	6	32	7	20	8	44	9	50	10	78	11	69	12	15	13	50	14	26	15	99	16	42	17	9	18	45	19	42	20	50	21	52	22	17	23	32	24	34	25	45	26	19	27	52	28	89	29	23
	0	99	1	30	2	77	3	3	4	18	5	80	6	36	7	69	8	76	9	14	10	22	11	78	12	24	13	69	14	51	15	34	16	53	17	30	18	98	19	41	20	8	21	38	22	42	23	4	24	49	25	19	26	81	27	71	28	87	29	64
	0	53	1	15	2	42	3	54	4	38	5	95	6	10	7	11	8	24	9	69	10	44	11	16	12	60	13	24	14	72	15	19	16	37	17	56	18	14	19	43	20	66	21	11	22	70	23	52	24	40	25	81	26	95	27	28	28	1	29	2
	0	77	1	96	2	55	3	100	4	86	5	70	6	2	7	98	8	58	9	20	10	67	11	58	12	41	13	87	14	58	15	30	16	8	17	86	18	90	19	38	20	8	21	81	22	39	23	23	24	31	25	21	26	21	27	11	28	88	29	65
	0	16	1	89	2	42	3	46	4	71	5	1	6	35	7	40	8	59	9	4	10	5	11	53	12	77	13	41	14	81	15	29	16	11	17	9	18	100	19	48	20	96	21	54	22	94	23	73	24	54	25	6	26	23	27	48	28	84	29	27
	0	70	1	76	2	46	3	63	4	15	5	24	6	49	7	93	8	52	9	12	10	44	11	30	12	25	13	18	14	89	15	25	16	83	17	83	18	11	19	57	20	100	21	2	22	15	23	31	24	88	25	39	26	96	27	14	28	13	29	98
	0	49	1	59	2	91	3	47	4	3	5	29	6	16	7	57	8	6	9	2	10	58	11	26	12	40	13	20	14	25	15	89	16	57	17	18	18	77	19	29	20	44	21	41	22	42	23	53	24	74	25	46	26	65	27	86	28	93	29	31
	0	99	1	2	2	55	3	43	4	8	5	1	6	98	7	70	8	43	9	85	10	31	11	8	12	30	13	10	14	73	15	44	16	45	17	4	18	55	19	29	20	99	21	86	22	92	23	7	24	42	25	25	26	70	27	28	28	57	29	13
	0	20	1	64	2	12	3	55	4	60	5	13	6	86	7	3	8	34	9	46	10	82	11	63	12	82	13	39	14	4	15	79	16	15	17	99	18	58	19	63	20	78	21	70	22	92	23	11	24	31	25	79	26	1	27	54	28	73	29	56
	0	52	1	5	2	96	3	50	4	17	5	16	6	46	7	7	8	98	9	54	10	10	11	92	12	97	13	59	14	88	15	76	16	74	17	41	18	83	19	10	20	70	21	33	22	42	23	54	24	9	25	2	26	35	27	55	28	100	29	90
	0	22	1	64	2	100	3	38	4	87	5	51	6	11	7	6	8	12	9	63	10	25	11	96	12	23	13	20	14	38	15	54	16	47	17	53	18	91	19	90	20	39	21	25	22	19	23	42	24	81	25	96	26	9	27	94	28	70	29	11
	0	6	1	97	2	26	3	34	4	5	5	78	6	2	7	54	8	23	9	12	10	78	11	22	12	56	13	10	14	62	15	19	16	37	17	46	18	30	19	54	20	65	21	11	22	92	23	23	24	75	25	86	26	52	27	10	28	60	29	62
	0	99	1	98	2	67	3	54	4	63	5	3	6	30	7	76	8	96	9	75	10	16	11	85	12	87	13	25	14	87	15	15	16	13	17	55	18	8	19	45	20	76	21	14	22	63	23	76	24	94	25	5	26	45	27	20	28	29	29	16
	0	38	1	22	2	82	3	46	4	13	5	54	6	85	7	55	8	97	9	76	10	72	11	55	12	86	13	39	14	99	15	16	16	22	17	70	18	56	19	70	20	49	21	75	22	95	23	22	24	9	25	47	26	45	27	3	28	63	29	68
	0	11	1	31	2	24	3	25	4	71	5	60	6	59	7	2	8	12	9	31	10	84	11	10	12	74	13	63	14	61	15	55	16	95	17	39	18	73	19	73	20	68	21	81	22	39	23	75	24	67	25	16	26	87	27	77	28	87	29	72
	0	100	1	14	2	12	3	77	4	11	5	64	6	15	7	21	8	1	9	20	10	33	11	19	12	29	13	98	14	94	15	92	16	1	17	73	18	77	19	42	20	61	21	60	22	21	23	85	24	42	25	97	26	43	27	87	28	37	29	4
	0	10	1	96	2	58	3	10	4	71	5	76	6	97	7	71	8	58	9	89	10	17	11	41	12	10	13	61	14	25	15	50	16	70	17	66	18	1	19	2	20	67	21	71	22	12	23	7	24	80	25	53	26	4	27	8	28	44	29	76
	0	57	1	59	2	49	3	84	4	72	5	68	6	44	7	52	8	88	9	16	10	40	11	97	12	72	13	16	14	73	15	50	16	24	17	66	18	82	19	31	20	88	21	12	22	8	23	78	24	63	25	30	26	9	27	33	28	53	29	90
	0	60	1	79	2	4	3	61	4	83	5	73	6	11	7	66	8	9	9	30	10	100	11	8	12	96	13	58	14	9	15	6	16	24	17	31	18	38	19	33	20	59	21	61	22	21	23	38	24	63	25	12	26	56	27	82	28	65	29	50
	0	1	1	36	2	55	3	40	4	92	5	15	6	37	7	24	8	76	9	48	10	65	11	37	12	54	13	96	14	56	15	59	16	57	17	88	18	35	19	99	20	33	21	28	22	74	23	58	24	92	25	79	26	14	27	27	28	44	29	56
	0	1	1	5	2	42	3	55	4	59	5	56	6	92	7	20	8	81	9	27	10	100	11	18	12	28	13	1	14	79	15	68	16	45	17	66	18	26	19	54	20	48	21	3	22	36	23	17	24	43	25	50	26	26	27	99	28	65	29	76
	0	83	1	84	2	64	3	76	4	53	5	71	6	74	7	75	8	34	9	61	10	32	11	98	12	50	13	48	14	38	15	54	16	15	17	49	18	84	19	19	20	10	21	8	22	75	23	41	24	29	25	56	26	31	27	89	28	82	29	25
	0	39	1	17	2	42	3	39	4	98	5	18	6	95	7	21	8	74	9	97	10	6	11	12	12	49	13	80	14	25	15	71	16	53	17	25	18	7	19	7	20	89	21	36	22	85	23	69	24	99	25	64	26	56	27	88	28	45	29	58
	0	49	1	48	2	81	3	5	4	96	5	29	6	42	7	62	8	9	9	55	10	1	11	75	12	52	13	37	14	41	15	40	16	57	17	86	18	54	19	49	20	8	21	45	22	71	23	11	24	10	25	71	26	72	27	75	28	13	29	48
	0	41	1	63	2	53	3	24	4	55	5	1	6	25	7	4	8	30	9	15	10	21	11	39	12	68	13	10	14	76	15	89	16	57	17	76	18	12	19	55	20	38	21	60	22	79	23	7	24	37	25	16	26	27	27	60	28	19	29	27
	0	60	1	56	2	18	3	38	4	49	5	71	6	45	7	65	8	21	9	53	10	91	11	61	12	40	13	52	14	58	15	59	16	39	17	11	18	95	19	8	20	86	21	4	22	26	23	94	24	90	25	77	26	90	27	97	28	61	29	98
	0	32	1	26	2	9	3	26	4	19	5	43	6	25	7	73	8	56	9	58	10	81	11	2	12	50	13	62	14	57	15	88	16	26	17	26	18	59	19	31	20	97	21	86	22	12	23	25	24	57	25	90	26	17	27	76	28	25	29	80
	0	20	1	60	2	76	3	29	4	35	5	56	6	34	7	65	8	6	9	79	10	14	11	44	12	12	13	19	14	26	15	54	16	45	17	52	18	95	19	70	20	13	21	72	22	51	23	84	24	51	25	71	26	94	27	87	28	45	29	66
	0	37	1	63	2	93	3	36	4	85	5	44	6	67	7	38	8	100	9	18	10	44	11	99	12	64	13	89	14	26	15	10	16	36	17	52	18	62	19	67	20	59	21	100	22	35	23	42	24	89	25	5	26	1	27	62	28	15	29	25
	0	67	1	46	2	12	3	26	4	54	5	28	6	62	7	32	8	93	9	49	10	96	11	42	12	28	13	9	14	72	15	60	16	46	17	17	18	89	19	45	20	47	21	69	22	85	23	77	24	18	25	39	26	90	27	77	28	90	29	80
Reldue
-1	6395	-1	1
-1	8734	-1	1
-1	11842	-1	1
-1	9411	-1	1
-1	7584	-1	1
-1	6236	-1	1
-1	9759	-1	1
-1	9350	-1	1
-1	11987	-1	1
-1	4850	-1	1
-1	9792	-1	1
-1	9490	-1	1
-1	8819	-1	1
-1	4696	-1	1
-1	11463	-1	1
-1	8823	-1	1
-1	6629	-1	1
-1	6613	-1	1
-1	4488	-1	1
-1	6792	-1	1
-1	12613	-1	1
-1	4567	-1	1
-1	6448	-1	1
-1	5032	-1	1
-1	4892	-1	1
-1	5659	-1	1
-1	5371	-1	1
-1	8914	-1	1
-1	11395	-1	1
-1	9239	-1	1
-1	11645	-1	1
-1	10803	-1	1
-1	7690	-1	1
-1	13344	-1	1
-1	13440	-1	1
-1	10961	-1	1
-1	11919	-1	1
-1	11339	-1	1
-1	8670	-1	1
-1	8667	-1	1
-1	12986	-1	1
-1	6644	-1	1
-1	10801	-1	1
-1	6038	-1	1
-1	7014	-1	1
-1	12892	-1	1
-1	8747	-1	1
-1	6465	-1	1
-1	6877	-1	1
-1	9126	-1	1
-1	6813	-1	1
-1	9752	-1	1
-1	8420	-1	1
-1	10170	-1	1
-1	12835	-1	1
-1	8333	-1	1
-1	6797	-1	1
-1	11059	-1	1
-1	6337	-1	1
-1	9052	-1	1
-1	6213	-1	1
-1	6003	-1	1
-1	10411	-1	1
-1	8656	-1	1
-1	13376	-1	1
-1	6674	-1	1
-1	7689	-1	1
-1	5789	-1	1
-1	7246	-1	1
-1	4722	-1	1
-1	7972	-1	1
-1	9005	-1	1
-1	5444	-1	1
-1	5071	-1	1
-1	12353	-1	1
-1	11512	-1	1
-1	9139	-1	1
-1	7651	-1	1
-1	6527	-1	1
-1	13213	-1	1
-1	5099	-1	1
-1	5822	-1	1
-1	10611	-1	1
-1	11442	-1	1
-1	8461	-1	1
-1	9174	-1	1
-1	8795	-1	1
-1	9568	-1	1
-1	6581	-1	1
-1	11006	-1	1
-1	5830	-1	1
-1	5230	-1	1
-1	7224	-1	1
-1	11284	-1	1
-1	11271	-1	1
-1	11845	-1	1
-1	11073	-1	1
-1	10896	-1	1
-1	5685	-1	1
-1	7915	-1	1
-1	8736	-1	1
-1	11795	-1	1
-1	8063	-1	1
-1	6747	-1	1
-1	6017	-1	1
-1	6083	-1	1
-1	7227	-1	1
-1	11101	-1	1
-1	11767	-1	1
-1	11057	-1	1
-1	6496	-1	1
-1	5029	-1	1
-1	5517	-1	1
-1	12219	-1	1
-1	11641	-1	1
-1	11939	-1	1
-1	12003	-1	1
-1	10249	-1	1
-1	9649	-1	1
-1	7993	-1	1
-1	8361	-1	1
-1	11524	-1	1
-1	5945	-1	1
-1	11289	-1	1
-1	10786	-1	1
-1	10244	-1	1
-1	10666	-1	1
-1	5929	-1	1
-1	8159	-1	1
-1	12453	-1	1
-1	10263	-1	1
-1	7958	-1	1
-1	13202	-1	1
-1	11034	-1	1
-1	7800	-1	1
-1	8505	-1	1
-1	10770	-1	1
-1	11291	-1	1
-1	11321	-1	1
-1	6950	-1	1
-1	6562	-1	1
-1	11707	-1	1
-1	13289	-1	1
-1	8454	-1	1
-1	5212	-1	1
-1	8105	-1	1
-1	6358	-1	1
-1	5856	-1	1
-1	8928	-1	1
-1	10992	-1	1
-1	11240	-1	1
-1	13089	-1	1
-1	4628	-1	1
-1	5327	-1	1
-1	4996	-1	1
-1	13192	-1	1
-1	8357	-1	1
-1	8366	-1	1
-1	7977	-1	1
-1	9112	-1	1
-1	4864	-1	1
-1	6896	-1	1
-1	7018	-1	1
-1	9010	-1	1
-1	8076	-1	1
-1	5712	-1	1
-1	4497	-1	1
-1	13181	-1	1
-1	13102	-1	1
-1	8995	-1	1
-1	9847	-1	1
-1	9191	-1	1
-1	7190	-1	1
-1	9546	-1	1
-1	7583	-1	1
-1	10938	-1	1
-1	12050	-1	1
-1	9275	-1	1
-1	9853	-1	1
-1	9245	-1	1
-1	6628	-1	1
-1	6903	-1	1
-1	7870	-1	1
-1	8699	-1	1
-1	12111	-1	1
-1	7684	-1	1
-1	6480	-1	1
-1	4887	-1	1
-1	13391	-1	1
-1	4545	-1	1
-1	5528	-1	1
-1	9476	-1	1
-1	12207	-1	1
-1	7849	-1	1
-1	9153	-1	1
-1	8694	-1	1
-1	7264	-1	1
-1	5968	-1	1
-1	11861	-1	1
-1	11974	-1	1
-1	12719	-1	1
-1	10052	-1	1
-1	11135	-1	1
-1	9038	-1	1
-1	13444	-1	1
-1	6905	-1	1
-1	8867	-1	1
-1	5675	-1	1
-1	8818	-1	1
-1	4765	-1	1
-1	11019	-1	1
-1	5788	-1	1
-1	12078	-1	1
-1	9311	-1	1
-1	10236	-1	1
-1	6828	-1	1
-1	9009	-1	1
-1	11591	-1	1
-1	10111	-1	1
-1	6241	-1	1
-1	7537	-1	1
-1	9024	-1	1
-1	8585	-1	1
-1	9811	-1	1
-1	7162	-1	1
-1	11143	-1	1
-1	12631	-1	1
-1	8141	-1	1
-1	6323	-1	1
-1	10874	-1	1
-1	6192	-1	1
-1	6310	-1	1
-1	6665	-1	1
-1	12008	-1	1
-1	10768	-1	1
-1	5693	-1	1
-1	11245	-1	1
-1	8492	-1	1
-1	12667	-1	1
-1	9540	-1	1
-1	7026	-1	1
-1	10652	-1	1
-1	8412	-1	1
-1	9577	-1	1
-1	4931	-1	1
-1	9511	-1	1
-1	9557	-1	1
-1	11775	-1	1
-1	6725	-1	1
-1	5696	-1	1
LBCmax: 14943
