350  30
	0	79	1	78	2	42	3	87	4	42	5	99	6	86	7	7	8	63	9	51	10	55	11	40	12	58	13	1	14	91	15	33	16	11	17	76	18	61	19	52	20	70	21	24	22	2	23	23	24	68	25	75	26	65	27	83	28	53	29	63
	0	69	1	51	2	47	3	93	4	82	5	78	6	79	7	68	8	4	9	39	10	52	11	9	12	1	13	79	14	50	15	28	16	35	17	19	18	81	19	50	20	77	21	87	22	21	23	72	24	90	25	43	26	10	27	24	28	51	29	82
	0	98	1	70	2	8	3	65	4	61	5	45	6	14	7	99	8	22	9	41	10	89	11	63	12	50	13	71	14	85	15	61	16	29	17	74	18	68	19	31	20	12	21	51	22	33	23	68	24	99	25	41	26	25	27	17	28	15	29	70
	0	26	1	44	2	76	3	33	4	26	5	20	6	50	7	8	8	8	9	34	10	79	11	90	12	89	13	50	14	2	15	4	16	15	17	66	18	90	19	41	20	94	21	34	22	5	23	18	24	17	25	61	26	20	27	53	28	8	29	85
	0	77	1	14	2	87	3	7	4	63	5	84	6	55	7	23	8	36	9	36	10	14	11	82	12	27	13	38	14	10	15	60	16	98	17	96	18	33	19	40	20	45	21	35	22	27	23	28	24	54	25	68	26	96	27	45	28	72	29	83
	0	96	1	77	2	33	3	87	4	70	5	73	6	60	7	52	8	37	9	21	10	38	11	59	12	69	13	55	14	13	15	59	16	12	17	43	18	75	19	66	20	13	21	92	22	28	23	63	24	86	25	54	26	53	27	93	28	22	29	15
	0	12	1	56	2	8	3	14	4	67	5	44	6	39	7	7	8	84	9	69	10	21	11	99	12	69	13	82	14	90	15	77	16	55	17	81	18	16	19	38	20	14	21	58	22	62	23	95	24	94	25	32	26	1	27	93	28	85	29	62
	0	28	1	79	2	69	3	50	4	15	5	3	6	8	7	67	8	94	9	42	10	75	11	71	12	66	13	81	14	39	15	88	16	77	17	91	18	42	19	81	20	1	21	73	22	42	23	42	24	20	25	87	26	17	27	53	28	8	29	62
	0	34	1	22	2	32	3	59	4	40	5	93	6	52	7	41	8	30	9	65	10	65	11	70	12	94	13	92	14	36	15	31	16	52	17	36	18	14	19	49	20	31	21	90	22	1	23	65	24	29	25	16	26	60	27	69	28	91	29	37
	0	50	1	21	2	76	3	95	4	34	5	90	6	95	7	65	8	6	9	15	10	53	11	73	12	16	13	50	14	19	15	70	16	5	17	50	18	7	19	61	20	67	21	20	22	51	23	88	24	12	25	18	26	95	27	2	28	88	29	7
	0	32	1	96	2	80	3	64	4	84	5	80	6	16	7	24	8	71	9	100	10	27	11	1	12	42	13	53	14	46	15	6	16	50	17	42	18	52	19	81	20	100	21	77	22	85	23	86	24	2	25	9	26	84	27	30	28	100	29	51
	0	42	1	30	2	75	3	46	4	58	5	30	6	25	7	52	8	43	9	25	10	79	11	80	12	18	13	62	14	7	15	93	16	82	17	23	18	10	19	50	20	67	21	3	22	21	23	72	24	99	25	44	26	53	27	36	28	27	29	83
	0	54	1	40	2	93	3	32	4	76	5	1	6	50	7	93	8	62	9	64	10	64	11	71	12	98	13	41	14	45	15	53	16	3	17	9	18	89	19	52	20	37	21	36	22	46	23	37	24	55	25	12	26	25	27	4	28	43	29	5
	0	8	1	51	2	9	3	72	4	45	5	71	6	11	7	80	8	33	9	66	10	53	11	45	12	10	13	54	14	78	15	70	16	27	17	16	18	32	19	42	20	62	21	9	22	94	23	41	24	94	25	42	26	83	27	37	28	59	29	90
	0	82	1	5	2	52	3	96	4	63	5	76	6	36	7	67	8	76	9	2	10	89	11	4	12	53	13	99	14	94	15	82	16	38	17	3	18	43	19	84	20	39	21	61	22	28	23	71	24	62	25	13	26	22	27	14	28	81	29	68
	0	83	1	42	2	52	3	74	4	41	5	69	6	61	7	11	8	34	9	8	10	88	11	87	12	9	13	98	14	9	15	8	16	13	17	74	18	70	19	33	20	31	21	76	22	15	23	60	24	50	25	81	26	43	27	96	28	50	29	91
	0	21	1	99	2	58	3	12	4	2	5	2	6	16	7	10	8	91	9	57	10	43	11	44	12	84	13	58	14	92	15	80	16	66	17	31	18	46	19	66	20	34	21	99	22	84	23	2	24	99	25	59	26	20	27	48	28	58	29	39
	0	6	1	49	2	71	3	1	4	31	5	66	6	53	7	32	8	76	9	50	10	88	11	25	12	97	13	87	14	21	15	39	16	45	17	21	18	63	19	3	20	56	21	5	22	61	23	95	24	55	25	62	26	71	27	9	28	66	29	40
	0	51	1	91	2	25	3	3	4	91	5	24	6	30	7	85	8	97	9	58	10	76	11	5	12	32	13	52	14	65	15	16	16	76	17	54	18	83	19	29	20	36	21	35	22	88	23	56	24	53	25	65	26	54	27	44	28	58	29	81
	0	46	1	95	2	84	3	5	4	51	5	5	6	39	7	91	8	67	9	64	10	95	11	25	12	31	13	85	14	48	15	99	16	47	17	73	18	48	19	32	20	26	21	53	22	14	23	16	24	70	25	94	26	81	27	6	28	49	29	24
	0	35	1	78	2	55	3	10	4	40	5	31	6	35	7	51	8	69	9	4	10	36	11	13	12	79	13	30	14	13	15	85	16	6	17	56	18	78	19	65	20	54	21	99	22	6	23	81	24	23	25	10	26	12	27	11	28	88	29	65
	0	65	1	68	2	18	3	27	4	15	5	49	6	22	7	26	8	36	9	71	10	28	11	41	12	15	13	53	14	52	15	20	16	50	17	91	18	21	19	39	20	23	21	61	22	34	23	88	24	60	25	40	26	83	27	57	28	7	29	12
	0	85	1	41	2	87	3	33	4	72	5	83	6	86	7	38	8	55	9	44	10	20	11	37	12	59	13	57	14	62	15	21	16	85	17	97	18	32	19	78	20	55	21	90	22	83	23	96	24	46	25	28	26	33	27	94	28	11	29	77
	0	33	1	15	2	55	3	85	4	54	5	61	6	4	7	25	8	58	9	71	10	81	11	43	12	62	13	60	14	2	15	82	16	22	17	70	18	22	19	12	20	2	21	9	22	14	23	78	24	89	25	68	26	69	27	53	28	80	29	50
	0	18	1	63	2	48	3	54	4	52	5	99	6	68	7	87	8	68	9	61	10	55	11	1	12	66	13	81	14	44	15	88	16	90	17	25	18	19	19	64	20	75	21	68	22	64	23	38	24	50	25	99	26	7	27	39	28	2	29	99
	0	61	1	50	2	11	3	86	4	94	5	76	6	98	7	37	8	84	9	32	10	65	11	25	12	34	13	48	14	94	15	21	16	57	17	9	18	53	19	69	20	61	21	82	22	28	23	19	24	78	25	6	26	59	27	74	28	34	29	36
	0	66	1	100	2	46	3	78	4	91	5	94	6	96	7	41	8	88	9	6	10	17	11	8	12	38	13	77	14	82	15	96	16	69	17	23	18	99	19	52	20	15	21	74	22	40	23	18	24	36	25	72	26	64	27	44	28	84	29	52
	0	100	1	50	2	100	3	96	4	11	5	55	6	56	7	10	8	62	9	27	10	85	11	61	12	41	13	16	14	77	15	4	16	23	17	92	18	18	19	51	20	74	21	83	22	97	23	79	24	30	25	78	26	21	27	84	28	98	29	72
	0	12	1	9	2	70	3	34	4	66	5	26	6	42	7	44	8	98	9	35	10	81	11	20	12	23	13	11	14	85	15	45	16	18	17	19	18	11	19	48	20	86	21	70	22	98	23	7	24	13	25	98	26	88	27	84	28	78	29	65
	0	14	1	99	2	76	3	46	4	39	5	9	6	42	7	30	8	30	9	43	10	6	11	47	12	28	13	26	14	6	15	17	16	37	17	73	18	41	19	63	20	34	21	40	22	38	23	48	24	91	25	68	26	74	27	19	28	53	29	73
	0	73	1	77	2	5	3	24	4	55	5	92	6	36	7	55	8	32	9	52	10	76	11	91	12	63	13	99	14	57	15	62	16	11	17	90	18	44	19	69	20	71	21	2	22	12	23	6	24	60	25	52	26	83	27	52	28	86	29	12
	0	47	1	92	2	39	3	30	4	20	5	33	6	71	7	1	8	24	9	21	10	55	11	35	12	88	13	68	14	47	15	21	16	8	17	59	18	81	19	93	20	9	21	89	22	81	23	29	24	98	25	52	26	60	27	53	28	10	29	80
	0	51	1	18	2	76	3	5	4	83	5	90	6	67	7	3	8	93	9	55	10	96	11	17	12	54	13	24	14	82	15	90	16	32	17	20	18	3	19	62	20	33	21	42	22	95	23	79	24	86	25	64	26	80	27	44	28	64	29	22
	0	18	1	14	2	64	3	59	4	28	5	92	6	80	7	72	8	12	9	100	10	37	11	61	12	81	13	17	14	90	15	68	16	83	17	14	18	87	19	80	20	46	21	32	22	52	23	2	24	20	25	74	26	48	27	54	28	74	29	16
	0	19	1	32	2	59	3	55	4	18	5	31	6	74	7	42	8	75	9	43	10	77	11	77	12	60	13	55	14	39	15	61	16	46	17	16	18	20	19	35	20	77	21	60	22	23	23	42	24	93	25	92	26	62	27	97	28	74	29	71
	0	34	1	62	2	92	3	57	4	94	5	42	6	100	7	7	8	66	9	61	10	86	11	22	12	45	13	77	14	68	15	97	16	63	17	52	18	24	19	16	20	35	21	88	22	61	23	97	24	6	25	80	26	85	27	81	28	56	29	61
	0	17	1	14	2	44	3	42	4	72	5	74	6	91	7	56	8	92	9	36	10	43	11	71	12	98	13	80	14	54	15	34	16	11	17	76	18	78	19	57	20	48	21	22	22	73	23	46	24	96	25	4	26	47	27	47	28	23	29	90
	0	95	1	70	2	74	3	9	4	20	5	82	6	66	7	61	8	26	9	14	10	72	11	46	12	23	13	3	14	68	15	37	16	1	17	70	18	84	19	4	20	44	21	7	22	59	23	87	24	91	25	21	26	30	27	71	28	81	29	60
	0	74	1	92	2	30	3	13	4	89	5	10	6	14	7	69	8	2	9	96	10	82	11	73	12	13	13	40	14	7	15	7	16	25	17	68	18	41	19	94	20	28	21	24	22	52	23	97	24	23	25	66	26	50	27	66	28	10	29	64
	0	28	1	49	2	75	3	11	4	68	5	70	6	49	7	94	8	7	9	55	10	30	11	61	12	53	13	29	14	83	15	96	16	82	17	45	18	64	19	97	20	86	21	6	22	28	23	3	24	26	25	87	26	23	27	16	28	22	29	70
	0	78	1	25	2	88	3	57	4	35	5	23	6	77	7	12	8	88	9	68	10	17	11	57	12	18	13	38	14	37	15	18	16	47	17	70	18	14	19	91	20	55	21	2	22	6	23	95	24	17	25	34	26	24	27	99	28	62	29	94
	0	85	1	65	2	68	3	74	4	46	5	43	6	31	7	55	8	81	9	97	10	86	11	64	12	91	13	55	14	55	15	11	16	41	17	13	18	63	19	96	20	55	21	38	22	34	23	9	24	29	25	40	26	70	27	38	28	35	29	22
	0	66	1	61	2	26	3	18	4	14	5	7	6	69	7	79	8	12	9	86	10	61	11	71	12	66	13	41	14	11	15	93	16	52	17	65	18	81	19	29	20	85	21	82	22	37	23	88	24	12	25	100	26	42	27	6	28	10	29	62
	0	82	1	6	2	79	3	78	4	37	5	37	6	41	7	96	8	5	9	51	10	96	11	47	12	58	13	71	14	98	15	84	16	91	17	80	18	38	19	88	20	80	21	17	22	63	23	15	24	77	25	60	26	65	27	4	28	87	29	50
	0	4	1	80	2	22	3	67	4	66	5	8	6	22	7	70	8	72	9	91	10	89	11	59	12	72	13	19	14	69	15	23	16	97	17	5	18	77	19	89	20	63	21	68	22	69	23	70	24	43	25	56	26	74	27	86	28	44	29	5
	0	68	1	17	2	64	3	92	4	41	5	85	6	12	7	14	8	90	9	3	10	26	11	16	12	35	13	18	14	100	15	36	16	49	17	41	18	23	19	42	20	51	21	56	22	98	23	96	24	86	25	17	26	64	27	44	28	9	29	13
	0	68	1	38	2	42	3	40	4	48	5	24	6	63	7	4	8	24	9	64	10	58	11	60	12	14	13	75	14	41	15	56	16	8	17	84	18	11	19	29	20	82	21	61	22	24	23	81	24	34	25	63	26	77	27	28	28	62	29	96
	0	47	1	1	2	26	3	88	4	26	5	44	6	59	7	30	8	40	9	30	10	27	11	25	12	52	13	6	14	45	15	45	16	89	17	15	18	96	19	98	20	28	21	80	22	24	23	53	24	42	25	30	26	82	27	63	28	98	29	13
	0	68	1	2	2	36	3	24	4	79	5	92	6	97	7	40	8	46	9	90	10	59	11	37	12	68	13	66	14	5	15	44	16	23	17	82	18	41	19	53	20	36	21	68	22	26	23	74	24	45	25	35	26	83	27	31	28	73	29	90
	0	9	1	18	2	8	3	31	4	5	5	72	6	56	7	40	8	86	9	29	10	3	11	10	12	40	13	59	14	13	15	57	16	58	17	16	18	46	19	18	20	46	21	40	22	67	23	33	24	94	25	84	26	88	27	54	28	58	29	77
	0	59	1	42	2	81	3	30	4	4	5	29	6	68	7	47	8	58	9	73	10	85	11	2	12	69	13	23	14	36	15	96	16	49	17	71	18	59	19	4	20	9	21	61	22	32	23	59	24	100	25	84	26	76	27	68	28	38	29	80
	0	12	1	25	2	12	3	15	4	91	5	76	6	72	7	16	8	21	9	64	10	57	11	82	12	41	13	38	14	28	15	89	16	32	17	13	18	84	19	82	20	66	21	27	22	1	23	96	24	12	25	11	26	16	27	65	28	73	29	76
	0	28	1	11	2	20	3	96	4	26	5	10	6	26	7	20	8	25	9	93	10	42	11	57	12	94	13	11	14	60	15	5	16	9	17	94	18	46	19	38	20	44	21	64	22	42	23	46	24	7	25	85	26	80	27	8	28	66	29	69
	0	47	1	46	2	36	3	71	4	93	5	76	6	11	7	28	8	77	9	67	10	69	11	32	12	92	13	68	14	79	15	55	16	8	17	62	18	89	19	51	20	28	21	62	22	79	23	96	24	60	25	59	26	7	27	65	28	14	29	76
	0	73	1	44	2	14	3	4	4	83	5	12	6	72	7	12	8	2	9	71	10	47	11	59	12	9	13	85	14	16	15	57	16	96	17	62	18	4	19	54	20	86	21	98	22	64	23	42	24	56	25	55	26	100	27	4	28	76	29	52
	0	76	1	57	2	28	3	86	4	51	5	68	6	38	7	11	8	33	9	19	10	52	11	44	12	45	13	78	14	42	15	81	16	42	17	97	18	96	19	30	20	30	21	18	22	68	23	2	24	68	25	98	26	63	27	22	28	49	29	56
	0	86	1	37	2	8	3	6	4	93	5	45	6	91	7	41	8	14	9	71	10	84	11	73	12	35	13	53	14	86	15	46	16	60	17	24	18	78	19	74	20	1	21	9	22	23	23	78	24	44	25	55	26	91	27	14	28	10	29	78
	0	4	1	33	2	2	3	86	4	37	5	91	6	2	7	22	8	26	9	19	10	70	11	25	12	65	13	16	14	44	15	5	16	96	17	23	18	54	19	95	20	18	21	91	22	5	23	100	24	78	25	47	26	72	27	76	28	15	29	39
	0	25	1	6	2	68	3	88	4	85	5	46	6	72	7	96	8	57	9	68	10	4	11	84	12	10	13	28	14	50	15	54	16	93	17	9	18	7	19	8	20	7	21	51	22	37	23	62	24	70	25	56	26	47	27	29	28	52	29	11
	0	54	1	85	2	58	3	91	4	51	5	16	6	93	7	35	8	5	9	18	10	32	11	89	12	33	13	9	14	83	15	64	16	46	17	55	18	18	19	75	20	59	21	40	22	98	23	27	24	93	25	15	26	31	27	83	28	42	29	15
	0	32	1	30	2	57	3	28	4	80	5	20	6	74	7	49	8	77	9	53	10	11	11	68	12	70	13	39	14	77	15	55	16	84	17	45	18	92	19	53	20	74	21	16	22	99	23	96	24	2	25	33	26	28	27	96	28	90	29	36
	0	32	1	87	2	4	3	34	4	3	5	9	6	79	7	80	8	63	9	59	10	84	11	73	12	47	13	71	14	85	15	25	16	60	17	73	18	52	19	7	20	59	21	46	22	35	23	46	24	85	25	92	26	90	27	57	28	66	29	60
	0	22	1	23	2	43	3	14	4	5	5	48	6	8	7	32	8	66	9	61	10	52	11	58	12	58	13	45	14	53	15	67	16	61	17	6	18	60	19	2	20	73	21	13	22	52	23	95	24	97	25	79	26	80	27	84	28	25	29	63
	0	13	1	79	2	71	3	4	4	59	5	56	6	18	7	22	8	16	9	67	10	72	11	53	12	85	13	96	14	36	15	97	16	54	17	9	18	52	19	92	20	18	21	71	22	77	23	53	24	10	25	26	26	76	27	32	28	54	29	67
	0	69	1	90	2	59	3	39	4	52	5	89	6	22	7	60	8	72	9	35	10	6	11	45	12	49	13	50	14	11	15	60	16	51	17	33	18	54	19	64	20	85	21	45	22	28	23	98	24	39	25	44	26	2	27	29	28	8	29	24
	0	87	1	74	2	78	3	57	4	76	5	39	6	50	7	41	8	33	9	64	10	40	11	93	12	91	13	64	14	66	15	45	16	89	17	81	18	32	19	32	20	43	21	15	22	53	23	78	24	44	25	89	26	82	27	30	28	32	29	58
	0	50	1	75	2	67	3	78	4	3	5	56	6	20	7	92	8	20	9	74	10	49	11	94	12	41	13	27	14	16	15	84	16	17	17	35	18	84	19	25	20	3	21	51	22	92	23	56	24	22	25	56	26	79	27	40	28	72	29	79
	0	36	1	29	2	78	3	5	4	87	5	91	6	90	7	57	8	29	9	27	10	88	11	54	12	85	13	66	14	38	15	94	16	57	17	31	18	12	19	16	20	71	21	98	22	83	23	24	24	56	25	98	26	28	27	95	28	1	29	36
	0	20	1	88	2	83	3	26	4	89	5	39	6	52	7	64	8	82	9	8	10	23	11	84	12	50	13	97	14	16	15	83	16	41	17	79	18	25	19	93	20	85	21	87	22	31	23	46	24	87	25	61	26	72	27	64	28	78	29	63
	0	39	1	51	2	83	3	80	4	74	5	95	6	2	7	1	8	70	9	87	10	15	11	31	12	6	13	21	14	72	15	73	16	71	17	39	18	6	19	94	20	64	21	23	22	87	23	48	24	54	25	54	26	23	27	49	28	59	29	91
	0	47	1	80	2	76	3	48	4	64	5	5	6	44	7	44	8	53	9	16	10	61	11	88	12	22	13	27	14	64	15	6	16	90	17	2	18	42	19	18	20	31	21	75	22	48	23	39	24	92	25	2	26	35	27	44	28	98	29	50
	0	22	1	33	2	82	3	17	4	56	5	78	6	11	7	38	8	60	9	49	10	100	11	13	12	51	13	36	14	31	15	71	16	68	17	23	18	12	19	56	20	73	21	89	22	63	23	88	24	87	25	21	26	93	27	52	28	82	29	79
	0	12	1	3	2	45	3	54	4	100	5	96	6	80	7	84	8	16	9	81	10	23	11	48	12	23	13	21	14	73	15	37	16	64	17	16	18	68	19	71	20	14	21	57	22	69	23	14	24	91	25	23	26	23	27	15	28	3	29	4
	0	6	1	62	2	60	3	27	4	97	5	34	6	89	7	92	8	6	9	94	10	18	11	65	12	66	13	42	14	20	15	70	16	69	17	39	18	40	19	93	20	100	21	61	22	45	23	82	24	94	25	43	26	53	27	97	28	29	29	29
	0	56	1	63	2	28	3	32	4	34	5	12	6	29	7	68	8	6	9	31	10	50	11	29	12	100	13	44	14	53	15	98	16	9	17	94	18	90	19	26	20	74	21	7	22	82	23	19	24	21	25	57	26	68	27	14	28	29	29	55
	0	13	1	38	2	7	3	38	4	76	5	70	6	20	7	28	8	76	9	64	10	80	11	89	12	88	13	97	14	92	15	1	16	84	17	47	18	30	19	25	20	91	21	23	22	73	23	40	24	13	25	86	26	32	27	59	28	67	29	56
	0	45	1	66	2	14	3	79	4	29	5	38	6	88	7	94	8	99	9	21	10	54	11	43	12	8	13	96	14	49	15	94	16	67	17	44	18	90	19	83	20	43	21	1	22	39	23	92	24	42	25	53	26	78	27	15	28	35	29	19
	0	30	1	84	2	75	3	29	4	7	5	53	6	18	7	76	8	6	9	63	10	49	11	15	12	63	13	43	14	58	15	32	16	26	17	8	18	45	19	10	20	36	21	64	22	27	23	57	24	6	25	37	26	82	27	80	28	43	29	76
	0	59	1	17	2	48	3	6	4	34	5	66	6	95	7	25	8	89	9	63	10	83	11	73	12	42	13	6	14	86	15	13	16	71	17	29	18	64	19	14	20	92	21	59	22	17	23	14	24	83	25	32	26	74	27	99	28	86	29	33
	0	56	1	49	2	4	3	87	4	73	5	15	6	86	7	28	8	18	9	26	10	76	11	15	12	79	13	59	14	45	15	72	16	87	17	18	18	55	19	70	20	70	21	76	22	17	23	80	24	65	25	17	26	32	27	67	28	30	29	58
	0	45	1	3	2	49	3	33	4	38	5	12	6	16	7	97	8	38	9	91	10	47	11	48	12	36	13	47	14	60	15	99	16	22	17	65	18	17	19	35	20	90	21	92	22	6	23	49	24	75	25	89	26	42	27	26	28	13	29	4
	0	71	1	34	2	45	3	53	4	38	5	36	6	1	7	30	8	42	9	23	10	44	11	59	12	86	13	50	14	45	15	77	16	3	17	5	18	31	19	12	20	4	21	59	22	26	23	80	24	94	25	74	26	68	27	27	28	43	29	55
	0	89	1	85	2	2	3	86	4	66	5	27	6	18	7	84	8	4	9	26	10	77	11	58	12	1	13	61	14	71	15	54	16	99	17	23	18	90	19	30	20	24	21	20	22	63	23	94	24	82	25	73	26	13	27	83	28	42	29	62
	0	96	1	82	2	41	3	56	4	34	5	11	6	85	7	42	8	71	9	15	10	27	11	41	12	4	13	51	14	55	15	55	16	73	17	44	18	14	19	8	20	13	21	67	22	52	23	70	24	91	25	62	26	49	27	61	28	99	29	98
	0	88	1	88	2	63	3	52	4	70	5	63	6	88	7	46	8	74	9	95	10	59	11	82	12	19	13	65	14	63	15	42	16	93	17	22	18	94	19	72	20	28	21	52	22	70	23	48	24	59	25	20	26	67	27	98	28	88	29	85
	0	46	1	27	2	43	3	27	4	37	5	69	6	99	7	54	8	90	9	68	10	98	11	55	12	29	13	52	14	3	15	40	16	53	17	63	18	51	19	74	20	69	21	50	22	98	23	81	24	67	25	42	26	83	27	6	28	53	29	49
	0	30	1	38	2	8	3	71	4	89	5	28	6	45	7	6	8	70	9	79	10	77	11	91	12	21	13	72	14	9	15	4	16	70	17	60	18	29	19	30	20	8	21	45	22	66	23	58	24	2	25	18	26	20	27	60	28	59	29	39
	0	95	1	80	2	77	3	64	4	93	5	16	6	53	7	63	8	47	9	98	10	46	11	88	12	92	13	68	14	100	15	71	16	10	17	35	18	80	19	70	20	6	21	51	22	88	23	98	24	87	25	37	26	37	27	92	28	50	29	49
	0	19	1	7	2	20	3	66	4	100	5	60	6	71	7	41	8	9	9	35	10	35	11	43	12	10	13	36	14	85	15	94	16	87	17	53	18	27	19	52	20	67	21	67	22	56	23	23	24	63	25	24	26	64	27	92	28	21	29	30
	0	88	1	98	2	86	3	75	4	38	5	98	6	41	7	73	8	66	9	10	10	73	11	71	12	34	13	6	14	65	15	75	16	17	17	100	18	30	19	95	20	36	21	79	22	31	23	100	24	8	25	32	26	48	27	36	28	65	29	96
	0	93	1	62	2	71	3	32	4	82	5	83	6	45	7	82	8	13	9	3	10	62	11	80	12	10	13	24	14	2	15	12	16	35	17	62	18	53	19	57	20	74	21	52	22	99	23	53	24	46	25	67	26	49	27	52	28	5	29	79
	0	89	1	81	2	13	3	21	4	44	5	18	6	23	7	50	8	14	9	37	10	97	11	100	12	1	13	94	14	27	15	76	16	30	17	53	18	64	19	55	20	68	21	76	22	56	23	56	24	56	25	25	26	55	27	22	28	26	29	47
	0	38	1	20	2	67	3	46	4	58	5	40	6	62	7	60	8	21	9	71	10	7	11	96	12	48	13	66	14	81	15	86	16	80	17	34	18	41	19	86	20	16	21	11	22	45	23	6	24	11	25	14	26	35	27	60	28	70	29	67
	0	40	1	70	2	100	3	56	4	66	5	53	6	29	7	52	8	86	9	3	10	81	11	15	12	65	13	5	14	89	15	56	16	61	17	78	18	67	19	31	20	92	21	28	22	76	23	92	24	73	25	36	26	68	27	9	28	43	29	37
	0	75	1	57	2	54	3	62	4	89	5	7	6	82	7	30	8	44	9	96	10	84	11	29	12	7	13	30	14	11	15	26	16	12	17	75	18	53	19	82	20	33	21	28	22	72	23	64	24	48	25	60	26	51	27	91	28	52	29	3
	0	72	1	50	2	23	3	97	4	84	5	55	6	45	7	24	8	46	9	66	10	46	11	7	12	33	13	60	14	94	15	41	16	55	17	35	18	83	19	80	20	32	21	98	22	67	23	12	24	3	25	41	26	59	27	78	28	84	29	41
	0	82	1	34	2	94	3	5	4	39	5	47	6	9	7	69	8	57	9	81	10	23	11	15	12	93	13	27	14	19	15	57	16	37	17	48	18	87	19	20	20	34	21	79	22	27	23	15	24	5	25	96	26	40	27	71	28	53	29	12
	0	86	1	89	2	74	3	14	4	68	5	24	6	18	7	14	8	62	9	12	10	57	11	80	12	7	13	98	14	66	15	95	16	34	17	20	18	22	19	27	20	79	21	86	22	71	23	33	24	27	25	12	26	28	27	20	28	69	29	30
	0	96	1	29	2	79	3	80	4	39	5	35	6	33	7	43	8	23	9	61	10	36	11	83	12	24	13	49	14	29	15	95	16	67	17	55	18	78	19	88	20	33	21	34	22	88	23	49	24	69	25	54	26	78	27	57	28	61	29	51
	0	13	1	56	2	75	3	96	4	92	5	98	6	82	7	63	8	11	9	11	10	90	11	99	12	80	13	70	14	81	15	44	16	49	17	55	18	16	19	50	20	59	21	40	22	49	23	97	24	52	25	41	26	73	27	4	28	83	29	7
	0	75	1	81	2	24	3	55	4	96	5	84	6	61	7	66	8	5	9	41	10	7	11	92	12	25	13	92	14	2	15	47	16	97	17	44	18	63	19	88	20	56	21	27	22	93	23	93	24	44	25	24	26	93	27	8	28	97	29	98
	0	4	1	7	2	86	3	32	4	88	5	93	6	86	7	64	8	32	9	46	10	4	11	91	12	10	13	63	14	1	15	57	16	68	17	81	18	85	19	59	20	97	21	68	22	48	23	32	24	4	25	3	26	86	27	99	28	15	29	9
	0	29	1	4	2	61	3	92	4	58	5	49	6	25	7	4	8	92	9	9	10	57	11	38	12	71	13	8	14	90	15	16	16	67	17	61	18	1	19	26	20	7	21	24	22	13	23	35	24	75	25	14	26	24	27	66	28	40	29	80
	0	6	1	18	2	23	3	38	4	31	5	86	6	95	7	4	8	85	9	82	10	81	11	94	12	97	13	83	14	92	15	66	16	100	17	56	18	38	19	21	20	83	21	26	22	65	23	98	24	4	25	92	26	39	27	24	28	92	29	15
	0	66	1	5	2	36	3	23	4	7	5	70	6	49	7	2	8	52	9	97	10	53	11	87	12	41	13	95	14	19	15	59	16	52	17	15	18	78	19	4	20	100	21	9	22	51	23	12	24	10	25	70	26	95	27	6	28	63	29	14
	0	54	1	26	2	19	3	87	4	58	5	25	6	77	7	22	8	8	9	42	10	26	11	55	12	47	13	45	14	80	15	90	16	2	17	85	18	27	19	81	20	43	21	94	22	10	23	47	24	4	25	7	26	38	27	55	28	45	29	7
	0	90	1	36	2	67	3	9	4	49	5	16	6	7	7	42	8	100	9	66	10	59	11	98	12	59	13	30	14	16	15	43	16	27	17	58	18	27	19	17	20	90	21	67	22	96	23	72	24	96	25	7	26	95	27	21	28	89	29	92
	0	45	1	92	2	84	3	47	4	93	5	17	6	3	7	57	8	2	9	1	10	14	11	27	12	10	13	49	14	40	15	100	16	44	17	33	18	30	19	79	20	87	21	52	22	10	23	52	24	23	25	2	26	55	27	14	28	38	29	54
	0	49	1	50	2	21	3	19	4	29	5	3	6	3	7	40	8	21	9	53	10	43	11	49	12	26	13	79	14	27	15	64	16	2	17	71	18	47	19	31	20	58	21	37	22	81	23	24	24	51	25	92	26	92	27	60	28	55	29	46
	0	2	1	95	2	50	3	21	4	28	5	13	6	28	7	62	8	74	9	9	10	39	11	24	12	16	13	42	14	14	15	51	16	35	17	2	18	25	19	77	20	73	21	19	22	100	23	15	24	17	25	9	26	71	27	21	28	52	29	35
	0	34	1	31	2	16	3	21	4	67	5	28	6	58	7	59	8	6	9	84	10	94	11	92	12	90	13	66	14	88	15	53	16	26	17	21	18	16	19	11	20	33	21	74	22	3	23	40	24	66	25	99	26	10	27	20	28	25	29	47
	0	37	1	31	2	100	3	47	4	65	5	99	6	24	7	16	8	33	9	10	10	9	11	30	12	57	13	97	14	100	15	50	16	7	17	68	18	81	19	19	20	10	21	26	22	96	23	50	24	51	25	2	26	87	27	76	28	83	29	9
	0	62	1	55	2	64	3	68	4	32	5	27	6	93	7	86	8	86	9	60	10	8	11	81	12	100	13	62	14	63	15	71	16	92	17	27	18	6	19	87	20	69	21	29	22	13	23	73	24	27	25	15	26	66	27	80	28	11	29	34
	0	67	1	68	2	28	3	9	4	31	5	76	6	80	7	52	8	1	9	25	10	67	11	59	12	72	13	51	14	66	15	46	16	24	17	100	18	83	19	21	20	2	21	25	22	47	23	83	24	82	25	67	26	88	27	8	28	25	29	8
	0	10	1	63	2	99	3	26	4	63	5	47	6	20	7	4	8	62	9	59	10	49	11	52	12	25	13	41	14	46	15	65	16	12	17	48	18	56	19	9	20	86	21	35	22	91	23	10	24	46	25	66	26	30	27	11	28	84	29	94
	0	43	1	88	2	75	3	57	4	28	5	54	6	2	7	85	8	95	9	10	10	68	11	31	12	55	13	90	14	63	15	58	16	84	17	30	18	64	19	34	20	86	21	62	22	9	23	47	24	55	25	84	26	65	27	15	28	27	29	98
	0	66	1	65	2	64	3	84	4	17	5	7	6	7	7	61	8	76	9	13	10	5	11	70	12	59	13	8	14	92	15	50	16	28	17	90	18	74	19	18	20	68	21	75	22	45	23	62	24	57	25	13	26	59	27	5	28	75	29	19
	0	3	1	10	2	29	3	39	4	67	5	26	6	66	7	9	8	97	9	94	10	12	11	2	12	79	13	72	14	64	15	77	16	94	17	34	18	16	19	45	20	34	21	65	22	92	23	40	24	75	25	52	26	27	27	64	28	47	29	42
	0	17	1	18	2	44	3	17	4	16	5	61	6	63	7	5	8	76	9	59	10	70	11	40	12	31	13	97	14	30	15	19	16	85	17	80	18	51	19	32	20	64	21	55	22	17	23	70	24	21	25	3	26	25	27	14	28	14	29	9
	0	51	1	81	2	100	3	1	4	95	5	79	6	13	7	1	8	95	9	80	10	18	11	55	12	2	13	25	14	49	15	17	16	55	17	27	18	91	19	9	20	12	21	24	22	58	23	79	24	8	25	97	26	64	27	36	28	51	29	66
	0	8	1	34	2	81	3	19	4	6	5	14	6	58	7	46	8	53	9	59	10	41	11	70	12	84	13	97	14	79	15	13	16	79	17	63	18	31	19	27	20	25	21	7	22	83	23	78	24	27	25	3	26	27	27	75	28	48	29	16
	0	18	1	70	2	92	3	98	4	34	5	71	6	86	7	49	8	93	9	55	10	11	11	57	12	10	13	62	14	88	15	87	16	94	17	10	18	29	19	9	20	20	21	65	22	98	23	70	24	27	25	52	26	47	27	41	28	22	29	96
	0	21	1	19	2	98	3	23	4	48	5	41	6	87	7	62	8	63	9	54	10	18	11	33	12	12	13	47	14	44	15	4	16	62	17	26	18	49	19	57	20	1	21	6	22	67	23	98	24	92	25	44	26	67	27	91	28	37	29	32
	0	79	1	15	2	50	3	23	4	70	5	63	6	51	7	77	8	100	9	34	10	27	11	26	12	9	13	96	14	23	15	7	16	19	17	9	18	60	19	19	20	52	21	37	22	93	23	82	24	99	25	100	26	59	27	28	28	83	29	33
	0	63	1	40	2	14	3	54	4	25	5	9	6	24	7	66	8	72	9	97	10	18	11	41	12	43	13	14	14	99	15	50	16	58	17	41	18	42	19	54	20	55	21	72	22	20	23	71	24	99	25	41	26	25	27	58	28	21	29	73
	0	11	1	1	2	37	3	60	4	76	5	95	6	54	7	59	8	54	9	49	10	76	11	69	12	66	13	53	14	41	15	18	16	79	17	88	18	75	19	79	20	53	21	82	22	41	23	92	24	78	25	20	26	8	27	66	28	38	29	73
	0	72	1	79	2	47	3	9	4	13	5	9	6	47	7	88	8	67	9	55	10	63	11	66	12	25	13	38	14	54	15	52	16	25	17	92	18	100	19	95	20	78	21	79	22	28	23	97	24	33	25	88	26	58	27	82	28	2	29	12
	0	14	1	59	2	74	3	100	4	43	5	60	6	95	7	33	8	42	9	45	10	12	11	82	12	64	13	11	14	76	15	24	16	73	17	37	18	69	19	39	20	67	21	41	22	16	23	24	24	72	25	68	26	65	27	72	28	100	29	96
	0	63	1	15	2	11	3	47	4	60	5	40	6	12	7	46	8	29	9	5	10	9	11	42	12	61	13	28	14	75	15	17	16	80	17	24	18	99	19	17	20	15	21	15	22	45	23	90	24	84	25	25	26	23	27	29	28	93	29	54
	0	53	1	40	2	63	3	85	4	70	5	79	6	36	7	55	8	22	9	47	10	8	11	22	12	29	13	20	14	2	15	78	16	23	17	56	18	85	19	14	20	88	21	19	22	79	23	26	24	58	25	91	26	23	27	18	28	55	29	78
	0	91	1	48	2	71	3	29	4	74	5	9	6	15	7	13	8	74	9	54	10	98	11	35	12	68	13	10	14	15	15	84	16	46	17	24	18	43	19	39	20	34	21	42	22	82	23	81	24	43	25	31	26	85	27	83	28	16	29	68
	0	73	1	76	2	54	3	71	4	19	5	21	6	61	7	51	8	54	9	21	10	19	11	96	12	26	13	68	14	92	15	22	16	13	17	1	18	23	19	56	20	77	21	15	22	64	23	37	24	3	25	57	26	64	27	40	28	65	29	96
	0	94	1	63	2	12	3	50	4	100	5	38	6	68	7	8	8	83	9	53	10	75	11	86	12	86	13	92	14	48	15	93	16	10	17	34	18	3	19	6	20	86	21	66	22	76	23	75	24	9	25	2	26	57	27	15	28	64	29	15
	0	93	1	47	2	34	3	21	4	45	5	88	6	63	7	68	8	97	9	25	10	98	11	30	12	51	13	10	14	60	15	3	16	63	17	49	18	93	19	52	20	96	21	94	22	5	23	48	24	98	25	46	26	97	27	17	28	34	29	36
	0	40	1	70	2	25	3	43	4	57	5	85	6	75	7	44	8	1	9	81	10	93	11	45	12	56	13	76	14	37	15	5	16	96	17	45	18	29	19	62	20	62	21	7	22	36	23	26	24	72	25	100	26	8	27	95	28	52	29	40
	0	5	1	16	2	58	3	69	4	70	5	79	6	28	7	25	8	36	9	37	10	90	11	98	12	52	13	79	14	4	15	61	16	71	17	100	18	19	19	83	20	61	21	46	22	80	23	58	24	2	25	27	26	98	27	16	28	81	29	29
	0	94	1	3	2	23	3	64	4	52	5	28	6	99	7	40	8	60	9	36	10	100	11	47	12	27	13	42	14	75	15	78	16	84	17	32	18	74	19	35	20	26	21	34	22	34	23	7	24	56	25	89	26	4	27	87	28	16	29	98
	0	98	1	94	2	36	3	16	4	28	5	4	6	29	7	16	8	40	9	1	10	10	11	42	12	66	13	23	14	30	15	38	16	74	17	32	18	32	19	13	20	50	21	67	22	83	23	66	24	79	25	37	26	46	27	10	28	84	29	58
	0	79	1	44	2	49	3	73	4	89	5	67	6	37	7	74	8	65	9	51	10	76	11	24	12	80	13	92	14	70	15	72	16	37	17	12	18	66	19	70	20	82	21	2	22	85	23	66	24	26	25	1	26	83	27	19	28	48	29	61
	0	19	1	58	2	60	3	56	4	30	5	91	6	58	7	18	8	56	9	25	10	8	11	6	12	51	13	62	14	18	15	62	16	79	17	70	18	5	19	93	20	78	21	61	22	60	23	77	24	49	25	15	26	63	27	9	28	95	29	25
	0	10	1	4	2	17	3	67	4	51	5	39	6	47	7	9	8	43	9	8	10	68	11	24	12	73	13	2	14	66	15	55	16	17	17	55	18	92	19	54	20	13	21	8	22	43	23	11	24	91	25	91	26	93	27	12	28	69	29	15
	0	19	1	16	2	21	3	31	4	20	5	30	6	66	7	98	8	12	9	31	10	39	11	54	12	43	13	51	14	49	15	14	16	80	17	33	18	14	19	99	20	44	21	27	22	60	23	89	24	4	25	66	26	92	27	71	28	52	29	70
	0	94	1	93	2	17	3	40	4	17	5	60	6	3	7	58	8	40	9	38	10	47	11	95	12	39	13	50	14	32	15	99	16	93	17	68	18	8	19	17	20	95	21	50	22	99	23	55	24	64	25	68	26	10	27	13	28	77	29	26
	0	44	1	14	2	55	3	70	4	9	5	38	6	80	7	33	8	71	9	22	10	25	11	68	12	79	13	82	14	28	15	63	16	69	17	77	18	33	19	41	20	24	21	13	22	87	23	91	24	57	25	69	26	65	27	80	28	18	29	74
	0	56	1	37	2	71	3	84	4	40	5	24	6	74	7	36	8	36	9	22	10	67	11	62	12	97	13	98	14	45	15	11	16	88	17	40	18	71	19	7	20	67	21	62	22	62	23	20	24	65	25	31	26	49	27	63	28	22	29	60
	0	94	1	13	2	32	3	64	4	14	5	35	6	7	7	85	8	47	9	51	10	56	11	24	12	61	13	77	14	50	15	40	16	89	17	40	18	95	19	3	20	37	21	24	22	65	23	11	24	10	25	24	26	49	27	4	28	38	29	94
	0	16	1	44	2	10	3	34	4	5	5	42	6	40	7	35	8	85	9	33	10	22	11	90	12	60	13	62	14	60	15	34	16	100	17	5	18	63	19	65	20	23	21	52	22	51	23	80	24	64	25	20	26	16	27	100	28	3	29	72
	0	22	1	87	2	47	3	73	4	47	5	76	6	70	7	83	8	98	9	66	10	73	11	3	12	51	13	48	14	8	15	86	16	3	17	62	18	82	19	9	20	26	21	24	22	39	23	61	24	77	25	39	26	74	27	73	28	86	29	13
	0	38	1	24	2	31	3	27	4	34	5	85	6	95	7	22	8	18	9	77	10	20	11	25	12	40	13	77	14	43	15	8	16	9	17	73	18	59	19	55	20	51	21	68	22	47	23	90	24	6	25	84	26	64	27	79	28	75	29	6
	0	82	1	17	2	9	3	76	4	27	5	66	6	20	7	22	8	48	9	90	10	34	11	89	12	21	13	22	14	27	15	92	16	65	17	43	18	15	19	27	20	35	21	71	22	84	23	99	24	100	25	77	26	82	27	49	28	43	29	92
	0	16	1	4	2	26	3	53	4	16	5	68	6	7	7	17	8	64	9	29	10	12	11	39	12	98	13	61	14	97	15	82	16	43	17	36	18	42	19	17	20	26	21	78	22	65	23	31	24	76	25	20	26	69	27	41	28	20	29	60
	0	28	1	85	2	17	3	6	4	97	5	55	6	7	7	69	8	97	9	60	10	50	11	49	12	98	13	67	14	88	15	11	16	30	17	42	18	69	19	47	20	56	21	80	22	85	23	81	24	21	25	21	26	46	27	54	28	44	29	71
	0	70	1	1	2	15	3	79	4	70	5	2	6	31	7	42	8	72	9	73	10	59	11	38	12	77	13	30	14	27	15	11	16	75	17	35	18	81	19	56	20	54	21	17	22	49	23	72	24	82	25	20	26	4	27	91	28	28	29	22
	0	24	1	100	2	75	3	28	4	83	5	8	6	35	7	34	8	23	9	25	10	49	11	2	12	87	13	57	14	70	15	19	16	26	17	47	18	25	19	3	20	98	21	91	22	21	23	86	24	19	25	23	26	50	27	4	28	50	29	55
	0	81	1	48	2	16	3	99	4	76	5	78	6	96	7	22	8	42	9	93	10	25	11	2	12	19	13	4	14	8	15	88	16	69	17	66	18	31	19	89	20	100	21	65	22	8	23	27	24	60	25	50	26	21	27	51	28	69	29	69
	0	26	1	91	2	83	3	57	4	35	5	76	6	6	7	62	8	97	9	82	10	94	11	26	12	47	13	61	14	9	15	52	16	81	17	67	18	38	19	23	20	85	21	91	22	59	23	46	24	23	25	58	26	33	27	53	28	70	29	64
	0	65	1	79	2	35	3	41	4	31	5	77	6	2	7	80	8	97	9	67	10	15	11	66	12	61	13	27	14	57	15	80	16	93	17	49	18	99	19	93	20	60	21	41	22	38	23	47	24	53	25	45	26	38	27	95	28	72	29	93
	0	38	1	59	2	7	3	23	4	9	5	11	6	43	7	35	8	47	9	99	10	73	11	59	12	61	13	64	14	87	15	45	16	81	17	25	18	89	19	21	20	87	21	29	22	37	23	75	24	50	25	89	26	32	27	43	28	28	29	59
	0	78	1	17	2	55	3	20	4	12	5	15	6	15	7	72	8	58	9	62	10	9	11	59	12	55	13	78	14	27	15	82	16	83	17	78	18	2	19	50	20	59	21	22	22	2	23	1	24	95	25	81	26	88	27	87	28	37	29	92
	0	56	1	88	2	25	3	25	4	7	5	23	6	40	7	99	8	52	9	57	10	35	11	90	12	32	13	27	14	59	15	43	16	91	17	38	18	32	19	78	20	62	21	100	22	12	23	34	24	35	25	2	26	76	27	17	28	27	29	53
	0	9	1	24	2	62	3	33	4	55	5	70	6	40	7	32	8	98	9	44	10	53	11	65	12	52	13	52	14	71	15	6	16	98	17	48	18	12	19	66	20	87	21	47	22	59	23	8	24	3	25	63	26	10	27	86	28	46	29	41
	0	47	1	35	2	81	3	47	4	72	5	59	6	82	7	54	8	57	9	99	10	37	11	44	12	83	13	59	14	10	15	81	16	87	17	41	18	76	19	63	20	30	21	13	22	72	23	38	24	52	25	97	26	31	27	44	28	84	29	74
	0	88	1	14	2	41	3	22	4	82	5	44	6	96	7	46	8	88	9	32	10	18	11	66	12	54	13	23	14	38	15	64	16	28	17	16	18	48	19	15	20	97	21	36	22	72	23	40	24	79	25	57	26	53	27	78	28	39	29	36
	0	45	1	48	2	7	3	98	4	5	5	41	6	37	7	77	8	24	9	85	10	28	11	11	12	44	13	64	14	92	15	28	16	51	17	72	18	46	19	93	20	32	21	49	22	57	23	91	24	45	25	22	26	73	27	62	28	37	29	52
	0	18	1	26	2	16	3	57	4	30	5	56	6	46	7	58	8	66	9	83	10	29	11	85	12	26	13	47	14	10	15	13	16	38	17	35	18	84	19	37	20	25	21	53	22	24	23	4	24	49	25	29	26	38	27	49	28	88	29	60
	0	34	1	7	2	4	3	29	4	51	5	11	6	100	7	55	8	77	9	80	10	84	11	75	12	69	13	68	14	75	15	51	16	50	17	22	18	24	19	46	20	34	21	78	22	45	23	35	24	15	25	82	26	62	27	26	28	26	29	24
	0	29	1	13	2	31	3	23	4	76	5	83	6	38	7	86	8	85	9	60	10	19	11	51	12	3	13	44	14	84	15	68	16	41	17	83	18	57	19	90	20	29	21	88	22	29	23	76	24	7	25	83	26	7	27	20	28	78	29	37
	0	64	1	64	2	70	3	31	4	76	5	67	6	61	7	56	8	98	9	23	10	71	11	40	12	2	13	54	14	27	15	58	16	95	17	35	18	59	19	55	20	80	21	3	22	77	23	18	24	32	25	80	26	33	27	41	28	6	29	97
	0	76	1	92	2	90	3	1	4	56	5	77	6	70	7	96	8	30	9	40	10	83	11	24	12	63	13	65	14	63	15	13	16	58	17	58	18	9	19	32	20	34	21	33	22	27	23	38	24	36	25	16	26	37	27	99	28	64	29	54
	0	31	1	31	2	29	3	97	4	28	5	82	6	4	7	68	8	77	9	56	10	98	11	56	12	80	13	59	14	89	15	6	16	47	17	88	18	92	19	67	20	12	21	38	22	41	23	31	24	64	25	60	26	20	27	89	28	72	29	10
	0	62	1	70	2	3	3	77	4	8	5	37	6	80	7	64	8	98	9	68	10	16	11	82	12	29	13	50	14	8	15	58	16	95	17	37	18	6	19	82	20	22	21	80	22	76	23	43	24	27	25	16	26	15	27	23	28	89	29	74
	0	96	1	50	2	9	3	38	4	54	5	31	6	76	7	70	8	35	9	22	10	95	11	97	12	64	13	97	14	28	15	94	16	18	17	18	18	50	19	32	20	1	21	33	22	34	23	70	24	55	25	55	26	7	27	8	28	60	29	72
	0	48	1	31	2	3	3	23	4	9	5	7	6	25	7	27	8	94	9	33	10	62	11	45	12	22	13	23	14	56	15	15	16	49	17	88	18	95	19	98	20	41	21	67	22	100	23	22	24	11	25	88	26	84	27	91	28	69	29	77
	0	38	1	38	2	46	3	47	4	20	5	95	6	83	7	30	8	62	9	40	10	15	11	40	12	15	13	32	14	74	15	68	16	86	17	37	18	88	19	58	20	56	21	24	22	75	23	20	24	80	25	65	26	31	27	60	28	84	29	87
	0	69	1	44	2	46	3	42	4	78	5	37	6	4	7	99	8	76	9	61	10	21	11	81	12	92	13	80	14	28	15	2	16	19	17	4	18	2	19	55	20	90	21	56	22	52	23	82	24	82	25	70	26	23	27	20	28	66	29	88
	0	56	1	91	2	35	3	83	4	40	5	97	6	87	7	41	8	47	9	28	10	50	11	54	12	63	13	3	14	69	15	19	16	21	17	83	18	95	19	55	20	16	21	49	22	42	23	62	24	64	25	26	26	10	27	99	28	23	29	84
	0	86	1	52	2	86	3	63	4	63	5	19	6	30	7	100	8	56	9	28	10	74	11	43	12	89	13	66	14	60	15	95	16	88	17	1	18	94	19	19	20	9	21	98	22	92	23	88	24	78	25	81	26	10	27	71	28	28	29	87
	0	77	1	91	2	53	3	9	4	40	5	81	6	22	7	29	8	88	9	42	10	19	11	90	12	41	13	67	14	98	15	55	16	90	17	88	18	84	19	43	20	32	21	69	22	38	23	59	24	54	25	30	26	76	27	45	28	38	29	98
	0	25	1	20	2	95	3	15	4	28	5	90	6	69	7	35	8	50	9	40	10	42	11	99	12	50	13	49	14	40	15	87	16	2	17	82	18	40	19	51	20	91	21	43	22	2	23	5	24	32	25	18	26	86	27	23	28	62	29	14
	0	28	1	52	2	11	3	83	4	91	5	71	6	63	7	5	8	8	9	28	10	55	11	32	12	77	13	40	14	73	15	52	16	91	17	55	18	43	19	6	20	3	21	91	22	34	23	73	24	54	25	13	26	9	27	5	28	26	29	3
	0	5	1	72	2	95	3	40	4	16	5	63	6	88	7	11	8	10	9	40	10	71	11	79	12	17	13	37	14	37	15	19	16	55	17	71	18	52	19	85	20	89	21	92	22	82	23	56	24	36	25	82	26	19	27	93	28	57	29	2
	0	72	1	95	2	19	3	31	4	87	5	36	6	90	7	49	8	16	9	25	10	12	11	56	12	58	13	20	14	83	15	37	16	24	17	82	18	7	19	8	20	10	21	58	22	24	23	4	24	85	25	31	26	14	27	94	28	14	29	60
	0	37	1	42	2	80	3	15	4	65	5	30	6	83	7	76	8	3	9	31	10	15	11	45	12	10	13	94	14	51	15	98	16	73	17	67	18	97	19	62	20	89	21	89	22	87	23	18	24	54	25	7	26	32	27	42	28	82	29	14
	0	37	1	42	2	77	3	11	4	63	5	65	6	48	7	34	8	95	9	60	10	47	11	100	12	31	13	41	14	40	15	67	16	14	17	73	18	78	19	13	20	73	21	83	22	2	23	67	24	37	25	72	26	5	27	69	28	46	29	52
	0	47	1	18	2	68	3	82	4	77	5	45	6	91	7	39	8	19	9	35	10	70	11	54	12	32	13	51	14	18	15	20	16	33	17	69	18	95	19	19	20	57	21	11	22	26	23	58	24	96	25	23	26	46	27	91	28	23	29	60
	0	62	1	65	2	14	3	63	4	71	5	35	6	7	7	34	8	95	9	18	10	75	11	50	12	85	13	86	14	90	15	77	16	38	17	31	18	14	19	68	20	23	21	25	22	40	23	52	24	91	25	87	26	64	27	62	28	35	29	12
	0	76	1	49	2	19	3	23	4	81	5	80	6	94	7	73	8	9	9	15	10	59	11	72	12	56	13	24	14	51	15	49	16	74	17	76	18	61	19	60	20	6	21	9	22	13	23	95	24	29	25	75	26	57	27	61	28	46	29	17
	0	55	1	34	2	49	3	10	4	67	5	8	6	42	7	77	8	65	9	81	10	92	11	82	12	29	13	63	14	50	15	29	16	12	17	100	18	54	19	46	20	64	21	33	22	25	23	13	24	59	25	43	26	93	27	74	28	73	29	58
	0	25	1	49	2	93	3	22	4	50	5	16	6	63	7	40	8	88	9	40	10	97	11	56	12	39	13	76	14	8	15	38	16	88	17	63	18	46	19	60	20	23	21	85	22	34	23	16	24	83	25	78	26	41	27	2	28	74	29	91
	0	45	1	48	2	32	3	44	4	66	5	4	6	7	7	43	8	71	9	78	10	1	11	30	12	84	13	12	14	99	15	93	16	54	17	36	18	48	19	49	20	61	21	14	22	95	23	96	24	63	25	12	26	88	27	81	28	19	29	15
	0	85	1	22	2	36	3	89	4	42	5	13	6	24	7	71	8	67	9	66	10	62	11	21	12	64	13	86	14	5	15	76	16	95	17	78	18	87	19	83	20	53	21	39	22	100	23	11	24	2	25	81	26	52	27	65	28	42	29	71
	0	38	1	43	2	6	3	13	4	69	5	26	6	74	7	96	8	53	9	79	10	99	11	66	12	18	13	6	14	50	15	21	16	20	17	89	18	20	19	29	20	81	21	96	22	70	23	11	24	38	25	65	26	97	27	44	28	12	29	56
	0	44	1	77	2	26	3	57	4	90	5	65	6	24	7	95	8	95	9	60	10	68	11	50	12	92	13	22	14	25	15	11	16	32	17	27	18	73	19	4	20	34	21	95	22	71	23	81	24	13	25	68	26	83	27	52	28	55	29	91
	0	57	1	6	2	87	3	3	4	92	5	45	6	59	7	25	8	37	9	21	10	15	11	96	12	18	13	67	14	54	15	15	16	80	17	50	18	74	19	72	20	91	21	93	22	72	23	78	24	48	25	30	26	40	27	41	28	75	29	13
	0	69	1	29	2	13	3	76	4	60	5	31	6	28	7	8	8	6	9	96	10	5	11	17	12	92	13	23	14	87	15	78	16	14	17	29	18	86	19	79	20	39	21	100	22	81	23	37	24	35	25	29	26	60	27	28	28	57	29	87
	0	89	1	55	2	53	3	68	4	12	5	65	6	46	7	17	8	11	9	60	10	95	11	31	12	79	13	87	14	25	15	88	16	88	17	96	18	22	19	49	20	54	21	92	22	82	23	31	24	37	25	34	26	98	27	52	28	15	29	46
	0	10	1	90	2	30	3	47	4	42	5	18	6	94	7	12	8	26	9	97	10	99	11	32	12	58	13	34	14	72	15	23	16	63	17	61	18	70	19	97	20	47	21	61	22	3	23	20	24	57	25	65	26	32	27	95	28	4	29	3
	0	78	1	47	2	96	3	61	4	38	5	21	6	92	7	92	8	8	9	94	10	73	11	80	12	32	13	67	14	100	15	63	16	51	17	5	18	98	19	42	20	13	21	22	22	80	23	52	24	61	25	37	26	9	27	73	28	25	29	45
	0	66	1	89	2	71	3	81	4	55	5	36	6	85	7	76	8	76	9	2	10	9	11	27	12	58	13	55	14	35	15	21	16	94	17	24	18	44	19	3	20	67	21	55	22	31	23	76	24	30	25	13	26	61	27	54	28	83	29	8
	0	56	1	24	2	69	3	68	4	74	5	86	6	70	7	79	8	76	9	74	10	92	11	63	12	60	13	67	14	45	15	84	16	15	17	66	18	85	19	77	20	33	21	77	22	53	23	53	24	69	25	27	26	30	27	33	28	47	29	19
	0	16	1	96	2	48	3	85	4	67	5	51	6	27	7	93	8	74	9	80	10	48	11	39	12	53	13	94	14	34	15	9	16	97	17	9	18	61	19	87	20	88	21	33	22	63	23	74	24	83	25	14	26	8	27	7	28	29	29	7
	0	69	1	24	2	40	3	40	4	6	5	95	6	86	7	99	8	24	9	18	10	41	11	55	12	72	13	62	14	98	15	12	16	8	17	86	18	67	19	47	20	45	21	85	22	87	23	54	24	32	25	31	26	33	27	42	28	58	29	14
	0	99	1	27	2	84	3	95	4	85	5	22	6	21	7	36	8	21	9	25	10	20	11	68	12	93	13	47	14	50	15	96	16	82	17	37	18	72	19	71	20	9	21	90	22	24	23	72	24	39	25	55	26	98	27	76	28	20	29	69
	0	65	1	8	2	32	3	90	4	59	5	100	6	75	7	97	8	63	9	4	10	36	11	95	12	26	13	40	14	96	15	27	16	20	17	60	18	82	19	90	20	18	21	76	22	67	23	9	24	34	25	76	26	67	27	100	28	77	29	23
	0	8	1	54	2	5	3	15	4	39	5	93	6	68	7	45	8	28	9	100	10	87	11	9	12	68	13	24	14	12	15	17	16	62	17	90	18	50	19	35	20	96	21	95	22	50	23	51	24	84	25	51	26	96	27	40	28	69	29	8
	0	43	1	77	2	7	3	80	4	90	5	23	6	53	7	34	8	92	9	76	10	60	11	40	12	29	13	73	14	22	15	81	16	5	17	74	18	49	19	60	20	41	21	67	22	39	23	76	24	79	25	87	26	98	27	39	28	15	29	18
	0	11	1	47	2	26	3	31	4	72	5	59	6	63	7	84	8	27	9	14	10	21	11	78	12	79	13	4	14	11	15	35	16	76	17	85	18	90	19	74	20	57	21	86	22	29	23	66	24	52	25	59	26	23	27	13	28	40	29	72
	0	77	1	80	2	29	3	38	4	15	5	68	6	2	7	28	8	98	9	18	10	33	11	36	12	51	13	73	14	91	15	55	16	35	17	47	18	76	19	7	20	11	21	68	22	36	23	43	24	80	25	7	26	90	27	73	28	7	29	96
	0	38	1	28	2	50	3	11	4	31	5	51	6	57	7	59	8	44	9	52	10	5	11	3	12	64	13	1	14	89	15	24	16	97	17	32	18	87	19	74	20	38	21	71	22	67	23	98	24	79	25	35	26	95	27	27	28	33	29	45
	0	66	1	44	2	16	3	59	4	88	5	8	6	92	7	11	8	58	9	64	10	87	11	21	12	26	13	87	14	35	15	17	16	45	17	34	18	92	19	51	20	35	21	97	22	51	23	49	24	18	25	95	26	22	27	89	28	6	29	29
	0	80	1	8	2	41	3	4	4	92	5	94	6	24	7	83	8	62	9	92	10	78	11	35	12	67	13	54	14	35	15	77	16	78	17	88	18	42	19	42	20	68	21	7	22	31	23	9	24	72	25	68	26	79	27	77	28	51	29	63
	0	79	1	79	2	49	3	94	4	83	5	59	6	79	7	40	8	78	9	62	10	56	11	22	12	40	13	8	14	67	15	93	16	38	17	47	18	48	19	24	20	8	21	29	22	10	23	66	24	8	25	19	26	29	27	6	28	26	29	52
	0	94	1	38	2	14	3	7	4	80	5	35	6	48	7	35	8	87	9	78	10	48	11	86	12	65	13	77	14	20	15	13	16	12	17	9	18	77	19	35	20	20	21	34	22	79	23	13	24	100	25	77	26	83	27	49	28	20	29	90
	0	89	1	18	2	25	3	24	4	40	5	8	6	32	7	69	8	1	9	94	10	19	11	69	12	19	13	9	14	46	15	89	16	54	17	65	18	75	19	100	20	24	21	42	22	88	23	29	24	99	25	52	26	16	27	61	28	57	29	34
	0	14	1	2	2	58	3	62	4	64	5	54	6	24	7	41	8	85	9	32	10	16	11	40	12	77	13	48	14	57	15	98	16	28	17	38	18	37	19	72	20	72	21	89	22	83	23	34	24	67	25	23	26	20	27	43	28	29	29	16
	0	12	1	26	2	49	3	74	4	82	5	58	6	75	7	92	8	60	9	27	10	40	11	63	12	73	13	14	14	53	15	28	16	11	17	37	18	10	19	56	20	19	21	27	22	66	23	26	24	95	25	40	26	93	27	29	28	1	29	22
	0	7	1	20	2	13	3	89	4	35	5	89	6	66	7	72	8	70	9	25	10	80	11	54	12	17	13	2	14	61	15	96	16	40	17	96	18	12	19	21	20	61	21	29	22	10	23	16	24	66	25	88	26	30	27	53	28	21	29	64
	0	11	1	65	2	14	3	23	4	8	5	100	6	52	7	82	8	72	9	57	10	3	11	69	12	46	13	72	14	56	15	91	16	77	17	6	18	22	19	19	20	75	21	62	22	21	23	93	24	77	25	10	26	23	27	78	28	91	29	33
	0	28	1	46	2	24	3	85	4	7	5	54	6	29	7	54	8	48	9	40	10	23	11	55	12	75	13	66	14	54	15	95	16	20	17	73	18	24	19	3	20	80	21	39	22	97	23	82	24	100	25	33	26	46	27	73	28	37	29	26
	0	17	1	99	2	9	3	93	4	24	5	36	6	39	7	20	8	89	9	55	10	46	11	2	12	96	13	99	14	33	15	83	16	31	17	4	18	89	19	93	20	15	21	84	22	90	23	74	24	60	25	22	26	79	27	91	28	98	29	56
	0	52	1	88	2	76	3	38	4	82	5	26	6	1	7	10	8	61	9	1	10	84	11	25	12	34	13	56	14	28	15	8	16	68	17	15	18	38	19	40	20	65	21	98	22	69	23	86	24	25	25	19	26	24	27	34	28	7	29	56
	0	75	1	99	2	57	3	48	4	72	5	1	6	83	7	67	8	55	9	37	10	16	11	56	12	95	13	98	14	74	15	45	16	14	17	94	18	16	19	83	20	71	21	11	22	70	23	35	24	15	25	85	26	50	27	45	28	38	29	84
	0	6	1	70	2	74	3	30	4	85	5	15	6	38	7	100	8	69	9	41	10	92	11	90	12	43	13	20	14	84	15	23	16	96	17	62	18	7	19	55	20	60	21	36	22	54	23	86	24	48	25	54	26	87	27	96	28	28	29	2
	0	28	1	53	2	68	3	28	4	53	5	70	6	17	7	26	8	44	9	15	10	19	11	72	12	26	13	77	14	77	15	4	16	95	17	62	18	3	19	50	20	15	21	78	22	27	23	48	24	49	25	3	26	60	27	7	28	29	29	74
	0	17	1	14	2	7	3	36	4	53	5	74	6	24	7	25	8	78	9	42	10	91	11	86	12	30	13	87	14	80	15	46	16	49	17	97	18	56	19	94	20	65	21	7	22	8	23	42	24	90	25	19	26	46	27	59	28	90	29	46
	0	92	1	10	2	69	3	82	4	69	5	41	6	94	7	6	8	60	9	92	10	37	11	53	12	11	13	21	14	20	15	16	16	83	17	85	18	83	19	63	20	79	21	8	22	26	23	79	24	10	25	11	26	66	27	77	28	72	29	18
	0	40	1	25	2	36	3	37	4	32	5	84	6	91	7	93	8	93	9	72	10	91	11	56	12	12	13	76	14	73	15	88	16	27	17	88	18	74	19	21	20	2	21	43	22	56	23	9	24	96	25	66	26	6	27	42	28	20	29	77
	0	84	1	6	2	35	3	1	4	26	5	27	6	49	7	75	8	33	9	27	10	22	11	71	12	3	13	92	14	62	15	51	16	74	17	24	18	12	19	34	20	97	21	20	22	19	23	55	24	64	25	17	26	60	27	19	28	37	29	78
	0	59	1	99	2	73	3	16	4	19	5	30	6	37	7	89	8	61	9	86	10	38	11	95	12	24	13	56	14	43	15	64	16	94	17	49	18	47	19	26	20	52	21	89	22	7	23	86	24	48	25	94	26	62	27	65	28	69	29	40
	0	2	1	53	2	38	3	50	4	63	5	3	6	56	7	71	8	52	9	73	10	99	11	24	12	30	13	62	14	12	15	29	16	12	17	25	18	60	19	64	20	58	21	55	22	47	23	86	24	65	25	64	26	94	27	30	28	92	29	99
	0	47	1	82	2	57	3	88	4	55	5	63	6	9	7	86	8	30	9	86	10	61	11	68	12	94	13	73	14	19	15	8	16	70	17	46	18	73	19	17	20	57	21	20	22	3	23	40	24	17	25	62	26	40	27	35	28	60	29	11
	0	79	1	82	2	89	3	52	4	18	5	97	6	57	7	100	8	2	9	48	10	46	11	36	12	61	13	100	14	71	15	94	16	96	17	24	18	51	19	12	20	43	21	70	22	26	23	63	24	14	25	70	26	2	27	55	28	9	29	22
	0	43	1	60	2	29	3	87	4	56	5	7	6	57	7	78	8	31	9	48	10	63	11	38	12	30	13	85	14	60	15	36	16	49	17	25	18	34	19	19	20	79	21	85	22	100	23	5	24	55	25	70	26	54	27	100	28	62	29	4
	0	55	1	87	2	36	3	79	4	35	5	6	6	85	7	54	8	5	9	21	10	14	11	18	12	46	13	66	14	28	15	97	16	69	17	82	18	44	19	80	20	91	21	15	22	50	23	75	24	77	25	30	26	78	27	43	28	19	29	48
	0	79	1	50	2	73	3	28	4	26	5	45	6	68	7	40	8	79	9	55	10	50	11	6	12	86	13	53	14	41	15	8	16	4	17	41	18	11	19	82	20	65	21	48	22	6	23	45	24	27	25	42	26	66	27	44	28	71	29	9
	0	38	1	98	2	52	3	37	4	62	5	86	6	96	7	10	8	85	9	8	10	13	11	20	12	38	13	100	14	73	15	18	16	66	17	5	18	46	19	84	20	15	21	20	22	20	23	97	24	1	25	61	26	45	27	100	28	19	29	34
	0	60	1	24	2	74	3	96	4	4	5	7	6	31	7	39	8	26	9	6	10	25	11	41	12	33	13	14	14	72	15	58	16	46	17	6	18	76	19	60	20	59	21	96	22	18	23	19	24	9	25	70	26	81	27	26	28	10	29	11
	0	41	1	76	2	12	3	68	4	20	5	52	6	76	7	7	8	95	9	3	10	89	11	40	12	9	13	84	14	53	15	50	16	15	17	29	18	22	19	37	20	56	21	40	22	71	23	49	24	64	25	40	26	29	27	87	28	35	29	16
	0	98	1	92	2	100	3	36	4	42	5	51	6	4	7	43	8	30	9	84	10	78	11	35	12	55	13	94	14	42	15	98	16	60	17	96	18	86	19	45	20	61	21	58	22	25	23	78	24	28	25	16	26	8	27	85	28	72	29	46
	0	34	1	25	2	54	3	10	4	18	5	68	6	9	7	6	8	87	9	6	10	48	11	87	12	12	13	31	14	87	15	28	16	10	17	55	18	10	19	68	20	62	21	31	22	72	23	41	24	35	25	70	26	99	27	70	28	8	29	94
	0	24	1	18	2	30	3	57	4	95	5	83	6	76	7	15	8	17	9	95	10	61	11	44	12	34	13	65	14	36	15	24	16	45	17	80	18	84	19	45	20	29	21	38	22	78	23	100	24	7	25	85	26	71	27	75	28	70	29	89
	0	33	1	44	2	69	3	55	4	61	5	32	6	6	7	83	8	14	9	10	10	18	11	5	12	53	13	26	14	9	15	72	16	97	17	89	18	86	19	62	20	18	21	68	22	13	23	26	24	27	25	54	26	62	27	17	28	49	29	18
	0	50	1	50	2	60	3	55	4	83	5	83	6	46	7	85	8	46	9	30	10	28	11	74	12	5	13	50	14	21	15	81	16	16	17	61	18	51	19	39	20	59	21	63	22	45	23	41	24	31	25	4	26	61	27	85	28	82	29	89
	0	21	1	88	2	67	3	33	4	71	5	84	6	41	7	3	8	87	9	63	10	41	11	98	12	73	13	19	14	21	15	72	16	57	17	5	18	21	19	86	20	60	21	24	22	9	23	51	24	86	25	93	26	19	27	96	28	86	29	72
	0	55	1	81	2	68	3	35	4	70	5	18	6	60	7	26	8	10	9	97	10	68	11	28	12	89	13	12	14	62	15	43	16	50	17	38	18	85	19	58	20	5	21	4	22	94	23	35	24	79	25	67	26	41	27	68	28	84	29	80
	0	71	1	84	2	14	3	97	4	7	5	77	6	28	7	87	8	26	9	17	10	55	11	19	12	58	13	57	14	58	15	49	16	64	17	36	18	24	19	41	20	63	21	63	22	74	23	74	24	33	25	2	26	3	27	32	28	94	29	25
	0	5	1	81	2	38	3	80	4	39	5	71	6	86	7	94	8	30	9	26	10	75	11	31	12	33	13	3	14	7	15	39	16	84	17	37	18	7	19	75	20	20	21	2	22	79	23	6	24	52	25	55	26	62	27	95	28	15	29	40
	0	13	1	36	2	31	3	78	4	70	5	7	6	52	7	60	8	86	9	30	10	86	11	18	12	24	13	82	14	100	15	57	16	49	17	78	18	79	19	55	20	78	21	28	22	60	23	69	24	58	25	40	26	83	27	9	28	77	29	21
	0	41	1	65	2	47	3	87	4	79	5	3	6	7	7	2	8	25	9	50	10	23	11	95	12	25	13	52	14	94	15	22	16	6	17	68	18	99	19	94	20	19	21	35	22	21	23	49	24	10	25	14	26	54	27	81	28	34	29	97
	0	77	1	26	2	3	3	56	4	28	5	79	6	39	7	37	8	46	9	89	10	72	11	54	12	42	13	59	14	98	15	15	16	18	17	43	18	95	19	98	20	56	21	17	22	53	23	60	24	36	25	85	26	84	27	39	28	57	29	6
	0	88	1	86	2	74	3	97	4	19	5	37	6	73	7	24	8	69	9	14	10	43	11	85	12	53	13	9	14	24	15	60	16	75	17	99	18	33	19	74	20	7	21	85	22	3	23	96	24	2	25	64	26	83	27	69	28	39	29	69
	0	87	1	62	2	52	3	41	4	84	5	60	6	1	7	12	8	78	9	53	10	100	11	19	12	10	13	91	14	73	15	81	16	81	17	99	18	48	19	94	20	86	21	86	22	78	23	45	24	3	25	89	26	56	27	32	28	80	29	24
	0	78	1	58	2	98	3	54	4	52	5	29	6	34	7	77	8	59	9	58	10	26	11	8	12	31	13	88	14	20	15	2	16	84	17	61	18	58	19	41	20	27	21	95	22	31	23	88	24	39	25	69	26	5	27	72	28	73	29	3
	0	100	1	63	2	50	3	87	4	77	5	55	6	34	7	20	8	55	9	53	10	96	11	32	12	80	13	44	14	32	15	11	16	100	17	98	18	82	19	67	20	35	21	13	22	44	23	97	24	30	25	27	26	16	27	28	28	38	29	32
	0	84	1	65	2	78	3	87	4	49	5	60	6	45	7	100	8	64	9	84	10	90	11	29	12	9	13	64	14	86	15	33	16	44	17	26	18	38	19	50	20	7	21	44	22	22	23	10	24	51	25	94	26	53	27	89	28	30	29	65
	0	16	1	74	2	90	3	58	4	3	5	86	6	14	7	12	8	52	9	90	10	31	11	93	12	87	13	88	14	95	15	64	16	75	17	59	18	78	19	25	20	78	21	19	22	48	23	64	24	62	25	87	26	20	27	87	28	78	29	2
	0	100	1	2	2	34	3	13	4	62	5	77	6	23	7	40	8	28	9	2	10	86	11	88	12	40	13	22	14	2	15	49	16	41	17	16	18	58	19	21	20	14	21	51	22	22	23	52	24	35	25	24	26	34	27	67	28	42	29	74
	0	91	1	29	2	35	3	37	4	71	5	79	6	41	7	63	8	46	9	16	10	23	11	16	12	63	13	23	14	20	15	45	16	1	17	71	18	34	19	82	20	30	21	32	22	4	23	99	24	30	25	89	26	46	27	48	28	45	29	33
	0	32	1	56	2	84	3	75	4	45	5	46	6	88	7	19	8	39	9	12	10	35	11	73	12	73	13	66	14	34	15	86	16	19	17	40	18	54	19	54	20	53	21	100	22	69	23	19	24	71	25	14	26	20	27	56	28	4	29	88
	0	39	1	35	2	22	3	36	4	58	5	82	6	32	7	80	8	30	9	91	10	37	11	71	12	11	13	57	14	97	15	93	16	85	17	34	18	4	19	85	20	42	21	35	22	73	23	84	24	36	25	22	26	5	27	95	28	68	29	69
	0	78	1	21	2	90	3	87	4	65	5	19	6	23	7	34	8	94	9	66	10	24	11	67	12	88	13	39	14	55	15	4	16	63	17	61	18	30	19	87	20	64	21	60	22	54	23	90	24	65	25	26	26	75	27	96	28	69	29	90
	0	8	1	34	2	79	3	51	4	7	5	65	6	35	7	10	8	95	9	50	10	24	11	9	12	80	13	35	14	14	15	65	16	4	17	38	18	80	19	64	20	19	21	29	22	8	23	47	24	84	25	36	26	96	27	93	28	11	29	11
	0	96	1	100	2	30	3	44	4	67	5	9	6	30	7	11	8	27	9	17	10	99	11	92	12	11	13	90	14	90	15	96	16	8	17	51	18	53	19	73	20	6	21	20	22	35	23	9	24	66	25	29	26	36	27	27	28	26	29	30
	0	54	1	50	2	88	3	79	4	84	5	83	6	47	7	52	8	33	9	30	10	53	11	49	12	68	13	59	14	39	15	66	16	30	17	65	18	33	19	50	20	55	21	12	22	42	23	74	24	92	25	38	26	86	27	91	28	21	29	57
	0	12	1	58	2	96	3	10	4	20	5	28	6	78	7	24	8	66	9	63	10	22	11	92	12	50	13	16	14	40	15	88	16	88	17	73	18	58	19	71	20	23	21	67	22	21	23	48	24	34	25	99	26	39	27	93	28	38	29	19
	0	58	1	58	2	7	3	74	4	11	5	1	6	34	7	5	8	75	9	27	10	20	11	54	12	36	13	29	14	71	15	30	16	65	17	58	18	31	19	20	20	15	21	57	22	81	23	58	24	20	25	59	26	75	27	93	28	55	29	16
	0	13	1	1	2	75	3	4	4	58	5	52	6	58	7	50	8	45	9	15	10	98	11	43	12	48	13	61	14	48	15	41	16	92	17	5	18	98	19	84	20	40	21	95	22	26	23	81	24	82	25	31	26	78	27	18	28	2	29	81
	0	54	1	9	2	20	3	27	4	6	5	4	6	6	7	43	8	76	9	95	10	37	11	19	12	28	13	12	14	36	15	47	16	63	17	87	18	9	19	57	20	3	21	24	22	79	23	61	24	97	25	14	26	69	27	45	28	80	29	83
	0	99	1	16	2	83	3	43	4	91	5	86	6	94	7	9	8	91	9	74	10	88	11	90	12	64	13	25	14	3	15	62	16	14	17	3	18	17	19	94	20	37	21	1	22	51	23	70	24	9	25	60	26	18	27	42	28	57	29	11
	0	67	1	1	2	94	3	75	4	21	5	49	6	77	7	73	8	88	9	8	10	46	11	48	12	1	13	3	14	51	15	95	16	18	17	12	18	59	19	45	20	81	21	52	22	14	23	57	24	22	25	57	26	85	27	8	28	61	29	63
	0	32	1	92	2	41	3	11	4	59	5	64	6	79	7	25	8	48	9	81	10	47	11	29	12	98	13	46	14	3	15	15	16	93	17	43	18	29	19	66	20	90	21	16	22	59	23	15	24	94	25	44	26	2	27	57	28	60	29	98
	0	81	1	92	2	49	3	2	4	57	5	38	6	14	7	13	8	2	9	32	10	97	11	5	12	37	13	39	14	72	15	24	16	67	17	21	18	56	19	33	20	46	21	23	22	75	23	86	24	87	25	99	26	55	27	83	28	86	29	83
	0	78	1	1	2	17	3	57	4	33	5	6	6	33	7	98	8	22	9	81	10	67	11	93	12	35	13	44	14	32	15	46	16	87	17	17	18	45	19	32	20	76	21	83	22	39	23	66	24	25	25	52	26	33	27	88	28	94	29	99
	0	78	1	84	2	84	3	64	4	89	5	98	6	80	7	21	8	40	9	95	10	94	11	53	12	85	13	99	14	95	15	96	16	13	17	94	18	57	19	33	20	77	21	70	22	58	23	59	24	35	25	69	26	98	27	35	28	100	29	27
	0	28	1	14	2	87	3	52	4	12	5	9	6	1	7	71	8	57	9	16	10	12	11	23	12	84	13	39	14	99	15	2	16	29	17	60	18	70	19	67	20	93	21	60	22	81	23	74	24	80	25	82	26	19	27	95	28	96	29	86
	0	21	1	26	2	96	3	57	4	31	5	15	6	97	7	37	8	39	9	47	10	100	11	12	12	36	13	64	14	92	15	77	16	85	17	19	18	11	19	40	20	100	21	90	22	99	23	61	24	61	25	96	26	87	27	22	28	35	29	96
	0	66	1	81	2	64	3	59	4	55	5	53	6	38	7	41	8	65	9	23	10	72	11	10	12	16	13	80	14	59	15	89	16	63	17	31	18	52	19	31	20	32	21	39	22	7	23	24	24	76	25	75	26	2	27	2	28	96	29	2
	0	83	1	14	2	2	3	21	4	30	5	65	6	84	7	33	8	40	9	38	10	40	11	21	12	54	13	56	14	82	15	44	16	86	17	60	18	89	19	93	20	40	21	84	22	8	23	61	24	6	25	72	26	19	27	18	28	73	29	71
	0	96	1	97	2	21	3	79	4	41	5	37	6	51	7	46	8	80	9	28	10	80	11	50	12	41	13	61	14	18	15	99	16	46	17	79	18	80	19	26	20	4	21	80	22	25	23	87	24	71	25	14	26	15	27	74	28	20	29	83
	0	25	1	97	2	44	3	32	4	66	5	9	6	68	7	83	8	92	9	68	10	64	11	69	12	7	13	65	14	80	15	47	16	82	17	64	18	25	19	11	20	60	21	26	22	90	23	34	24	14	25	13	26	76	27	5	28	65	29	10
	0	65	1	40	2	92	3	89	4	67	5	84	6	91	7	13	8	11	9	42	10	53	11	61	12	75	13	91	14	79	15	5	16	67	17	63	18	47	19	92	20	8	21	19	22	5	23	87	24	75	25	28	26	46	27	100	28	98	29	45
	0	90	1	99	2	36	3	34	4	92	5	69	6	65	7	82	8	30	9	89	10	45	11	23	12	65	13	19	14	72	15	29	16	60	17	35	18	6	19	69	20	96	21	36	22	53	23	31	24	50	25	27	26	29	27	58	28	94	29	49
	0	30	1	44	2	36	3	98	4	10	5	87	6	23	7	73	8	5	9	7	10	71	11	22	12	90	13	61	14	93	15	3	16	34	17	21	18	24	19	56	20	97	21	99	22	96	23	65	24	89	25	30	26	90	27	51	28	70	29	48
	0	65	1	25	2	89	3	16	4	54	5	5	6	58	7	100	8	68	9	51	10	26	11	91	12	63	13	89	14	9	15	18	16	32	17	33	18	63	19	5	20	51	21	11	22	35	23	66	24	94	25	61	26	14	27	48	28	76	29	54
	0	61	1	47	2	96	3	58	4	9	5	75	6	3	7	56	8	49	9	47	10	94	11	67	12	39	13	18	14	11	15	53	16	14	17	82	18	13	19	96	20	79	21	20	22	30	23	80	24	10	25	59	26	24	27	21	28	99	29	70
	0	17	1	21	2	9	3	33	4	58	5	43	6	46	7	36	8	52	9	25	10	45	11	80	12	47	13	1	14	21	15	22	16	77	17	69	18	59	19	69	20	98	21	43	22	23	23	10	24	58	25	82	26	8	27	43	28	100	29	55
	0	82	1	31	2	79	3	25	4	67	5	9	6	57	7	35	8	77	9	19	10	75	11	28	12	5	13	29	14	60	15	44	16	24	17	90	18	83	19	79	20	46	21	20	22	84	23	90	24	55	25	18	26	38	27	76	28	10	29	61
	0	18	1	87	2	74	3	19	4	90	5	27	6	35	7	5	8	27	9	58	10	97	11	40	12	56	13	16	14	83	15	98	16	45	17	3	18	67	19	60	20	9	21	15	22	21	23	3	24	98	25	14	26	58	27	87	28	83	29	60
	0	91	1	30	2	60	3	56	4	56	5	73	6	30	7	80	8	55	9	77	10	40	11	97	12	23	13	23	14	86	15	83	16	26	17	70	18	100	19	98	20	40	21	23	22	89	23	97	24	75	25	13	26	1	27	58	28	32	29	66
	0	13	1	70	2	23	3	47	4	88	5	15	6	77	7	83	8	40	9	23	10	18	11	9	12	98	13	2	14	93	15	87	16	63	17	59	18	80	19	2	20	3	21	65	22	5	23	20	24	20	25	36	26	45	27	71	28	87	29	30
	0	1	1	1	2	55	3	83	4	74	5	82	6	48	7	30	8	59	9	92	10	19	11	85	12	56	13	9	14	35	15	87	16	63	17	59	18	95	19	16	20	84	21	30	22	18	23	52	24	93	25	43	26	53	27	30	28	12	29	25
	0	84	1	1	2	7	3	43	4	45	5	14	6	5	7	83	8	69	9	82	10	94	11	94	12	24	13	86	14	51	15	14	16	21	17	30	18	10	19	62	20	94	21	62	22	72	23	65	24	88	25	22	26	4	27	38	28	98	29	68
	0	6	1	50	2	49	3	4	4	12	5	42	6	26	7	16	8	74	9	77	10	62	11	66	12	41	13	33	14	67	15	33	16	27	17	86	18	55	19	72	20	34	21	23	22	85	23	46	24	75	25	95	26	43	27	51	28	12	29	99
	0	23	1	26	2	97	3	46	4	77	5	41	6	100	7	52	8	49	9	82	10	33	11	63	12	22	13	91	14	34	15	8	16	22	17	22	18	54	19	16	20	72	21	21	22	52	23	72	24	96	25	56	26	18	27	85	28	93	29	30
	0	57	1	76	2	54	3	70	4	5	5	41	6	91	7	73	8	73	9	26	10	73	11	45	12	31	13	20	14	25	15	80	16	75	17	65	18	16	19	39	20	48	21	18	22	39	23	46	24	2	25	39	26	65	27	18	28	22	29	76
	0	30	1	66	2	52	3	67	4	75	5	56	6	92	7	89	8	50	9	28	10	56	11	20	12	65	13	76	14	11	15	3	16	32	17	69	18	36	19	5	20	39	21	58	22	70	23	35	24	54	25	82	26	44	27	54	28	39	29	98
	0	3	1	86	2	32	3	75	4	80	5	23	6	27	7	28	8	66	9	70	10	45	11	97	12	92	13	93	14	99	15	85	16	11	17	42	18	84	19	11	20	59	21	80	22	35	23	44	24	27	25	36	26	50	27	27	28	56	29	51
	0	70	1	1	2	72	3	9	4	58	5	92	6	93	7	46	8	8	9	19	10	83	11	93	12	98	13	36	14	46	15	2	16	59	17	21	18	66	19	45	20	9	21	69	22	59	23	93	24	7	25	49	26	70	27	16	28	91	29	43
	0	38	1	66	2	21	3	71	4	37	5	16	6	49	7	64	8	16	9	90	10	77	11	52	12	42	13	90	14	68	15	64	16	2	17	8	18	33	19	73	20	6	21	96	22	14	23	23	24	18	25	98	26	17	27	15	28	95	29	98
	0	76	1	57	2	10	3	33	4	59	5	90	6	98	7	55	8	31	9	52	10	41	11	61	12	47	13	37	14	85	15	22	16	42	17	64	18	65	19	74	20	20	21	68	22	54	23	56	24	90	25	67	26	91	27	1	28	82	29	73
	0	46	1	30	2	35	3	59	4	12	5	92	6	62	7	81	8	53	9	49	10	10	11	31	12	32	13	15	14	92	15	76	16	5	17	76	18	42	19	85	20	61	21	63	22	25	23	73	24	31	25	62	26	11	27	7	28	1	29	61
	0	79	1	43	2	9	3	87	4	32	5	4	6	4	7	81	8	14	9	4	10	96	11	99	12	78	13	91	14	24	15	61	16	41	17	58	18	36	19	65	20	25	21	37	22	35	23	41	24	63	25	93	26	51	27	29	28	34	29	65
	0	42	1	87	2	43	3	35	4	17	5	72	6	62	7	10	8	67	9	41	10	8	11	60	12	13	13	82	14	7	15	35	16	22	17	60	18	84	19	62	20	58	21	30	22	76	23	97	24	53	25	73	26	55	27	72	28	27	29	45
	0	98	1	77	2	80	3	40	4	66	5	45	6	50	7	11	8	55	9	61	10	2	11	16	12	45	13	87	14	88	15	52	16	53	17	80	18	99	19	23	20	65	21	54	22	97	23	36	24	17	25	3	26	1	27	29	28	29	29	96
	0	62	1	80	2	27	3	91	4	49	5	32	6	97	7	62	8	29	9	61	10	73	11	3	12	31	13	49	14	33	15	65	16	100	17	40	18	55	19	58	20	2	21	13	22	89	23	93	24	24	25	78	26	1	27	61	28	86	29	78
	0	24	1	85	2	60	3	75	4	24	5	73	6	55	7	27	8	45	9	62	10	24	11	3	12	11	13	46	14	94	15	85	16	86	17	10	18	23	19	51	20	36	21	15	22	45	23	45	24	18	25	23	26	56	27	75	28	14	29	37
	0	34	1	92	2	84	3	2	4	15	5	51	6	79	7	98	8	73	9	41	10	75	11	9	12	50	13	44	14	95	15	66	16	54	17	73	18	31	19	78	20	25	21	70	22	98	23	10	24	15	25	86	26	70	27	80	28	55	29	72
	0	75	1	64	2	92	3	44	4	61	5	48	6	20	7	5	8	62	9	59	10	49	11	41	12	10	13	60	14	64	15	20	16	86	17	2	18	93	19	61	20	96	21	65	22	71	23	56	24	30	25	17	26	67	27	53	28	24	29	87
	0	27	1	44	2	35	3	38	4	28	5	9	6	16	7	64	8	63	9	11	10	26	11	62	12	100	13	46	14	32	15	55	16	73	17	91	18	77	19	57	20	14	21	99	22	24	23	6	24	21	25	46	26	2	27	24	28	29	29	16
	0	14	1	58	2	26	3	89	4	80	5	18	6	30	7	62	8	17	9	26	10	25	11	17	12	9	13	26	14	11	15	26	16	80	17	30	18	26	19	44	20	94	21	97	22	39	23	40	24	59	25	74	26	30	27	52	28	66	29	32
	0	96	1	97	2	34	3	94	4	48	5	33	6	25	7	29	8	5	9	81	10	41	11	55	12	85	13	50	14	29	15	86	16	41	17	3	18	49	19	4	20	18	21	96	22	97	23	54	24	12	25	36	26	58	27	81	28	49	29	66
	0	58	1	58	2	35	3	67	4	33	5	87	6	36	7	29	8	23	9	59	10	83	11	46	12	72	13	7	14	15	15	13	16	88	17	88	18	15	19	50	20	96	21	89	22	91	23	85	24	75	25	23	26	97	27	43	28	83	29	79
	0	23	1	52	2	97	3	31	4	85	5	51	6	21	7	16	8	80	9	57	10	54	11	61	12	11	13	38	14	100	15	78	16	84	17	85	18	72	19	96	20	33	21	93	22	32	23	83	24	30	25	79	26	55	27	64	28	76	29	18
	0	5	1	59	2	93	3	53	4	83	5	96	6	52	7	24	8	64	9	52	10	12	11	20	12	36	13	49	14	58	15	38	16	26	17	3	18	55	19	24	20	48	21	85	22	60	23	7	24	28	25	77	26	66	27	73	28	92	29	99
	0	55	1	18	2	3	3	51	4	96	5	89	6	2	7	10	8	15	9	15	10	86	11	52	12	12	13	53	14	17	15	6	16	15	17	31	18	57	19	57	20	88	21	60	22	66	23	46	24	36	25	22	26	12	27	48	28	76	29	87
	0	77	1	16	2	57	3	4	4	62	5	24	6	63	7	56	8	19	9	46	10	22	11	2	12	69	13	63	14	4	15	13	16	78	17	75	18	90	19	3	20	9	21	53	22	37	23	4	24	61	25	82	26	69	27	16	28	70	29	63
	0	82	1	68	2	33	3	67	4	28	5	36	6	77	7	85	8	22	9	27	10	85	11	90	12	92	13	15	14	52	15	23	16	57	17	86	18	33	19	65	20	14	21	40	22	3	23	43	24	51	25	41	26	47	27	12	28	38	29	22
	0	44	1	77	2	52	3	89	4	15	5	67	6	33	7	78	8	49	9	81	10	94	11	49	12	33	13	42	14	12	15	36	16	34	17	56	18	86	19	84	20	30	21	48	22	36	23	32	24	72	25	20	26	76	27	33	28	25	29	68
	0	92	1	21	2	38	3	35	4	97	5	51	6	12	7	96	8	56	9	94	10	89	11	98	12	97	13	49	14	77	15	17	16	44	17	99	18	70	19	77	20	52	21	45	22	48	23	61	24	28	25	67	26	53	27	13	28	52	29	20
	0	76	1	97	2	49	3	48	4	10	5	73	6	75	7	81	8	45	9	96	10	5	11	51	12	14	13	62	14	45	15	29	16	15	17	43	18	16	19	90	20	72	21	90	22	60	23	34	24	99	25	4	26	80	27	39	28	93	29	92
	0	14	1	16	2	64	3	59	4	1	5	89	6	76	7	12	8	91	9	31	10	67	11	77	12	3	13	14	14	48	15	37	16	45	17	68	18	30	19	62	20	27	21	44	22	13	23	87	24	60	25	43	26	30	27	43	28	3	29	40
	0	46	1	66	2	93	3	14	4	36	5	28	6	6	7	82	8	14	9	66	10	91	11	82	12	67	13	9	14	99	15	55	16	26	17	25	18	1	19	20	20	84	21	31	22	49	23	51	24	20	25	50	26	50	27	91	28	19	29	6
	0	28	1	66	2	74	3	83	4	16	5	82	6	24	7	93	8	95	9	15	10	54	11	34	12	71	13	40	14	63	15	29	16	58	17	43	18	89	19	70	20	11	21	18	22	25	23	21	24	22	25	49	26	82	27	50	28	70	29	21
	0	76	1	86	2	9	3	13	4	48	5	29	6	4	7	65	8	40	9	57	10	69	11	30	12	87	13	9	14	68	15	38	16	8	17	37	18	68	19	51	20	84	21	52	22	71	23	70	24	81	25	16	26	56	27	31	28	41	29	47
	0	7	1	5	2	46	3	40	4	16	5	78	6	45	7	30	8	73	9	85	10	80	11	36	12	99	13	17	14	63	15	68	16	68	17	36	18	87	19	95	20	36	21	52	22	69	23	92	24	69	25	61	26	64	27	15	28	32	29	39
	0	100	1	89	2	93	3	41	4	4	5	89	6	42	7	62	8	50	9	51	10	37	11	41	12	22	13	61	14	25	15	22	16	87	17	81	18	100	19	20	20	18	21	34	22	89	23	22	24	7	25	49	26	91	27	53	28	71	29	31
	0	2	1	68	2	19	3	15	4	6	5	53	6	62	7	17	8	99	9	66	10	56	11	97	12	2	13	6	14	29	15	77	16	60	17	40	18	22	19	4	20	40	21	2	22	53	23	43	24	76	25	39	26	73	27	22	28	15	29	83
	0	79	1	90	2	88	3	63	4	17	5	51	6	68	7	93	8	60	9	75	10	22	11	92	12	65	13	10	14	71	15	33	16	43	17	43	18	86	19	16	20	92	21	86	22	7	23	21	24	75	25	80	26	63	27	79	28	44	29	48
	0	19	1	66	2	48	3	34	4	82	5	23	6	69	7	14	8	47	9	37	10	75	11	75	12	63	13	45	14	86	15	72	16	42	17	49	18	93	19	31	20	54	21	50	22	75	23	60	24	67	25	44	26	100	27	66	28	41	29	24
	0	9	1	5	2	72	3	94	4	22	5	17	6	46	7	97	8	9	9	9	10	57	11	91	12	14	13	94	14	96	15	30	16	35	17	5	18	9	19	58	20	89	21	29	22	87	23	92	24	10	25	52	26	32	27	63	28	78	29	83
	0	18	1	55	2	64	3	7	4	41	5	34	6	27	7	9	8	12	9	86	10	27	11	30	12	56	13	83	14	18	15	75	16	14	17	56	18	38	19	68	20	61	21	43	22	22	23	38	24	78	25	44	26	90	27	76	28	57	29	97
	0	91	1	80	2	23	3	55	4	12	5	10	6	87	7	30	8	73	9	92	10	84	11	41	12	73	13	61	14	48	15	73	16	60	17	21	18	33	19	30	20	25	21	62	22	81	23	59	24	69	25	73	26	90	27	57	28	70	29	35
	0	44	1	91	2	54	3	71	4	5	5	9	6	65	7	7	8	67	9	4	10	51	11	64	12	34	13	67	14	55	15	73	16	83	17	43	18	47	19	3	20	87	21	63	22	38	23	23	24	49	25	43	26	87	27	63	28	56	29	38
	0	59	1	19	2	40	3	18	4	16	5	30	6	34	7	3	8	41	9	31	10	32	11	53	12	36	13	36	14	8	15	19	16	36	17	29	18	54	19	4	20	18	21	53	22	30	23	69	24	24	25	31	26	39	27	3	28	19	29	52
	0	80	1	41	2	28	3	11	4	38	5	75	6	55	7	100	8	1	9	26	10	67	11	54	12	30	13	50	14	86	15	33	16	17	17	5	18	40	19	78	20	3	21	92	22	45	23	71	24	38	25	59	26	40	27	1	28	21	29	29
	0	88	1	96	2	37	3	76	4	2	5	81	6	74	7	89	8	86	9	84	10	15	11	66	12	78	13	88	14	3	15	47	16	41	17	95	18	48	19	82	20	46	21	60	22	13	23	72	24	32	25	16	26	7	27	50	28	48	29	90
	0	61	1	82	2	100	3	67	4	70	5	1	6	66	7	86	8	32	9	11	10	56	11	50	12	8	13	15	14	17	15	82	16	91	17	71	18	24	19	74	20	53	21	61	22	93	23	4	24	16	25	33	26	19	27	16	28	52	29	58
	0	21	1	90	2	19	3	5	4	46	5	50	6	94	7	28	8	62	9	76	10	40	11	18	12	42	13	33	14	29	15	65	16	34	17	26	18	25	19	24	20	41	21	39	22	58	23	4	24	78	25	27	26	88	27	92	28	74	29	59
	0	9	1	2	2	37	3	37	4	52	5	13	6	97	7	45	8	95	9	18	10	89	11	88	12	71	13	17	14	58	15	28	16	52	17	10	18	87	19	47	20	34	21	89	22	81	23	72	24	59	25	24	26	53	27	37	28	48	29	92
	0	1	1	99	2	35	3	1	4	84	5	3	6	9	7	100	8	10	9	66	10	27	11	87	12	6	13	47	14	44	15	38	16	47	17	96	18	67	19	46	20	42	21	14	22	42	23	20	24	16	25	66	26	20	27	85	28	31	29	28
	0	65	1	2	2	37	3	54	4	7	5	77	6	57	7	99	8	39	9	38	10	21	11	40	12	17	13	99	14	27	15	70	16	23	17	40	18	87	19	63	20	86	21	71	22	73	23	31	24	69	25	53	26	100	27	33	28	77	29	5
	0	80	1	87	2	50	3	20	4	50	5	7	6	22	7	53	8	57	9	77	10	82	11	71	12	52	13	9	14	59	15	71	16	28	17	61	18	18	19	7	20	88	21	16	22	42	23	83	24	61	25	46	26	28	27	96	28	70	29	96
	0	37	1	50	2	29	3	86	4	59	5	67	6	41	7	3	8	98	9	53	10	96	11	27	12	76	13	23	14	7	15	29	16	21	17	73	18	37	19	12	20	83	21	50	22	94	23	10	24	87	25	82	26	96	27	41	28	30	29	36
	0	47	1	93	2	76	3	41	4	63	5	89	6	96	7	93	8	46	9	52	10	71	11	5	12	92	13	77	14	53	15	95	16	71	17	68	18	39	19	24	20	46	21	7	22	19	23	7	24	81	25	61	26	94	27	70	28	75	29	41
	0	80	1	36	2	32	3	75	4	40	5	49	6	24	7	47	8	7	9	75	10	32	11	28	12	100	13	34	14	71	15	96	16	41	17	62	18	15	19	12	20	20	21	97	22	100	23	18	24	70	25	43	26	56	27	50	28	56	29	52
	0	3	1	9	2	78	3	37	4	13	5	8	6	47	7	97	8	13	9	2	10	86	11	14	12	99	13	70	14	64	15	72	16	66	17	91	18	64	19	78	20	90	21	59	22	40	23	16	24	4	25	4	26	27	27	47	28	63	29	23
	0	86	1	31	2	93	3	45	4	20	5	53	6	57	7	73	8	84	9	57	10	88	11	85	12	72	13	41	14	79	15	79	16	61	17	48	18	21	19	7	20	39	21	71	22	31	23	19	24	48	25	54	26	20	27	15	28	27	29	37
	0	74	1	89	2	20	3	15	4	65	5	91	6	97	7	78	8	15	9	64	10	8	11	58	12	66	13	13	14	47	15	9	16	39	17	23	18	10	19	95	20	83	21	31	22	80	23	49	24	57	25	20	26	62	27	38	28	69	29	91
	0	50	1	58	2	97	3	20	4	10	5	12	6	48	7	26	8	95	9	82	10	22	11	88	12	49	13	74	14	21	15	96	16	41	17	3	18	76	19	30	20	50	21	47	22	12	23	86	24	96	25	93	26	66	27	1	28	69	29	48
	0	29	1	59	2	24	3	79	4	73	5	56	6	31	7	31	8	78	9	70	10	96	11	9	12	96	13	68	14	3	15	37	16	86	17	31	18	28	19	29	20	24	21	97	22	41	23	40	24	71	25	35	26	92	27	63	28	43	29	17
Reldue
-1	7264	-1	1
-1	4049	-1	1
-1	8950	-1	1
-1	8790	-1	1
-1	5713	-1	1
-1	21051	-1	1
-1	16269	-1	1
-1	20692	-1	1
-1	17113	-1	1
-1	18393	-1	1
-1	21376	-1	1
-1	17439	-1	1
-1	17040	-1	1
-1	18161	-1	1
-1	8552	-1	1
-1	9594	-1	1
-1	9481	-1	1
-1	6755	-1	1
-1	11443	-1	1
-1	2719	-1	1
-1	7165	-1	1
-1	6708	-1	1
-1	10604	-1	1
-1	17670	-1	1
-1	14286	-1	1
-1	3756	-1	1
-1	8356	-1	1
-1	18020	-1	1
-1	14973	-1	1
-1	20225	-1	1
-1	12532	-1	1
-1	8745	-1	1
-1	14976	-1	1
-1	3880	-1	1
-1	18175	-1	1
-1	7148	-1	1
-1	12578	-1	1
-1	9397	-1	1
-1	2790	-1	1
-1	3240	-1	1
-1	14757	-1	1
-1	18375	-1	1
-1	14448	-1	1
-1	12114	-1	1
-1	4004	-1	1
-1	2404	-1	1
-1	5931	-1	1
-1	12328	-1	1
-1	20791	-1	1
-1	15826	-1	1
-1	13312	-1	1
-1	19748	-1	1
-1	2641	-1	1
-1	11837	-1	1
-1	8966	-1	1
-1	2698	-1	1
-1	5132	-1	1
-1	20682	-1	1
-1	17596	-1	1
-1	15227	-1	1
-1	5043	-1	1
-1	21192	-1	1
-1	11364	-1	1
-1	9456	-1	1
-1	18704	-1	1
-1	17102	-1	1
-1	6219	-1	1
-1	7443	-1	1
-1	19812	-1	1
-1	11767	-1	1
-1	2824	-1	1
-1	5396	-1	1
-1	7769	-1	1
-1	10752	-1	1
-1	8078	-1	1
-1	6616	-1	1
-1	14456	-1	1
-1	10368	-1	1
-1	5935	-1	1
-1	16349	-1	1
-1	18499	-1	1
-1	13456	-1	1
-1	5741	-1	1
-1	12935	-1	1
-1	15283	-1	1
-1	20716	-1	1
-1	7426	-1	1
-1	12488	-1	1
-1	6099	-1	1
-1	9494	-1	1
-1	1983	-1	1
-1	16211	-1	1
-1	7738	-1	1
-1	14832	-1	1
-1	13064	-1	1
-1	6545	-1	1
-1	12450	-1	1
-1	21062	-1	1
-1	14087	-1	1
-1	6554	-1	1
-1	9361	-1	1
-1	4016	-1	1
-1	10735	-1	1
-1	6325	-1	1
-1	7061	-1	1
-1	18247	-1	1
-1	15493	-1	1
-1	15654	-1	1
-1	21544	-1	1
-1	13089	-1	1
-1	18003	-1	1
-1	17424	-1	1
-1	18184	-1	1
-1	6529	-1	1
-1	20704	-1	1
-1	12369	-1	1
-1	16788	-1	1
-1	16699	-1	1
-1	18253	-1	1
-1	17789	-1	1
-1	5602	-1	1
-1	17556	-1	1
-1	19586	-1	1
-1	5225	-1	1
-1	20235	-1	1
-1	13960	-1	1
-1	20489	-1	1
-1	2056	-1	1
-1	3987	-1	1
-1	3209	-1	1
-1	15748	-1	1
-1	18807	-1	1
-1	11230	-1	1
-1	6381	-1	1
-1	7725	-1	1
-1	17330	-1	1
-1	7934	-1	1
-1	5125	-1	1
-1	12270	-1	1
-1	2821	-1	1
-1	17089	-1	1
-1	16189	-1	1
-1	9028	-1	1
-1	14080	-1	1
-1	10021	-1	1
-1	12029	-1	1
-1	3552	-1	1
-1	6818	-1	1
-1	7314	-1	1
-1	7933	-1	1
-1	20965	-1	1
-1	21485	-1	1
-1	15622	-1	1
-1	14181	-1	1
-1	12465	-1	1
-1	13352	-1	1
-1	19203	-1	1
-1	7210	-1	1
-1	13541	-1	1
-1	20377	-1	1
-1	14863	-1	1
-1	19858	-1	1
-1	16090	-1	1
-1	17208	-1	1
-1	5530	-1	1
-1	5126	-1	1
-1	20604	-1	1
-1	3497	-1	1
-1	9668	-1	1
-1	14308	-1	1
-1	14697	-1	1
-1	17718	-1	1
-1	11580	-1	1
-1	20698	-1	1
-1	20892	-1	1
-1	7594	-1	1
-1	17546	-1	1
-1	17865	-1	1
-1	8910	-1	1
-1	2498	-1	1
-1	15489	-1	1
-1	7769	-1	1
-1	21098	-1	1
-1	19424	-1	1
-1	12945	-1	1
-1	8166	-1	1
-1	2571	-1	1
-1	20561	-1	1
-1	19569	-1	1
-1	17803	-1	1
-1	7934	-1	1
-1	10296	-1	1
-1	2043	-1	1
-1	19892	-1	1
-1	11731	-1	1
-1	11797	-1	1
-1	20427	-1	1
-1	11304	-1	1
-1	4250	-1	1
-1	20817	-1	1
-1	15522	-1	1
-1	10674	-1	1
-1	21001	-1	1
-1	19654	-1	1
-1	14590	-1	1
-1	3467	-1	1
-1	13755	-1	1
-1	2003	-1	1
-1	19303	-1	1
-1	2456	-1	1
-1	4781	-1	1
-1	3480	-1	1
-1	20047	-1	1
-1	15171	-1	1
-1	11028	-1	1
-1	20002	-1	1
-1	17509	-1	1
-1	8614	-1	1
-1	13382	-1	1
-1	14473	-1	1
-1	15755	-1	1
-1	5603	-1	1
-1	16013	-1	1
-1	21297	-1	1
-1	14621	-1	1
-1	21062	-1	1
-1	10620	-1	1
-1	10472	-1	1
-1	14608	-1	1
-1	1995	-1	1
-1	17916	-1	1
-1	20295	-1	1
-1	13146	-1	1
-1	18169	-1	1
-1	11353	-1	1
-1	14767	-1	1
-1	15184	-1	1
-1	15111	-1	1
-1	3176	-1	1
-1	4093	-1	1
-1	7610	-1	1
-1	13087	-1	1
-1	9669	-1	1
-1	11694	-1	1
-1	8598	-1	1
-1	14718	-1	1
-1	9144	-1	1
-1	4984	-1	1
-1	14058	-1	1
-1	5346	-1	1
-1	11143	-1	1
-1	9950	-1	1
-1	20854	-1	1
-1	4237	-1	1
-1	7578	-1	1
-1	7679	-1	1
-1	17520	-1	1
-1	12039	-1	1
-1	12438	-1	1
-1	18990	-1	1
-1	14403	-1	1
-1	18251	-1	1
-1	9748	-1	1
-1	4665	-1	1
-1	13756	-1	1
-1	2282	-1	1
-1	6629	-1	1
-1	16848	-1	1
-1	21097	-1	1
-1	3709	-1	1
-1	20939	-1	1
-1	3819	-1	1
-1	8144	-1	1
-1	9202	-1	1
-1	14228	-1	1
-1	7339	-1	1
-1	16807	-1	1
-1	15782	-1	1
-1	20677	-1	1
-1	7866	-1	1
-1	10899	-1	1
-1	8078	-1	1
-1	2803	-1	1
-1	9915	-1	1
-1	7860	-1	1
-1	3564	-1	1
-1	7833	-1	1
-1	4848	-1	1
-1	9026	-1	1
-1	11187	-1	1
-1	8602	-1	1
-1	21374	-1	1
-1	15840	-1	1
-1	8378	-1	1
-1	12675	-1	1
-1	8798	-1	1
-1	12961	-1	1
-1	7162	-1	1
-1	9649	-1	1
-1	8160	-1	1
-1	19557	-1	1
-1	10694	-1	1
-1	17101	-1	1
-1	13480	-1	1
-1	21183	-1	1
-1	19111	-1	1
-1	20435	-1	1
-1	7647	-1	1
-1	10862	-1	1
-1	13347	-1	1
-1	18105	-1	1
-1	15923	-1	1
-1	20322	-1	1
-1	7242	-1	1
-1	16434	-1	1
-1	5357	-1	1
-1	7619	-1	1
-1	8441	-1	1
-1	19020	-1	1
-1	11788	-1	1
-1	20786	-1	1
-1	7790	-1	1
-1	21444	-1	1
-1	19094	-1	1
-1	4235	-1	1
-1	4247	-1	1
-1	7289	-1	1
-1	21348	-1	1
-1	10347	-1	1
-1	18497	-1	1
-1	5174	-1	1
-1	17798	-1	1
-1	16465	-1	1
-1	14142	-1	1
-1	16712	-1	1
-1	8951	-1	1
-1	2006	-1	1
-1	2867	-1	1
-1	2415	-1	1
-1	8122	-1	1
-1	5000	-1	1
-1	7604	-1	1
-1	19514	-1	1
-1	9392	-1	1
-1	19416	-1	1
-1	13167	-1	1
-1	3281	-1	1
-1	14503	-1	1
-1	10878	-1	1
-1	19134	-1	1
LBCmax: 19588
