50  50
	0	30	1	78	2	27	3	25	4	22	5	36	6	20	7	8	8	93	9	51	10	45	11	55	12	5	13	69	14	2	15	98	16	85	17	36	18	21	19	39	20	65	21	98	22	41	23	2	24	83	25	34	26	77	27	42	28	85	29	78	30	24	31	29	32	74	33	2	34	60	35	36	36	99	37	54	38	44	39	91	40	73	41	85	42	23	43	93	44	60	45	99	46	93	47	77	48	86	49	11
	0	81	1	92	2	42	3	9	4	36	5	32	6	100	7	37	8	55	9	18	10	63	11	56	12	72	13	38	14	1	15	53	16	95	17	77	18	56	19	94	20	67	21	8	22	28	23	48	24	81	25	15	26	55	27	26	28	79	29	80	30	58	31	19	32	12	33	42	34	21	35	17	36	52	37	21	38	16	39	50	40	66	41	62	42	97	43	79	44	4	45	36	46	25	47	39	48	56	49	13
	0	96	1	99	2	87	3	85	4	82	5	88	6	50	7	9	8	17	9	26	10	30	11	1	12	67	13	36	14	86	15	90	16	94	17	22	18	70	19	21	20	81	21	66	22	64	23	76	24	80	25	58	26	52	27	20	28	17	29	57	30	14	31	33	32	51	33	73	34	20	35	51	36	65	37	92	38	53	39	40	40	56	41	91	42	90	43	88	44	41	45	28	46	22	47	63	48	88	49	87
	0	94	1	88	2	56	3	18	4	95	5	36	6	89	7	14	8	17	9	39	10	8	11	91	12	84	13	51	14	87	15	88	16	7	17	35	18	14	19	88	20	13	21	48	22	66	23	26	24	70	25	42	26	62	27	51	28	82	29	16	30	59	31	39	32	48	33	77	34	6	35	77	36	3	37	99	38	84	39	85	40	73	41	93	42	85	43	18	44	27	45	12	46	6	47	78	48	5	49	70
	0	74	1	41	2	45	3	51	4	23	5	49	6	53	7	12	8	71	9	50	10	76	11	29	12	98	13	69	14	76	15	45	16	6	17	54	18	28	19	95	20	9	21	22	22	62	23	33	24	92	25	99	26	50	27	82	28	37	29	40	30	94	31	89	32	1	33	56	34	61	35	45	36	87	37	94	38	93	39	100	40	68	41	56	42	57	43	9	44	29	45	33	46	42	47	51	48	39	49	96
	0	2	1	31	2	88	3	89	4	98	5	62	6	34	7	89	8	5	9	59	10	48	11	38	12	73	13	27	14	53	15	76	16	67	17	98	18	99	19	8	20	11	21	61	22	10	23	93	24	24	25	91	26	9	27	49	28	31	29	56	30	95	31	93	32	56	33	93	34	30	35	67	36	63	37	35	38	71	39	29	40	87	41	64	42	35	43	98	44	63	45	19	46	2	47	85	48	66	49	60
	0	84	1	51	2	2	3	1	4	12	5	72	6	23	7	34	8	26	9	3	10	47	11	23	12	71	13	73	14	14	15	39	16	26	17	49	18	12	19	58	20	21	21	50	22	40	23	45	24	28	25	10	26	3	27	3	28	23	29	5	30	54	31	54	32	50	33	100	34	30	35	75	36	45	37	93	38	43	39	25	40	2	41	41	42	15	43	14	44	74	45	1	46	96	47	9	48	50	49	41
	0	68	1	89	2	61	3	73	4	51	5	78	6	92	7	30	8	53	9	20	10	2	11	96	12	24	13	80	14	86	15	44	16	29	17	94	18	41	19	47	20	18	21	79	22	93	23	74	24	83	25	95	26	17	27	84	28	17	29	14	30	58	31	65	32	27	33	38	34	26	35	5	36	52	37	65	38	23	39	74	40	94	41	10	42	30	43	59	44	64	45	17	46	68	47	86	48	4	49	16
	0	88	1	11	2	31	3	34	4	86	5	79	6	14	7	32	8	21	9	65	10	88	11	47	12	91	13	57	14	52	15	64	16	7	17	46	18	23	19	34	20	49	21	27	22	28	23	15	24	9	25	33	26	58	27	16	28	49	29	43	30	29	31	54	32	32	33	53	34	6	35	58	36	2	37	95	38	96	39	95	40	17	41	29	42	14	43	75	44	71	45	65	46	79	47	82	48	55	49	82
	0	86	1	40	2	33	3	35	4	75	5	80	6	45	7	96	8	84	9	10	10	69	11	47	12	49	13	70	14	77	15	30	16	15	17	44	18	93	19	26	20	35	21	52	22	40	23	98	24	98	25	39	26	3	27	55	28	12	29	55	30	77	31	90	32	10	33	64	34	68	35	9	36	77	37	51	38	57	39	65	40	15	41	4	42	50	43	44	44	81	45	81	46	83	47	88	48	74	49	11
	0	46	1	39	2	57	3	76	4	36	5	34	6	35	7	61	8	74	9	2	10	29	11	98	12	39	13	35	14	10	15	14	16	84	17	24	18	97	19	75	20	66	21	96	22	21	23	81	24	96	25	93	26	9	27	51	28	72	29	62	30	44	31	6	32	79	33	68	34	10	35	39	36	57	37	38	38	18	39	38	40	57	41	100	42	73	43	78	44	64	45	71	46	44	47	25	48	39	49	18
	0	16	1	99	2	5	3	86	4	67	5	3	6	94	7	68	8	90	9	100	10	19	11	75	12	34	13	1	14	45	15	7	16	61	17	16	18	64	19	50	20	33	21	42	22	4	23	53	24	63	25	15	26	33	27	43	28	18	29	57	30	27	31	95	32	37	33	76	34	13	35	68	36	12	37	5	38	14	39	57	40	50	41	96	42	61	43	41	44	95	45	96	46	28	47	17	48	98	49	84
	0	25	1	49	2	62	3	24	4	52	5	81	6	84	7	78	8	86	9	81	10	81	11	100	12	75	13	22	14	83	15	57	16	37	17	16	18	12	19	1	20	10	21	62	22	87	23	60	24	90	25	61	26	25	27	18	28	45	29	21	30	29	31	19	32	16	33	53	34	85	35	9	36	20	37	19	38	93	39	91	40	19	41	9	42	29	43	66	44	40	45	30	46	97	47	95	48	32	49	43
	0	16	1	80	2	17	3	98	4	66	5	66	6	56	7	27	8	66	9	17	10	47	11	9	12	83	13	2	14	22	15	19	16	73	17	1	18	10	19	14	20	18	21	25	22	87	23	37	24	2	25	96	26	14	27	14	28	42	29	46	30	62	31	100	32	71	33	8	34	53	35	96	36	26	37	38	38	69	39	19	40	9	41	74	42	15	43	32	44	7	45	13	46	34	47	43	48	95	49	79
	0	8	1	29	2	55	3	6	4	2	5	63	6	87	7	59	8	21	9	33	10	3	11	65	12	96	13	78	14	18	15	28	16	20	17	99	18	73	19	50	20	95	21	6	22	85	23	94	24	67	25	7	26	72	27	34	28	51	29	60	30	16	31	99	32	81	33	38	34	73	35	10	36	35	37	78	38	15	39	48	40	20	41	11	42	84	43	12	44	13	45	7	46	92	47	59	48	1	49	66
	0	87	1	32	2	57	3	46	4	74	5	10	6	50	7	13	8	65	9	49	10	81	11	45	12	93	13	93	14	78	15	34	16	10	17	66	18	13	19	59	20	62	21	83	22	99	23	35	24	9	25	46	26	100	27	55	28	26	29	98	30	64	31	69	32	15	33	60	34	38	35	87	36	100	37	79	38	46	39	96	40	98	41	45	42	38	43	12	44	81	45	72	46	35	47	19	48	74	49	53
	0	23	1	72	2	50	3	12	4	81	5	57	6	22	7	28	8	50	9	31	10	47	11	16	12	59	13	93	14	76	15	67	16	78	17	65	18	33	19	88	20	70	21	64	22	99	23	7	24	47	25	12	26	30	27	21	28	67	29	11	30	44	31	3	32	7	33	74	34	47	35	7	36	23	37	92	38	89	39	21	40	66	41	81	42	76	43	63	44	18	45	41	46	58	47	34	48	74	49	6
	0	87	1	49	2	67	3	89	4	19	5	25	6	38	7	37	8	85	9	1	10	72	11	44	12	69	13	98	14	69	15	10	16	64	17	70	18	12	19	20	20	96	21	90	22	57	23	92	24	32	25	65	26	56	27	24	28	21	29	94	30	81	31	23	32	23	33	99	34	19	35	8	36	29	37	90	38	49	39	17	40	86	41	52	42	34	43	64	44	69	45	73	46	66	47	13	48	61	49	27
	0	70	1	83	2	47	3	100	4	40	5	88	6	28	7	23	8	72	9	73	10	95	11	33	12	14	13	22	14	47	15	4	16	37	17	22	18	19	19	91	20	27	21	23	22	69	23	90	24	15	25	30	26	33	27	13	28	17	29	8	30	39	31	32	32	50	33	91	34	70	35	20	36	42	37	34	38	71	39	16	40	47	41	29	42	80	43	87	44	42	45	93	46	8	47	56	48	67	49	95
	0	1	1	24	2	26	3	63	4	64	5	5	6	64	7	19	8	20	9	57	10	95	11	5	12	49	13	63	14	41	15	15	16	10	17	18	18	94	19	32	20	66	21	99	22	44	23	49	24	44	25	45	26	94	27	20	28	4	29	72	30	88	31	56	32	6	33	83	34	8	35	84	36	99	37	67	38	11	39	17	40	63	41	92	42	35	43	7	44	82	45	29	46	60	47	90	48	33	49	65
	0	39	1	26	2	11	3	5	4	10	5	4	6	30	7	47	8	59	9	73	10	75	11	98	12	10	13	99	14	86	15	65	16	43	17	74	18	93	19	22	20	69	21	28	22	60	23	61	24	25	25	4	26	79	27	61	28	61	29	17	30	28	31	33	32	24	33	97	34	100	35	41	36	74	37	78	38	47	39	83	40	78	41	12	42	9	43	4	44	77	45	79	46	12	47	67	48	8	49	58
	0	65	1	89	2	33	3	68	4	83	5	54	6	16	7	75	8	23	9	19	10	30	11	59	12	100	13	97	14	7	15	64	16	22	17	93	18	49	19	71	20	77	21	98	22	56	23	85	24	38	25	89	26	67	27	18	28	78	29	88	30	90	31	2	32	26	33	69	34	83	35	68	36	74	37	16	38	12	39	88	40	46	41	89	42	83	43	45	44	79	45	31	46	52	47	87	48	64	49	21
	0	30	1	94	2	72	3	84	4	53	5	31	6	38	7	76	8	88	9	2	10	97	11	32	12	81	13	8	14	83	15	35	16	80	17	74	18	43	19	42	20	78	21	1	22	20	23	85	24	73	25	66	26	11	27	12	28	31	29	66	30	4	31	65	32	94	33	74	34	52	35	89	36	85	37	76	38	33	39	18	40	83	41	78	42	100	43	99	44	83	45	21	46	40	47	38	48	68	49	43
	0	73	1	79	2	36	3	61	4	68	5	44	6	82	7	79	8	64	9	19	10	23	11	37	12	18	13	39	14	3	15	54	16	10	17	10	18	29	19	37	20	90	21	90	22	26	23	61	24	42	25	94	26	4	27	23	28	95	29	8	30	74	31	49	32	16	33	25	34	65	35	3	36	54	37	34	38	28	39	4	40	28	41	32	42	18	43	77	44	77	45	34	46	99	47	86	48	9	49	97
	0	18	1	20	2	23	3	98	4	27	5	27	6	96	7	24	8	62	9	33	10	41	11	48	12	8	13	79	14	94	15	30	16	3	17	52	18	90	19	46	20	59	21	25	22	12	23	33	24	10	25	2	26	47	27	17	28	10	29	41	30	81	31	49	32	44	33	17	34	91	35	73	36	25	37	18	38	56	39	95	40	80	41	14	42	66	43	39	44	63	45	33	46	100	47	96	48	45	49	22
	0	31	1	100	2	59	3	91	4	43	5	5	6	3	7	66	8	90	9	34	10	44	11	2	12	28	13	20	14	56	15	13	16	98	17	70	18	95	19	39	20	37	21	16	22	91	23	64	24	55	25	39	26	14	27	28	28	98	29	76	30	44	31	15	32	80	33	40	34	41	35	13	36	72	37	32	38	8	39	64	40	61	41	5	42	93	43	66	44	25	45	13	46	61	47	79	48	92	49	75
	0	42	1	60	2	73	3	99	4	36	5	21	6	87	7	83	8	20	9	92	10	20	11	74	12	11	13	24	14	84	15	39	16	53	17	68	18	69	19	1	20	44	21	29	22	13	23	26	24	31	25	44	26	14	27	84	28	23	29	78	30	68	31	96	32	6	33	13	34	19	35	54	36	61	37	64	38	37	39	80	40	22	41	68	42	71	43	48	44	15	45	29	46	33	47	96	48	77	49	98
	0	23	1	100	2	39	3	31	4	94	5	74	6	18	7	61	8	10	9	40	10	66	11	60	12	66	13	73	14	59	15	98	16	50	17	97	18	24	19	7	20	75	21	18	22	43	23	14	24	24	25	3	26	82	27	100	28	67	29	36	30	26	31	6	32	46	33	17	34	27	35	83	36	45	37	97	38	92	39	56	40	97	41	39	42	69	43	64	44	72	45	67	46	5	47	75	48	61	49	41
	0	88	1	8	2	65	3	61	4	91	5	100	6	25	7	1	8	97	9	97	10	68	11	10	12	45	13	61	14	67	15	46	16	49	17	34	18	6	19	23	20	77	21	84	22	30	23	92	24	71	25	18	26	16	27	69	28	83	29	69	30	70	31	4	32	23	33	60	34	69	35	50	36	56	37	14	38	86	39	52	40	1	41	67	42	64	43	97	44	15	45	96	46	37	47	76	48	58	49	74
	0	8	1	57	2	79	3	11	4	33	5	59	6	68	7	41	8	73	9	95	10	63	11	71	12	11	13	4	14	10	15	98	16	43	17	1	18	8	19	53	20	95	21	18	22	94	23	48	24	29	25	1	26	46	27	7	28	29	29	4	30	11	31	31	32	81	33	77	34	87	35	19	36	1	37	56	38	13	39	40	40	65	41	89	42	47	43	35	44	42	45	61	46	35	47	93	48	37	49	8
	0	5	1	32	2	5	3	14	4	35	5	65	6	81	7	55	8	84	9	55	10	33	11	24	12	73	13	71	14	48	15	41	16	72	17	4	18	100	19	45	20	19	21	9	22	59	23	20	24	73	25	78	26	38	27	97	28	94	29	59	30	98	31	41	32	83	33	78	34	43	35	5	36	39	37	36	38	85	39	16	40	5	41	66	42	62	43	35	44	19	45	2	46	29	47	83	48	89	49	75
	0	66	1	44	2	55	3	34	4	65	5	84	6	9	7	82	8	98	9	35	10	88	11	45	12	68	13	47	14	64	15	33	16	4	17	8	18	79	19	63	20	49	21	68	22	21	23	28	24	47	25	33	26	30	27	69	28	38	29	11	30	75	31	56	32	5	33	21	34	48	35	89	36	42	37	5	38	56	39	93	40	38	41	98	42	29	43	41	44	84	45	48	46	51	47	53	48	54	49	91
	0	87	1	40	2	29	3	23	4	74	5	94	6	43	7	21	8	96	9	56	10	85	11	14	12	51	13	85	14	93	15	95	16	83	17	37	18	91	19	32	20	49	21	22	22	97	23	14	24	35	25	78	26	79	27	45	28	31	29	7	30	32	31	77	32	50	33	49	34	25	35	18	36	40	37	82	38	20	39	100	40	13	41	87	42	76	43	53	44	18	45	14	46	76	47	38	48	3	49	30
	0	60	1	40	2	56	3	42	4	32	5	10	6	31	7	22	8	80	9	15	10	73	11	80	12	42	13	35	14	18	15	63	16	81	17	19	18	28	19	72	20	73	21	73	22	88	23	24	24	9	25	69	26	63	27	8	28	73	29	71	30	9	31	8	32	43	33	33	34	77	35	91	36	22	37	15	38	52	39	80	40	11	41	9	42	29	43	69	44	62	45	90	46	93	47	42	48	90	49	14
	0	80	1	10	2	15	3	46	4	32	5	69	6	82	7	77	8	55	9	47	10	70	11	69	12	59	13	3	14	76	15	39	16	44	17	72	18	65	19	60	20	40	21	100	22	89	23	58	24	34	25	86	26	41	27	16	28	38	29	35	30	85	31	23	32	70	33	4	34	80	35	25	36	66	37	62	38	85	39	71	40	43	41	26	42	25	43	58	44	70	45	32	46	45	47	14	48	23	49	52
	0	80	1	78	2	43	3	66	4	29	5	67	6	6	7	57	8	95	9	40	10	74	11	82	12	50	13	88	14	4	15	29	16	21	17	18	18	19	19	85	20	5	21	20	22	64	23	53	24	65	25	16	26	16	27	6	28	78	29	40	30	14	31	59	32	8	33	2	34	20	35	2	36	39	37	20	38	45	39	23	40	12	41	41	42	78	43	9	44	11	45	81	46	24	47	21	48	15	49	35
	0	27	1	54	2	23	3	69	4	33	5	49	6	90	7	70	8	28	9	20	10	50	11	27	12	46	13	90	14	6	15	68	16	36	17	72	18	25	19	74	20	34	21	37	22	52	23	48	24	87	25	35	26	38	27	98	28	1	29	82	30	54	31	88	32	34	33	29	34	16	35	41	36	50	37	52	38	68	39	2	40	98	41	62	42	79	43	8	44	85	45	2	46	56	47	14	48	63	49	79
	0	85	1	67	2	41	3	68	4	43	5	41	6	94	7	64	8	51	9	62	10	42	11	78	12	55	13	89	14	92	15	5	16	57	17	35	18	98	19	11	20	37	21	44	22	71	23	6	24	31	25	47	26	28	27	17	28	57	29	77	30	82	31	63	32	14	33	10	34	13	35	99	36	84	37	55	38	51	39	93	40	10	41	25	42	84	43	38	44	52	45	53	46	60	47	20	48	13	49	27
	0	42	1	90	2	7	3	79	4	55	5	18	6	16	7	32	8	4	9	23	10	30	11	98	12	83	13	6	14	3	15	92	16	82	17	25	18	44	19	73	20	67	21	5	22	25	23	63	24	100	25	56	26	2	27	95	28	7	29	49	30	47	31	69	32	31	33	69	34	58	35	42	36	11	37	51	38	89	39	77	40	75	41	71	42	16	43	20	44	60	45	26	46	38	47	79	48	63	49	57
	0	63	1	31	2	9	3	72	4	48	5	80	6	92	7	90	8	80	9	34	10	7	11	4	12	18	13	90	14	95	15	38	16	39	17	20	18	60	19	47	20	52	21	25	22	39	23	74	24	76	25	84	26	20	27	83	28	99	29	12	30	54	31	19	32	51	33	17	34	2	35	58	36	77	37	4	38	99	39	61	40	83	41	89	42	44	43	41	44	79	45	94	46	48	47	6	48	70	49	51
	0	83	1	39	2	50	3	43	4	22	5	11	6	92	7	37	8	73	9	75	10	62	11	11	12	35	13	51	14	89	15	69	16	29	17	14	18	57	19	93	20	89	21	54	22	27	23	79	24	9	25	50	26	78	27	63	28	88	29	93	30	42	31	26	32	15	33	47	34	74	35	26	36	85	37	27	38	64	39	24	40	39	41	38	42	99	43	69	44	68	45	4	46	26	47	79	48	30	49	80
	0	77	1	29	2	65	3	21	4	49	5	28	6	100	7	63	8	60	9	57	10	92	11	33	12	16	13	84	14	51	15	80	16	63	17	96	18	23	19	27	20	16	21	93	22	47	23	47	24	77	25	60	26	100	27	46	28	84	29	88	30	5	31	85	32	71	33	22	34	63	35	75	36	7	37	59	38	24	39	51	40	65	41	9	42	24	43	75	44	22	45	21	46	43	47	39	48	97	49	100
	0	63	1	82	2	90	3	95	4	31	5	19	6	58	7	30	8	58	9	57	10	55	11	91	12	8	13	47	14	18	15	9	16	50	17	93	18	79	19	97	20	95	21	23	22	27	23	32	24	28	25	81	26	63	27	79	28	1	29	11	30	4	31	12	32	63	33	28	34	49	35	80	36	35	37	7	38	99	39	6	40	56	41	32	42	99	43	32	44	54	45	75	46	44	47	51	48	27	49	19
	0	61	1	71	2	36	3	28	4	77	5	14	6	33	7	30	8	9	9	56	10	93	11	72	12	57	13	35	14	16	15	63	16	75	17	1	18	11	19	4	20	54	21	87	22	86	23	79	24	49	25	9	26	14	27	65	28	19	29	39	30	28	31	58	32	72	33	7	34	76	35	53	36	39	37	18	38	49	39	10	40	4	41	98	42	45	43	90	44	74	45	95	46	48	47	51	48	72	49	13
	0	16	1	42	2	70	3	53	4	27	5	23	6	7	7	69	8	19	9	2	10	59	11	87	12	20	13	80	14	51	15	36	16	54	17	25	18	35	19	87	20	69	21	29	22	58	23	5	24	41	25	18	26	18	27	45	28	16	29	19	30	64	31	71	32	18	33	92	34	90	35	58	36	37	37	99	38	45	39	14	40	56	41	61	42	24	43	39	44	2	45	20	46	57	47	90	48	14	49	9
	0	80	1	38	2	71	3	3	4	56	5	28	6	21	7	2	8	97	9	68	10	11	11	58	12	94	13	32	14	92	15	65	16	54	17	32	18	60	19	59	20	5	21	94	22	70	23	7	24	21	25	63	26	7	27	76	28	69	29	2	30	12	31	11	32	87	33	66	34	12	35	68	36	49	37	68	38	86	39	75	40	66	41	70	42	56	43	24	44	27	45	56	46	19	47	9	48	96	49	84
	0	21	1	67	2	3	3	12	4	65	5	91	6	3	7	54	8	98	9	10	10	85	11	6	12	7	13	74	14	61	15	40	16	35	17	69	18	62	19	81	20	91	21	59	22	24	23	85	24	9	25	36	26	48	27	3	28	89	29	14	30	43	31	97	32	28	33	4	34	19	35	23	36	100	37	55	38	64	39	36	40	74	41	49	42	27	43	39	44	69	45	81	46	4	47	10	48	65	49	68
	0	87	1	71	2	51	3	65	4	16	5	73	6	57	7	78	8	61	9	36	10	2	11	7	12	23	13	32	14	73	15	63	16	10	17	34	18	95	19	31	20	49	21	55	22	66	23	83	24	33	25	40	26	74	27	54	28	15	29	98	30	10	31	41	32	88	33	95	34	40	35	95	36	30	37	22	38	24	39	97	40	91	41	17	42	62	43	54	44	54	45	26	46	30	47	50	48	97	49	2
	0	26	1	39	2	43	3	89	4	37	5	67	6	65	7	46	8	8	9	54	10	85	11	6	12	58	13	76	14	1	15	63	16	88	17	36	18	4	19	44	20	63	21	4	22	85	23	12	24	84	25	60	26	51	27	94	28	55	29	87	30	77	31	37	32	28	33	87	34	81	35	38	36	83	37	20	38	3	39	100	40	63	41	81	42	3	43	10	44	85	45	77	46	29	47	33	48	82	49	69
	0	16	1	79	2	64	3	76	4	8	5	89	6	88	7	71	8	25	9	26	10	88	11	9	12	12	13	99	14	92	15	75	16	40	17	30	18	33	19	24	20	48	21	44	22	39	23	74	24	51	25	64	26	46	27	61	28	47	29	18	30	70	31	60	32	93	33	95	34	45	35	52	36	46	37	14	38	4	39	69	40	83	41	89	42	51	43	67	44	40	45	1	46	69	47	88	48	44	49	21
Reldue
-1	1791	-1	1
-1	1162	-1	1
-1	1032	-1	1
-1	1038	-1	1
-1	1683	-1	1
-1	776	-1	1
-1	690	-1	1
-1	3163	-1	1
-1	2602	-1	1
-1	2122	-1	1
-1	468	-1	1
-1	2689	-1	1
-1	1918	-1	1
-1	2293	-1	1
-1	619	-1	1
-1	2769	-1	1
-1	2099	-1	1
-1	1430	-1	1
-1	609	-1	1
-1	2053	-1	1
-1	2344	-1	1
-1	2613	-1	1
-1	1123	-1	1
-1	1139	-1	1
-1	1819	-1	1
-1	1081	-1	1
-1	2205	-1	1
-1	657	-1	1
-1	2262	-1	1
-1	527	-1	1
-1	2122	-1	1
-1	2961	-1	1
-1	1158	-1	1
-1	1460	-1	1
-1	2228	-1	1
-1	2616	-1	1
-1	3087	-1	1
-1	766	-1	1
-1	1811	-1	1
-1	1018	-1	1
-1	603	-1	1
-1	1029	-1	1
-1	588	-1	1
-1	1486	-1	1
-1	3085	-1	1
-1	1418	-1	1
-1	2422	-1	1
-1	2286	-1	1
-1	3084	-1	1
-1	3069	-1	1
LBCmax: 4578
