50  30
	0	17	1	3	2	12	3	43	4	68	5	54	6	68	7	16	8	39	9	1	10	61	11	61	12	44	13	96	14	27	15	99	16	93	17	43	18	28	19	64	20	15	21	12	22	98	23	89	24	57	25	56	26	50	27	54	28	37	29	26
	0	95	1	80	2	1	3	19	4	40	5	62	6	79	7	34	8	86	9	66	10	59	11	100	12	47	13	31	14	14	15	11	16	41	17	71	18	70	19	87	20	44	21	43	22	75	23	25	24	4	25	37	26	14	27	36	28	42	29	11
	0	2	1	61	2	5	3	63	4	15	5	20	6	41	7	23	8	68	9	45	10	1	11	4	12	37	13	84	14	11	15	43	16	86	17	86	18	44	19	26	20	53	21	9	22	1	23	72	24	95	25	6	26	82	27	19	28	2	29	77
	0	85	1	54	2	32	3	95	4	97	5	57	6	22	7	50	8	34	9	57	10	80	11	61	12	66	13	31	14	66	15	50	16	22	17	89	18	4	19	88	20	59	21	19	22	1	23	44	24	60	25	88	26	57	27	3	28	64	29	29
	0	85	1	39	2	68	3	57	4	82	5	48	6	46	7	88	8	28	9	84	10	72	11	60	12	84	13	56	14	41	15	87	16	33	17	71	18	34	19	74	20	84	21	37	22	67	23	93	24	19	25	53	26	13	27	96	28	64	29	67
	0	89	1	4	2	22	3	59	4	59	5	7	6	80	7	88	8	90	9	66	10	86	11	19	12	38	13	93	14	66	15	5	16	94	17	51	18	20	19	97	20	83	21	18	22	14	23	2	24	9	25	81	26	56	27	25	28	87	29	63
	0	39	1	50	2	4	3	15	4	70	5	50	6	13	7	7	8	22	9	36	10	19	11	96	12	93	13	83	14	50	15	79	16	35	17	88	18	1	19	41	20	6	21	53	22	90	23	55	24	50	25	5	26	79	27	3	28	9	29	72
	0	40	1	19	2	25	3	5	4	65	5	77	6	77	7	1	8	64	9	72	10	75	11	66	12	85	13	67	14	92	15	28	16	58	17	7	18	20	19	82	20	47	21	15	22	63	23	44	24	56	25	33	26	20	27	20	28	34	29	71
	0	18	1	37	2	64	3	59	4	86	5	87	6	35	7	39	8	91	9	79	10	31	11	31	12	76	13	1	14	97	15	60	16	73	17	32	18	45	19	28	20	68	21	69	22	23	23	67	24	59	25	48	26	66	27	14	28	20	29	72
	0	86	1	85	2	69	3	86	4	84	5	44	6	5	7	53	8	83	9	94	10	51	11	27	12	16	13	30	14	33	15	17	16	21	17	45	18	67	19	2	20	27	21	60	22	50	23	32	24	29	25	34	26	59	27	22	28	87	29	74
	0	19	1	37	2	4	3	33	4	93	5	13	6	56	7	96	8	87	9	61	10	88	11	70	12	95	13	63	14	2	15	26	16	24	17	42	18	81	19	79	20	56	21	70	22	52	23	82	24	53	25	54	26	71	27	90	28	21	29	97
	0	70	1	3	2	55	3	44	4	16	5	92	6	67	7	39	8	70	9	3	10	56	11	71	12	38	13	37	14	55	15	84	16	56	17	92	18	97	19	54	20	59	21	9	22	61	23	94	24	2	25	40	26	89	27	20	28	66	29	49
	0	99	1	84	2	49	3	5	4	36	5	72	6	10	7	31	8	13	9	10	10	49	11	16	12	56	13	45	14	25	15	3	16	56	17	61	18	29	19	13	20	71	21	83	22	94	23	73	24	54	25	60	26	91	27	40	28	86	29	19
	0	37	1	61	2	44	3	68	4	40	5	98	6	41	7	52	8	28	9	4	10	97	11	2	12	50	13	51	14	53	15	44	16	51	17	14	18	22	19	45	20	53	21	90	22	35	23	13	24	85	25	95	26	49	27	79	28	65	29	57
	0	95	1	38	2	13	3	21	4	1	5	12	6	41	7	15	8	19	9	67	10	71	11	58	12	33	13	13	14	59	15	86	16	33	17	33	18	27	19	57	20	69	21	61	22	43	23	37	24	48	25	76	26	87	27	91	28	6	29	91
	0	6	1	26	2	87	3	68	4	34	5	56	6	9	7	53	8	34	9	3	10	89	11	52	12	100	13	25	14	79	15	70	16	99	17	67	18	100	19	80	20	70	21	56	22	12	23	10	24	97	25	83	26	39	27	57	28	13	29	63
	0	31	1	60	2	24	3	49	4	52	5	100	6	46	7	38	8	4	9	8	10	85	11	21	12	42	13	92	14	31	15	29	16	37	17	27	18	24	19	1	20	81	21	50	22	5	23	76	24	58	25	72	26	96	27	70	28	8	29	94
	0	34	1	5	2	75	3	78	4	67	5	89	6	2	7	29	8	3	9	75	10	17	11	68	12	40	13	44	14	36	15	26	16	40	17	82	18	55	19	63	20	19	21	58	22	23	23	13	24	66	25	20	26	10	27	1	28	5	29	55
	0	26	1	74	2	78	3	98	4	33	5	63	6	11	7	76	8	67	9	48	10	67	11	15	12	74	13	3	14	29	15	61	16	3	17	41	18	58	19	86	20	29	21	86	22	6	23	76	24	91	25	40	26	92	27	30	28	68	29	30
	0	69	1	8	2	33	3	37	4	34	5	13	6	48	7	59	8	69	9	3	10	1	11	54	12	9	13	44	14	97	15	57	16	66	17	74	18	43	19	78	20	77	21	30	22	96	23	27	24	37	25	55	26	73	27	4	28	34	29	88
	0	26	1	67	2	18	3	14	4	39	5	76	6	44	7	10	8	5	9	39	10	84	11	27	12	74	13	46	14	5	15	89	16	3	17	51	18	47	19	100	20	27	21	31	22	45	23	95	24	42	25	47	26	96	27	57	28	77	29	77
	0	47	1	14	2	74	3	97	4	65	5	71	6	27	7	32	8	12	9	38	10	37	11	99	12	32	13	68	14	80	15	23	16	42	17	14	18	3	19	85	20	49	21	70	22	96	23	42	24	68	25	48	26	96	27	32	28	2	29	11
	0	29	1	35	2	97	3	67	4	95	5	81	6	4	7	93	8	46	9	100	10	97	11	35	12	22	13	65	14	24	15	11	16	31	17	86	18	13	19	24	20	6	21	33	22	35	23	29	24	62	25	7	26	10	27	48	28	33	29	94
	0	5	1	9	2	77	3	56	4	54	5	47	6	70	7	58	8	14	9	6	10	20	11	26	12	17	13	27	14	81	15	86	16	1	17	6	18	60	19	37	20	18	21	60	22	14	23	45	24	49	25	35	26	6	27	72	28	93	29	40
	0	73	1	72	2	91	3	8	4	91	5	18	6	100	7	90	8	75	9	42	10	55	11	51	12	39	13	8	14	49	15	31	16	84	17	41	18	39	19	67	20	20	21	82	22	67	23	7	24	24	25	51	26	18	27	61	28	82	29	37
	0	97	1	61	2	82	3	33	4	74	5	27	6	57	7	100	8	22	9	73	10	81	11	24	12	70	13	83	14	66	15	96	16	24	17	52	18	43	19	34	20	46	21	69	22	86	23	25	24	76	25	84	26	32	27	55	28	52	29	94
	0	10	1	51	2	59	3	34	4	71	5	69	6	5	7	51	8	86	9	85	10	15	11	12	12	52	13	73	14	86	15	72	16	35	17	89	18	36	19	84	20	17	21	96	22	62	23	54	24	51	25	75	26	70	27	51	28	24	29	37
	0	43	1	37	2	85	3	15	4	73	5	74	6	97	7	99	8	65	9	28	10	6	11	56	12	84	13	61	14	52	15	31	16	12	17	99	18	47	19	41	20	33	21	11	22	10	23	83	24	61	25	29	26	29	27	41	28	82	29	10
	0	86	1	56	2	67	3	2	4	69	5	83	6	95	7	84	8	60	9	68	10	70	11	70	12	67	13	96	14	39	15	16	16	36	17	21	18	39	19	63	20	77	21	55	22	22	23	5	24	71	25	79	26	49	27	61	28	55	29	32
	0	51	1	96	2	96	3	45	4	83	5	20	6	96	7	60	8	33	9	55	10	8	11	47	12	67	13	54	14	38	15	94	16	100	17	7	18	56	19	40	20	44	21	75	22	67	23	86	24	68	25	27	26	95	27	96	28	66	29	86
	0	85	1	61	2	26	3	89	4	29	5	15	6	31	7	35	8	69	9	1	10	57	11	69	12	33	13	37	14	37	15	21	16	10	17	36	18	93	19	8	20	61	21	62	22	82	23	59	24	32	25	42	26	93	27	28	28	22	29	69
	0	84	1	99	2	92	3	42	4	62	5	4	6	55	7	53	8	35	9	2	10	62	11	14	12	94	13	95	14	73	15	62	16	94	17	75	18	93	19	12	20	53	21	30	22	91	23	36	24	95	25	56	26	56	27	81	28	78	29	47
	0	36	1	62	2	7	3	63	4	73	5	89	6	22	7	97	8	40	9	24	10	3	11	95	12	21	13	60	14	28	15	93	16	11	17	74	18	83	19	84	20	17	21	14	22	23	23	22	24	86	25	92	26	6	27	18	28	93	29	14
	0	61	1	14	2	69	3	65	4	72	5	4	6	44	7	20	8	79	9	63	10	44	11	68	12	24	13	97	14	59	15	48	16	100	17	10	18	73	19	51	20	84	21	82	22	34	23	32	24	53	25	73	26	78	27	31	28	21	29	14
	0	69	1	1	2	38	3	44	4	96	5	95	6	52	7	11	8	41	9	53	10	12	11	36	12	22	13	1	14	70	15	9	16	61	17	41	18	11	19	84	20	35	21	98	22	8	23	65	24	15	25	63	26	1	27	13	28	96	29	35
	0	28	1	24	2	78	3	57	4	63	5	46	6	38	7	94	8	48	9	38	10	19	11	9	12	7	13	87	14	27	15	18	16	97	17	44	18	84	19	54	20	18	21	41	22	15	23	46	24	100	25	94	26	51	27	1	28	33	29	7
	0	65	1	60	2	99	3	44	4	86	5	46	6	48	7	16	8	62	9	34	10	96	11	3	12	57	13	7	14	60	15	29	16	4	17	88	18	42	19	30	20	51	21	52	22	38	23	97	24	77	25	54	26	38	27	93	28	55	29	43
	0	22	1	63	2	2	3	40	4	88	5	84	6	28	7	85	8	61	9	37	10	79	11	9	12	67	13	88	14	51	15	72	16	73	17	14	18	96	19	58	20	26	21	9	22	61	23	51	24	43	25	55	26	30	27	5	28	32	29	53
	0	59	1	90	2	52	3	26	4	23	5	84	6	34	7	68	8	11	9	41	10	31	11	84	12	47	13	43	14	61	15	38	16	19	17	27	18	56	19	29	20	39	21	52	22	53	23	35	24	78	25	22	26	65	27	10	28	29	29	12
	0	25	1	25	2	15	3	40	4	10	5	80	6	38	7	80	8	55	9	33	10	12	11	34	12	43	13	20	14	68	15	85	16	12	17	65	18	98	19	100	20	29	21	6	22	67	23	68	24	10	25	80	26	39	27	83	28	92	29	43
	0	74	1	12	2	93	3	27	4	97	5	95	6	94	7	49	8	50	9	89	10	55	11	32	12	76	13	35	14	38	15	97	16	89	17	11	18	89	19	41	20	46	21	18	22	16	23	11	24	6	25	84	26	66	27	27	28	51	29	8
	0	72	1	27	2	10	3	68	4	45	5	40	6	97	7	60	8	8	9	96	10	62	11	53	12	20	13	29	14	21	15	67	16	19	17	55	18	5	19	24	20	92	21	5	22	42	23	10	24	52	25	52	26	80	27	52	28	72	29	73
	0	91	1	19	2	9	3	21	4	29	5	73	6	21	7	9	8	29	9	40	10	67	11	21	12	69	13	86	14	17	15	6	16	34	17	4	18	43	19	26	20	52	21	53	22	52	23	60	24	84	25	7	26	79	27	75	28	7	29	2
	0	64	1	31	2	8	3	91	4	65	5	77	6	66	7	42	8	98	9	44	10	27	11	40	12	90	13	66	14	61	15	82	16	99	17	55	18	74	19	72	20	28	21	28	22	14	23	53	24	37	25	72	26	92	27	41	28	47	29	66
	0	2	1	40	2	59	3	28	4	18	5	52	6	61	7	31	8	2	9	21	10	81	11	18	12	45	13	70	14	7	15	11	16	26	17	10	18	99	19	86	20	67	21	47	22	46	23	70	24	21	25	6	26	44	27	70	28	4	29	46
	0	11	1	48	2	72	3	48	4	59	5	2	6	9	7	78	8	76	9	13	10	65	11	79	12	11	13	68	14	57	15	39	16	52	17	74	18	44	19	17	20	34	21	21	22	12	23	60	24	30	25	49	26	47	27	22	28	5	29	50
	0	80	1	59	2	39	3	85	4	23	5	86	6	45	7	8	8	41	9	100	10	43	11	39	12	25	13	15	14	60	15	95	16	58	17	57	18	71	19	14	20	93	21	23	22	5	23	94	24	78	25	90	26	71	27	52	28	12	29	35
	0	85	1	69	2	1	3	16	4	2	5	79	6	54	7	89	8	86	9	15	10	41	11	99	12	59	13	15	14	100	15	50	16	34	17	66	18	64	19	39	20	15	21	27	22	45	23	29	24	92	25	58	26	4	27	69	28	14	29	53
	0	79	1	8	2	79	3	52	4	66	5	55	6	82	7	73	8	60	9	70	10	28	11	5	12	10	13	8	14	73	15	36	16	53	17	36	18	72	19	10	20	9	21	99	22	43	23	49	24	67	25	10	26	63	27	76	28	98	29	81
	0	67	1	18	2	60	3	29	4	19	5	83	6	96	7	17	8	67	9	45	10	31	11	17	12	5	13	74	14	16	15	11	16	95	17	86	18	92	19	49	20	45	21	19	22	50	23	52	24	25	25	55	26	24	27	18	28	65	29	27
Reldue
-1	2993	-1	1
-1	3156	-1	1
-1	3380	-1	1
-1	3445	-1	1
-1	2756	-1	1
-1	2783	-1	1
-1	3188	-1	1
-1	2786	-1	1
-1	2925	-1	1
-1	3014	-1	1
-1	3096	-1	1
-1	2812	-1	1
-1	3081	-1	1
-1	3421	-1	1
-1	2912	-1	1
-1	2930	-1	1
-1	3437	-1	1
-1	3014	-1	1
-1	3391	-1	1
-1	2972	-1	1
-1	3207	-1	1
-1	3392	-1	1
-1	3113	-1	1
-1	3089	-1	1
-1	3154	-1	1
-1	2807	-1	1
-1	2937	-1	1
-1	3142	-1	1
-1	3231	-1	1
-1	3313	-1	1
-1	2903	-1	1
-1	2700	-1	1
-1	3308	-1	1
-1	3428	-1	1
-1	2748	-1	1
-1	2996	-1	1
-1	2907	-1	1
-1	2697	-1	1
-1	2807	-1	1
-1	3136	-1	1
-1	2947	-1	1
-1	3282	-1	1
-1	3038	-1	1
-1	3038	-1	1
-1	2724	-1	1
-1	3062	-1	1
-1	2694	-1	1
-1	2720	-1	1
-1	3206	-1	1
-1	3402	-1	1
LBCmax: 3834
