250  50
	0	60	1	49	2	74	3	39	4	56	5	91	6	90	7	69	8	6	9	6	10	42	11	77	12	58	13	13	14	93	15	97	16	90	17	18	18	41	19	95	20	47	21	40	22	84	23	33	24	29	25	35	26	24	27	90	28	7	29	36	30	49	31	10	32	24	33	49	34	13	35	99	36	16	37	83	38	4	39	99	40	43	41	26	42	68	43	12	44	29	45	61	46	27	47	45	48	42	49	100
	0	24	1	95	2	79	3	92	4	60	5	17	6	12	7	11	8	22	9	16	10	25	11	41	12	10	13	69	14	59	15	13	16	15	17	80	18	17	19	66	20	13	21	98	22	18	23	26	24	55	25	71	26	100	27	33	28	93	29	13	30	94	31	55	32	61	33	97	34	47	35	80	36	95	37	12	38	36	39	56	40	73	41	42	42	24	43	40	44	2	45	60	46	42	47	64	48	82	49	30
	0	88	1	25	2	31	3	80	4	97	5	76	6	42	7	83	8	9	9	56	10	12	11	43	12	39	13	90	14	66	15	98	16	33	17	57	18	52	19	70	20	60	21	98	22	1	23	25	24	71	25	6	26	68	27	37	28	34	29	40	30	86	31	49	32	16	33	35	34	19	35	88	36	79	37	11	38	87	39	79	40	2	41	95	42	1	43	53	44	54	45	22	46	21	47	51	48	80	49	69
	0	38	1	73	2	74	3	27	4	50	5	22	6	39	7	48	8	47	9	31	10	76	11	91	12	70	13	88	14	47	15	60	16	83	17	91	18	97	19	27	20	71	21	94	22	32	23	55	24	70	25	37	26	96	27	86	28	78	29	56	30	87	31	48	32	9	33	28	34	2	35	99	36	83	37	91	38	12	39	16	40	73	41	51	42	95	43	82	44	48	45	51	46	85	47	53	48	76	49	84
	0	15	1	88	2	91	3	61	4	61	5	81	6	26	7	66	8	9	9	28	10	62	11	69	12	10	13	18	14	64	15	68	16	100	17	34	18	86	19	94	20	80	21	98	22	76	23	79	24	98	25	93	26	2	27	93	28	88	29	55	30	93	31	90	32	31	33	21	34	68	35	18	36	57	37	54	38	71	39	87	40	16	41	9	42	65	43	94	44	65	45	88	46	46	47	54	48	58	49	15
	0	64	1	92	2	40	3	21	4	79	5	77	6	78	7	16	8	86	9	19	10	78	11	97	12	78	13	56	14	76	15	15	16	43	17	2	18	98	19	98	20	3	21	25	22	26	23	5	24	52	25	88	26	24	27	61	28	46	29	73	30	97	31	89	32	41	33	49	34	98	35	53	36	3	37	83	38	7	39	60	40	25	41	87	42	29	43	100	44	18	45	59	46	13	47	25	48	75	49	52
	0	68	1	72	2	14	3	79	4	30	5	4	6	57	7	61	8	17	9	25	10	99	11	39	12	72	13	69	14	63	15	31	16	69	17	98	18	63	19	9	20	43	21	45	22	13	23	7	24	77	25	73	26	46	27	100	28	39	29	70	30	45	31	9	32	60	33	78	34	92	35	28	36	99	37	12	38	85	39	72	40	33	41	58	42	86	43	90	44	71	45	29	46	97	47	3	48	73	49	2
	0	70	1	47	2	25	3	6	4	14	5	40	6	13	7	13	8	39	9	7	10	82	11	34	12	54	13	17	14	74	15	53	16	20	17	25	18	90	19	44	20	9	21	33	22	18	23	30	24	32	25	95	26	15	27	10	28	27	29	35	30	39	31	47	32	30	33	63	34	75	35	95	36	64	37	98	38	88	39	8	40	21	41	36	42	5	43	61	44	23	45	18	46	18	47	77	48	77	49	99
	0	42	1	32	2	76	3	7	4	75	5	96	6	9	7	46	8	55	9	15	10	62	11	96	12	6	13	57	14	43	15	1	16	100	17	73	18	67	19	46	20	9	21	34	22	62	23	67	24	1	25	64	26	95	27	60	28	9	29	67	30	36	31	59	32	77	33	23	34	1	35	9	36	66	37	2	38	33	39	62	40	80	41	12	42	26	43	58	44	17	45	94	46	7	47	81	48	86	49	19
	0	1	1	98	2	41	3	57	4	75	5	8	6	100	7	17	8	30	9	88	10	69	11	78	12	68	13	87	14	98	15	75	16	69	17	6	18	11	19	83	20	65	21	90	22	7	23	33	24	69	25	94	26	25	27	58	28	13	29	100	30	5	31	24	32	9	33	22	34	9	35	31	36	19	37	95	38	59	39	58	40	12	41	53	42	31	43	8	44	35	45	43	46	94	47	63	48	38	49	15
	0	87	1	63	2	13	3	4	4	89	5	74	6	57	7	78	8	91	9	89	10	48	11	31	12	11	13	94	14	9	15	36	16	92	17	98	18	100	19	88	20	74	21	92	22	43	23	4	24	33	25	88	26	99	27	64	28	34	29	73	30	32	31	6	32	29	33	55	34	30	35	2	36	9	37	96	38	77	39	86	40	83	41	66	42	95	43	24	44	39	45	49	46	88	47	12	48	31	49	93
	0	67	1	75	2	70	3	86	4	46	5	93	6	24	7	95	8	14	9	63	10	71	11	9	12	49	13	100	14	30	15	61	16	12	17	9	18	85	19	22	20	38	21	97	22	77	23	8	24	31	25	4	26	9	27	23	28	1	29	71	30	22	31	36	32	16	33	70	34	5	35	69	36	63	37	74	38	58	39	39	40	31	41	29	42	40	43	86	44	56	45	70	46	40	47	71	48	3	49	80
	0	67	1	40	2	69	3	90	4	57	5	71	6	31	7	76	8	24	9	63	10	77	11	86	12	20	13	38	14	87	15	14	16	71	17	38	18	59	19	1	20	98	21	73	22	96	23	29	24	61	25	34	26	91	27	40	28	69	29	67	30	91	31	93	32	39	33	3	34	17	35	45	36	15	37	51	38	61	39	18	40	67	41	32	42	12	43	82	44	37	45	98	46	66	47	75	48	92	49	52
	0	18	1	32	2	14	3	87	4	48	5	6	6	35	7	96	8	60	9	85	10	82	11	18	12	10	13	53	14	15	15	27	16	52	17	44	18	50	19	85	20	86	21	87	22	8	23	6	24	75	25	36	26	43	27	6	28	85	29	46	30	26	31	34	32	42	33	25	34	86	35	12	36	26	37	78	38	45	39	32	40	42	41	33	42	4	43	81	44	39	45	93	46	45	47	92	48	63	49	73
	0	70	1	45	2	64	3	15	4	95	5	75	6	4	7	76	8	67	9	40	10	21	11	47	12	63	13	71	14	58	15	39	16	99	17	15	18	60	19	42	20	59	21	13	22	85	23	63	24	17	25	4	26	2	27	71	28	10	29	42	30	60	31	16	32	89	33	46	34	51	35	11	36	63	37	42	38	7	39	82	40	94	41	65	42	94	43	27	44	25	45	16	46	9	47	35	48	47	49	5
	0	77	1	70	2	27	3	25	4	8	5	6	6	60	7	24	8	68	9	73	10	24	11	87	12	73	13	60	14	32	15	40	16	96	17	61	18	29	19	27	20	62	21	85	22	68	23	38	24	73	25	58	26	68	27	83	28	61	29	77	30	32	31	29	32	1	33	11	34	80	35	69	36	99	37	42	38	31	39	66	40	53	41	11	42	34	43	99	44	51	45	94	46	28	47	19	48	43	49	27
	0	89	1	62	2	20	3	67	4	91	5	5	6	70	7	40	8	80	9	51	10	100	11	30	12	65	13	73	14	48	15	90	16	34	17	58	18	18	19	7	20	86	21	44	22	17	23	23	24	20	25	14	26	66	27	9	28	17	29	12	30	33	31	49	32	28	33	92	34	99	35	64	36	21	37	99	38	42	39	2	40	83	41	66	42	30	43	58	44	62	45	61	46	31	47	11	48	88	49	23
	0	95	1	85	2	37	3	62	4	64	5	75	6	94	7	33	8	8	9	96	10	44	11	90	12	2	13	41	14	8	15	79	16	89	17	60	18	77	19	43	20	93	21	94	22	31	23	34	24	77	25	30	26	49	27	59	28	58	29	51	30	23	31	4	32	29	33	12	34	56	35	13	36	47	37	57	38	2	39	21	40	89	41	48	42	65	43	62	44	80	45	96	46	78	47	97	48	50	49	94
	0	32	1	49	2	72	3	99	4	10	5	27	6	89	7	14	8	58	9	69	10	34	11	66	12	1	13	58	14	90	15	78	16	71	17	78	18	61	19	88	20	23	21	7	22	39	23	61	24	40	25	74	26	94	27	82	28	68	29	34	30	12	31	54	32	20	33	20	34	72	35	21	36	40	37	81	38	32	39	82	40	32	41	34	42	57	43	87	44	71	45	57	46	19	47	21	48	70	49	29
	0	47	1	13	2	67	3	83	4	12	5	30	6	40	7	14	8	65	9	44	10	90	11	93	12	76	13	82	14	31	15	44	16	32	17	95	18	74	19	96	20	93	21	6	22	19	23	34	24	21	25	23	26	61	27	84	28	27	29	34	30	96	31	25	32	93	33	3	34	77	35	6	36	78	37	54	38	42	39	8	40	10	41	4	42	42	43	91	44	13	45	68	46	14	47	2	48	37	49	79
	0	97	1	36	2	78	3	59	4	74	5	91	6	16	7	60	8	83	9	39	10	94	11	59	12	53	13	15	14	30	15	56	16	32	17	97	18	30	19	33	20	33	21	20	22	41	23	60	24	100	25	59	26	64	27	58	28	74	29	61	30	16	31	59	32	27	33	29	34	16	35	16	36	64	37	63	38	26	39	57	40	34	41	34	42	72	43	91	44	99	45	37	46	36	47	96	48	41	49	42
	0	82	1	67	2	5	3	55	4	66	5	87	6	27	7	41	8	41	9	46	10	77	11	80	12	45	13	49	14	15	15	66	16	55	17	56	18	59	19	50	20	32	21	55	22	89	23	96	24	84	25	75	26	54	27	18	28	33	29	74	30	45	31	90	32	65	33	60	34	59	35	56	36	87	37	36	38	67	39	96	40	25	41	80	42	43	43	5	44	43	45	88	46	44	47	5	48	62	49	56
	0	40	1	88	2	9	3	66	4	11	5	65	6	20	7	10	8	92	9	74	10	89	11	68	12	19	13	53	14	34	15	15	16	5	17	5	18	3	19	35	20	47	21	97	22	69	23	57	24	52	25	72	26	77	27	41	28	32	29	65	30	27	31	96	32	95	33	55	34	27	35	83	36	43	37	98	38	43	39	45	40	47	41	10	42	19	43	82	44	73	45	9	46	62	47	39	48	59	49	22
	0	6	1	90	2	77	3	32	4	95	5	27	6	42	7	5	8	57	9	1	10	28	11	30	12	57	13	58	14	19	15	66	16	53	17	73	18	10	19	62	20	86	21	80	22	11	23	21	24	80	25	46	26	46	27	99	28	43	29	38	30	45	31	69	32	87	33	79	34	50	35	100	36	97	37	93	38	7	39	18	40	40	41	87	42	13	43	50	44	83	45	26	46	16	47	76	48	49	49	80
	0	22	1	42	2	52	3	67	4	32	5	90	6	76	7	18	8	12	9	28	10	92	11	23	12	96	13	44	14	27	15	62	16	41	17	18	18	36	19	7	20	2	21	14	22	27	23	44	24	2	25	35	26	53	27	83	28	97	29	79	30	70	31	26	32	72	33	34	34	14	35	12	36	18	37	89	38	57	39	81	40	78	41	67	42	42	43	3	44	53	45	86	46	8	47	73	48	8	49	14
	0	47	1	74	2	36	3	84	4	66	5	44	6	45	7	63	8	38	9	17	10	82	11	8	12	70	13	7	14	33	15	49	16	15	17	69	18	34	19	80	20	16	21	46	22	83	23	48	24	49	25	90	26	62	27	72	28	3	29	22	30	93	31	33	32	33	33	50	34	80	35	11	36	48	37	86	38	20	39	75	40	27	41	14	42	96	43	34	44	94	45	98	46	64	47	13	48	71	49	44
	0	2	1	12	2	95	3	49	4	98	5	69	6	88	7	99	8	81	9	19	10	83	11	96	12	20	13	30	14	69	15	43	16	58	17	63	18	11	19	96	20	42	21	74	22	31	23	66	24	75	25	69	26	86	27	50	28	4	29	64	30	64	31	98	32	2	33	27	34	79	35	55	36	29	37	92	38	55	39	44	40	72	41	83	42	12	43	60	44	95	45	78	46	99	47	13	48	55	49	100
	0	37	1	24	2	56	3	30	4	80	5	61	6	62	7	63	8	84	9	89	10	78	11	58	12	49	13	39	14	73	15	51	16	97	17	53	18	13	19	42	20	66	21	42	22	7	23	57	24	52	25	53	26	9	27	61	28	37	29	69	30	14	31	69	32	56	33	49	34	43	35	75	36	26	37	94	38	6	39	5	40	20	41	19	42	90	43	60	44	51	45	30	46	11	47	4	48	25	49	60
	0	20	1	9	2	56	3	11	4	65	5	77	6	59	7	93	8	32	9	80	10	68	11	76	12	35	13	9	14	40	15	76	16	13	17	5	18	40	19	58	20	66	21	22	22	25	23	21	24	29	25	52	26	66	27	84	28	69	29	91	30	85	31	19	32	54	33	47	34	82	35	72	36	33	37	13	38	82	39	74	40	22	41	48	42	48	43	46	44	74	45	45	46	9	47	37	48	11	49	83
	0	14	1	50	2	7	3	84	4	20	5	51	6	68	7	31	8	59	9	65	10	59	11	8	12	44	13	99	14	52	15	73	16	21	17	46	18	7	19	79	20	70	21	65	22	15	23	93	24	3	25	46	26	48	27	93	28	26	29	89	30	15	31	32	32	59	33	65	34	4	35	95	36	26	37	42	38	61	39	5	40	65	41	91	42	51	43	40	44	12	45	98	46	81	47	70	48	70	49	55
	0	88	1	24	2	64	3	13	4	32	5	56	6	28	7	92	8	31	9	57	10	100	11	17	12	36	13	41	14	7	15	3	16	38	17	1	18	57	19	5	20	45	21	98	22	91	23	28	24	72	25	62	26	47	27	37	28	44	29	84	30	47	31	26	32	88	33	40	34	100	35	41	36	78	37	92	38	89	39	54	40	53	41	30	42	87	43	33	44	15	45	65	46	12	47	65	48	99	49	86
	0	23	1	27	2	40	3	49	4	12	5	97	6	8	7	36	8	52	9	66	10	74	11	24	12	89	13	82	14	24	15	55	16	12	17	49	18	38	19	73	20	24	21	52	22	3	23	96	24	87	25	73	26	30	27	18	28	46	29	52	30	83	31	75	32	29	33	69	34	48	35	9	36	77	37	69	38	100	39	14	40	73	41	61	42	41	43	65	44	54	45	54	46	23	47	37	48	27	49	14
	0	82	1	81	2	38	3	56	4	28	5	25	6	44	7	2	8	88	9	84	10	2	11	68	12	96	13	30	14	75	15	73	16	56	17	43	18	1	19	66	20	50	21	37	22	5	23	25	24	42	25	45	26	21	27	69	28	19	29	92	30	69	31	88	32	62	33	15	34	10	35	92	36	33	37	78	38	50	39	11	40	32	41	7	42	95	43	18	44	50	45	52	46	57	47	53	48	33	49	33
	0	73	1	63	2	16	3	36	4	85	5	87	6	12	7	66	8	88	9	58	10	53	11	69	12	55	13	1	14	13	15	87	16	86	17	34	18	80	19	5	20	41	21	17	22	35	23	96	24	57	25	8	26	66	27	82	28	66	29	3	30	28	31	71	32	49	33	84	34	15	35	29	36	97	37	2	38	16	39	94	40	74	41	55	42	74	43	50	44	100	45	59	46	53	47	22	48	85	49	8
	0	89	1	45	2	97	3	65	4	5	5	24	6	43	7	47	8	73	9	99	10	89	11	93	12	77	13	66	14	58	15	9	16	20	17	26	18	70	19	52	20	53	21	60	22	19	23	92	24	41	25	62	26	12	27	44	28	81	29	61	30	95	31	93	32	39	33	25	34	46	35	24	36	83	37	30	38	27	39	45	40	7	41	24	42	7	43	67	44	97	45	41	46	98	47	64	48	64	49	22
	0	78	1	47	2	55	3	58	4	82	5	6	6	19	7	67	8	96	9	16	10	82	11	59	12	73	13	18	14	66	15	63	16	58	17	92	18	39	19	14	20	4	21	12	22	12	23	13	24	98	25	49	26	87	27	31	28	38	29	32	30	37	31	6	32	40	33	22	34	84	35	48	36	43	37	33	38	80	39	67	40	51	41	11	42	22	43	82	44	49	45	64	46	62	47	64	48	53	49	92
	0	82	1	42	2	90	3	62	4	40	5	63	6	32	7	37	8	29	9	87	10	17	11	44	12	86	13	51	14	23	15	38	16	39	17	50	18	2	19	12	20	5	21	5	22	73	23	40	24	49	25	14	26	23	27	65	28	80	29	23	30	92	31	75	32	47	33	43	34	19	35	9	36	50	37	12	38	79	39	7	40	90	41	72	42	43	43	83	44	16	45	24	46	35	47	85	48	49	49	52
	0	80	1	84	2	83	3	61	4	51	5	93	6	96	7	51	8	62	9	5	10	29	11	25	12	82	13	17	14	8	15	12	16	47	17	69	18	10	19	32	20	1	21	12	22	17	23	66	24	96	25	85	26	91	27	76	28	33	29	76	30	77	31	5	32	18	33	90	34	10	35	53	36	71	37	34	38	76	39	3	40	7	41	19	42	76	43	42	44	78	45	21	46	68	47	5	48	51	49	60
	0	96	1	40	2	56	3	79	4	41	5	61	6	26	7	36	8	32	9	52	10	16	11	54	12	18	13	23	14	77	15	74	16	90	17	42	18	15	19	7	20	88	21	95	22	69	23	95	24	46	25	37	26	77	27	18	28	63	29	45	30	26	31	1	32	90	33	87	34	98	35	14	36	76	37	63	38	54	39	75	40	17	41	82	42	32	43	87	44	1	45	84	46	38	47	80	48	37	49	25
	0	58	1	29	2	11	3	66	4	26	5	72	6	22	7	61	8	23	9	64	10	64	11	18	12	89	13	12	14	84	15	67	16	75	17	100	18	19	19	93	20	70	21	91	22	84	23	88	24	72	25	70	26	86	27	33	28	4	29	55	30	68	31	38	32	72	33	95	34	9	35	68	36	30	37	41	38	43	39	55	40	6	41	42	42	73	43	73	44	78	45	16	46	76	47	11	48	33	49	93
	0	49	1	86	2	34	3	27	4	26	5	79	6	72	7	24	8	68	9	76	10	95	11	47	12	13	13	57	14	23	15	78	16	27	17	67	18	2	19	44	20	10	21	47	22	60	23	61	24	25	25	24	26	49	27	37	28	73	29	88	30	9	31	30	32	28	33	91	34	77	35	74	36	96	37	54	38	15	39	96	40	73	41	84	42	56	43	6	44	6	45	98	46	75	47	25	48	95	49	45
	0	34	1	74	2	77	3	56	4	64	5	58	6	88	7	50	8	80	9	99	10	89	11	9	12	40	13	22	14	2	15	69	16	2	17	77	18	5	19	2	20	28	21	61	22	60	23	91	24	47	25	82	26	91	27	14	28	83	29	62	30	22	31	96	32	85	33	78	34	59	35	89	36	44	37	95	38	64	39	92	40	69	41	31	42	46	43	22	44	55	45	57	46	98	47	98	48	79	49	33
	0	19	1	99	2	83	3	20	4	23	5	97	6	54	7	29	8	19	9	99	10	2	11	89	12	5	13	30	14	89	15	51	16	28	17	44	18	70	19	61	20	85	21	56	22	34	23	60	24	75	25	14	26	80	27	99	28	27	29	70	30	51	31	89	32	65	33	11	34	99	35	1	36	86	37	66	38	78	39	100	40	49	41	84	42	79	43	84	44	19	45	68	46	48	47	43	48	13	49	6
	0	57	1	73	2	19	3	14	4	13	5	16	6	13	7	13	8	35	9	90	10	82	11	88	12	31	13	44	14	27	15	94	16	39	17	57	18	7	19	23	20	43	21	53	22	47	23	41	24	57	25	3	26	25	27	49	28	34	29	52	30	2	31	49	32	67	33	73	34	65	35	98	36	66	37	31	38	6	39	84	40	37	41	47	42	40	43	72	44	100	45	49	46	45	47	92	48	11	49	70
	0	76	1	62	2	94	3	43	4	89	5	80	6	76	7	76	8	66	9	23	10	90	11	32	12	40	13	38	14	6	15	29	16	55	17	8	18	72	19	39	20	7	21	31	22	97	23	66	24	60	25	55	26	11	27	7	28	18	29	38	30	70	31	47	32	19	33	37	34	95	35	30	36	56	37	49	38	68	39	10	40	67	41	55	42	29	43	84	44	29	45	24	46	25	47	37	48	54	49	5
	0	29	1	74	2	78	3	99	4	21	5	16	6	84	7	84	8	89	9	71	10	5	11	54	12	15	13	20	14	89	15	66	16	30	17	74	18	39	19	39	20	65	21	91	22	36	23	25	24	35	25	64	26	32	27	51	28	22	29	19	30	60	31	16	32	59	33	72	34	88	35	70	36	11	37	45	38	37	39	21	40	26	41	47	42	19	43	52	44	90	45	52	46	78	47	35	48	4	49	38
	0	35	1	76	2	90	3	78	4	64	5	25	6	60	7	78	8	66	9	49	10	39	11	24	12	3	13	33	14	100	15	71	16	13	17	67	18	66	19	77	20	25	21	40	22	87	23	91	24	33	25	32	26	85	27	27	28	7	29	91	30	43	31	86	32	51	33	26	34	62	35	8	36	26	37	64	38	30	39	83	40	8	41	37	42	62	43	27	44	47	45	8	46	14	47	11	48	39	49	50
	0	77	1	13	2	41	3	32	4	6	5	13	6	78	7	84	8	36	9	61	10	31	11	44	12	92	13	81	14	100	15	95	16	99	17	97	18	78	19	62	20	39	21	90	22	93	23	26	24	26	25	30	26	88	27	62	28	80	29	32	30	58	31	20	32	32	33	29	34	55	35	98	36	86	37	72	38	41	39	87	40	22	41	93	42	37	43	71	44	17	45	92	46	4	47	28	48	9	49	33
	0	60	1	55	2	51	3	58	4	12	5	12	6	7	7	61	8	55	9	76	10	100	11	78	12	69	13	15	14	15	15	80	16	26	17	58	18	4	19	80	20	69	21	8	22	71	23	90	24	46	25	12	26	4	27	87	28	91	29	8	30	100	31	85	32	95	33	92	34	2	35	1	36	16	37	84	38	31	39	75	40	10	41	97	42	96	43	92	44	82	45	14	46	4	47	97	48	91	49	42
	0	4	1	1	2	66	3	3	4	52	5	44	6	12	7	70	8	60	9	35	10	99	11	59	12	71	13	95	14	86	15	37	16	96	17	82	18	12	19	18	20	65	21	52	22	48	23	37	24	9	25	21	26	12	27	34	28	72	29	84	30	72	31	96	32	2	33	49	34	93	35	19	36	83	37	76	38	19	39	13	40	10	41	9	42	73	43	41	44	20	45	84	46	23	47	68	48	9	49	17
	0	66	1	78	2	23	3	3	4	96	5	70	6	100	7	10	8	84	9	32	10	91	11	27	12	73	13	79	14	83	15	91	16	70	17	91	18	24	19	31	20	88	21	74	22	4	23	80	24	65	25	56	26	39	27	49	28	77	29	76	30	88	31	73	32	1	33	20	34	65	35	60	36	14	37	34	38	53	39	10	40	27	41	3	42	22	43	85	44	82	45	66	46	4	47	45	48	74	49	42
	0	84	1	83	2	70	3	47	4	7	5	24	6	36	7	44	8	15	9	62	10	100	11	67	12	48	13	69	14	98	15	87	16	96	17	85	18	96	19	34	20	70	21	70	22	83	23	81	24	28	25	94	26	70	27	44	28	91	29	79	30	40	31	85	32	14	33	31	34	48	35	93	36	8	37	16	38	54	39	84	40	29	41	74	42	30	43	60	44	76	45	75	46	96	47	11	48	66	49	66
	0	67	1	36	2	73	3	43	4	98	5	39	6	62	7	68	8	87	9	15	10	40	11	16	12	61	13	23	14	12	15	2	16	42	17	37	18	15	19	35	20	96	21	93	22	61	23	10	24	85	25	91	26	29	27	14	28	93	29	13	30	69	31	17	32	86	33	72	34	5	35	81	36	27	37	92	38	74	39	96	40	71	41	95	42	20	43	28	44	88	45	46	46	22	47	46	48	100	49	66
	0	55	1	60	2	44	3	29	4	82	5	74	6	68	7	6	8	35	9	58	10	43	11	5	12	47	13	78	14	45	15	36	16	32	17	41	18	34	19	89	20	12	21	44	22	40	23	14	24	66	25	39	26	29	27	35	28	31	29	44	30	6	31	32	32	79	33	72	34	91	35	89	36	62	37	45	38	64	39	67	40	90	41	33	42	58	43	87	44	86	45	18	46	68	47	87	48	35	49	78
	0	88	1	22	2	16	3	55	4	96	5	16	6	87	7	25	8	50	9	59	10	73	11	2	12	76	13	53	14	54	15	52	16	37	17	6	18	64	19	80	20	40	21	52	22	62	23	14	24	8	25	46	26	17	27	29	28	12	29	50	30	20	31	51	32	68	33	21	34	21	35	49	36	21	37	58	38	61	39	12	40	77	41	76	42	28	43	51	44	57	45	8	46	70	47	86	48	89	49	56
	0	47	1	10	2	47	3	49	4	90	5	31	6	22	7	61	8	17	9	33	10	67	11	11	12	10	13	20	14	60	15	54	16	61	17	22	18	84	19	14	20	35	21	81	22	90	23	34	24	19	25	50	26	33	27	41	28	36	29	58	30	61	31	52	32	65	33	46	34	19	35	63	36	81	37	63	38	85	39	98	40	7	41	77	42	56	43	22	44	51	45	45	46	59	47	30	48	61	49	45
	0	33	1	69	2	29	3	62	4	30	5	68	6	15	7	85	8	15	9	62	10	83	11	56	12	78	13	47	14	69	15	72	16	70	17	12	18	16	19	41	20	41	21	14	22	55	23	34	24	35	25	98	26	7	27	91	28	67	29	94	30	45	31	68	32	3	33	24	34	32	35	36	36	94	37	5	38	33	39	67	40	53	41	42	42	61	43	68	44	69	45	31	46	2	47	51	48	2	49	29
	0	42	1	48	2	92	3	54	4	73	5	4	6	91	7	20	8	65	9	20	10	92	11	34	12	29	13	16	14	7	15	93	16	2	17	37	18	37	19	59	20	31	21	35	22	24	23	19	24	40	25	85	26	74	27	36	28	6	29	22	30	94	31	60	32	80	33	18	34	97	35	51	36	19	37	14	38	47	39	30	40	29	41	100	42	53	43	75	44	27	45	92	46	44	47	4	48	70	49	51
	0	74	1	34	2	16	3	54	4	43	5	92	6	11	7	98	8	38	9	31	10	16	11	1	12	12	13	66	14	18	15	37	16	73	17	29	18	96	19	18	20	56	21	37	22	25	23	98	24	75	25	79	26	47	27	74	28	95	29	100	30	35	31	13	32	74	33	21	34	38	35	16	36	55	37	28	38	86	39	100	40	17	41	25	42	62	43	79	44	3	45	20	46	17	47	43	48	95	49	100
	0	53	1	95	2	5	3	11	4	1	5	82	6	91	7	52	8	92	9	18	10	24	11	38	12	66	13	13	14	66	15	4	16	94	17	38	18	37	19	54	20	95	21	87	22	71	23	65	24	72	25	24	26	97	27	11	28	7	29	25	30	96	31	65	32	83	33	52	34	14	35	90	36	23	37	24	38	42	39	35	40	62	41	54	42	78	43	87	44	6	45	90	46	38	47	52	48	25	49	66
	0	2	1	63	2	91	3	56	4	72	5	39	6	66	7	83	8	8	9	43	10	89	11	23	12	66	13	15	14	26	15	22	16	35	17	72	18	77	19	96	20	77	21	9	22	50	23	93	24	85	25	33	26	64	27	35	28	34	29	26	30	17	31	71	32	92	33	13	34	45	35	3	36	96	37	71	38	61	39	76	40	31	41	31	42	34	43	29	44	53	45	28	46	67	47	64	48	54	49	22
	0	70	1	72	2	53	3	94	4	46	5	18	6	59	7	74	8	21	9	92	10	56	11	75	12	3	13	50	14	84	15	24	16	51	17	29	18	29	19	28	20	70	21	2	22	44	23	7	24	82	25	88	26	65	27	74	28	33	29	64	30	88	31	68	32	32	33	26	34	33	35	51	36	35	37	92	38	93	39	24	40	29	41	54	42	64	43	36	44	60	45	28	46	89	47	81	48	21	49	35
	0	65	1	13	2	100	3	35	4	10	5	15	6	47	7	94	8	64	9	10	10	2	11	36	12	89	13	2	14	8	15	37	16	90	17	78	18	97	19	51	20	67	21	9	22	10	23	69	24	76	25	36	26	11	27	55	28	47	29	34	30	87	31	23	32	4	33	69	34	54	35	28	36	73	37	14	38	8	39	95	40	73	41	82	42	93	43	17	44	40	45	80	46	68	47	82	48	4	49	12
	0	8	1	12	2	41	3	69	4	56	5	34	6	67	7	92	8	24	9	11	10	36	11	95	12	4	13	98	14	55	15	78	16	29	17	7	18	59	19	78	20	19	21	88	22	72	23	27	24	71	25	75	26	58	27	23	28	1	29	42	30	62	31	30	32	37	33	65	34	58	35	60	36	29	37	97	38	72	39	9	40	12	41	98	42	61	43	42	44	44	45	66	46	36	47	62	48	20	49	78
	0	79	1	92	2	2	3	25	4	97	5	68	6	49	7	2	8	92	9	13	10	14	11	98	12	62	13	47	14	52	15	77	16	44	17	51	18	61	19	60	20	82	21	81	22	33	23	47	24	65	25	17	26	2	27	34	28	70	29	80	30	14	31	21	32	25	33	59	34	50	35	6	36	44	37	19	38	81	39	16	40	25	41	1	42	37	43	33	44	5	45	19	46	13	47	94	48	10	49	25
	0	56	1	75	2	46	3	91	4	92	5	15	6	20	7	24	8	93	9	11	10	91	11	32	12	97	13	94	14	73	15	93	16	26	17	84	18	66	19	84	20	70	21	63	22	71	23	97	24	19	25	33	26	3	27	40	28	77	29	35	30	46	31	80	32	87	33	46	34	70	35	12	36	39	37	86	38	34	39	32	40	50	41	8	42	37	43	57	44	47	45	32	46	81	47	24	48	64	49	64
	0	75	1	54	2	63	3	15	4	77	5	80	6	31	7	83	8	76	9	41	10	97	11	99	12	27	13	25	14	98	15	28	16	20	17	5	18	66	19	71	20	45	21	77	22	30	23	36	24	58	25	31	26	38	27	44	28	90	29	94	30	66	31	3	32	37	33	11	34	51	35	70	36	26	37	88	38	62	39	71	40	50	41	96	42	19	43	60	44	11	45	88	46	2	47	28	48	18	49	20
	0	15	1	7	2	25	3	54	4	6	5	10	6	9	7	72	8	42	9	19	10	25	11	61	12	8	13	8	14	81	15	23	16	73	17	55	18	30	19	28	20	22	21	87	22	59	23	14	24	86	25	68	26	38	27	6	28	83	29	6	30	45	31	98	32	71	33	56	34	79	35	26	36	74	37	44	38	54	39	35	40	22	41	20	42	92	43	97	44	34	45	39	46	91	47	51	48	11	49	19
	0	35	1	66	2	43	3	22	4	47	5	47	6	36	7	49	8	32	9	33	10	97	11	71	12	38	13	66	14	64	15	9	16	45	17	18	18	51	19	56	20	64	21	14	22	41	23	87	24	80	25	86	26	58	27	6	28	8	29	42	30	93	31	43	32	20	33	37	34	76	35	68	36	64	37	84	38	2	39	9	40	98	41	38	42	68	43	84	44	94	45	42	46	69	47	83	48	94	49	20
	0	72	1	63	2	18	3	43	4	53	5	37	6	62	7	29	8	65	9	72	10	32	11	34	12	93	13	31	14	98	15	37	16	91	17	20	18	68	19	52	20	13	21	27	22	26	23	1	24	90	25	59	26	67	27	34	28	9	29	21	30	27	31	85	32	95	33	86	34	3	35	94	36	10	37	65	38	93	39	39	40	10	41	51	42	22	43	52	44	29	45	13	46	12	47	26	48	80	49	73
	0	24	1	19	2	93	3	60	4	86	5	18	6	31	7	62	8	68	9	36	10	49	11	91	12	83	13	33	14	95	15	47	16	14	17	81	18	58	19	40	20	12	21	43	22	20	23	9	24	93	25	13	26	67	27	49	28	41	29	30	30	56	31	24	32	7	33	91	34	61	35	42	36	34	37	98	38	25	39	7	40	67	41	35	42	2	43	92	44	28	45	44	46	70	47	67	48	55	49	53
	0	40	1	8	2	39	3	84	4	90	5	63	6	18	7	20	8	14	9	23	10	95	11	38	12	51	13	73	14	98	15	13	16	31	17	81	18	6	19	66	20	78	21	64	22	92	23	2	24	23	25	44	26	66	27	64	28	37	29	72	30	35	31	100	32	91	33	94	34	77	35	16	36	87	37	81	38	28	39	68	40	26	41	45	42	16	43	2	44	16	45	19	46	87	47	71	48	13	49	66
	0	23	1	59	2	67	3	52	4	26	5	3	6	17	7	99	8	31	9	4	10	35	11	88	12	72	13	52	14	46	15	96	16	14	17	11	18	46	19	84	20	13	21	37	22	3	23	54	24	81	25	40	26	26	27	65	28	70	29	87	30	13	31	58	32	88	33	29	34	39	35	42	36	13	37	88	38	29	39	31	40	89	41	38	42	20	43	42	44	93	45	77	46	31	47	92	48	18	49	51
	0	75	1	44	2	18	3	1	4	91	5	14	6	98	7	32	8	72	9	13	10	53	11	25	12	30	13	98	14	85	15	41	16	11	17	56	18	54	19	98	20	55	21	44	22	42	23	4	24	72	25	65	26	32	27	81	28	70	29	33	30	42	31	34	32	52	33	83	34	50	35	19	36	79	37	15	38	10	39	25	40	70	41	70	42	49	43	85	44	61	45	2	46	85	47	77	48	69	49	68
	0	8	1	65	2	30	3	67	4	21	5	3	6	90	7	86	8	31	9	11	10	81	11	51	12	20	13	74	14	22	15	79	16	70	17	42	18	4	19	76	20	90	21	26	22	52	23	42	24	78	25	9	26	96	27	62	28	37	29	30	30	73	31	5	32	90	33	7	34	41	35	54	36	94	37	3	38	91	39	38	40	38	41	52	42	77	43	49	44	71	45	95	46	6	47	55	48	99	49	8
	0	47	1	39	2	45	3	11	4	73	5	36	6	69	7	76	8	22	9	48	10	76	11	7	12	48	13	44	14	75	15	32	16	14	17	89	18	57	19	34	20	15	21	55	22	12	23	28	24	69	25	12	26	94	27	37	28	89	29	92	30	14	31	45	32	35	33	76	34	16	35	15	36	7	37	64	38	57	39	5	40	20	41	6	42	19	43	32	44	95	45	14	46	95	47	38	48	25	49	80
	0	44	1	90	2	23	3	73	4	17	5	3	6	59	7	99	8	73	9	56	10	32	11	18	12	51	13	70	14	39	15	83	16	74	17	40	18	48	19	35	20	88	21	55	22	68	23	58	24	67	25	40	26	81	27	95	28	39	29	11	30	93	31	62	32	17	33	30	34	93	35	29	36	27	37	79	38	48	39	44	40	74	41	19	42	62	43	15	44	5	45	88	46	78	47	84	48	27	49	53
	0	13	1	63	2	13	3	21	4	38	5	3	6	100	7	81	8	46	9	19	10	56	11	27	12	83	13	97	14	74	15	76	16	27	17	61	18	22	19	98	20	31	21	61	22	47	23	8	24	79	25	15	26	26	27	96	28	13	29	29	30	12	31	82	32	37	33	62	34	91	35	41	36	97	37	17	38	85	39	21	40	98	41	69	42	50	43	50	44	5	45	75	46	46	47	15	48	45	49	10
	0	90	1	40	2	98	3	38	4	22	5	21	6	51	7	3	8	25	9	76	10	52	11	95	12	1	13	21	14	74	15	49	16	90	17	88	18	9	19	52	20	70	21	37	22	17	23	82	24	85	25	34	26	15	27	9	28	93	29	97	30	86	31	18	32	30	33	24	34	35	35	41	36	15	37	66	38	20	39	15	40	67	41	2	42	48	43	86	44	97	45	28	46	1	47	41	48	86	49	78
	0	31	1	36	2	86	3	21	4	53	5	43	6	82	7	21	8	13	9	42	10	13	11	37	12	14	13	27	14	44	15	11	16	22	17	12	18	23	19	70	20	95	21	38	22	79	23	37	24	1	25	31	26	37	27	25	28	15	29	57	30	62	31	63	32	17	33	76	34	46	35	81	36	27	37	91	38	19	39	44	40	46	41	41	42	32	43	15	44	9	45	82	46	44	47	96	48	35	49	68
	0	26	1	70	2	55	3	11	4	42	5	30	6	53	7	86	8	92	9	97	10	32	11	17	12	8	13	36	14	17	15	52	16	48	17	38	18	28	19	16	20	34	21	22	22	5	23	1	24	13	25	72	26	73	27	31	28	51	29	17	30	47	31	6	32	87	33	19	34	52	35	26	36	98	37	24	38	94	39	35	40	63	41	94	42	89	43	45	44	23	45	28	46	73	47	23	48	70	49	24
	0	17	1	59	2	21	3	66	4	27	5	44	6	49	7	16	8	28	9	21	10	92	11	51	12	24	13	97	14	52	15	84	16	7	17	24	18	44	19	47	20	58	21	87	22	86	23	31	24	43	25	63	26	14	27	9	28	27	29	24	30	76	31	90	32	26	33	13	34	31	35	75	36	94	37	18	38	66	39	18	40	16	41	2	42	3	43	11	44	28	45	89	46	49	47	45	48	11	49	98
	0	37	1	17	2	25	3	79	4	28	5	85	6	72	7	97	8	96	9	90	10	11	11	66	12	9	13	99	14	55	15	22	16	76	17	37	18	33	19	96	20	25	21	13	22	1	23	25	24	26	25	52	26	17	27	7	28	91	29	97	30	25	31	95	32	91	33	43	34	19	35	72	36	92	37	98	38	74	39	75	40	90	41	18	42	58	43	38	44	99	45	26	46	77	47	83	48	23	49	28
	0	17	1	80	2	17	3	99	4	65	5	42	6	14	7	67	8	43	9	53	10	71	11	50	12	81	13	10	14	78	15	20	16	13	17	57	18	10	19	77	20	67	21	24	22	27	23	81	24	91	25	5	26	54	27	63	28	34	29	44	30	98	31	16	32	64	33	97	34	69	35	41	36	12	37	9	38	25	39	87	40	54	41	3	42	67	43	26	44	82	45	93	46	28	47	34	48	20	49	48
	0	49	1	92	2	89	3	75	4	44	5	5	6	32	7	6	8	70	9	15	10	38	11	3	12	84	13	54	14	37	15	2	16	36	17	65	18	65	19	80	20	25	21	85	22	95	23	14	24	38	25	62	26	100	27	44	28	27	29	60	30	2	31	89	32	9	33	76	34	100	35	59	36	87	37	57	38	97	39	61	40	23	41	100	42	71	43	11	44	23	45	88	46	45	47	74	48	12	49	63
	0	68	1	13	2	90	3	71	4	3	5	15	6	27	7	9	8	77	9	14	10	21	11	63	12	65	13	48	14	22	15	29	16	78	17	9	18	9	19	41	20	98	21	64	22	70	23	53	24	87	25	71	26	14	27	50	28	42	29	22	30	18	31	90	32	86	33	68	34	1	35	93	36	12	37	14	38	60	39	32	40	28	41	5	42	13	43	93	44	61	45	22	46	52	47	13	48	23	49	61
	0	73	1	2	2	40	3	85	4	56	5	20	6	9	7	36	8	14	9	63	10	28	11	79	12	12	13	65	14	4	15	4	16	49	17	40	18	53	19	97	20	44	21	11	22	35	23	74	24	65	25	95	26	87	27	31	28	97	29	53	30	54	31	51	32	46	33	21	34	25	35	71	36	3	37	62	38	30	39	12	40	37	41	38	42	45	43	6	44	82	45	72	46	25	47	85	48	32	49	40
	0	49	1	22	2	72	3	38	4	52	5	25	6	94	7	97	8	85	9	24	10	88	11	42	12	12	13	16	14	5	15	21	16	53	17	48	18	20	19	55	20	14	21	57	22	57	23	76	24	86	25	88	26	51	27	58	28	76	29	72	30	56	31	58	32	21	33	28	34	16	35	22	36	3	37	17	38	77	39	21	40	42	41	77	42	89	43	32	44	57	45	95	46	37	47	63	48	13	49	15
	0	97	1	87	2	96	3	77	4	3	5	66	6	84	7	40	8	73	9	36	10	1	11	32	12	33	13	2	14	83	15	28	16	35	17	82	18	83	19	60	20	48	21	76	22	92	23	92	24	96	25	44	26	70	27	31	28	32	29	46	30	96	31	50	32	8	33	63	34	81	35	35	36	64	37	88	38	20	39	3	40	37	41	80	42	68	43	32	44	87	45	14	46	47	47	14	48	67	49	56
	0	56	1	13	2	1	3	59	4	12	5	96	6	37	7	59	8	52	9	65	10	91	11	11	12	83	13	5	14	7	15	100	16	42	17	41	18	85	19	8	20	21	21	41	22	62	23	31	24	61	25	40	26	45	27	79	28	18	29	51	30	35	31	92	32	57	33	91	34	84	35	58	36	26	37	45	38	74	39	25	40	24	41	42	42	23	43	36	44	54	45	13	46	35	47	30	48	25	49	58
	0	72	1	83	2	56	3	49	4	1	5	92	6	88	7	25	8	45	9	20	10	98	11	83	12	43	13	54	14	92	15	55	16	5	17	49	18	3	19	20	20	3	21	51	22	28	23	7	24	43	25	37	26	83	27	79	28	12	29	97	30	46	31	2	32	85	33	59	34	44	35	46	36	42	37	31	38	75	39	60	40	31	41	98	42	83	43	31	44	81	45	20	46	35	47	23	48	30	49	97
	0	57	1	29	2	51	3	14	4	26	5	7	6	75	7	70	8	37	9	86	10	44	11	62	12	90	13	39	14	43	15	71	16	44	17	79	18	2	19	80	20	69	21	16	22	58	23	15	24	65	25	91	26	19	27	81	28	34	29	62	30	82	31	57	32	47	33	6	34	77	35	52	36	99	37	92	38	51	39	33	40	83	41	95	42	17	43	98	44	13	45	87	46	25	47	43	48	66	49	19
	0	34	1	35	2	38	3	70	4	84	5	9	6	30	7	37	8	10	9	42	10	5	11	90	12	43	13	73	14	78	15	14	16	76	17	67	18	51	19	12	20	10	21	58	22	80	23	43	24	1	25	93	26	42	27	15	28	65	29	88	30	60	31	68	32	21	33	57	34	69	35	97	36	78	37	61	38	62	39	18	40	91	41	25	42	33	43	77	44	51	45	76	46	100	47	38	48	72	49	28
	0	5	1	18	2	99	3	19	4	83	5	41	6	50	7	49	8	74	9	45	10	56	11	8	12	24	13	50	14	82	15	68	16	71	17	74	18	17	19	88	20	39	21	60	22	82	23	62	24	76	25	45	26	3	27	88	28	9	29	95	30	26	31	65	32	3	33	64	34	74	35	29	36	41	37	81	38	98	39	83	40	75	41	49	42	49	43	94	44	2	45	19	46	66	47	58	48	72	49	81
	0	83	1	48	2	32	3	66	4	84	5	2	6	60	7	68	8	55	9	20	10	44	11	23	12	27	13	74	14	9	15	6	16	96	17	40	18	3	19	27	20	65	21	22	22	84	23	51	24	53	25	26	26	82	27	53	28	57	29	78	30	21	31	100	32	70	33	36	34	12	35	17	36	82	37	6	38	85	39	71	40	17	41	72	42	93	43	92	44	1	45	13	46	8	47	99	48	38	49	42
	0	7	1	24	2	52	3	13	4	7	5	27	6	33	7	73	8	98	9	58	10	70	11	45	12	85	13	11	14	77	15	87	16	41	17	67	18	44	19	51	20	16	21	31	22	62	23	33	24	86	25	94	26	5	27	7	28	2	29	3	30	77	31	65	32	91	33	90	34	43	35	13	36	22	37	4	38	14	39	94	40	28	41	66	42	53	43	40	44	56	45	100	46	10	47	77	48	78	49	50
	0	20	1	27	2	93	3	74	4	16	5	79	6	99	7	51	8	29	9	41	10	17	11	76	12	99	13	78	14	86	15	21	16	4	17	94	18	78	19	62	20	78	21	36	22	97	23	36	24	88	25	6	26	42	27	51	28	85	29	18	30	78	31	75	32	45	33	37	34	24	35	82	36	65	37	79	38	56	39	9	40	95	41	69	42	97	43	81	44	99	45	89	46	19	47	89	48	86	49	42
	0	94	1	31	2	64	3	35	4	74	5	53	6	90	7	52	8	74	9	52	10	26	11	63	12	90	13	28	14	33	15	1	16	87	17	85	18	54	19	87	20	23	21	41	22	59	23	5	24	8	25	79	26	78	27	44	28	12	29	44	30	21	31	58	32	58	33	92	34	71	35	17	36	74	37	29	38	5	39	51	40	1	41	92	42	62	43	4	44	60	45	70	46	84	47	51	48	32	49	66
	0	83	1	50	2	12	3	49	4	10	5	29	6	35	7	36	8	46	9	30	10	84	11	11	12	25	13	56	14	29	15	80	16	53	17	97	18	57	19	4	20	13	21	39	22	94	23	61	24	33	25	70	26	28	27	40	28	80	29	32	30	78	31	60	32	12	33	100	34	82	35	59	36	69	37	85	38	83	39	17	40	22	41	73	42	47	43	92	44	95	45	64	46	37	47	79	48	25	49	77
	0	29	1	40	2	26	3	18	4	44	5	50	6	84	7	32	8	28	9	55	10	86	11	6	12	14	13	52	14	59	15	62	16	35	17	24	18	89	19	80	20	79	21	91	22	29	23	35	24	9	25	66	26	13	27	25	28	83	29	27	30	56	31	52	32	41	33	31	34	91	35	51	36	63	37	53	38	71	39	98	40	93	41	6	42	48	43	46	44	2	45	80	46	97	47	48	48	20	49	24
	0	59	1	86	2	68	3	25	4	1	5	20	6	74	7	89	8	42	9	95	10	35	11	11	12	75	13	1	14	89	15	95	16	85	17	67	18	81	19	65	20	55	21	17	22	49	23	61	24	97	25	42	26	70	27	33	28	61	29	58	30	31	31	65	32	96	33	39	34	18	35	92	36	80	37	71	38	40	39	91	40	30	41	45	42	35	43	71	44	71	45	97	46	14	47	75	48	20	49	60
	0	50	1	82	2	6	3	73	4	16	5	66	6	46	7	96	8	20	9	51	10	39	11	83	12	7	13	81	14	55	15	39	16	16	17	62	18	13	19	68	20	3	21	82	22	5	23	60	24	93	25	99	26	86	27	99	28	3	29	45	30	39	31	86	32	43	33	2	34	1	35	95	36	11	37	42	38	90	39	25	40	22	41	28	42	82	43	2	44	33	45	31	46	19	47	50	48	68	49	10
	0	58	1	33	2	51	3	46	4	79	5	38	6	91	7	37	8	23	9	56	10	88	11	100	12	19	13	66	14	52	15	25	16	27	17	46	18	48	19	88	20	10	21	59	22	18	23	5	24	95	25	84	26	37	27	1	28	8	29	99	30	2	31	12	32	79	33	24	34	69	35	45	36	49	37	93	38	79	39	81	40	43	41	6	42	46	43	66	44	70	45	86	46	89	47	53	48	76	49	31
	0	33	1	78	2	65	3	43	4	20	5	80	6	41	7	87	8	96	9	4	10	72	11	79	12	67	13	44	14	47	15	41	16	37	17	17	18	91	19	50	20	80	21	76	22	62	23	76	24	1	25	93	26	33	27	94	28	89	29	87	30	50	31	92	32	69	33	64	34	100	35	36	36	9	37	98	38	43	39	56	40	29	41	78	42	95	43	47	44	30	45	84	46	44	47	20	48	31	49	77
	0	67	1	51	2	85	3	20	4	58	5	82	6	20	7	60	8	85	9	4	10	3	11	32	12	58	13	12	14	54	15	73	16	42	17	12	18	37	19	58	20	81	21	28	22	2	23	91	24	93	25	21	26	79	27	14	28	57	29	39	30	21	31	15	32	19	33	51	34	57	35	62	36	63	37	30	38	16	39	70	40	33	41	92	42	6	43	94	44	15	45	11	46	82	47	10	48	2	49	57
	0	27	1	10	2	92	3	28	4	27	5	34	6	16	7	87	8	25	9	13	10	81	11	13	12	74	13	100	14	75	15	19	16	29	17	3	18	68	19	12	20	48	21	54	22	17	23	1	24	92	25	80	26	48	27	51	28	41	29	57	30	71	31	71	32	72	33	56	34	70	35	68	36	58	37	26	38	45	39	93	40	95	41	67	42	21	43	97	44	51	45	76	46	43	47	37	48	3	49	95
	0	24	1	14	2	20	3	69	4	12	5	35	6	75	7	100	8	87	9	31	10	15	11	71	12	26	13	72	14	34	15	49	16	70	17	52	18	99	19	13	20	97	21	51	22	40	23	58	24	86	25	85	26	8	27	64	28	15	29	4	30	53	31	42	32	36	33	7	34	82	35	99	36	23	37	64	38	89	39	63	40	74	41	88	42	84	43	85	44	25	45	86	46	48	47	93	48	2	49	72
	0	96	1	67	2	18	3	37	4	29	5	75	6	97	7	9	8	98	9	61	10	66	11	30	12	23	13	100	14	70	15	52	16	27	17	54	18	90	19	21	20	90	21	83	22	57	23	100	24	22	25	11	26	8	27	58	28	17	29	44	30	35	31	8	32	41	33	86	34	90	35	93	36	51	37	4	38	80	39	42	40	67	41	41	42	53	43	41	44	25	45	76	46	49	47	100	48	97	49	71
	0	85	1	4	2	53	3	72	4	90	5	85	6	99	7	36	8	1	9	46	10	15	11	11	12	95	13	31	14	71	15	95	16	26	17	22	18	19	19	35	20	70	21	94	22	59	23	55	24	18	25	76	26	45	27	27	28	52	29	91	30	75	31	14	32	13	33	75	34	73	35	46	36	38	37	96	38	81	39	23	40	8	41	19	42	86	43	53	44	66	45	100	46	70	47	47	48	71	49	94
	0	61	1	59	2	10	3	17	4	12	5	29	6	82	7	88	8	37	9	65	10	18	11	53	12	92	13	72	14	11	15	59	16	67	17	21	18	72	19	29	20	28	21	14	22	22	23	65	24	46	25	80	26	91	27	62	28	66	29	19	30	5	31	41	32	30	33	68	34	50	35	98	36	58	37	69	38	53	39	45	40	26	41	51	42	42	43	3	44	25	45	63	46	50	47	46	48	69	49	16
	0	72	1	18	2	96	3	25	4	12	5	81	6	79	7	56	8	70	9	56	10	32	11	17	12	40	13	60	14	97	15	57	16	47	17	66	18	26	19	53	20	18	21	28	22	7	23	98	24	80	25	50	26	94	27	29	28	34	29	90	30	38	31	51	32	24	33	36	34	36	35	50	36	36	37	83	38	40	39	94	40	60	41	7	42	86	43	72	44	21	45	11	46	52	47	22	48	68	49	88
	0	40	1	39	2	50	3	33	4	46	5	71	6	42	7	87	8	66	9	40	10	97	11	8	12	49	13	48	14	24	15	93	16	95	17	59	18	30	19	97	20	55	21	60	22	77	23	30	24	94	25	41	26	25	27	20	28	9	29	59	30	87	31	71	32	20	33	60	34	3	35	70	36	77	37	87	38	98	39	1	40	53	41	92	42	9	43	83	44	100	45	29	46	73	47	41	48	14	49	98
	0	16	1	66	2	20	3	71	4	94	5	31	6	64	7	10	8	62	9	76	10	99	11	68	12	85	13	61	14	79	15	26	16	14	17	62	18	8	19	13	20	75	21	65	22	11	23	9	24	72	25	61	26	8	27	18	28	83	29	71	30	31	31	91	32	98	33	44	34	2	35	95	36	43	37	2	38	52	39	90	40	75	41	30	42	75	43	48	44	52	45	40	46	27	47	24	48	3	49	47
	0	15	1	69	2	58	3	42	4	43	5	39	6	20	7	50	8	11	9	43	10	72	11	10	12	78	13	37	14	61	15	2	16	36	17	54	18	12	19	26	20	56	21	18	22	41	23	2	24	10	25	2	26	85	27	34	28	71	29	16	30	73	31	77	32	44	33	27	34	91	35	84	36	97	37	59	38	21	39	27	40	67	41	31	42	65	43	27	44	84	45	14	46	75	47	24	48	30	49	19
	0	48	1	74	2	23	3	58	4	67	5	71	6	97	7	34	8	88	9	5	10	9	11	43	12	10	13	18	14	13	15	8	16	73	17	32	18	66	19	70	20	74	21	28	22	54	23	11	24	98	25	29	26	70	27	73	28	93	29	7	30	61	31	13	32	57	33	8	34	44	35	2	36	96	37	84	38	50	39	48	40	75	41	53	42	38	43	20	44	82	45	50	46	9	47	87	48	64	49	16
	0	87	1	3	2	13	3	57	4	71	5	13	6	10	7	63	8	55	9	44	10	48	11	64	12	76	13	11	14	100	15	77	16	53	17	66	18	2	19	48	20	2	21	51	22	67	23	21	24	49	25	40	26	41	27	67	28	89	29	89	30	80	31	57	32	46	33	13	34	4	35	79	36	38	37	72	38	53	39	13	40	54	41	34	42	60	43	20	44	94	45	40	46	97	47	19	48	33	49	95
	0	92	1	38	2	8	3	51	4	91	5	88	6	28	7	73	8	20	9	76	10	81	11	93	12	94	13	61	14	70	15	82	16	44	17	24	18	92	19	19	20	84	21	4	22	74	23	25	24	27	25	17	26	1	27	79	28	27	29	62	30	11	31	59	32	7	33	91	34	41	35	58	36	85	37	72	38	57	39	65	40	38	41	1	42	84	43	26	44	39	45	26	46	34	47	19	48	66	49	88
	0	94	1	91	2	67	3	99	4	21	5	75	6	34	7	7	8	58	9	56	10	26	11	24	12	57	13	55	14	18	15	8	16	98	17	83	18	91	19	31	20	13	21	37	22	92	23	77	24	67	25	70	26	6	27	39	28	57	29	58	30	33	31	28	32	24	33	26	34	75	35	100	36	94	37	22	38	47	39	59	40	92	41	53	42	87	43	10	44	89	45	7	46	31	47	55	48	92	49	39
	0	62	1	64	2	68	3	89	4	66	5	54	6	67	7	57	8	40	9	75	10	5	11	63	12	43	13	68	14	82	15	61	16	90	17	50	18	89	19	77	20	15	21	56	22	2	23	2	24	62	25	15	26	70	27	65	28	85	29	62	30	59	31	41	32	59	33	4	34	89	35	97	36	26	37	98	38	96	39	69	40	48	41	99	42	87	43	21	44	25	45	93	46	89	47	37	48	100	49	29
	0	94	1	28	2	69	3	94	4	59	5	89	6	60	7	24	8	8	9	6	10	52	11	22	12	56	13	4	14	47	15	28	16	41	17	12	18	19	19	86	20	31	21	42	22	93	23	64	24	59	25	48	26	43	27	55	28	85	29	95	30	2	31	55	32	97	33	42	34	24	35	83	36	1	37	49	38	48	39	9	40	55	41	32	42	34	43	92	44	57	45	47	46	3	47	50	48	80	49	63
	0	77	1	10	2	23	3	63	4	96	5	13	6	22	7	85	8	90	9	68	10	31	11	79	12	99	13	89	14	77	15	61	16	78	17	48	18	38	19	69	20	51	21	33	22	11	23	75	24	70	25	95	26	60	27	88	28	10	29	23	30	61	31	56	32	12	33	78	34	92	35	71	36	36	37	77	38	22	39	1	40	97	41	11	42	10	43	35	44	3	45	27	46	11	47	2	48	11	49	27
	0	52	1	89	2	52	3	47	4	19	5	90	6	28	7	17	8	80	9	47	10	58	11	39	12	32	13	73	14	23	15	10	16	28	17	54	18	49	19	78	20	50	21	89	22	23	23	27	24	22	25	8	26	36	27	7	28	71	29	61	30	85	31	74	32	92	33	99	34	91	35	91	36	68	37	60	38	11	39	7	40	56	41	48	42	47	43	30	44	38	45	71	46	88	47	41	48	93	49	54
	0	30	1	26	2	44	3	72	4	63	5	22	6	90	7	46	8	23	9	4	10	23	11	10	12	47	13	54	14	79	15	41	16	68	17	94	18	92	19	95	20	55	21	79	22	43	23	14	24	83	25	65	26	18	27	86	28	69	29	19	30	16	31	65	32	31	33	18	34	84	35	96	36	43	37	68	38	57	39	99	40	2	41	33	42	30	43	97	44	25	45	48	46	5	47	10	48	37	49	76
	0	72	1	31	2	27	3	11	4	20	5	70	6	80	7	55	8	7	9	29	10	13	11	7	12	1	13	31	14	62	15	44	16	100	17	37	18	23	19	100	20	85	21	18	22	14	23	49	24	49	25	47	26	31	27	52	28	32	29	49	30	13	31	43	32	31	33	31	34	29	35	46	36	85	37	44	38	61	39	48	40	34	41	89	42	45	43	81	44	18	45	47	46	92	47	80	48	63	49	96
	0	95	1	17	2	57	3	56	4	12	5	44	6	32	7	60	8	58	9	74	10	90	11	57	12	68	13	92	14	42	15	83	16	93	17	89	18	56	19	63	20	56	21	32	22	26	23	29	24	78	25	34	26	9	27	62	28	46	29	92	30	91	31	100	32	85	33	82	34	76	35	68	36	53	37	51	38	29	39	16	40	85	41	37	42	83	43	82	44	32	45	9	46	19	47	5	48	88	49	11
	0	71	1	59	2	2	3	32	4	3	5	92	6	4	7	70	8	88	9	75	10	7	11	36	12	47	13	3	14	49	15	23	16	67	17	8	18	6	19	40	20	81	21	68	22	71	23	78	24	83	25	24	26	91	27	69	28	23	29	37	30	11	31	46	32	89	33	62	34	45	35	16	36	81	37	94	38	1	39	7	40	35	41	36	42	17	43	55	44	41	45	85	46	80	47	30	48	73	49	35
	0	43	1	22	2	29	3	48	4	58	5	48	6	32	7	33	8	92	9	35	10	61	11	50	12	96	13	92	14	89	15	5	16	38	17	87	18	72	19	31	20	26	21	79	22	5	23	48	24	75	25	84	26	26	27	55	28	1	29	59	30	58	31	7	32	49	33	46	34	5	35	63	36	73	37	12	38	45	39	14	40	37	41	60	42	84	43	38	44	7	45	12	46	71	47	24	48	44	49	89
	0	82	1	73	2	23	3	34	4	21	5	64	6	37	7	44	8	2	9	45	10	67	11	29	12	7	13	85	14	12	15	1	16	40	17	97	18	23	19	50	20	3	21	21	22	87	23	85	24	89	25	23	26	42	27	31	28	54	29	55	30	30	31	6	32	13	33	67	34	15	35	31	36	76	37	91	38	20	39	46	40	12	41	16	42	69	43	24	44	26	45	31	46	31	47	13	48	57	49	11
	0	100	1	54	2	61	3	60	4	61	5	43	6	18	7	55	8	32	9	42	10	79	11	36	12	74	13	59	14	63	15	38	16	10	17	47	18	34	19	85	20	95	21	92	22	48	23	56	24	28	25	92	26	38	27	9	28	12	29	51	30	78	31	42	32	77	33	33	34	44	35	89	36	35	37	53	38	59	39	9	40	39	41	98	42	6	43	5	44	61	45	10	46	24	47	87	48	100	49	72
	0	30	1	55	2	92	3	71	4	43	5	76	6	99	7	43	8	90	9	84	10	69	11	18	12	17	13	4	14	12	15	7	16	44	17	18	18	43	19	23	20	45	21	85	22	61	23	17	24	16	25	5	26	83	27	58	28	84	29	89	30	56	31	7	32	67	33	61	34	100	35	61	36	79	37	19	38	69	39	55	40	48	41	22	42	21	43	60	44	84	45	88	46	44	47	11	48	28	49	7
	0	79	1	53	2	53	3	13	4	26	5	83	6	9	7	77	8	40	9	43	10	26	11	99	12	35	13	71	14	22	15	14	16	66	17	30	18	82	19	49	20	60	21	66	22	98	23	93	24	100	25	60	26	86	27	61	28	95	29	96	30	30	31	69	32	91	33	28	34	8	35	47	36	96	37	43	38	8	39	67	40	40	41	42	42	29	43	48	44	75	45	96	46	38	47	78	48	92	49	35
	0	22	1	60	2	24	3	80	4	46	5	65	6	42	7	41	8	24	9	66	10	71	11	25	12	55	13	67	14	87	15	27	16	78	17	69	18	66	19	6	20	52	21	18	22	100	23	74	24	66	25	42	26	99	27	27	28	32	29	68	30	41	31	21	32	16	33	73	34	48	35	65	36	19	37	11	38	92	39	65	40	94	41	23	42	60	43	76	44	79	45	18	46	33	47	13	48	78	49	87
	0	64	1	49	2	6	3	80	4	43	5	94	6	8	7	64	8	10	9	23	10	88	11	50	12	31	13	24	14	26	15	33	16	49	17	53	18	64	19	3	20	2	21	33	22	89	23	28	24	32	25	39	26	48	27	89	28	53	29	42	30	66	31	35	32	48	33	10	34	50	35	100	36	1	37	97	38	18	39	75	40	97	41	58	42	64	43	43	44	41	45	67	46	59	47	12	48	81	49	40
	0	49	1	17	2	33	3	84	4	95	5	56	6	41	7	22	8	79	9	98	10	27	11	56	12	47	13	74	14	14	15	91	16	88	17	29	18	13	19	19	20	56	21	10	22	28	23	21	24	86	25	14	26	5	27	63	28	67	29	11	30	27	31	86	32	61	33	27	34	54	35	98	36	94	37	56	38	24	39	43	40	57	41	16	42	95	43	88	44	71	45	92	46	86	47	61	48	42	49	18
	0	27	1	33	2	77	3	84	4	58	5	12	6	50	7	87	8	16	9	15	10	48	11	56	12	6	13	15	14	8	15	13	16	39	17	93	18	66	19	54	20	99	21	37	22	39	23	64	24	53	25	60	26	35	27	4	28	23	29	50	30	55	31	23	32	97	33	51	34	32	35	85	36	21	37	49	38	24	39	32	40	26	41	13	42	44	43	98	44	66	45	16	46	19	47	53	48	75	49	26
	0	81	1	53	2	70	3	51	4	54	5	16	6	56	7	83	8	77	9	50	10	18	11	53	12	92	13	96	14	86	15	26	16	67	17	80	18	36	19	60	20	44	21	76	22	41	23	38	24	45	25	18	26	91	27	40	28	42	29	28	30	51	31	92	32	10	33	33	34	20	35	48	36	97	37	98	38	17	39	55	40	86	41	98	42	93	43	30	44	35	45	96	46	65	47	46	48	22	49	12
	0	4	1	90	2	19	3	92	4	30	5	59	6	84	7	20	8	96	9	4	10	47	11	20	12	68	13	28	14	16	15	49	16	18	17	3	18	38	19	85	20	5	21	66	22	90	23	41	24	7	25	4	26	89	27	80	28	12	29	44	30	34	31	99	32	10	33	96	34	26	35	9	36	15	37	33	38	39	39	37	40	31	41	88	42	23	43	14	44	33	45	8	46	58	47	35	48	14	49	8
	0	14	1	5	2	49	3	95	4	68	5	100	6	49	7	63	8	79	9	8	10	14	11	87	12	34	13	39	14	20	15	52	16	14	17	6	18	80	19	10	20	36	21	28	22	77	23	37	24	79	25	94	26	61	27	44	28	89	29	99	30	41	31	65	32	34	33	39	34	35	35	6	36	42	37	22	38	42	39	57	40	49	41	41	42	65	43	83	44	50	45	2	46	84	47	44	48	100	49	13
	0	63	1	24	2	43	3	78	4	48	5	59	6	45	7	49	8	75	9	90	10	61	11	27	12	16	13	93	14	76	15	17	16	5	17	57	18	77	19	81	20	42	21	3	22	64	23	43	24	66	25	79	26	4	27	39	28	35	29	70	30	76	31	12	32	63	33	1	34	76	35	98	36	90	37	26	38	71	39	67	40	6	41	36	42	17	43	82	44	38	45	25	46	89	47	23	48	63	49	93
	0	88	1	76	2	37	3	80	4	10	5	77	6	28	7	62	8	13	9	75	10	89	11	47	12	98	13	36	14	34	15	57	16	94	17	29	18	84	19	76	20	28	21	37	22	93	23	14	24	98	25	2	26	88	27	7	28	94	29	90	30	67	31	47	32	31	33	35	34	49	35	31	36	92	37	10	38	67	39	55	40	91	41	11	42	42	43	2	44	97	45	71	46	90	47	93	48	4	49	33
	0	42	1	9	2	7	3	53	4	82	5	93	6	40	7	3	8	31	9	99	10	79	11	5	12	34	13	43	14	10	15	11	16	31	17	65	18	37	19	9	20	9	21	25	22	45	23	28	24	77	25	78	26	73	27	53	28	2	29	4	30	55	31	3	32	10	33	89	34	20	35	6	36	27	37	82	38	73	39	77	40	14	41	76	42	4	43	5	44	39	45	93	46	74	47	84	48	70	49	52
	0	90	1	44	2	88	3	73	4	79	5	79	6	56	7	31	8	96	9	71	10	99	11	71	12	45	13	58	14	66	15	46	16	96	17	92	18	90	19	28	20	24	21	92	22	67	23	26	24	100	25	79	26	15	27	98	28	15	29	60	30	86	31	30	32	19	33	84	34	44	35	41	36	93	37	97	38	28	39	32	40	7	41	65	42	68	43	65	44	14	45	42	46	21	47	72	48	89	49	8
	0	41	1	18	2	14	3	93	4	4	5	53	6	68	7	68	8	53	9	48	10	74	11	72	12	32	13	97	14	10	15	3	16	26	17	13	18	79	19	90	20	20	21	66	22	15	23	25	24	52	25	45	26	50	27	25	28	19	29	25	30	70	31	52	32	59	33	78	34	60	35	2	36	21	37	71	38	78	39	64	40	100	41	23	42	35	43	79	44	92	45	18	46	70	47	74	48	90	49	6
	0	29	1	43	2	46	3	31	4	3	5	96	6	55	7	61	8	84	9	7	10	37	11	25	12	32	13	22	14	27	15	73	16	75	17	18	18	95	19	14	20	72	21	11	22	64	23	92	24	27	25	69	26	86	27	21	28	27	29	73	30	1	31	82	32	26	33	18	34	100	35	40	36	21	37	71	38	36	39	50	40	94	41	11	42	84	43	57	44	88	45	21	46	40	47	8	48	65	49	14
	0	90	1	24	2	61	3	3	4	8	5	11	6	26	7	53	8	62	9	98	10	30	11	76	12	32	13	39	14	50	15	52	16	61	17	20	18	92	19	96	20	13	21	39	22	2	23	88	24	3	25	70	26	70	27	51	28	99	29	24	30	33	31	43	32	47	33	62	34	27	35	89	36	53	37	28	38	52	39	71	40	7	41	4	42	46	43	61	44	62	45	14	46	78	47	61	48	88	49	12
	0	7	1	69	2	62	3	45	4	77	5	16	6	68	7	78	8	32	9	16	10	12	11	5	12	78	13	33	14	96	15	100	16	22	17	66	18	80	19	77	20	70	21	89	22	35	23	61	24	63	25	10	26	78	27	84	28	79	29	35	30	26	31	70	32	28	33	40	34	17	35	73	36	31	37	99	38	87	39	58	40	48	41	22	42	97	43	71	44	93	45	87	46	45	47	25	48	69	49	84
	0	26	1	85	2	91	3	98	4	97	5	52	6	91	7	4	8	78	9	64	10	20	11	43	12	1	13	65	14	89	15	9	16	69	17	16	18	24	19	68	20	2	21	50	22	11	23	77	24	77	25	82	26	66	27	87	28	88	29	37	30	60	31	45	32	86	33	64	34	72	35	19	36	74	37	26	38	59	39	25	40	63	41	10	42	62	43	28	44	21	45	78	46	93	47	28	48	66	49	59
	0	60	1	80	2	86	3	62	4	36	5	89	6	86	7	39	8	82	9	91	10	100	11	54	12	59	13	1	14	14	15	17	16	15	17	95	18	82	19	95	20	16	21	59	22	46	23	15	24	62	25	12	26	80	27	7	28	12	29	2	30	17	31	74	32	87	33	18	34	45	35	61	36	58	37	69	38	63	39	79	40	20	41	32	42	39	43	2	44	100	45	59	46	19	47	36	48	65	49	1
	0	68	1	36	2	32	3	92	4	45	5	12	6	73	7	91	8	50	9	64	10	90	11	85	12	85	13	21	14	100	15	93	16	19	17	81	18	31	19	30	20	57	21	79	22	55	23	22	24	47	25	26	26	85	27	73	28	72	29	2	30	17	31	33	32	13	33	89	34	96	35	11	36	88	37	73	38	40	39	41	40	91	41	73	42	41	43	86	44	94	45	52	46	39	47	42	48	79	49	21
	0	31	1	84	2	23	3	57	4	56	5	47	6	47	7	84	8	89	9	52	10	97	11	86	12	6	13	17	14	30	15	58	16	20	17	7	18	8	19	9	20	7	21	11	22	43	23	74	24	50	25	61	26	23	27	6	28	90	29	28	30	30	31	41	32	52	33	47	34	24	35	67	36	89	37	71	38	46	39	45	40	57	41	55	42	81	43	46	44	16	45	6	46	66	47	13	48	34	49	70
	0	50	1	71	2	12	3	28	4	28	5	21	6	71	7	22	8	12	9	12	10	82	11	42	12	11	13	67	14	12	15	36	16	33	17	5	18	14	19	36	20	34	21	97	22	2	23	93	24	64	25	30	26	75	27	77	28	99	29	86	30	90	31	93	32	62	33	46	34	87	35	97	36	53	37	80	38	28	39	31	40	55	41	87	42	92	43	99	44	90	45	89	46	46	47	69	48	29	49	4
	0	88	1	58	2	83	3	37	4	10	5	28	6	46	7	75	8	57	9	35	10	42	11	74	12	57	13	70	14	3	15	65	16	63	17	98	18	6	19	34	20	17	21	99	22	7	23	38	24	41	25	44	26	73	27	61	28	11	29	67	30	98	31	36	32	61	33	30	34	49	35	81	36	37	37	75	38	87	39	9	40	80	41	12	42	38	43	37	44	29	45	96	46	39	47	93	48	61	49	87
	0	59	1	77	2	3	3	94	4	80	5	60	6	94	7	45	8	94	9	100	10	83	11	49	12	35	13	15	14	81	15	22	16	69	17	55	18	8	19	99	20	100	21	45	22	8	23	65	24	67	25	1	26	17	27	69	28	44	29	37	30	2	31	98	32	67	33	20	34	23	35	29	36	43	37	40	38	65	39	99	40	23	41	89	42	60	43	41	44	43	45	89	46	88	47	82	48	65	49	1
	0	18	1	17	2	60	3	89	4	51	5	79	6	37	7	54	8	53	9	88	10	99	11	43	12	100	13	41	14	67	15	87	16	81	17	75	18	23	19	49	20	10	21	30	22	61	23	73	24	59	25	65	26	33	27	51	28	20	29	32	30	39	31	75	32	35	33	98	34	97	35	34	36	63	37	66	38	92	39	50	40	89	41	53	42	94	43	94	44	65	45	1	46	78	47	14	48	55	49	50
	0	5	1	53	2	31	3	85	4	43	5	63	6	17	7	49	8	23	9	27	10	10	11	73	12	79	13	47	14	94	15	62	16	1	17	62	18	46	19	63	20	8	21	5	22	100	23	66	24	26	25	16	26	2	27	44	28	4	29	54	30	92	31	25	32	33	33	2	34	76	35	42	36	36	37	32	38	94	39	20	40	39	41	87	42	85	43	80	44	53	45	100	46	3	47	82	48	18	49	45
	0	43	1	34	2	94	3	1	4	77	5	30	6	100	7	69	8	12	9	7	10	30	11	74	12	8	13	23	14	7	15	38	16	38	17	3	18	40	19	19	20	66	21	7	22	15	23	37	24	68	25	6	26	14	27	33	28	38	29	80	30	53	31	44	32	45	33	70	34	91	35	83	36	35	37	51	38	29	39	56	40	89	41	7	42	26	43	51	44	90	45	18	46	85	47	90	48	56	49	97
	0	89	1	27	2	34	3	42	4	92	5	25	6	78	7	82	8	97	9	58	10	48	11	31	12	69	13	8	14	89	15	88	16	73	17	61	18	7	19	35	20	33	21	18	22	26	23	38	24	41	25	82	26	97	27	36	28	84	29	79	30	12	31	79	32	47	33	20	34	15	35	56	36	21	37	34	38	29	39	13	40	19	41	100	42	49	43	63	44	85	45	76	46	56	47	32	48	48	49	6
	0	48	1	91	2	40	3	34	4	8	5	67	6	11	7	74	8	56	9	54	10	78	11	12	12	37	13	32	14	14	15	30	16	49	17	83	18	58	19	89	20	29	21	81	22	81	23	100	24	31	25	53	26	81	27	76	28	73	29	74	30	56	31	58	32	31	33	27	34	89	35	23	36	17	37	42	38	51	39	49	40	66	41	2	42	99	43	86	44	4	45	64	46	21	47	52	48	96	49	60
	0	68	1	54	2	82	3	46	4	66	5	11	6	51	7	31	8	90	9	25	10	10	11	9	12	69	13	17	14	52	15	56	16	21	17	43	18	31	19	85	20	63	21	43	22	95	23	59	24	37	25	89	26	32	27	11	28	33	29	43	30	35	31	23	32	26	33	31	34	89	35	44	36	41	37	3	38	39	39	78	40	9	41	29	42	87	43	62	44	93	45	49	46	25	47	91	48	89	49	91
	0	21	1	94	2	28	3	6	4	82	5	57	6	39	7	95	8	87	9	36	10	45	11	26	12	67	13	11	14	11	15	62	16	45	17	86	18	54	19	58	20	93	21	27	22	87	23	82	24	64	25	83	26	67	27	83	28	87	29	45	30	53	31	3	32	55	33	45	34	13	35	4	36	36	37	81	38	11	39	70	40	80	41	25	42	88	43	88	44	13	45	63	46	12	47	27	48	39	49	62
	0	37	1	71	2	83	3	63	4	34	5	69	6	50	7	48	8	61	9	13	10	93	11	35	12	81	13	53	14	97	15	91	16	64	17	13	18	37	19	65	20	16	21	66	22	64	23	94	24	25	25	79	26	13	27	23	28	25	29	46	30	58	31	37	32	5	33	53	34	48	35	20	36	18	37	63	38	99	39	60	40	80	41	97	42	18	43	78	44	47	45	58	46	3	47	59	48	13	49	28
	0	35	1	96	2	75	3	27	4	42	5	86	6	51	7	15	8	28	9	33	10	56	11	77	12	81	13	54	14	54	15	30	16	99	17	88	18	62	19	27	20	8	21	51	22	60	23	57	24	59	25	94	26	35	27	68	28	28	29	56	30	74	31	54	32	49	33	13	34	66	35	83	36	59	37	67	38	94	39	73	40	40	41	38	42	15	43	18	44	86	45	30	46	67	47	38	48	16	49	4
	0	51	1	10	2	21	3	75	4	72	5	78	6	33	7	3	8	36	9	77	10	22	11	63	12	44	13	11	14	71	15	4	16	28	17	57	18	6	19	33	20	16	21	97	22	51	23	84	24	23	25	6	26	44	27	61	28	4	29	32	30	49	31	59	32	24	33	54	34	28	35	16	36	18	37	10	38	77	39	27	40	48	41	16	42	27	43	38	44	1	45	36	46	61	47	12	48	53	49	57
	0	21	1	5	2	10	3	94	4	83	5	20	6	7	7	17	8	22	9	18	10	13	11	77	12	19	13	97	14	81	15	89	16	63	17	84	18	32	19	68	20	48	21	91	22	79	23	56	24	83	25	17	26	9	27	75	28	50	29	30	30	95	31	84	32	86	33	31	34	2	35	35	36	78	37	96	38	3	39	66	40	81	41	49	42	21	43	55	44	17	45	9	46	76	47	32	48	5	49	15
	0	84	1	28	2	23	3	19	4	42	5	6	6	25	7	11	8	12	9	93	10	39	11	2	12	63	13	23	14	28	15	86	16	54	17	54	18	99	19	62	20	54	21	6	22	80	23	81	24	41	25	60	26	6	27	42	28	24	29	91	30	80	31	71	32	73	33	34	34	1	35	39	36	59	37	13	38	84	39	8	40	38	41	66	42	1	43	23	44	25	45	54	46	19	47	69	48	56	49	52
	0	29	1	71	2	11	3	32	4	71	5	13	6	66	7	1	8	17	9	92	10	98	11	62	12	58	13	42	14	35	15	92	16	100	17	78	18	62	19	67	20	85	21	73	22	97	23	84	24	77	25	43	26	8	27	41	28	78	29	9	30	34	31	90	32	71	33	77	34	34	35	74	36	2	37	23	38	74	39	1	40	52	41	9	42	26	43	32	44	54	45	43	46	34	47	71	48	57	49	68
	0	87	1	94	2	48	3	46	4	84	5	53	6	80	7	59	8	94	9	40	10	68	11	60	12	46	13	97	14	49	15	36	16	88	17	4	18	17	19	67	20	25	21	97	22	84	23	91	24	96	25	75	26	31	27	17	28	72	29	6	30	33	31	40	32	80	33	59	34	89	35	46	36	75	37	92	38	92	39	23	40	24	41	95	42	98	43	3	44	82	45	63	46	7	47	6	48	49	49	33
	0	53	1	75	2	61	3	40	4	55	5	91	6	53	7	54	8	93	9	33	10	79	11	95	12	5	13	26	14	95	15	67	16	21	17	67	18	28	19	34	20	66	21	37	22	99	23	40	24	21	25	44	26	67	27	44	28	10	29	46	30	98	31	9	32	47	33	55	34	7	35	96	36	79	37	11	38	100	39	23	40	92	41	86	42	21	43	1	44	74	45	63	46	92	47	61	48	49	49	80
	0	85	1	26	2	26	3	55	4	75	5	97	6	37	7	17	8	56	9	59	10	41	11	16	12	27	13	21	14	25	15	91	16	73	17	43	18	39	19	6	20	99	21	24	22	26	23	98	24	95	25	50	26	60	27	85	28	42	29	26	30	75	31	32	32	72	33	29	34	65	35	83	36	67	37	77	38	90	39	84	40	39	41	93	42	6	43	78	44	33	45	97	46	15	47	43	48	49	49	74
	0	88	1	83	2	67	3	86	4	37	5	18	6	33	7	33	8	2	9	31	10	20	11	83	12	97	13	48	14	96	15	19	16	47	17	77	18	47	19	80	20	71	21	30	22	38	23	91	24	31	25	96	26	21	27	3	28	34	29	50	30	9	31	98	32	52	33	99	34	82	35	31	36	12	37	22	38	98	39	4	40	60	41	41	42	13	43	92	44	8	45	27	46	48	47	84	48	6	49	45
	0	46	1	97	2	14	3	69	4	8	5	67	6	60	7	36	8	6	9	44	10	99	11	24	12	10	13	34	14	23	15	64	16	78	17	68	18	84	19	10	20	85	21	82	22	17	23	54	24	11	25	54	26	95	27	48	28	99	29	29	30	47	31	49	32	52	33	6	34	100	35	41	36	35	37	95	38	59	39	63	40	8	41	65	42	20	43	57	44	92	45	20	46	68	47	38	48	46	49	94
	0	31	1	11	2	24	3	49	4	71	5	15	6	16	7	9	8	42	9	63	10	7	11	71	12	44	13	100	14	11	15	74	16	55	17	14	18	42	19	16	20	15	21	46	22	58	23	50	24	3	25	15	26	77	27	4	28	20	29	34	30	37	31	96	32	77	33	81	34	76	35	52	36	46	37	67	38	35	39	33	40	27	41	3	42	11	43	41	44	44	45	61	46	26	47	59	48	49	49	79
	0	80	1	33	2	34	3	56	4	91	5	22	6	49	7	42	8	70	9	50	10	86	11	17	12	59	13	52	14	90	15	100	16	38	17	3	18	82	19	55	20	85	21	45	22	24	23	74	24	31	25	85	26	60	27	47	28	61	29	5	30	100	31	56	32	36	33	14	34	43	35	63	36	54	37	42	38	54	39	58	40	59	41	35	42	41	43	1	44	76	45	26	46	85	47	76	48	35	49	75
	0	41	1	27	2	89	3	1	4	2	5	61	6	73	7	62	8	80	9	24	10	33	11	49	12	69	13	93	14	30	15	91	16	89	17	41	18	98	19	11	20	12	21	59	22	15	23	51	24	30	25	54	26	13	27	73	28	20	29	44	30	28	31	9	32	6	33	33	34	79	35	97	36	26	37	24	38	23	39	47	40	59	41	11	42	21	43	13	44	63	45	62	46	12	47	60	48	39	49	64
	0	84	1	69	2	8	3	19	4	92	5	4	6	70	7	94	8	51	9	36	10	2	11	66	12	10	13	6	14	80	15	21	16	94	17	66	18	56	19	97	20	51	21	27	22	23	23	76	24	59	25	11	26	35	27	61	28	67	29	81	30	82	31	9	32	81	33	95	34	25	35	88	36	26	37	14	38	48	39	93	40	29	41	48	42	79	43	28	44	8	45	35	46	84	47	44	48	82	49	82
	0	46	1	96	2	12	3	4	4	69	5	41	6	41	7	44	8	82	9	18	10	12	11	78	12	25	13	52	14	64	15	8	16	41	17	92	18	37	19	15	20	20	21	71	22	42	23	29	24	47	25	46	26	79	27	26	28	63	29	56	30	97	31	58	32	47	33	9	34	39	35	93	36	65	37	79	38	16	39	5	40	47	41	84	42	98	43	40	44	96	45	75	46	18	47	64	48	29	49	33
	0	26	1	54	2	14	3	3	4	47	5	92	6	47	7	59	8	16	9	74	10	79	11	12	12	3	13	46	14	5	15	2	16	52	17	25	18	47	19	13	20	94	21	73	22	19	23	40	24	8	25	17	26	45	27	56	28	34	29	59	30	58	31	92	32	79	33	93	34	27	35	12	36	56	37	35	38	65	39	36	40	43	41	39	42	18	43	68	44	69	45	36	46	61	47	19	48	52	49	44
	0	24	1	20	2	41	3	17	4	31	5	89	6	57	7	28	8	39	9	79	10	11	11	29	12	91	13	25	14	63	15	10	16	27	17	76	18	38	19	48	20	31	21	69	22	17	23	43	24	82	25	83	26	75	27	58	28	51	29	78	30	23	31	8	32	72	33	27	34	81	35	95	36	62	37	65	38	93	39	52	40	70	41	28	42	58	43	48	44	87	45	63	46	28	47	92	48	53	49	24
	0	22	1	7	2	24	3	81	4	27	5	76	6	96	7	15	8	7	9	80	10	7	11	76	12	32	13	89	14	42	15	13	16	96	17	56	18	37	19	27	20	99	21	33	22	45	23	88	24	89	25	30	26	100	27	17	28	9	29	46	30	11	31	33	32	94	33	81	34	63	35	17	36	98	37	87	38	6	39	28	40	58	41	12	42	55	43	85	44	28	45	74	46	50	47	8	48	26	49	35
	0	24	1	59	2	88	3	81	4	95	5	46	6	27	7	26	8	80	9	71	10	20	11	89	12	82	13	37	14	97	15	25	16	18	17	52	18	83	19	92	20	75	21	82	22	31	23	99	24	19	25	53	26	45	27	61	28	86	29	94	30	69	31	58	32	39	33	74	34	8	35	67	36	71	37	92	38	3	39	28	40	73	41	89	42	62	43	53	44	14	45	17	46	33	47	83	48	100	49	85
	0	73	1	71	2	90	3	44	4	36	5	27	6	16	7	8	8	98	9	67	10	10	11	4	12	79	13	39	14	43	15	10	16	38	17	29	18	43	19	14	20	56	21	68	22	17	23	8	24	16	25	86	26	27	27	8	28	61	29	91	30	66	31	43	32	87	33	68	34	57	35	78	36	89	37	23	38	58	39	50	40	85	41	19	42	50	43	25	44	70	45	82	46	40	47	32	48	91	49	66
	0	1	1	6	2	32	3	13	4	50	5	45	6	46	7	46	8	10	9	96	10	99	11	71	12	22	13	80	14	81	15	90	16	100	17	53	18	17	19	49	20	55	21	58	22	86	23	60	24	7	25	93	26	13	27	79	28	81	29	32	30	13	31	44	32	57	33	60	34	85	35	74	36	2	37	92	38	100	39	9	40	24	41	18	42	20	43	35	44	13	45	75	46	40	47	9	48	67	49	38
	0	52	1	10	2	9	3	88	4	66	5	46	6	50	7	95	8	37	9	13	10	62	11	28	12	80	13	91	14	42	15	71	16	77	17	98	18	98	19	17	20	9	21	64	22	98	23	63	24	59	25	85	26	36	27	36	28	85	29	61	30	24	31	3	32	35	33	47	34	19	35	72	36	71	37	48	38	21	39	72	40	29	41	55	42	26	43	64	44	6	45	1	46	8	47	35	48	79	49	72
	0	62	1	64	2	84	3	13	4	34	5	73	6	6	7	10	8	28	9	94	10	68	11	46	12	59	13	20	14	15	15	42	16	80	17	17	18	31	19	50	20	30	21	15	22	33	23	63	24	58	25	12	26	33	27	30	28	28	29	52	30	68	31	21	32	8	33	57	34	22	35	72	36	1	37	38	38	8	39	91	40	74	41	10	42	74	43	27	44	77	45	64	46	49	47	14	48	81	49	9
	0	58	1	52	2	57	3	67	4	51	5	87	6	91	7	70	8	39	9	99	10	93	11	20	12	29	13	11	14	50	15	92	16	2	17	72	18	43	19	4	20	73	21	96	22	4	23	69	24	21	25	34	26	8	27	9	28	1	29	25	30	6	31	10	32	47	33	66	34	56	35	23	36	44	37	65	38	2	39	62	40	32	41	93	42	17	43	40	44	56	45	45	46	95	47	45	48	85	49	59
	0	69	1	65	2	63	3	82	4	93	5	84	6	61	7	57	8	98	9	33	10	44	11	72	12	37	13	56	14	76	15	18	16	46	17	29	18	29	19	24	20	14	21	39	22	55	23	62	24	32	25	15	26	49	27	66	28	46	29	68	30	15	31	91	32	62	33	68	34	2	35	96	36	61	37	95	38	77	39	53	40	17	41	14	42	56	43	92	44	48	45	64	46	5	47	51	48	21	49	82
	0	82	1	80	2	95	3	79	4	83	5	18	6	92	7	50	8	18	9	58	10	1	11	87	12	20	13	41	14	74	15	11	16	68	17	74	18	73	19	68	20	86	21	42	22	52	23	33	24	27	25	63	26	10	27	24	28	79	29	18	30	42	31	31	32	36	33	38	34	58	35	85	36	25	37	39	38	70	39	51	40	80	41	40	42	53	43	8	44	9	45	96	46	28	47	45	48	100	49	39
	0	42	1	94	2	36	3	8	4	13	5	70	6	51	7	99	8	90	9	5	10	22	11	89	12	42	13	78	14	84	15	93	16	62	17	89	18	20	19	66	20	61	21	24	22	58	23	73	24	90	25	11	26	76	27	57	28	17	29	71	30	91	31	7	32	22	33	92	34	11	35	100	36	28	37	9	38	33	39	57	40	48	41	49	42	46	43	47	44	25	45	74	46	73	47	27	48	10	49	47
	0	44	1	5	2	78	3	79	4	86	5	57	6	98	7	55	8	94	9	39	10	2	11	42	12	96	13	79	14	16	15	9	16	25	17	30	18	47	19	35	20	83	21	29	22	41	23	79	24	40	25	89	26	63	27	24	28	12	29	13	30	53	31	43	32	100	33	24	34	57	35	26	36	4	37	29	38	55	39	73	40	24	41	72	42	19	43	63	44	26	45	48	46	71	47	16	48	25	49	75
	0	40	1	34	2	20	3	49	4	21	5	91	6	81	7	26	8	100	9	83	10	65	11	13	12	84	13	88	14	30	15	58	16	52	17	77	18	59	19	67	20	36	21	76	22	6	23	98	24	71	25	90	26	48	27	94	28	79	29	12	30	93	31	75	32	96	33	95	34	72	35	89	36	36	37	60	38	25	39	84	40	50	41	58	42	54	43	77	44	43	45	19	46	6	47	3	48	38	49	47
	0	7	1	89	2	11	3	52	4	64	5	75	6	31	7	31	8	89	9	88	10	77	11	21	12	42	13	35	14	27	15	5	16	73	17	59	18	28	19	36	20	14	21	1	22	97	23	8	24	59	25	44	26	16	27	99	28	31	29	22	30	12	31	49	32	12	33	48	34	46	35	64	36	4	37	75	38	44	39	45	40	35	41	89	42	48	43	97	44	18	45	23	46	63	47	57	48	66	49	9
	0	35	1	47	2	70	3	32	4	96	5	42	6	20	7	43	8	33	9	18	10	43	11	41	12	88	13	2	14	46	15	40	16	99	17	52	18	17	19	82	20	26	21	43	22	26	23	44	24	21	25	16	26	1	27	72	28	54	29	43	30	1	31	30	32	91	33	95	34	99	35	44	36	72	37	23	38	32	39	92	40	70	41	92	42	14	43	48	44	3	45	23	46	87	47	99	48	29	49	34
	0	75	1	97	2	60	3	88	4	63	5	92	6	68	7	84	8	1	9	78	10	73	11	58	12	36	13	48	14	23	15	62	16	90	17	18	18	19	19	64	20	49	21	98	22	48	23	65	24	45	25	97	26	14	27	32	28	23	29	97	30	86	31	3	32	33	33	32	34	2	35	93	36	3	37	58	38	9	39	33	40	64	41	4	42	11	43	96	44	37	45	32	46	56	47	4	48	14	49	50
	0	3	1	29	2	83	3	56	4	34	5	7	6	75	7	8	8	98	9	51	10	48	11	46	12	15	13	30	14	29	15	16	16	78	17	25	18	63	19	57	20	8	21	20	22	67	23	73	24	79	25	55	26	78	27	87	28	9	29	55	30	27	31	49	32	60	33	35	34	2	35	51	36	39	37	13	38	70	39	60	40	50	41	3	42	66	43	97	44	60	45	60	46	84	47	90	48	83	49	100
	0	15	1	94	2	74	3	30	4	21	5	74	6	11	7	34	8	40	9	59	10	96	11	24	12	65	13	40	14	97	15	50	16	35	17	56	18	20	19	8	20	33	21	1	22	90	23	13	24	86	25	40	26	58	27	18	28	1	29	10	30	85	31	88	32	90	33	63	34	62	35	74	36	68	37	60	38	59	39	33	40	13	41	33	42	27	43	98	44	49	45	59	46	88	47	93	48	67	49	36
	0	80	1	39	2	99	3	41	4	54	5	6	6	27	7	4	8	40	9	2	10	67	11	45	12	19	13	8	14	79	15	45	16	71	17	89	18	84	19	50	20	95	21	54	22	94	23	32	24	8	25	40	26	81	27	60	28	82	29	36	30	39	31	42	32	66	33	83	34	34	35	53	36	1	37	10	38	15	39	57	40	35	41	90	42	51	43	80	44	93	45	32	46	27	47	13	48	48	49	41
	0	79	1	23	2	12	3	2	4	89	5	18	6	38	7	90	8	46	9	7	10	95	11	1	12	54	13	16	14	72	15	42	16	39	17	76	18	8	19	54	20	84	21	5	22	65	23	34	24	6	25	13	26	83	27	85	28	39	29	27	30	83	31	19	32	94	33	24	34	25	35	80	36	9	37	94	38	14	39	64	40	15	41	81	42	15	43	62	44	70	45	86	46	35	47	47	48	47	49	12
	0	76	1	70	2	76	3	96	4	50	5	64	6	66	7	55	8	37	9	40	10	78	11	37	12	12	13	41	14	2	15	64	16	67	17	95	18	75	19	100	20	27	21	54	22	36	23	76	24	98	25	46	26	2	27	73	28	40	29	51	30	24	31	28	32	22	33	90	34	40	35	14	36	3	37	85	38	49	39	33	40	73	41	24	42	63	43	81	44	15	45	52	46	12	47	16	48	93	49	56
	0	17	1	15	2	62	3	31	4	46	5	100	6	74	7	29	8	26	9	85	10	15	11	38	12	68	13	53	14	85	15	48	16	34	17	84	18	32	19	81	20	56	21	86	22	78	23	16	24	73	25	88	26	21	27	21	28	63	29	16	30	76	31	72	32	70	33	59	34	2	35	39	36	61	37	75	38	40	39	40	40	72	41	19	42	35	43	16	44	10	45	82	46	27	47	79	48	22	49	70
	0	42	1	11	2	69	3	69	4	13	5	45	6	44	7	74	8	100	9	45	10	28	11	67	12	11	13	55	14	78	15	89	16	23	17	2	18	80	19	37	20	66	21	60	22	32	23	61	24	19	25	21	26	15	27	73	28	26	29	20	30	78	31	72	32	33	33	9	34	55	35	51	36	4	37	92	38	70	39	45	40	71	41	49	42	13	43	33	44	14	45	18	46	93	47	3	48	98	49	18
	0	86	1	36	2	89	3	21	4	52	5	88	6	32	7	15	8	80	9	50	10	82	11	11	12	83	13	34	14	100	15	90	16	63	17	13	18	52	19	91	20	1	21	96	22	94	23	82	24	56	25	45	26	20	27	74	28	75	29	36	30	95	31	63	32	45	33	38	34	19	35	6	36	38	37	63	38	84	39	85	40	34	41	98	42	17	43	90	44	25	45	35	46	33	47	40	48	25	49	51
	0	25	1	25	2	48	3	12	4	79	5	21	6	28	7	96	8	85	9	41	10	92	11	63	12	76	13	88	14	4	15	19	16	36	17	51	18	53	19	40	20	30	21	47	22	41	23	69	24	71	25	1	26	1	27	96	28	17	29	27	30	55	31	77	32	64	33	30	34	77	35	65	36	78	37	70	38	34	39	43	40	84	41	35	42	18	43	100	44	100	45	24	46	95	47	74	48	89	49	42
	0	18	1	63	2	73	3	43	4	95	5	77	6	5	7	86	8	15	9	74	10	34	11	91	12	51	13	15	14	78	15	95	16	13	17	17	18	91	19	58	20	9	21	9	22	14	23	76	24	37	25	98	26	20	27	75	28	32	29	8	30	99	31	18	32	12	33	62	34	57	35	40	36	25	37	1	38	1	39	91	40	78	41	69	42	60	43	52	44	93	45	3	46	47	47	57	48	40	49	21
	0	60	1	42	2	25	3	80	4	92	5	84	6	41	7	50	8	85	9	22	10	10	11	41	12	57	13	68	14	72	15	58	16	74	17	34	18	92	19	84	20	61	21	61	22	11	23	15	24	66	25	4	26	44	27	94	28	23	29	8	30	97	31	16	32	75	33	4	34	82	35	5	36	54	37	82	38	26	39	88	40	39	41	25	42	10	43	9	44	22	45	33	46	91	47	61	48	60	49	46
	0	90	1	32	2	6	3	46	4	42	5	90	6	19	7	19	8	49	9	55	10	26	11	90	12	83	13	31	14	70	15	55	16	18	17	98	18	58	19	93	20	1	21	82	22	22	23	18	24	94	25	61	26	26	27	8	28	23	29	71	30	99	31	23	32	45	33	17	34	79	35	93	36	5	37	8	38	81	39	46	40	38	41	66	42	47	43	96	44	54	45	85	46	25	47	31	48	99	49	37
	0	81	1	43	2	80	3	41	4	68	5	13	6	6	7	58	8	70	9	36	10	78	11	75	12	17	13	41	14	18	15	74	16	43	17	56	18	45	19	23	20	10	21	8	22	22	23	22	24	48	25	72	26	25	27	86	28	65	29	93	30	26	31	64	32	22	33	59	34	84	35	13	36	8	37	97	38	76	39	78	40	27	41	13	42	23	43	50	44	87	45	99	46	100	47	2	48	80	49	85
	0	12	1	29	2	58	3	9	4	95	5	32	6	62	7	15	8	67	9	29	10	60	11	32	12	34	13	86	14	98	15	69	16	45	17	88	18	67	19	36	20	12	21	12	22	38	23	86	24	84	25	62	26	27	27	25	28	16	29	63	30	95	31	36	32	66	33	57	34	74	35	24	36	34	37	19	38	89	39	73	40	9	41	2	42	26	43	63	44	89	45	72	46	49	47	3	48	98	49	90
	0	66	1	70	2	10	3	65	4	15	5	57	6	45	7	67	8	1	9	74	10	25	11	86	12	11	13	65	14	72	15	78	16	1	17	10	18	99	19	20	20	2	21	46	22	39	23	78	24	24	25	28	26	90	27	58	28	32	29	94	30	92	31	86	32	21	33	18	34	44	35	56	36	41	37	74	38	47	39	8	40	16	41	27	42	17	43	62	44	72	45	29	46	6	47	3	48	77	49	96
	0	33	1	87	2	45	3	86	4	3	5	21	6	61	7	97	8	70	9	40	10	27	11	73	12	77	13	81	14	43	15	73	16	75	17	17	18	70	19	40	20	89	21	19	22	27	23	89	24	16	25	45	26	42	27	86	28	50	29	82	30	37	31	91	32	62	33	83	34	30	35	95	36	3	37	84	38	87	39	65	40	93	41	82	42	33	43	76	44	17	45	18	46	39	47	7	48	44	49	97
	0	23	1	9	2	28	3	22	4	34	5	96	6	78	7	56	8	5	9	98	10	94	11	2	12	10	13	79	14	93	15	89	16	42	17	29	18	100	19	9	20	100	21	54	22	57	23	10	24	70	25	40	26	80	27	81	28	11	29	67	30	76	31	55	32	96	33	87	34	78	35	30	36	80	37	8	38	93	39	77	40	67	41	26	42	36	43	90	44	20	45	20	46	18	47	98	48	33	49	94
	0	13	1	27	2	42	3	13	4	93	5	15	6	79	7	2	8	43	9	91	10	56	11	77	12	78	13	69	14	52	15	31	16	14	17	41	18	55	19	10	20	81	21	57	22	53	23	34	24	81	25	15	26	89	27	52	28	11	29	16	30	27	31	47	32	19	33	57	34	1	35	16	36	64	37	51	38	20	39	1	40	91	41	9	42	66	43	37	44	41	45	26	46	25	47	49	48	64	49	46
	0	96	1	18	2	99	3	7	4	9	5	88	6	45	7	80	8	30	9	89	10	29	11	66	12	20	13	98	14	51	15	10	16	9	17	66	18	67	19	37	20	72	21	79	22	16	23	35	24	31	25	25	26	39	27	30	28	19	29	1	30	17	31	24	32	82	33	71	34	34	35	2	36	100	37	54	38	47	39	30	40	54	41	20	42	11	43	82	44	75	45	7	46	3	47	82	48	45	49	91
	0	30	1	55	2	38	3	78	4	18	5	9	6	32	7	95	8	26	9	99	10	10	11	99	12	20	13	41	14	38	15	35	16	6	17	83	18	12	19	100	20	17	21	50	22	68	23	14	24	79	25	15	26	28	27	88	28	23	29	62	30	31	31	46	32	15	33	52	34	39	35	42	36	6	37	9	38	49	39	76	40	42	41	65	42	42	43	7	44	75	45	55	46	38	47	4	48	69	49	53
	0	52	1	97	2	93	3	62	4	72	5	13	6	39	7	28	8	85	9	4	10	20	11	25	12	38	13	12	14	17	15	40	16	16	17	17	18	96	19	52	20	56	21	76	22	9	23	72	24	32	25	39	26	46	27	12	28	95	29	97	30	8	31	80	32	47	33	15	34	18	35	28	36	63	37	37	38	79	39	98	40	19	41	71	42	59	43	37	44	78	45	97	46	64	47	92	48	32	49	51
	0	11	1	94	2	21	3	78	4	31	5	81	6	64	7	61	8	50	9	46	10	74	11	60	12	43	13	96	14	44	15	29	16	46	17	49	18	34	19	84	20	69	21	17	22	79	23	57	24	63	25	52	26	11	27	36	28	15	29	49	30	67	31	91	32	83	33	31	34	9	35	41	36	94	37	65	38	95	39	92	40	66	41	81	42	79	43	68	44	25	45	97	46	10	47	12	48	38	49	64
	0	70	1	27	2	64	3	91	4	79	5	79	6	15	7	14	8	43	9	89	10	65	11	12	12	26	13	89	14	52	15	97	16	79	17	3	18	70	19	12	20	52	21	1	22	28	23	30	24	65	25	18	26	39	27	42	28	33	29	40	30	61	31	52	32	55	33	15	34	100	35	39	36	7	37	8	38	52	39	54	40	23	41	46	42	38	43	50	44	31	45	96	46	64	47	66	48	88	49	77
	0	11	1	23	2	31	3	9	4	29	5	96	6	28	7	37	8	2	9	57	10	22	11	92	12	91	13	33	14	66	15	74	16	96	17	96	18	19	19	66	20	71	21	96	22	46	23	19	24	93	25	92	26	25	27	66	28	74	29	50	30	85	31	51	32	53	33	16	34	98	35	88	36	21	37	69	38	12	39	77	40	64	41	29	42	3	43	47	44	13	45	62	46	76	47	8	48	54	49	10
	0	43	1	26	2	28	3	49	4	53	5	49	6	23	7	35	8	72	9	53	10	46	11	1	12	17	13	93	14	14	15	20	16	93	17	64	18	12	19	30	20	4	21	18	22	8	23	11	24	27	25	85	26	18	27	36	28	54	29	96	30	59	31	42	32	75	33	14	34	34	35	13	36	30	37	5	38	51	39	38	40	56	41	16	42	50	43	10	44	23	45	45	46	95	47	78	48	21	49	12
	0	67	1	47	2	40	3	65	4	50	5	19	6	61	7	89	8	7	9	90	10	64	11	95	12	78	13	69	14	84	15	6	16	60	17	76	18	9	19	79	20	35	21	23	22	80	23	11	24	65	25	6	26	41	27	26	28	81	29	49	30	61	31	58	32	12	33	80	34	96	35	50	36	38	37	32	38	96	39	43	40	85	41	98	42	64	43	36	44	63	45	81	46	9	47	30	48	34	49	18
	0	65	1	93	2	64	3	79	4	69	5	98	6	76	7	58	8	3	9	32	10	39	11	5	12	62	13	83	14	27	15	75	16	99	17	33	18	54	19	96	20	41	21	32	22	69	23	75	24	9	25	28	26	47	27	81	28	56	29	66	30	42	31	3	32	21	33	94	34	61	35	57	36	68	37	39	38	79	39	75	40	34	41	36	42	18	43	32	44	42	45	15	46	54	47	68	48	16	49	97
	0	13	1	19	2	26	3	44	4	80	5	71	6	48	7	59	8	45	9	88	10	6	11	45	12	28	13	89	14	45	15	54	16	83	17	72	18	42	19	97	20	74	21	3	22	58	23	87	24	51	25	31	26	89	27	39	28	89	29	86	30	64	31	57	32	60	33	74	34	1	35	67	36	52	37	80	38	27	39	89	40	57	41	35	42	7	43	49	44	92	45	21	46	48	47	75	48	16	49	4
	0	76	1	36	2	71	3	28	4	93	5	10	6	53	7	15	8	64	9	86	10	88	11	43	12	3	13	49	14	76	15	97	16	37	17	92	18	20	19	31	20	86	21	59	22	65	23	68	24	78	25	14	26	95	27	32	28	88	29	82	30	84	31	96	32	76	33	22	34	89	35	75	36	50	37	7	38	23	39	14	40	95	41	43	42	64	43	42	44	37	45	38	46	74	47	89	48	24	49	9
	0	33	1	94	2	59	3	82	4	32	5	47	6	10	7	24	8	53	9	46	10	69	11	30	12	39	13	57	14	69	15	23	16	51	17	9	18	38	19	58	20	41	21	70	22	83	23	45	24	89	25	77	26	17	27	18	28	98	29	15	30	74	31	13	32	45	33	77	34	79	35	51	36	8	37	46	38	61	39	18	40	41	41	74	42	40	43	99	44	68	45	57	46	99	47	7	48	92	49	32
	0	62	1	16	2	71	3	39	4	97	5	81	6	90	7	28	8	41	9	5	10	28	11	2	12	18	13	99	14	17	15	29	16	72	17	36	18	20	19	55	20	64	21	85	22	93	23	19	24	93	25	93	26	91	27	34	28	35	29	46	30	53	31	87	32	19	33	15	34	61	35	92	36	78	37	92	38	55	39	67	40	49	41	44	42	74	43	46	44	8	45	63	46	19	47	36	48	58	49	80
	0	84	1	76	2	17	3	65	4	98	5	70	6	68	7	48	8	62	9	86	10	63	11	12	12	82	13	55	14	4	15	63	16	38	17	13	18	37	19	68	20	28	21	53	22	28	23	6	24	80	25	1	26	16	27	2	28	29	29	24	30	55	31	5	32	94	33	26	34	92	35	51	36	5	37	7	38	49	39	21	40	64	41	78	42	90	43	78	44	35	45	57	46	6	47	44	48	16	49	2
	0	55	1	52	2	12	3	36	4	10	5	91	6	23	7	89	8	34	9	17	10	33	11	58	12	74	13	11	14	29	15	35	16	31	17	85	18	21	19	98	20	67	21	100	22	16	23	37	24	44	25	21	26	78	27	52	28	11	29	20	30	90	31	70	32	83	33	39	34	66	35	53	36	72	37	20	38	12	39	96	40	76	41	9	42	23	43	41	44	25	45	70	46	51	47	48	48	45	49	64
	0	9	1	1	2	95	3	97	4	68	5	57	6	72	7	16	8	82	9	39	10	98	11	30	12	37	13	45	14	43	15	74	16	9	17	31	18	38	19	47	20	90	21	70	22	74	23	80	24	1	25	18	26	8	27	36	28	4	29	24	30	15	31	35	32	91	33	62	34	56	35	51	36	6	37	92	38	43	39	42	40	27	41	55	42	43	43	87	44	18	45	69	46	28	47	57	48	15	49	87
	0	75	1	48	2	32	3	25	4	81	5	35	6	76	7	70	8	22	9	35	10	15	11	36	12	95	13	95	14	46	15	17	16	13	17	28	18	45	19	63	20	46	21	80	22	2	23	76	24	16	25	83	26	77	27	94	28	98	29	35	30	20	31	26	32	96	33	28	34	46	35	37	36	72	37	80	38	65	39	19	40	61	41	73	42	94	43	71	44	5	45	94	46	13	47	91	48	79	49	21
	0	34	1	55	2	89	3	11	4	1	5	20	6	83	7	85	8	40	9	92	10	88	11	10	12	13	13	41	14	61	15	16	16	72	17	48	18	40	19	21	20	92	21	23	22	13	23	30	24	34	25	30	26	41	27	35	28	86	29	97	30	9	31	48	32	56	33	15	34	2	35	18	36	29	37	39	38	7	39	39	40	16	41	45	42	100	43	33	44	45	45	17	46	72	47	71	48	84	49	64
	0	100	1	68	2	89	3	84	4	63	5	64	6	10	7	28	8	63	9	71	10	19	11	38	12	5	13	54	14	26	15	57	16	33	17	87	18	96	19	29	20	43	21	65	22	96	23	49	24	7	25	10	26	22	27	25	28	80	29	76	30	89	31	54	32	86	33	32	34	97	35	39	36	89	37	9	38	80	39	95	40	6	41	5	42	22	43	7	44	13	45	13	46	91	47	56	48	53	49	2
	0	22	1	21	2	44	3	60	4	57	5	17	6	53	7	94	8	8	9	27	10	79	11	41	12	25	13	50	14	53	15	25	16	63	17	66	18	67	19	75	20	86	21	73	22	74	23	95	24	63	25	83	26	28	27	22	28	32	29	53	30	51	31	53	32	34	33	89	34	56	35	98	36	55	37	73	38	52	39	94	40	28	41	73	42	8	43	3	44	65	45	52	46	76	47	59	48	44	49	80
	0	66	1	51	2	51	3	20	4	40	5	47	6	71	7	38	8	84	9	7	10	63	11	53	12	39	13	29	14	65	15	43	16	23	17	30	18	30	19	57	20	87	21	68	22	60	23	4	24	54	25	26	26	14	27	20	28	51	29	52	30	2	31	39	32	51	33	100	34	83	35	8	36	50	37	23	38	28	39	29	40	67	41	19	42	29	43	24	44	46	45	20	46	60	47	33	48	83	49	84
	0	7	1	22	2	15	3	25	4	43	5	47	6	46	7	100	8	9	9	80	10	94	11	18	12	11	13	35	14	83	15	62	16	71	17	21	18	17	19	31	20	77	21	6	22	3	23	37	24	11	25	99	26	24	27	19	28	67	29	48	30	68	31	62	32	90	33	36	34	58	35	29	36	74	37	20	38	60	39	42	40	20	41	22	42	41	43	77	44	48	45	4	46	19	47	54	48	88	49	59
	0	27	1	36	2	18	3	6	4	66	5	66	6	18	7	74	8	44	9	21	10	46	11	16	12	7	13	45	14	69	15	81	16	13	17	91	18	5	19	30	20	17	21	93	22	51	23	100	24	48	25	48	26	100	27	18	28	8	29	71	30	88	31	37	32	34	33	50	34	9	35	54	36	75	37	36	38	97	39	12	40	98	41	21	42	62	43	6	44	24	45	90	46	15	47	51	48	46	49	77
	0	50	1	73	2	85	3	25	4	38	5	31	6	92	7	54	8	63	9	88	10	99	11	81	12	9	13	80	14	66	15	40	16	65	17	66	18	94	19	7	20	25	21	35	22	97	23	16	24	89	25	22	26	39	27	31	28	83	29	57	30	91	31	3	32	76	33	34	34	74	35	34	36	50	37	98	38	70	39	16	40	40	41	65	42	32	43	32	44	73	45	32	46	16	47	22	48	59	49	46
	0	33	1	62	2	12	3	34	4	75	5	5	6	8	7	11	8	65	9	76	10	10	11	21	12	55	13	37	14	12	15	86	16	41	17	42	18	88	19	46	20	1	21	60	22	40	23	40	24	44	25	47	26	83	27	48	28	53	29	66	30	24	31	89	32	46	33	13	34	1	35	62	36	83	37	88	38	9	39	57	40	13	41	14	42	15	43	83	44	14	45	99	46	43	47	92	48	90	49	99
	0	88	1	85	2	20	3	12	4	82	5	41	6	69	7	26	8	26	9	97	10	12	11	92	12	47	13	75	14	33	15	98	16	68	17	35	18	94	19	68	20	90	21	83	22	87	23	6	24	3	25	94	26	15	27	60	28	11	29	5	30	68	31	80	32	15	33	90	34	87	35	100	36	93	37	36	38	34	39	44	40	70	41	64	42	100	43	71	44	75	45	78	46	40	47	80	48	22	49	35
	0	2	1	48	2	54	3	53	4	89	5	92	6	58	7	20	8	75	9	42	10	17	11	66	12	67	13	88	14	72	15	99	16	80	17	52	18	5	19	33	20	62	21	56	22	69	23	46	24	95	25	28	26	14	27	57	28	57	29	50	30	5	31	6	32	20	33	33	34	16	35	67	36	13	37	89	38	49	39	40	40	81	41	19	42	19	43	4	44	26	45	53	46	89	47	14	48	98	49	99
	0	62	1	77	2	71	3	90	4	56	5	56	6	43	7	36	8	26	9	63	10	20	11	26	12	89	13	59	14	83	15	30	16	95	17	66	18	51	19	90	20	28	21	49	22	92	23	18	24	35	25	39	26	29	27	30	28	34	29	1	30	59	31	75	32	11	33	55	34	75	35	52	36	50	37	19	38	63	39	23	40	30	41	33	42	11	43	53	44	84	45	66	46	43	47	47	48	20	49	31
	0	90	1	63	2	28	3	55	4	34	5	16	6	38	7	80	8	5	9	1	10	4	11	91	12	2	13	13	14	12	15	89	16	84	17	26	18	51	19	76	20	43	21	66	22	5	23	97	24	56	25	99	26	29	27	65	28	75	29	93	30	27	31	79	32	10	33	55	34	66	35	79	36	7	37	41	38	61	39	23	40	28	41	75	42	32	43	77	44	88	45	48	46	28	47	45	48	1	49	70
	0	42	1	81	2	42	3	96	4	88	5	70	6	27	7	63	8	96	9	57	10	75	11	79	12	61	13	70	14	89	15	88	16	43	17	59	18	79	19	74	20	92	21	56	22	17	23	88	24	81	25	20	26	97	27	18	28	33	29	23	30	26	31	19	32	90	33	2	34	87	35	94	36	70	37	58	38	41	39	67	40	92	41	8	42	58	43	20	44	74	45	99	46	99	47	61	48	40	49	45
	0	88	1	47	2	80	3	53	4	37	5	100	6	48	7	40	8	28	9	61	10	8	11	66	12	54	13	87	14	44	15	21	16	78	17	92	18	5	19	58	20	61	21	63	22	54	23	48	24	58	25	29	26	24	27	4	28	9	29	49	30	23	31	100	32	45	33	44	34	29	35	79	36	99	37	1	38	64	39	25	40	2	41	18	42	41	43	54	44	75	45	63	46	34	47	35	48	85	49	74
	0	1	1	52	2	94	3	26	4	54	5	69	6	32	7	22	8	79	9	58	10	79	11	6	12	40	13	4	14	27	15	100	16	4	17	87	18	58	19	6	20	90	21	25	22	59	23	30	24	29	25	6	26	76	27	10	28	77	29	55	30	47	31	78	32	26	33	14	34	94	35	61	36	96	37	30	38	55	39	17	40	16	41	77	42	70	43	58	44	23	45	48	46	87	47	1	48	25	49	21
	0	15	1	57	2	22	3	56	4	62	5	41	6	76	7	82	8	36	9	73	10	69	11	4	12	74	13	89	14	4	15	6	16	60	17	97	18	16	19	53	20	23	21	33	22	17	23	12	24	35	25	13	26	85	27	40	28	42	29	86	30	72	31	12	32	16	33	20	34	89	35	95	36	92	37	95	38	93	39	79	40	33	41	68	42	90	43	21	44	47	45	48	46	18	47	79	48	35	49	90
	0	85	1	23	2	55	3	90	4	72	5	58	6	22	7	51	8	22	9	99	10	85	11	44	12	80	13	81	14	52	15	92	16	52	17	86	18	50	19	39	20	2	21	34	22	37	23	92	24	4	25	59	26	15	27	45	28	9	29	74	30	8	31	24	32	5	33	90	34	86	35	11	36	81	37	44	38	75	39	31	40	15	41	61	42	75	43	17	44	44	45	38	46	61	47	93	48	3	49	36
	0	58	1	21	2	29	3	22	4	15	5	15	6	57	7	85	8	1	9	21	10	75	11	20	12	13	13	8	14	11	15	68	16	73	17	20	18	51	19	42	20	34	21	88	22	25	23	74	24	44	25	99	26	16	27	81	28	24	29	72	30	72	31	16	32	60	33	91	34	10	35	60	36	30	37	86	38	76	39	79	40	95	41	71	42	72	43	36	44	31	45	78	46	72	47	36	48	94	49	42
	0	95	1	60	2	35	3	33	4	97	5	2	6	94	7	32	8	8	9	99	10	68	11	2	12	15	13	60	14	17	15	100	16	89	17	100	18	39	19	31	20	74	21	37	22	58	23	41	24	15	25	28	26	86	27	97	28	88	29	35	30	48	31	4	32	36	33	48	34	6	35	55	36	59	37	20	38	95	39	15	40	85	41	68	42	67	43	85	44	27	45	68	46	12	47	100	48	16	49	35
	0	94	1	49	2	44	3	66	4	23	5	26	6	75	7	94	8	48	9	54	10	92	11	71	12	52	13	34	14	4	15	93	16	74	17	18	18	23	19	19	20	91	21	93	22	75	23	55	24	38	25	48	26	32	27	3	28	50	29	46	30	50	31	99	32	45	33	20	34	64	35	91	36	93	37	75	38	81	39	19	40	34	41	64	42	52	43	14	44	45	45	63	46	37	47	21	48	59	49	63
	0	81	1	6	2	92	3	67	4	61	5	15	6	45	7	45	8	88	9	92	10	53	11	94	12	58	13	62	14	34	15	97	16	95	17	47	18	38	19	89	20	22	21	78	22	5	23	71	24	67	25	100	26	86	27	23	28	80	29	99	30	77	31	8	32	9	33	98	34	83	35	87	36	83	37	92	38	96	39	57	40	85	41	27	42	66	43	1	44	15	45	34	46	99	47	12	48	77	49	86
	0	3	1	19	2	42	3	35	4	65	5	44	6	69	7	26	8	53	9	45	10	87	11	31	12	39	13	48	14	68	15	29	16	16	17	55	18	42	19	20	20	45	21	92	22	48	23	62	24	53	25	26	26	3	27	64	28	76	29	72	30	38	31	74	32	100	33	68	34	45	35	42	36	69	37	77	38	23	39	54	40	46	41	66	42	20	43	60	44	53	45	53	46	98	47	46	48	13	49	26
Reldue
-1	13187	-1	1
-1	6394	-1	1
-1	12949	-1	1
-1	12032	-1	1
-1	7588	-1	1
-1	6185	-1	1
-1	13625	-1	1
-1	7246	-1	1
-1	5675	-1	1
-1	8352	-1	1
-1	13090	-1	1
-1	10183	-1	1
-1	12270	-1	1
-1	12694	-1	1
-1	5684	-1	1
-1	12804	-1	1
-1	12837	-1	1
-1	8345	-1	1
-1	5520	-1	1
-1	12989	-1	1
-1	7000	-1	1
-1	5588	-1	1
-1	12428	-1	1
-1	6440	-1	1
-1	8742	-1	1
-1	11011	-1	1
-1	6383	-1	1
-1	10966	-1	1
-1	6805	-1	1
-1	5478	-1	1
-1	10961	-1	1
-1	4966	-1	1
-1	9528	-1	1
-1	4972	-1	1
-1	11925	-1	1
-1	12620	-1	1
-1	7205	-1	1
-1	11650	-1	1
-1	5295	-1	1
-1	11300	-1	1
-1	8269	-1	1
-1	13105	-1	1
-1	11442	-1	1
-1	8327	-1	1
-1	5326	-1	1
-1	6780	-1	1
-1	13219	-1	1
-1	13011	-1	1
-1	13571	-1	1
-1	10432	-1	1
-1	7678	-1	1
-1	8131	-1	1
-1	5540	-1	1
-1	12637	-1	1
-1	5611	-1	1
-1	8951	-1	1
-1	8501	-1	1
-1	12211	-1	1
-1	7996	-1	1
-1	6780	-1	1
-1	9634	-1	1
-1	13429	-1	1
-1	9068	-1	1
-1	8952	-1	1
-1	13257	-1	1
-1	11312	-1	1
-1	4659	-1	1
-1	13496	-1	1
-1	9845	-1	1
-1	12653	-1	1
-1	5101	-1	1
-1	6584	-1	1
-1	13152	-1	1
-1	12436	-1	1
-1	8412	-1	1
-1	8987	-1	1
-1	12264	-1	1
-1	12593	-1	1
-1	10992	-1	1
-1	7505	-1	1
-1	8671	-1	1
-1	7318	-1	1
-1	6982	-1	1
-1	13043	-1	1
-1	8094	-1	1
-1	8145	-1	1
-1	12225	-1	1
-1	12542	-1	1
-1	13375	-1	1
-1	10088	-1	1
-1	13566	-1	1
-1	6014	-1	1
-1	11955	-1	1
-1	13297	-1	1
-1	12395	-1	1
-1	10502	-1	1
-1	8824	-1	1
-1	6115	-1	1
-1	12718	-1	1
-1	6725	-1	1
-1	11368	-1	1
-1	10256	-1	1
-1	8051	-1	1
-1	8246	-1	1
-1	12401	-1	1
-1	6856	-1	1
-1	5399	-1	1
-1	13435	-1	1
-1	10786	-1	1
-1	4588	-1	1
-1	7657	-1	1
-1	6314	-1	1
-1	10453	-1	1
-1	9004	-1	1
-1	6444	-1	1
-1	9547	-1	1
-1	5149	-1	1
-1	12158	-1	1
-1	12161	-1	1
-1	11801	-1	1
-1	13508	-1	1
-1	4651	-1	1
-1	12815	-1	1
-1	6573	-1	1
-1	11309	-1	1
-1	5393	-1	1
-1	12189	-1	1
-1	5960	-1	1
-1	13489	-1	1
-1	5760	-1	1
-1	6807	-1	1
-1	5147	-1	1
-1	10638	-1	1
-1	11399	-1	1
-1	11014	-1	1
-1	13241	-1	1
-1	7981	-1	1
-1	9623	-1	1
-1	12544	-1	1
-1	11623	-1	1
-1	13688	-1	1
-1	13519	-1	1
-1	9143	-1	1
-1	5854	-1	1
-1	9026	-1	1
-1	6151	-1	1
-1	13229	-1	1
-1	9407	-1	1
-1	8535	-1	1
-1	4751	-1	1
-1	5513	-1	1
-1	10632	-1	1
-1	8930	-1	1
-1	8658	-1	1
-1	13377	-1	1
-1	13381	-1	1
-1	12830	-1	1
-1	9657	-1	1
-1	6142	-1	1
-1	5571	-1	1
-1	13132	-1	1
-1	7279	-1	1
-1	7630	-1	1
-1	5697	-1	1
-1	9530	-1	1
-1	10556	-1	1
-1	12722	-1	1
-1	9498	-1	1
-1	11743	-1	1
-1	10072	-1	1
-1	12048	-1	1
-1	9692	-1	1
-1	4688	-1	1
-1	7249	-1	1
-1	9492	-1	1
-1	7272	-1	1
-1	8969	-1	1
-1	6753	-1	1
-1	11154	-1	1
-1	8485	-1	1
-1	5587	-1	1
-1	8552	-1	1
-1	12573	-1	1
-1	13081	-1	1
-1	9558	-1	1
-1	10942	-1	1
-1	13285	-1	1
-1	10873	-1	1
-1	10907	-1	1
-1	10643	-1	1
-1	7563	-1	1
-1	5965	-1	1
-1	8108	-1	1
-1	6706	-1	1
-1	12541	-1	1
-1	7749	-1	1
-1	12928	-1	1
-1	8074	-1	1
-1	4600	-1	1
-1	12597	-1	1
-1	8743	-1	1
-1	10289	-1	1
-1	13192	-1	1
-1	11634	-1	1
-1	11770	-1	1
-1	9945	-1	1
-1	9189	-1	1
-1	7269	-1	1
-1	10992	-1	1
-1	8633	-1	1
-1	6523	-1	1
-1	5080	-1	1
-1	4984	-1	1
-1	6215	-1	1
-1	9653	-1	1
-1	5000	-1	1
-1	7685	-1	1
-1	13087	-1	1
-1	10142	-1	1
-1	8844	-1	1
-1	7521	-1	1
-1	12530	-1	1
-1	8703	-1	1
-1	8503	-1	1
-1	13237	-1	1
-1	8238	-1	1
-1	4709	-1	1
-1	13109	-1	1
-1	10386	-1	1
-1	10176	-1	1
-1	7443	-1	1
-1	10751	-1	1
-1	12266	-1	1
-1	6770	-1	1
-1	6488	-1	1
-1	10125	-1	1
-1	6329	-1	1
-1	10385	-1	1
-1	6000	-1	1
-1	7279	-1	1
-1	11938	-1	1
-1	8611	-1	1
-1	9800	-1	1
-1	9092	-1	1
-1	9245	-1	1
-1	4606	-1	1
-1	11603	-1	1
-1	9059	-1	1
-1	5490	-1	1
-1	11089	-1	1
LBCmax: 15280
