50  50
	0	63	1	73	2	48	3	46	4	41	5	24	6	93	7	83	8	69	9	80	10	1	11	7	12	49	13	37	14	4	15	41	16	82	17	66	18	51	19	82	20	12	21	98	22	71	23	80	24	50	25	36	26	60	27	37	28	34	29	1	30	79	31	75	32	77	33	60	34	13	35	85	36	9	37	83	38	23	39	78	40	15	41	28	42	99	43	85	44	30	45	54	46	80	47	77	48	37	49	9
	0	21	1	6	2	78	3	40	4	6	5	100	6	88	7	26	8	41	9	35	10	89	11	30	12	76	13	88	14	23	15	23	16	51	17	47	18	5	19	25	20	44	21	14	22	22	23	54	24	82	25	38	26	9	27	3	28	41	29	66	30	86	31	65	32	38	33	98	34	33	35	80	36	1	37	79	38	21	39	87	40	63	41	60	42	56	43	84	44	20	45	30	46	88	47	41	48	44	49	87
	0	80	1	30	2	47	3	87	4	57	5	40	6	36	7	26	8	82	9	9	10	1	11	8	12	17	13	100	14	27	15	17	16	60	17	74	18	27	19	7	20	89	21	63	22	30	23	58	24	44	25	39	26	78	27	72	28	7	29	20	30	8	31	19	32	1	33	81	34	31	35	32	36	84	37	40	38	27	39	25	40	19	41	49	42	28	43	92	44	60	45	9	46	44	47	86	48	64	49	81
	0	61	1	16	2	31	3	74	4	25	5	85	6	29	7	23	8	74	9	71	10	59	11	92	12	93	13	24	14	59	15	61	16	3	17	24	18	63	19	88	20	8	21	27	22	56	23	50	24	52	25	95	26	92	27	12	28	81	29	93	30	69	31	59	32	91	33	73	34	77	35	14	36	15	37	15	38	61	39	15	40	89	41	75	42	67	43	16	44	78	45	48	46	63	47	56	48	79	49	76
	0	48	1	92	2	10	3	34	4	2	5	93	6	59	7	86	8	34	9	56	10	60	11	88	12	19	13	71	14	10	15	86	16	53	17	57	18	50	19	33	20	57	21	45	22	63	23	19	24	2	25	77	26	79	27	97	28	42	29	54	30	82	31	40	32	88	33	38	34	51	35	66	36	37	37	9	38	91	39	19	40	55	41	15	42	36	43	88	44	81	45	80	46	20	47	2	48	83	49	51
	0	62	1	40	2	8	3	95	4	94	5	30	6	77	7	87	8	43	9	46	10	48	11	43	12	43	13	8	14	28	15	89	16	29	17	55	18	9	19	80	20	51	21	40	22	66	23	88	24	97	25	72	26	39	27	49	28	32	29	8	30	85	31	22	32	67	33	50	34	71	35	99	36	38	37	22	38	54	39	84	40	48	41	30	42	50	43	12	44	100	45	11	46	9	47	84	48	26	49	46
	0	37	1	41	2	97	3	82	4	26	5	4	6	66	7	84	8	98	9	45	10	61	11	29	12	70	13	72	14	62	15	91	16	77	17	41	18	7	19	99	20	38	21	34	22	9	23	49	24	40	25	54	26	99	27	18	28	67	29	37	30	6	31	1	32	11	33	77	34	47	35	69	36	37	37	14	38	96	39	31	40	86	41	35	42	34	43	28	44	48	45	80	46	30	47	6	48	25	49	59
	0	73	1	53	2	79	3	28	4	70	5	70	6	28	7	63	8	95	9	38	10	31	11	41	12	17	13	94	14	91	15	27	16	77	17	14	18	48	19	100	20	73	21	86	22	48	23	89	24	85	25	8	26	21	27	1	28	33	29	52	30	86	31	41	32	64	33	66	34	74	35	85	36	10	37	20	38	46	39	33	40	50	41	18	42	29	43	65	44	90	45	13	46	8	47	79	48	17	49	16
	0	53	1	66	2	18	3	83	4	51	5	77	6	53	7	13	8	89	9	66	10	19	11	99	12	100	13	27	14	67	15	9	16	64	17	48	18	39	19	93	20	46	21	60	22	34	23	46	24	81	25	53	26	36	27	62	28	62	29	74	30	60	31	67	32	91	33	47	34	84	35	23	36	82	37	71	38	87	39	23	40	46	41	85	42	16	43	31	44	77	45	8	46	27	47	41	48	36	49	90
	0	2	1	45	2	100	3	43	4	24	5	47	6	5	7	28	8	53	9	56	10	24	11	4	12	53	13	46	14	46	15	2	16	54	17	71	18	48	19	46	20	45	21	59	22	81	23	43	24	37	25	48	26	99	27	26	28	46	29	12	30	23	31	7	32	76	33	98	34	1	35	82	36	6	37	86	38	13	39	86	40	18	41	27	42	35	43	13	44	3	45	22	46	48	47	17	48	48	49	53
	0	77	1	76	2	91	3	81	4	79	5	100	6	77	7	62	8	18	9	77	10	84	11	60	12	100	13	25	14	69	15	35	16	61	17	76	18	74	19	67	20	12	21	4	22	94	23	19	24	7	25	96	26	74	27	51	28	72	29	4	30	17	31	62	32	17	33	39	34	96	35	86	36	21	37	95	38	14	39	1	40	54	41	7	42	58	43	11	44	92	45	95	46	24	47	8	48	13	49	30
	0	27	1	34	2	6	3	33	4	23	5	92	6	22	7	100	8	87	9	81	10	39	11	4	12	43	13	54	14	35	15	13	16	41	17	12	18	81	19	42	20	9	21	4	22	1	23	13	24	46	25	82	26	66	27	94	28	16	29	28	30	10	31	47	32	76	33	67	34	91	35	100	36	35	37	17	38	31	39	24	40	22	41	47	42	14	43	81	44	44	45	49	46	21	47	78	48	13	49	36
	0	31	1	33	2	5	3	27	4	20	5	45	6	79	7	77	8	35	9	25	10	54	11	73	12	27	13	34	14	37	15	90	16	62	17	10	18	37	19	83	20	58	21	17	22	17	23	74	24	8	25	28	26	69	27	32	28	83	29	16	30	9	31	75	32	36	33	35	34	28	35	39	36	44	37	2	38	50	39	92	40	58	41	21	42	78	43	84	44	57	45	97	46	35	47	60	48	7	49	43
	0	24	1	90	2	95	3	80	4	67	5	76	6	77	7	64	8	100	9	51	10	50	11	10	12	32	13	81	14	58	15	93	16	88	17	23	18	75	19	39	20	7	21	9	22	40	23	37	24	61	25	67	26	14	27	45	28	1	29	79	30	11	31	59	32	70	33	53	34	6	35	68	36	24	37	55	38	24	39	35	40	53	41	18	42	72	43	44	44	93	45	50	46	53	47	27	48	76	49	76
	0	88	1	57	2	58	3	1	4	28	5	58	6	10	7	90	8	34	9	90	10	76	11	85	12	52	13	90	14	34	15	2	16	23	17	85	18	1	19	3	20	94	21	12	22	74	23	10	24	18	25	6	26	10	27	14	28	74	29	36	30	67	31	9	32	26	33	14	34	68	35	29	36	19	37	95	38	64	39	89	40	70	41	44	42	9	43	54	44	5	45	48	46	58	47	80	48	51	49	86
	0	65	1	1	2	80	3	95	4	45	5	67	6	80	7	82	8	12	9	46	10	68	11	93	12	19	13	49	14	3	15	15	16	58	17	43	18	51	19	83	20	95	21	59	22	99	23	19	24	54	25	4	26	40	27	19	28	64	29	44	30	63	31	81	32	42	33	20	34	20	35	7	36	78	37	94	38	66	39	63	40	32	41	56	42	77	43	48	44	72	45	33	46	2	47	21	48	10	49	84
	0	10	1	86	2	9	3	63	4	16	5	31	6	76	7	89	8	23	9	68	10	60	11	65	12	4	13	27	14	18	15	18	16	96	17	2	18	21	19	59	20	7	21	39	22	14	23	93	24	39	25	29	26	50	27	16	28	79	29	39	30	61	31	79	32	26	33	96	34	41	35	26	36	36	37	97	38	45	39	5	40	14	41	35	42	36	43	29	44	89	45	37	46	35	47	43	48	37	49	58
	0	52	1	96	2	56	3	3	4	7	5	49	6	88	7	40	8	57	9	64	10	59	11	33	12	8	13	47	14	76	15	27	16	64	17	38	18	96	19	35	20	42	21	85	22	69	23	38	24	63	25	36	26	2	27	72	28	91	29	33	30	16	31	79	32	83	33	100	34	82	35	49	36	70	37	50	38	52	39	60	40	84	41	61	42	36	43	16	44	4	45	94	46	80	47	23	48	80	49	53
	0	53	1	66	2	53	3	2	4	39	5	68	6	98	7	99	8	99	9	46	10	46	11	14	12	53	13	96	14	59	15	34	16	78	17	73	18	68	19	64	20	55	21	47	22	1	23	100	24	75	25	52	26	62	27	16	28	5	29	54	30	26	31	89	32	82	33	10	34	73	35	68	36	71	37	98	38	77	39	45	40	6	41	26	42	14	43	2	44	10	45	68	46	57	47	21	48	56	49	71
	0	76	1	97	2	17	3	34	4	64	5	92	6	14	7	58	8	50	9	98	10	62	11	17	12	69	13	27	14	82	15	91	16	4	17	33	18	6	19	73	20	23	21	17	22	18	23	28	24	70	25	99	26	97	27	80	28	88	29	50	30	48	31	44	32	74	33	95	34	51	35	31	36	9	37	60	38	57	39	2	40	96	41	13	42	9	43	33	44	13	45	14	46	69	47	34	48	58	49	88
	0	82	1	16	2	38	3	69	4	2	5	22	6	44	7	1	8	70	9	42	10	94	11	75	12	6	13	91	14	53	15	42	16	67	17	24	18	56	19	42	20	81	21	3	22	85	23	25	24	48	25	53	26	91	27	60	28	82	29	63	30	52	31	61	32	31	33	28	34	9	35	73	36	95	37	26	38	24	39	89	40	27	41	92	42	51	43	13	44	3	45	13	46	10	47	62	48	71	49	76
	0	9	1	91	2	34	3	33	4	60	5	86	6	26	7	52	8	71	9	38	10	78	11	8	12	13	13	21	14	81	15	84	16	5	17	11	18	2	19	15	20	59	21	36	22	16	23	94	24	69	25	45	26	33	27	16	28	49	29	17	30	63	31	28	32	52	33	71	34	31	35	13	36	22	37	36	38	38	39	33	40	53	41	88	42	36	43	98	44	74	45	75	46	54	47	38	48	79	49	82
	0	2	1	9	2	53	3	1	4	25	5	39	6	89	7	15	8	10	9	3	10	83	11	9	12	39	13	95	14	56	15	64	16	61	17	19	18	29	19	7	20	20	21	26	22	69	23	10	24	54	25	62	26	78	27	68	28	70	29	20	30	65	31	97	32	41	33	86	34	68	35	35	36	92	37	45	38	84	39	34	40	65	41	81	42	34	43	78	44	90	45	70	46	69	47	62	48	81	49	76
	0	97	1	16	2	57	3	84	4	87	5	72	6	52	7	35	8	73	9	87	10	43	11	34	12	81	13	83	14	39	15	71	16	23	17	76	18	97	19	56	20	63	21	75	22	55	23	59	24	29	25	5	26	1	27	23	28	28	29	74	30	18	31	61	32	1	33	73	34	78	35	92	36	3	37	4	38	68	39	49	40	18	41	54	42	80	43	64	44	27	45	80	46	82	47	42	48	99	49	51
	0	67	1	41	2	65	3	74	4	54	5	46	6	5	7	8	8	56	9	98	10	49	11	23	12	72	13	4	14	72	15	75	16	56	17	58	18	50	19	100	20	63	21	40	22	77	23	35	24	87	25	69	26	88	27	42	28	29	29	29	30	30	31	79	32	74	33	99	34	64	35	34	36	56	37	54	38	6	39	45	40	30	41	20	42	31	43	44	44	10	45	84	46	1	47	9	48	12	49	16
	0	92	1	18	2	16	3	46	4	23	5	31	6	63	7	85	8	28	9	38	10	9	11	13	12	9	13	65	14	36	15	52	16	64	17	20	18	76	19	95	20	83	21	13	22	97	23	86	24	57	25	87	26	73	27	34	28	35	29	48	30	10	31	29	32	25	33	82	34	28	35	4	36	37	37	84	38	2	39	24	40	97	41	49	42	21	43	28	44	89	45	3	46	14	47	50	48	4	49	62
	0	49	1	85	2	97	3	49	4	23	5	73	6	93	7	18	8	68	9	37	10	79	11	60	12	60	13	86	14	80	15	78	16	18	17	56	18	8	19	74	20	96	21	74	22	27	23	72	24	35	25	57	26	79	27	79	28	16	29	72	30	55	31	53	32	32	33	38	34	15	35	26	36	72	37	32	38	87	39	14	40	75	41	29	42	97	43	96	44	19	45	1	46	19	47	57	48	28	49	43
	0	32	1	20	2	30	3	2	4	32	5	17	6	89	7	36	8	46	9	64	10	97	11	19	12	22	13	51	14	1	15	72	16	12	17	60	18	2	19	92	20	69	21	68	22	45	23	95	24	10	25	99	26	86	27	16	28	38	29	32	30	20	31	8	32	14	33	82	34	85	35	49	36	11	37	10	38	95	39	53	40	15	41	22	42	53	43	22	44	41	45	77	46	51	47	7	48	72	49	3
	0	66	1	58	2	53	3	86	4	97	5	76	6	96	7	2	8	9	9	99	10	65	11	84	12	74	13	96	14	65	15	58	16	37	17	34	18	41	19	87	20	32	21	47	22	68	23	3	24	30	25	37	26	81	27	18	28	100	29	63	30	85	31	48	32	14	33	13	34	37	35	90	36	22	37	59	38	92	39	25	40	77	41	45	42	61	43	55	44	92	45	54	46	5	47	84	48	57	49	51
	0	88	1	3	2	51	3	9	4	46	5	48	6	15	7	47	8	47	9	23	10	84	11	63	12	50	13	26	14	89	15	15	16	99	17	13	18	81	19	87	20	93	21	78	22	29	23	75	24	20	25	51	26	97	27	30	28	62	29	35	30	13	31	74	32	97	33	24	34	73	35	80	36	48	37	86	38	44	39	62	40	71	41	7	42	60	43	31	44	74	45	8	46	31	47	98	48	2	49	4
	0	5	1	53	2	51	3	59	4	46	5	37	6	68	7	45	8	30	9	73	10	72	11	28	12	66	13	48	14	96	15	30	16	89	17	54	18	30	19	36	20	97	21	18	22	24	23	47	24	7	25	91	26	71	27	3	28	75	29	74	30	91	31	27	32	95	33	1	34	76	35	57	36	56	37	6	38	66	39	70	40	55	41	35	42	77	43	15	44	74	45	1	46	97	47	17	48	61	49	78
	0	6	1	5	2	97	3	78	4	5	5	85	6	22	7	70	8	63	9	59	10	51	11	31	12	94	13	58	14	22	15	27	16	35	17	50	18	30	19	82	20	5	21	26	22	55	23	68	24	30	25	90	26	90	27	32	28	95	29	92	30	21	31	47	32	47	33	90	34	16	35	30	36	48	37	28	38	23	39	98	40	81	41	65	42	84	43	34	44	21	45	88	46	30	47	79	48	56	49	2
	0	88	1	92	2	10	3	77	4	32	5	26	6	88	7	86	8	61	9	20	10	65	11	80	12	70	13	10	14	83	15	76	16	70	17	91	18	21	19	46	20	48	21	4	22	62	23	46	24	96	25	24	26	65	27	21	28	30	29	57	30	20	31	69	32	93	33	92	34	40	35	48	36	12	37	66	38	19	39	72	40	32	41	20	42	69	43	18	44	82	45	67	46	2	47	39	48	19	49	2
	0	22	1	73	2	58	3	20	4	51	5	68	6	1	7	19	8	4	9	78	10	5	11	9	12	70	13	95	14	53	15	61	16	85	17	33	18	37	19	44	20	96	21	60	22	41	23	62	24	49	25	55	26	99	27	69	28	48	29	41	30	69	31	34	32	83	33	7	34	30	35	79	36	3	37	37	38	12	39	13	40	97	41	90	42	7	43	41	44	5	45	14	46	22	47	7	48	69	49	85
	0	71	1	21	2	3	3	99	4	21	5	53	6	30	7	57	8	34	9	21	10	26	11	35	12	72	13	81	14	69	15	11	16	64	17	16	18	79	19	96	20	35	21	77	22	84	23	6	24	61	25	4	26	81	27	48	28	100	29	63	30	48	31	26	32	1	33	55	34	30	35	77	36	3	37	79	38	20	39	5	40	70	41	75	42	95	43	65	44	26	45	65	46	79	47	11	48	80	49	67
	0	47	1	28	2	73	3	58	4	91	5	86	6	60	7	4	8	14	9	9	10	30	11	91	12	12	13	37	14	29	15	10	16	74	17	21	18	11	19	100	20	12	21	90	22	62	23	39	24	75	25	59	26	71	27	35	28	43	29	98	30	19	31	70	32	84	33	55	34	21	35	80	36	26	37	6	38	67	39	100	40	76	41	96	42	4	43	76	44	82	45	66	46	83	47	49	48	42	49	99
	0	64	1	53	2	78	3	20	4	34	5	71	6	42	7	39	8	97	9	67	10	23	11	26	12	39	13	64	14	76	15	38	16	74	17	45	18	79	19	55	20	17	21	98	22	97	23	99	24	55	25	33	26	13	27	26	28	7	29	37	30	47	31	15	32	79	33	52	34	77	35	16	36	79	37	79	38	30	39	14	40	35	41	62	42	18	43	15	44	23	45	91	46	15	47	76	48	19	49	29
	0	23	1	36	2	14	3	59	4	66	5	98	6	65	7	1	8	93	9	91	10	66	11	42	12	10	13	14	14	65	15	87	16	46	17	15	18	63	19	25	20	32	21	82	22	64	23	48	24	54	25	45	26	71	27	93	28	100	29	10	30	39	31	86	32	14	33	67	34	34	35	96	36	28	37	59	38	60	39	46	40	43	41	2	42	48	43	30	44	61	45	81	46	29	47	26	48	9	49	65
	0	21	1	21	2	97	3	29	4	7	5	80	6	96	7	66	8	4	9	14	10	41	11	18	12	13	13	45	14	91	15	80	16	21	17	71	18	88	19	39	20	10	21	63	22	15	23	63	24	59	25	73	26	36	27	37	28	72	29	11	30	71	31	29	32	57	33	31	34	33	35	32	36	34	37	40	38	36	39	86	40	65	41	100	42	53	43	16	44	15	45	15	46	76	47	19	48	91	49	99
	0	8	1	85	2	32	3	71	4	95	5	40	6	25	7	42	8	81	9	44	10	90	11	64	12	19	13	87	14	48	15	71	16	6	17	57	18	57	19	35	20	2	21	82	22	14	23	98	24	60	25	61	26	13	27	78	28	72	29	45	30	30	31	46	32	6	33	31	34	87	35	16	36	4	37	67	38	94	39	9	40	49	41	4	42	76	43	80	44	26	45	28	46	39	47	9	48	39	49	58
	0	38	1	100	2	56	3	91	4	35	5	56	6	94	7	48	8	73	9	94	10	67	11	32	12	93	13	31	14	59	15	100	16	84	17	70	18	91	19	38	20	33	21	50	22	99	23	56	24	16	25	34	26	44	27	60	28	46	29	61	30	13	31	78	32	79	33	97	34	89	35	18	36	30	37	27	38	93	39	13	40	54	41	100	42	32	43	67	44	7	45	22	46	4	47	7	48	73	49	34
	0	42	1	15	2	30	3	41	4	100	5	79	6	92	7	74	8	9	9	2	10	57	11	100	12	67	13	49	14	32	15	13	16	28	17	29	18	21	19	60	20	5	21	27	22	11	23	9	24	19	25	52	26	70	27	42	28	33	29	52	30	54	31	33	32	75	33	21	34	93	35	58	36	28	37	91	38	83	39	27	40	42	41	87	42	28	43	47	44	99	45	94	46	91	47	61	48	32	49	55
	0	53	1	10	2	86	3	5	4	95	5	10	6	63	7	3	8	47	9	62	10	96	11	28	12	68	13	20	14	38	15	45	16	49	17	83	18	67	19	50	20	62	21	96	22	43	23	64	24	87	25	75	26	62	27	23	28	98	29	84	30	91	31	92	32	88	33	32	34	98	35	98	36	51	37	70	38	84	39	49	40	76	41	7	42	3	43	14	44	5	45	74	46	16	47	38	48	49	49	94
	0	9	1	52	2	96	3	60	4	99	5	94	6	30	7	9	8	69	9	36	10	38	11	49	12	31	13	99	14	10	15	82	16	11	17	95	18	21	19	31	20	83	21	36	22	66	23	53	24	19	25	79	26	97	27	100	28	23	29	17	30	60	31	76	32	54	33	31	34	51	35	77	36	77	37	55	38	25	39	27	40	91	41	21	42	43	43	48	44	9	45	99	46	23	47	19	48	4	49	28
	0	40	1	13	2	43	3	20	4	93	5	27	6	69	7	81	8	24	9	31	10	9	11	62	12	73	13	11	14	8	15	63	16	84	17	77	18	27	19	35	20	12	21	55	22	55	23	57	24	89	25	3	26	14	27	79	28	53	29	2	30	63	31	65	32	41	33	12	34	31	35	75	36	6	37	8	38	35	39	69	40	10	41	26	42	55	43	18	44	96	45	86	46	87	47	60	48	50	49	70
	0	82	1	39	2	97	3	74	4	48	5	9	6	98	7	62	8	70	9	91	10	43	11	93	12	83	13	13	14	51	15	100	16	99	17	86	18	24	19	26	20	56	21	79	22	25	23	69	24	75	25	93	26	60	27	87	28	14	29	75	30	99	31	43	32	60	33	85	34	60	35	15	36	12	37	35	38	38	39	96	40	31	41	51	42	59	43	55	44	65	45	20	46	91	47	26	48	77	49	54
	0	35	1	63	2	30	3	35	4	83	5	73	6	16	7	60	8	15	9	3	10	19	11	99	12	76	13	57	14	58	15	6	16	51	17	60	18	50	19	79	20	20	21	8	22	87	23	37	24	86	25	52	26	19	27	73	28	80	29	16	30	81	31	93	32	100	33	53	34	12	35	53	36	45	37	77	38	58	39	56	40	31	41	25	42	42	43	63	44	21	45	51	46	59	47	48	48	87	49	44
	0	21	1	75	2	3	3	23	4	59	5	95	6	30	7	49	8	63	9	95	10	30	11	71	12	10	13	31	14	47	15	82	16	16	17	36	18	16	19	45	20	13	21	80	22	100	23	44	24	28	25	37	26	69	27	40	28	26	29	72	30	60	31	54	32	42	33	46	34	90	35	94	36	100	37	30	38	17	39	15	40	22	41	51	42	50	43	71	44	44	45	12	46	76	47	85	48	13	49	76
	0	46	1	68	2	27	3	98	4	32	5	53	6	33	7	29	8	52	9	18	10	9	11	51	12	28	13	26	14	88	15	4	16	30	17	2	18	98	19	16	20	93	21	19	22	28	23	44	24	42	25	71	26	47	27	90	28	57	29	51	30	32	31	56	32	33	33	65	34	79	35	39	36	59	37	47	38	17	39	88	40	95	41	51	42	36	43	75	44	23	45	49	46	91	47	52	48	15	49	53
	0	72	1	88	2	24	3	31	4	23	5	17	6	7	7	2	8	67	9	38	10	31	11	20	12	58	13	47	14	18	15	82	16	79	17	95	18	33	19	23	20	52	21	99	22	21	23	86	24	21	25	45	26	45	27	65	28	43	29	78	30	86	31	80	32	74	33	46	34	99	35	24	36	57	37	51	38	38	39	73	40	32	41	39	42	9	43	83	44	38	45	7	46	87	47	88	48	71	49	24
Reldue
-1	1067	-1	1
-1	3402	-1	1
-1	551	-1	1
-1	3794	-1	1
-1	1927	-1	1
-1	1836	-1	1
-1	2524	-1	1
-1	3436	-1	1
-1	2766	-1	1
-1	2771	-1	1
-1	3900	-1	1
-1	2707	-1	1
-1	1137	-1	1
-1	1843	-1	1
-1	3885	-1	1
-1	2288	-1	1
-1	974	-1	1
-1	3064	-1	1
-1	3607	-1	1
-1	2822	-1	1
-1	1061	-1	1
-1	2991	-1	1
-1	2308	-1	1
-1	3987	-1	1
-1	3053	-1	1
-1	3590	-1	1
-1	3082	-1	1
-1	3731	-1	1
-1	3094	-1	1
-1	3508	-1	1
-1	1346	-1	1
-1	1943	-1	1
-1	1232	-1	1
-1	617	-1	1
-1	3781	-1	1
-1	914	-1	1
-1	3469	-1	1
-1	910	-1	1
-1	1255	-1	1
-1	372	-1	1
-1	982	-1	1
-1	3975	-1	1
-1	1782	-1	1
-1	3218	-1	1
-1	2861	-1	1
-1	1170	-1	1
-1	1657	-1	1
-1	1659	-1	1
-1	1061	-1	1
-1	2078	-1	1
LBCmax: 4799
