50  50
	0	76	1	16	2	66	3	11	4	6	5	35	6	10	7	85	8	75	9	6	10	69	11	53	12	68	13	66	14	61	15	70	16	35	17	2	18	83	19	65	20	72	21	20	22	80	23	41	24	18	25	10	26	28	27	81	28	70	29	75	30	15	31	72	32	22	33	2	34	54	35	16	36	79	37	2	38	97	39	76	40	6	41	27	42	2	43	76	44	14	45	58	46	91	47	67	48	89	49	27
	0	97	1	15	2	13	3	84	4	79	5	77	6	41	7	67	8	72	9	66	10	32	11	4	12	77	13	32	14	43	15	63	16	26	17	7	18	32	19	37	20	76	21	77	22	39	23	19	24	5	25	98	26	37	27	12	28	23	29	63	30	64	31	73	32	24	33	73	34	85	35	90	36	31	37	92	38	52	39	43	40	17	41	78	42	46	43	90	44	12	45	12	46	28	47	86	48	12	49	79
	0	33	1	25	2	56	3	71	4	82	5	60	6	47	7	15	8	92	9	44	10	26	11	33	12	21	13	92	14	13	15	15	16	67	17	73	18	97	19	38	20	5	21	53	22	24	23	67	24	52	25	74	26	17	27	30	28	63	29	37	30	27	31	42	32	24	33	2	34	4	35	33	36	88	37	53	38	34	39	83	40	55	41	70	42	74	43	92	44	20	45	14	46	95	47	35	48	9	49	19
	0	99	1	59	2	3	3	38	4	91	5	47	6	11	7	100	8	95	9	45	10	28	11	58	12	69	13	23	14	13	15	55	16	46	17	24	18	55	19	27	20	3	21	24	22	23	23	9	24	52	25	92	26	13	27	42	28	83	29	38	30	31	31	67	32	16	33	86	34	91	35	68	36	44	37	98	38	6	39	12	40	60	41	56	42	1	43	67	44	18	45	58	46	81	47	23	48	63	49	96
	0	27	1	39	2	21	3	24	4	11	5	84	6	49	7	26	8	49	9	60	10	74	11	46	12	23	13	6	14	85	15	40	16	60	17	36	18	45	19	63	20	38	21	57	22	30	23	100	24	53	25	61	26	36	27	1	28	79	29	97	30	97	31	88	32	93	33	72	34	93	35	33	36	58	37	15	38	64	39	26	40	73	41	24	42	47	43	94	44	47	45	78	46	100	47	32	48	48	49	64
	0	87	1	48	2	29	3	84	4	33	5	51	6	50	7	9	8	71	9	18	10	27	11	19	12	46	13	31	14	88	15	35	16	54	17	65	18	19	19	27	20	5	21	61	22	24	23	72	24	65	25	29	26	34	27	76	28	13	29	59	30	36	31	100	32	99	33	25	34	22	35	41	36	5	37	25	38	55	39	61	40	49	41	90	42	17	43	83	44	67	45	42	46	92	47	65	48	71	49	98
	0	74	1	45	2	85	3	40	4	38	5	13	6	73	7	15	8	84	9	45	10	35	11	9	12	52	13	18	14	38	15	27	16	78	17	79	18	90	19	76	20	25	21	42	22	84	23	12	24	11	25	33	26	72	27	30	28	28	29	25	30	46	31	73	32	19	33	96	34	27	35	14	36	43	37	36	38	98	39	29	40	69	41	80	42	32	43	61	44	68	45	20	46	97	47	56	48	82	49	52
	0	37	1	97	2	12	3	52	4	68	5	93	6	40	7	68	8	34	9	90	10	69	11	3	12	12	13	98	14	73	15	8	16	61	17	68	18	66	19	6	20	52	21	61	22	33	23	29	24	32	25	80	26	2	27	31	28	2	29	73	30	37	31	15	32	7	33	20	34	66	35	69	36	80	37	56	38	6	39	35	40	83	41	9	42	29	43	15	44	36	45	43	46	75	47	12	48	24	49	31
	0	27	1	63	2	27	3	16	4	86	5	92	6	18	7	20	8	19	9	8	10	11	11	6	12	66	13	21	14	66	15	16	16	29	17	49	18	79	19	37	20	83	21	34	22	6	23	61	24	69	25	4	26	17	27	40	28	83	29	39	30	63	31	67	32	42	33	26	34	1	35	14	36	12	37	18	38	30	39	27	40	26	41	30	42	13	43	46	44	13	45	30	46	88	47	96	48	40	49	22
	0	7	1	88	2	12	3	17	4	49	5	10	6	97	7	39	8	88	9	90	10	76	11	22	12	30	13	81	14	23	15	89	16	31	17	88	18	63	19	11	20	69	21	34	22	77	23	4	24	34	25	49	26	43	27	100	28	57	29	8	30	33	31	95	32	91	33	74	34	7	35	87	36	13	37	8	38	62	39	14	40	13	41	54	42	54	43	96	44	87	45	17	46	76	47	22	48	61	49	84
	0	63	1	25	2	90	3	63	4	71	5	65	6	28	7	34	8	40	9	91	10	61	11	42	12	38	13	54	14	39	15	74	16	51	17	98	18	61	19	98	20	63	21	53	22	90	23	59	24	37	25	98	26	3	27	58	28	4	29	74	30	15	31	64	32	6	33	64	34	9	35	25	36	54	37	73	38	86	39	84	40	9	41	66	42	99	43	24	44	79	45	58	46	41	47	81	48	98	49	57
	0	11	1	10	2	41	3	4	4	49	5	95	6	64	7	65	8	56	9	26	10	3	11	68	12	100	13	3	14	54	15	86	16	99	17	21	18	15	19	14	20	29	21	47	22	75	23	88	24	77	25	22	26	75	27	45	28	72	29	3	30	73	31	22	32	39	33	65	34	84	35	42	36	55	37	16	38	97	39	37	40	28	41	82	42	67	43	5	44	7	45	91	46	44	47	99	48	90	49	40
	0	89	1	2	2	12	3	35	4	84	5	23	6	8	7	40	8	43	9	29	10	89	11	61	12	69	13	2	14	80	15	72	16	25	17	69	18	3	19	43	20	15	21	55	22	14	23	27	24	83	25	61	26	9	27	31	28	78	29	64	30	70	31	61	32	57	33	77	34	23	35	24	36	2	37	37	38	14	39	23	40	93	41	100	42	31	43	90	44	51	45	58	46	25	47	28	48	41	49	13
	0	23	1	56	2	20	3	61	4	14	5	98	6	34	7	92	8	62	9	41	10	32	11	93	12	84	13	52	14	44	15	6	16	82	17	52	18	15	19	99	20	25	21	55	22	31	23	25	24	20	25	41	26	54	27	3	28	26	29	21	30	58	31	28	32	76	33	4	34	33	35	99	36	35	37	75	38	99	39	26	40	4	41	51	42	52	43	47	44	38	45	70	46	22	47	82	48	43	49	25
	0	30	1	78	2	76	3	59	4	57	5	48	6	62	7	75	8	84	9	100	10	89	11	27	12	42	13	97	14	56	15	96	16	96	17	15	18	93	19	74	20	52	21	71	22	58	23	8	24	52	25	43	26	92	27	59	28	7	29	24	30	91	31	8	32	72	33	46	34	13	35	96	36	69	37	89	38	45	39	72	40	16	41	65	42	80	43	12	44	9	45	28	46	92	47	8	48	70	49	57
	0	13	1	53	2	61	3	9	4	28	5	71	6	18	7	47	8	67	9	56	10	61	11	80	12	46	13	36	14	90	15	77	16	89	17	68	18	59	19	44	20	39	21	23	22	96	23	65	24	22	25	30	26	18	27	54	28	44	29	78	30	39	31	73	32	26	33	6	34	93	35	2	36	1	37	14	38	6	39	77	40	38	41	83	42	91	43	21	44	58	45	3	46	50	47	44	48	64	49	14
	0	13	1	87	2	99	3	33	4	40	5	19	6	97	7	23	8	73	9	38	10	5	11	10	12	4	13	14	14	71	15	68	16	5	17	86	18	47	19	24	20	44	21	2	22	42	23	55	24	49	25	47	26	14	27	70	28	41	29	24	30	7	31	14	32	13	33	67	34	60	35	23	36	35	37	98	38	44	39	26	40	24	41	66	42	100	43	71	44	88	45	31	46	96	47	12	48	54	49	73
	0	20	1	4	2	26	3	43	4	72	5	72	6	34	7	84	8	29	9	61	10	70	11	95	12	93	13	84	14	39	15	12	16	43	17	26	18	38	19	23	20	60	21	59	22	68	23	53	24	89	25	92	26	35	27	78	28	55	29	52	30	90	31	53	32	53	33	70	34	22	35	73	36	77	37	27	38	87	39	84	40	55	41	63	42	67	43	35	44	6	45	83	46	62	47	23	48	48	49	90
	0	76	1	67	2	98	3	33	4	43	5	40	6	62	7	67	8	8	9	10	10	11	11	38	12	59	13	93	14	67	15	51	16	67	17	16	18	67	19	99	20	98	21	27	22	73	23	30	24	78	25	26	26	39	27	7	28	52	29	80	30	62	31	77	32	46	33	56	34	72	35	48	36	38	37	94	38	45	39	57	40	91	41	84	42	36	43	61	44	1	45	35	46	63	47	92	48	70	49	48
	0	8	1	57	2	99	3	19	4	1	5	77	6	75	7	50	8	91	9	91	10	71	11	40	12	51	13	64	14	17	15	66	16	52	17	92	18	82	19	9	20	95	21	85	22	89	23	57	24	7	25	52	26	53	27	99	28	24	29	50	30	8	31	96	32	25	33	60	34	71	35	91	36	86	37	85	38	45	39	92	40	68	41	8	42	80	43	34	44	66	45	40	46	26	47	26	48	65	49	44
	0	53	1	6	2	1	3	38	4	24	5	91	6	10	7	78	8	47	9	80	10	17	11	98	12	30	13	40	14	98	15	55	16	36	17	2	18	9	19	99	20	98	21	36	22	87	23	74	24	31	25	73	26	41	27	9	28	81	29	14	30	99	31	70	32	71	33	31	34	86	35	67	36	44	37	45	38	41	39	48	40	9	41	51	42	93	43	21	44	55	45	9	46	68	47	78	48	66	49	38
	0	86	1	26	2	65	3	69	4	70	5	39	6	76	7	41	8	92	9	90	10	62	11	62	12	96	13	26	14	6	15	59	16	6	17	88	18	11	19	83	20	100	21	10	22	62	23	60	24	84	25	21	26	70	27	85	28	32	29	56	30	74	31	11	32	62	33	39	34	95	35	81	36	49	37	96	38	58	39	2	40	17	41	16	42	18	43	54	44	57	45	57	46	68	47	89	48	50	49	81
	0	12	1	70	2	98	3	48	4	24	5	35	6	5	7	12	8	36	9	3	10	47	11	2	12	21	13	58	14	18	15	75	16	59	17	62	18	61	19	74	20	18	21	93	22	99	23	31	24	68	25	23	26	43	27	97	28	17	29	48	30	38	31	89	32	53	33	71	34	51	35	88	36	8	37	75	38	54	39	21	40	83	41	47	42	24	43	20	44	12	45	46	46	67	47	35	48	49	49	3
	0	53	1	45	2	92	3	31	4	1	5	98	6	1	7	55	8	71	9	69	10	54	11	90	12	24	13	20	14	59	15	53	16	86	17	94	18	21	19	61	20	13	21	92	22	9	23	55	24	36	25	3	26	98	27	65	28	54	29	83	30	74	31	98	32	79	33	15	34	11	35	8	36	72	37	90	38	78	39	87	40	14	41	86	42	29	43	94	44	96	45	45	46	77	47	87	48	35	49	69
	0	67	1	48	2	45	3	81	4	85	5	13	6	10	7	33	8	76	9	34	10	56	11	49	12	67	13	41	14	2	15	34	16	1	17	91	18	42	19	96	20	29	21	10	22	7	23	49	24	35	25	67	26	73	27	2	28	74	29	42	30	40	31	56	32	46	33	67	34	96	35	58	36	51	37	63	38	35	39	79	40	86	41	97	42	86	43	24	44	80	45	29	46	91	47	88	48	83	49	26
	0	24	1	19	2	54	3	63	4	39	5	48	6	12	7	42	8	7	9	88	10	36	11	91	12	48	13	36	14	51	15	27	16	97	17	9	18	19	19	95	20	53	21	3	22	16	23	27	24	87	25	66	26	83	27	61	28	24	29	2	30	74	31	35	32	13	33	75	34	25	35	38	36	60	37	62	38	43	39	78	40	85	41	69	42	70	43	8	44	17	45	29	46	72	47	12	48	59	49	31
	0	69	1	53	2	67	3	53	4	97	5	19	6	36	7	96	8	71	9	35	10	86	11	42	12	86	13	15	14	88	15	96	16	83	17	80	18	74	19	61	20	59	21	62	22	23	23	72	24	5	25	68	26	12	27	95	28	93	29	85	30	78	31	38	32	53	33	31	34	39	35	67	36	7	37	100	38	42	39	98	40	56	41	53	42	71	43	12	44	27	45	43	46	10	47	25	48	39	49	84
	0	47	1	100	2	35	3	6	4	73	5	90	6	88	7	48	8	3	9	32	10	96	11	83	12	31	13	57	14	92	15	75	16	84	17	73	18	69	19	20	20	48	21	23	22	70	23	18	24	80	25	54	26	100	27	68	28	25	29	21	30	75	31	96	32	100	33	28	34	90	35	49	36	19	37	78	38	88	39	27	40	72	41	78	42	54	43	21	44	80	45	28	46	79	47	83	48	79	49	85
	0	50	1	56	2	28	3	83	4	67	5	34	6	21	7	51	8	2	9	20	10	59	11	59	12	44	13	14	14	12	15	79	16	91	17	57	18	77	19	57	20	92	21	84	22	6	23	10	24	39	25	90	26	67	27	7	28	76	29	3	30	59	31	10	32	65	33	13	34	91	35	56	36	21	37	6	38	12	39	24	40	27	41	1	42	21	43	24	44	67	45	90	46	21	47	79	48	49	49	23
	0	96	1	11	2	10	3	2	4	1	5	42	6	17	7	58	8	19	9	62	10	15	11	38	12	13	13	41	14	71	15	21	16	78	17	82	18	26	19	43	20	78	21	33	22	65	23	95	24	5	25	18	26	39	27	24	28	23	29	41	30	20	31	66	32	59	33	89	34	70	35	63	36	60	37	31	38	50	39	69	40	44	41	76	42	100	43	38	44	91	45	62	46	72	47	38	48	62	49	67
	0	95	1	53	2	49	3	78	4	97	5	57	6	86	7	55	8	21	9	70	10	70	11	67	12	5	13	30	14	80	15	2	16	23	17	52	18	95	19	70	20	93	21	45	22	36	23	48	24	3	25	8	26	100	27	45	28	18	29	46	30	49	31	80	32	65	33	46	34	67	35	97	36	5	37	23	38	23	39	66	40	47	41	32	42	74	43	51	44	51	45	89	46	8	47	28	48	38	49	56
	0	24	1	91	2	100	3	82	4	68	5	87	6	69	7	4	8	5	9	52	10	3	11	58	12	78	13	56	14	88	15	35	16	80	17	67	18	63	19	3	20	56	21	93	22	21	23	66	24	2	25	72	26	51	27	40	28	23	29	6	30	5	31	62	32	74	33	67	34	17	35	54	36	99	37	19	38	11	39	32	40	29	41	33	42	68	43	8	44	23	45	91	46	42	47	34	48	43	49	5
	0	40	1	83	2	10	3	94	4	17	5	81	6	82	7	1	8	42	9	10	10	39	11	42	12	35	13	60	14	81	15	9	16	87	17	12	18	68	19	84	20	13	21	52	22	52	23	28	24	97	25	62	26	86	27	48	28	21	29	57	30	19	31	66	32	2	33	30	34	91	35	39	36	80	37	36	38	97	39	97	40	8	41	48	42	1	43	3	44	57	45	41	46	87	47	66	48	47	49	84
	0	99	1	35	2	30	3	72	4	11	5	65	6	21	7	9	8	7	9	51	10	41	11	22	12	82	13	46	14	10	15	81	16	89	17	15	18	24	19	40	20	91	21	7	22	75	23	35	24	89	25	24	26	24	27	97	28	41	29	29	30	32	31	73	32	98	33	39	34	88	35	55	36	4	37	62	38	16	39	65	40	55	41	90	42	38	43	46	44	9	45	76	46	20	47	55	48	76	49	21
	0	34	1	58	2	62	3	70	4	18	5	75	6	14	7	99	8	7	9	23	10	3	11	25	12	69	13	59	14	53	15	78	16	80	17	14	18	84	19	25	20	2	21	74	22	35	23	20	24	69	25	51	26	87	27	32	28	81	29	46	30	8	31	71	32	65	33	3	34	69	35	11	36	55	37	99	38	21	39	91	40	96	41	14	42	38	43	21	44	83	45	99	46	37	47	48	48	72	49	15
	0	62	1	51	2	47	3	5	4	80	5	59	6	11	7	56	8	12	9	23	10	43	11	22	12	22	13	91	14	44	15	41	16	27	17	46	18	51	19	65	20	89	21	24	22	5	23	68	24	19	25	24	26	92	27	27	28	3	29	58	30	1	31	72	32	9	33	24	34	62	35	55	36	62	37	87	38	60	39	85	40	86	41	2	42	45	43	31	44	40	45	25	46	65	47	89	48	9	49	79
	0	15	1	57	2	26	3	87	4	65	5	83	6	29	7	79	8	12	9	52	10	89	11	32	12	72	13	55	14	51	15	18	16	4	17	47	18	81	19	51	20	35	21	64	22	20	23	58	24	25	25	97	26	65	27	27	28	96	29	15	30	47	31	4	32	1	33	88	34	76	35	34	36	29	37	59	38	57	39	71	40	52	41	61	42	15	43	7	44	62	45	83	46	73	47	97	48	75	49	29
	0	72	1	62	2	72	3	17	4	32	5	20	6	16	7	18	8	84	9	67	10	72	11	40	12	30	13	2	14	10	15	95	16	15	17	80	18	70	19	99	20	100	21	22	22	16	23	16	24	84	25	36	26	17	27	27	28	19	29	12	30	24	31	79	32	3	33	93	34	31	35	73	36	48	37	55	38	45	39	71	40	65	41	29	42	1	43	36	44	5	45	47	46	87	47	41	48	52	49	8
	0	81	1	6	2	63	3	97	4	6	5	59	6	81	7	85	8	55	9	9	10	89	11	4	12	43	13	97	14	72	15	82	16	88	17	61	18	2	19	72	20	36	21	10	22	61	23	12	24	60	25	26	26	75	27	97	28	23	29	18	30	29	31	62	32	76	33	86	34	59	35	96	36	18	37	4	38	75	39	33	40	62	41	4	42	41	43	3	44	70	45	15	46	15	47	32	48	44	49	12
	0	36	1	17	2	6	3	63	4	7	5	27	6	96	7	86	8	5	9	3	10	53	11	42	12	19	13	52	14	88	15	44	16	9	17	60	18	42	19	45	20	18	21	74	22	97	23	38	24	93	25	29	26	89	27	86	28	95	29	9	30	16	31	57	32	99	33	73	34	70	35	37	36	20	37	100	38	27	39	41	40	13	41	5	42	60	43	59	44	29	45	52	46	71	47	89	48	40	49	69
	0	64	1	51	2	43	3	17	4	88	5	87	6	17	7	90	8	30	9	94	10	12	11	43	12	45	13	33	14	49	15	67	16	37	17	14	18	1	19	71	20	42	21	70	22	77	23	28	24	69	25	38	26	1	27	98	28	100	29	31	30	90	31	42	32	67	33	67	34	67	35	84	36	32	37	81	38	47	39	84	40	66	41	47	42	96	43	29	44	89	45	72	46	50	47	61	48	11	49	54
	0	34	1	95	2	98	3	3	4	35	5	91	6	52	7	77	8	6	9	91	10	70	11	81	12	2	13	36	14	27	15	17	16	90	17	10	18	98	19	1	20	72	21	96	22	17	23	81	24	14	25	25	26	29	27	14	28	76	29	58	30	91	31	91	32	84	33	40	34	25	35	20	36	79	37	100	38	27	39	99	40	50	41	99	42	96	43	52	44	29	45	49	46	16	47	99	48	95	49	47
	0	26	1	77	2	39	3	2	4	47	5	56	6	60	7	54	8	66	9	96	10	8	11	99	12	73	13	40	14	1	15	88	16	21	17	55	18	62	19	48	20	56	21	54	22	72	23	49	24	14	25	59	26	29	27	16	28	3	29	88	30	47	31	58	32	24	33	95	34	54	35	68	36	68	37	63	38	66	39	2	40	18	41	59	42	35	43	65	44	46	45	87	46	16	47	35	48	56	49	92
	0	91	1	21	2	48	3	19	4	43	5	36	6	78	7	16	8	71	9	13	10	50	11	38	12	94	13	22	14	72	15	88	16	80	17	45	18	34	19	16	20	93	21	20	22	28	23	44	24	51	25	75	26	97	27	99	28	43	29	92	30	70	31	66	32	35	33	92	34	54	35	98	36	66	37	17	38	65	39	43	40	29	41	54	42	16	43	77	44	67	45	32	46	19	47	44	48	39	49	78
	0	46	1	56	2	37	3	24	4	57	5	95	6	63	7	88	8	6	9	18	10	81	11	84	12	72	13	66	14	18	15	23	16	75	17	20	18	79	19	15	20	71	21	58	22	88	23	92	24	53	25	9	26	80	27	93	28	87	29	1	30	8	31	97	32	51	33	52	34	27	35	90	36	85	37	57	38	82	39	2	40	50	41	63	42	9	43	49	44	43	45	31	46	23	47	64	48	52	49	41
	0	52	1	15	2	13	3	82	4	37	5	19	6	12	7	17	8	30	9	27	10	65	11	49	12	25	13	24	14	40	15	98	16	24	17	63	18	16	19	76	20	27	21	53	22	99	23	27	24	91	25	39	26	34	27	50	28	91	29	57	30	77	31	45	32	86	33	66	34	28	35	36	36	76	37	67	38	35	39	59	40	96	41	68	42	14	43	28	44	84	45	68	46	49	47	16	48	20	49	50
	0	70	1	1	2	27	3	18	4	22	5	84	6	72	7	21	8	65	9	67	10	20	11	30	12	82	13	42	14	17	15	83	16	73	17	46	18	12	19	6	20	63	21	70	22	40	23	66	24	65	25	33	26	38	27	29	28	61	29	53	30	44	31	21	32	91	33	80	34	17	35	12	36	79	37	81	38	81	39	77	40	28	41	74	42	67	43	3	44	48	45	66	46	14	47	45	48	25	49	36
	0	57	1	45	2	30	3	62	4	8	5	81	6	21	7	8	8	96	9	93	10	3	11	84	12	55	13	11	14	41	15	65	16	40	17	87	18	29	19	43	20	30	21	100	22	84	23	18	24	44	25	82	26	100	27	82	28	77	29	92	30	84	31	33	32	36	33	34	34	67	35	23	36	26	37	93	38	51	39	48	40	27	41	40	42	48	43	10	44	44	45	20	46	2	47	9	48	48	49	39
	0	24	1	71	2	12	3	100	4	65	5	95	6	25	7	65	8	8	9	78	10	40	11	31	12	66	13	65	14	78	15	59	16	98	17	16	18	7	19	90	20	99	21	2	22	55	23	33	24	14	25	58	26	37	27	10	28	80	29	66	30	99	31	97	32	13	33	43	34	5	35	100	36	74	37	53	38	38	39	36	40	88	41	70	42	69	43	32	44	10	45	63	46	20	47	47	48	45	49	85
	0	43	1	79	2	77	3	68	4	66	5	29	6	63	7	83	8	93	9	9	10	96	11	92	12	59	13	35	14	38	15	15	16	69	17	36	18	82	19	93	20	71	21	71	22	100	23	1	24	64	25	30	26	75	27	59	28	9	29	64	30	23	31	45	32	10	33	79	34	67	35	98	36	99	37	72	38	6	39	64	40	1	41	9	42	96	43	44	44	5	45	61	46	39	47	16	48	45	49	61
Reldue
-1	2335	-1	1
-1	3294	-1	1
-1	3400	-1	1
-1	2366	-1	1
-1	2885	-1	1
-1	2508	-1	1
-1	3020	-1	1
-1	2070	-1	1
-1	2565	-1	1
-1	3839	-1	1
-1	4167	-1	1
-1	1841	-1	1
-1	2688	-1	1
-1	4032	-1	1
-1	3361	-1	1
-1	2037	-1	1
-1	2040	-1	1
-1	4055	-1	1
-1	2953	-1	1
-1	4114	-1	1
-1	4109	-1	1
-1	1701	-1	1
-1	3838	-1	1
-1	3219	-1	1
-1	2628	-1	1
-1	3712	-1	1
-1	1891	-1	1
-1	2139	-1	1
-1	2785	-1	1
-1	2970	-1	1
-1	3152	-1	1
-1	2473	-1	1
-1	2521	-1	1
-1	3554	-1	1
-1	2465	-1	1
-1	3574	-1	1
-1	4084	-1	1
-1	3668	-1	1
-1	1763	-1	1
-1	3496	-1	1
-1	1577	-1	1
-1	3599	-1	1
-1	2728	-1	1
-1	2653	-1	1
-1	1871	-1	1
-1	4161	-1	1
-1	3108	-1	1
-1	2998	-1	1
-1	3295	-1	1
-1	1632	-1	1
LBCmax: 4739
