250  50
	0	93	1	19	2	76	3	56	4	42	5	38	6	97	7	59	8	69	9	16	10	1	11	45	12	79	13	10	14	9	15	58	16	54	17	25	18	13	19	81	20	29	21	79	22	54	23	57	24	58	25	75	26	24	27	11	28	67	29	64	30	26	31	61	32	58	33	9	34	35	35	56	36	13	37	86	38	51	39	59	40	1	41	88	42	49	43	91	44	99	45	4	46	40	47	95	48	79	49	5
	0	21	1	71	2	13	3	50	4	75	5	8	6	100	7	95	8	33	9	16	10	31	11	72	12	29	13	16	14	28	15	61	16	100	17	55	18	28	19	85	20	12	21	60	22	10	23	96	24	14	25	24	26	66	27	25	28	55	29	10	30	80	31	24	32	13	33	17	34	65	35	16	36	20	37	20	38	53	39	37	40	83	41	3	42	64	43	33	44	40	45	41	46	88	47	41	48	90	49	89
	0	49	1	80	2	97	3	94	4	43	5	12	6	48	7	42	8	72	9	69	10	25	11	93	12	4	13	49	14	12	15	73	16	46	17	12	18	48	19	30	20	100	21	49	22	7	23	67	24	31	25	7	26	47	27	12	28	95	29	69	30	84	31	81	32	83	33	44	34	58	35	58	36	69	37	10	38	12	39	88	40	4	41	10	42	3	43	51	44	66	45	100	46	99	47	82	48	61	49	98
	0	53	1	41	2	42	3	82	4	43	5	42	6	90	7	29	8	20	9	14	10	75	11	13	12	15	13	44	14	81	15	77	16	79	17	12	18	74	19	68	20	74	21	39	22	44	23	96	24	26	25	2	26	54	27	46	28	14	29	78	30	58	31	62	32	61	33	21	34	3	35	87	36	40	37	2	38	97	39	14	40	13	41	52	42	25	43	94	44	77	45	81	46	42	47	5	48	79	49	79
	0	67	1	62	2	9	3	14	4	72	5	55	6	12	7	82	8	23	9	9	10	52	11	81	12	34	13	19	14	31	15	100	16	25	17	18	18	51	19	59	20	3	21	51	22	60	23	39	24	11	25	86	26	20	27	82	28	9	29	79	30	6	31	48	32	76	33	72	34	3	35	69	36	58	37	89	38	65	39	38	40	1	41	63	42	68	43	3	44	30	45	10	46	53	47	75	48	73	49	30
	0	40	1	65	2	53	3	6	4	80	5	7	6	72	7	11	8	54	9	27	10	70	11	80	12	45	13	70	14	49	15	79	16	46	17	2	18	73	19	78	20	68	21	32	22	87	23	32	24	76	25	43	26	30	27	1	28	52	29	3	30	30	31	81	32	78	33	11	34	89	35	21	36	74	37	100	38	14	39	47	40	44	41	87	42	59	43	13	44	10	45	64	46	57	47	65	48	39	49	46
	0	79	1	78	2	90	3	40	4	46	5	94	6	45	7	89	8	67	9	87	10	86	11	9	12	1	13	27	14	43	15	26	16	46	17	17	18	27	19	74	20	16	21	20	22	15	23	18	24	54	25	10	26	51	27	8	28	87	29	15	30	88	31	78	32	36	33	22	34	82	35	53	36	18	37	76	38	4	39	21	40	18	41	88	42	45	43	80	44	9	45	29	46	21	47	80	48	57	49	89
	0	6	1	3	2	26	3	9	4	48	5	69	6	80	7	30	8	48	9	47	10	50	11	13	12	9	13	9	14	98	15	18	16	76	17	73	18	11	19	58	20	37	21	3	22	3	23	51	24	50	25	67	26	100	27	48	28	6	29	80	30	48	31	9	32	60	33	73	34	62	35	45	36	83	37	76	38	7	39	58	40	17	41	89	42	76	43	47	44	24	45	92	46	14	47	53	48	88	49	21
	0	4	1	71	2	90	3	94	4	90	5	50	6	59	7	87	8	38	9	47	10	100	11	73	12	42	13	27	14	21	15	84	16	15	17	9	18	19	19	64	20	49	21	6	22	3	23	8	24	14	25	5	26	65	27	19	28	30	29	88	30	18	31	27	32	46	33	99	34	62	35	36	36	92	37	85	38	58	39	17	40	10	41	90	42	13	43	45	44	56	45	67	46	6	47	50	48	41	49	36
	0	9	1	48	2	66	3	13	4	87	5	39	6	35	7	78	8	70	9	21	10	86	11	63	12	48	13	38	14	55	15	74	16	15	17	66	18	67	19	83	20	71	21	3	22	20	23	44	24	63	25	21	26	3	27	33	28	12	29	1	30	72	31	11	32	69	33	31	34	64	35	44	36	81	37	84	38	31	39	57	40	86	41	66	42	17	43	93	44	42	45	16	46	23	47	85	48	64	49	4
	0	18	1	97	2	49	3	51	4	95	5	76	6	74	7	66	8	91	9	3	10	21	11	77	12	7	13	69	14	68	15	7	16	95	17	89	18	32	19	7	20	12	21	37	22	67	23	65	24	55	25	70	26	47	27	33	28	9	29	67	30	85	31	65	32	92	33	7	34	81	35	34	36	81	37	54	38	80	39	83	40	25	41	32	42	95	43	36	44	16	45	100	46	35	47	56	48	53	49	68
	0	16	1	37	2	10	3	11	4	74	5	63	6	25	7	62	8	93	9	80	10	42	11	9	12	11	13	49	14	85	15	19	16	86	17	87	18	44	19	51	20	22	21	13	22	3	23	52	24	83	25	49	26	40	27	43	28	57	29	50	30	81	31	25	32	46	33	67	34	77	35	76	36	78	37	49	38	49	39	15	40	94	41	58	42	25	43	54	44	32	45	46	46	35	47	67	48	17	49	11
	0	72	1	37	2	49	3	39	4	18	5	71	6	12	7	99	8	90	9	90	10	79	11	49	12	65	13	32	14	64	15	53	16	84	17	30	18	57	19	48	20	44	21	50	22	46	23	84	24	27	25	92	26	96	27	36	28	27	29	10	30	58	31	69	32	72	33	88	34	16	35	80	36	61	37	75	38	97	39	87	40	46	41	83	42	3	43	1	44	37	45	86	46	49	47	17	48	24	49	74
	0	96	1	25	2	22	3	65	4	27	5	89	6	90	7	67	8	10	9	88	10	90	11	34	12	29	13	88	14	72	15	77	16	89	17	97	18	17	19	24	20	30	21	24	22	60	23	18	24	88	25	44	26	75	27	11	28	8	29	44	30	11	31	7	32	87	33	83	34	91	35	36	36	98	37	18	38	26	39	75	40	38	41	58	42	99	43	51	44	79	45	63	46	19	47	83	48	40	49	87
	0	65	1	58	2	91	3	37	4	53	5	40	6	54	7	6	8	1	9	59	10	85	11	83	12	76	13	33	14	33	15	67	16	53	17	14	18	4	19	29	20	16	21	63	22	1	23	94	24	74	25	2	26	93	27	47	28	81	29	84	30	49	31	88	32	81	33	90	34	40	35	68	36	19	37	46	38	75	39	2	40	83	41	7	42	55	43	47	44	73	45	56	46	42	47	58	48	6	49	26
	0	73	1	96	2	13	3	29	4	79	5	30	6	83	7	51	8	87	9	63	10	48	11	59	12	3	13	77	14	35	15	11	16	20	17	70	18	18	19	87	20	85	21	38	22	36	23	59	24	26	25	13	26	76	27	82	28	31	29	78	30	44	31	77	32	13	33	5	34	39	35	23	36	9	37	92	38	34	39	92	40	10	41	93	42	27	43	90	44	99	45	70	46	95	47	90	48	59	49	15
	0	84	1	62	2	76	3	8	4	16	5	46	6	38	7	22	8	80	9	18	10	25	11	86	12	55	13	48	14	17	15	58	16	87	17	46	18	88	19	94	20	85	21	42	22	45	23	86	24	48	25	61	26	39	27	21	28	20	29	71	30	64	31	83	32	20	33	25	34	96	35	95	36	28	37	24	38	65	39	81	40	97	41	73	42	55	43	81	44	24	45	97	46	62	47	70	48	20	49	52
	0	67	1	38	2	37	3	49	4	6	5	55	6	61	7	57	8	36	9	24	10	68	11	75	12	28	13	73	14	99	15	78	16	53	17	72	18	23	19	79	20	14	21	58	22	64	23	58	24	63	25	3	26	30	27	58	28	5	29	69	30	71	31	45	32	58	33	16	34	37	35	83	36	42	37	76	38	35	39	62	40	7	41	13	42	90	43	98	44	26	45	96	46	64	47	78	48	11	49	99
	0	93	1	20	2	23	3	86	4	34	5	85	6	95	7	29	8	47	9	41	10	88	11	100	12	44	13	82	14	29	15	9	16	78	17	43	18	33	19	90	20	61	21	67	22	80	23	58	24	35	25	16	26	15	27	77	28	30	29	32	30	93	31	28	32	79	33	84	34	64	35	64	36	83	37	68	38	8	39	75	40	46	41	34	42	34	43	19	44	14	45	70	46	8	47	87	48	96	49	55
	0	92	1	1	2	48	3	59	4	90	5	71	6	44	7	79	8	36	9	55	10	80	11	98	12	79	13	98	14	66	15	35	16	43	17	53	18	6	19	21	20	66	21	97	22	91	23	1	24	50	25	98	26	24	27	69	28	77	29	9	30	75	31	69	32	66	33	78	34	27	35	31	36	79	37	3	38	56	39	13	40	11	41	84	42	70	43	86	44	8	45	38	46	85	47	62	48	97	49	79
	0	20	1	61	2	40	3	89	4	43	5	82	6	27	7	22	8	90	9	90	10	80	11	24	12	43	13	66	14	33	15	53	16	50	17	73	18	97	19	42	20	4	21	23	22	47	23	31	24	24	25	58	26	76	27	65	28	11	29	82	30	97	31	31	32	61	33	8	34	8	35	85	36	59	37	94	38	35	39	91	40	96	41	94	42	17	43	68	44	74	45	49	46	6	47	23	48	88	49	82
	0	3	1	16	2	16	3	89	4	33	5	79	6	37	7	27	8	36	9	86	10	66	11	38	12	45	13	63	14	84	15	80	16	59	17	57	18	89	19	31	20	32	21	18	22	98	23	97	24	44	25	67	26	85	27	49	28	29	29	50	30	32	31	52	32	63	33	93	34	16	35	68	36	40	37	21	38	74	39	58	40	100	41	96	42	15	43	1	44	78	45	94	46	67	47	100	48	87	49	19
	0	80	1	63	2	53	3	31	4	21	5	64	6	78	7	38	8	42	9	26	10	80	11	58	12	95	13	80	14	50	15	80	16	24	17	92	18	22	19	69	20	72	21	68	22	37	23	82	24	72	25	66	26	65	27	4	28	8	29	90	30	94	31	19	32	73	33	36	34	21	35	72	36	61	37	12	38	92	39	84	40	53	41	63	42	69	43	35	44	8	45	66	46	46	47	20	48	53	49	73
	0	18	1	45	2	37	3	24	4	76	5	15	6	92	7	56	8	7	9	40	10	22	11	75	12	92	13	49	14	7	15	74	16	40	17	96	18	84	19	9	20	17	21	100	22	74	23	71	24	39	25	36	26	24	27	9	28	41	29	100	30	14	31	96	32	46	33	88	34	44	35	46	36	100	37	61	38	79	39	20	40	39	41	12	42	49	43	80	44	98	45	38	46	13	47	76	48	94	49	74
	0	28	1	76	2	42	3	66	4	4	5	89	6	66	7	76	8	16	9	12	10	30	11	43	12	12	13	24	14	10	15	49	16	41	17	5	18	54	19	70	20	79	21	35	22	29	23	94	24	46	25	35	26	38	27	53	28	18	29	19	30	54	31	88	32	98	33	86	34	14	35	56	36	89	37	80	38	58	39	38	40	78	41	79	42	21	43	10	44	48	45	98	46	95	47	94	48	45	49	23
	0	37	1	83	2	87	3	3	4	75	5	25	6	91	7	68	8	47	9	1	10	47	11	56	12	73	13	38	14	73	15	60	16	38	17	29	18	19	19	35	20	58	21	66	22	22	23	13	24	24	25	4	26	16	27	33	28	70	29	4	30	42	31	76	32	8	33	31	34	39	35	53	36	13	37	6	38	84	39	9	40	66	41	29	42	18	43	16	44	84	45	34	46	99	47	75	48	76	49	35
	0	30	1	72	2	40	3	70	4	83	5	23	6	62	7	65	8	8	9	23	10	87	11	72	12	92	13	88	14	83	15	34	16	21	17	41	18	6	19	4	20	42	21	92	22	45	23	22	24	44	25	5	26	5	27	4	28	94	29	57	30	48	31	13	32	5	33	34	34	10	35	22	36	15	37	16	38	62	39	74	40	10	41	36	42	79	43	6	44	21	45	37	46	37	47	98	48	60	49	49
	0	53	1	49	2	6	3	50	4	42	5	5	6	34	7	6	8	37	9	87	10	47	11	84	12	33	13	92	14	68	15	93	16	9	17	61	18	92	19	1	20	61	21	49	22	5	23	18	24	63	25	29	26	28	27	52	28	2	29	22	30	31	31	85	32	87	33	35	34	35	35	19	36	20	37	39	38	93	39	78	40	64	41	37	42	16	43	85	44	66	45	87	46	93	47	45	48	9	49	88
	0	8	1	91	2	3	3	48	4	69	5	92	6	39	7	77	8	81	9	13	10	67	11	93	12	54	13	86	14	71	15	22	16	9	17	36	18	54	19	29	20	20	21	57	22	51	23	23	24	29	25	42	26	41	27	5	28	96	29	13	30	17	31	68	32	80	33	98	34	40	35	67	36	74	37	57	38	90	39	100	40	20	41	52	42	80	43	85	44	94	45	12	46	3	47	31	48	28	49	39
	0	24	1	16	2	11	3	55	4	48	5	27	6	87	7	88	8	9	9	40	10	40	11	48	12	70	13	31	14	43	15	36	16	31	17	44	18	88	19	88	20	81	21	62	22	54	23	54	24	47	25	63	26	60	27	53	28	11	29	50	30	13	31	70	32	18	33	79	34	55	35	61	36	85	37	45	38	57	39	7	40	80	41	77	42	33	43	27	44	40	45	71	46	51	47	22	48	43	49	52
	0	74	1	38	2	60	3	42	4	61	5	52	6	30	7	81	8	8	9	24	10	59	11	28	12	5	13	69	14	34	15	40	16	38	17	40	18	79	19	88	20	80	21	35	22	21	23	89	24	28	25	53	26	30	27	45	28	81	29	73	30	54	31	7	32	90	33	35	34	58	35	32	36	93	37	34	38	50	39	81	40	40	41	66	42	42	43	81	44	64	45	79	46	75	47	55	48	41	49	34
	0	26	1	80	2	66	3	59	4	57	5	38	6	23	7	55	8	79	9	75	10	30	11	8	12	44	13	61	14	89	15	85	16	89	17	38	18	69	19	39	20	87	21	95	22	100	23	46	24	89	25	87	26	72	27	47	28	53	29	24	30	40	31	63	32	6	33	60	34	95	35	19	36	70	37	76	38	62	39	91	40	54	41	47	42	14	43	48	44	6	45	7	46	22	47	69	48	50	49	83
	0	79	1	55	2	78	3	44	4	82	5	61	6	60	7	90	8	32	9	18	10	89	11	83	12	7	13	20	14	82	15	80	16	18	17	5	18	1	19	42	20	35	21	43	22	60	23	10	24	71	25	15	26	38	27	76	28	31	29	45	30	20	31	99	32	85	33	24	34	16	35	38	36	20	37	31	38	49	39	96	40	65	41	40	42	9	43	7	44	8	45	78	46	1	47	7	48	55	49	59
	0	49	1	66	2	75	3	21	4	30	5	79	6	56	7	33	8	47	9	38	10	56	11	50	12	60	13	36	14	17	15	40	16	53	17	75	18	98	19	4	20	84	21	76	22	13	23	63	24	50	25	12	26	7	27	85	28	91	29	23	30	98	31	75	32	70	33	67	34	63	35	61	36	34	37	32	38	48	39	27	40	46	41	3	42	32	43	93	44	18	45	57	46	78	47	46	48	1	49	44
	0	43	1	55	2	23	3	65	4	39	5	38	6	55	7	52	8	59	9	65	10	63	11	21	12	9	13	99	14	77	15	52	16	24	17	25	18	72	19	11	20	45	21	24	22	59	23	19	24	89	25	64	26	19	27	37	28	37	29	39	30	26	31	22	32	27	33	84	34	58	35	63	36	27	37	18	38	75	39	20	40	18	41	20	42	12	43	10	44	19	45	26	46	43	47	17	48	27	49	4
	0	78	1	21	2	65	3	54	4	16	5	74	6	53	7	27	8	75	9	70	10	39	11	67	12	56	13	75	14	69	15	19	16	16	17	32	18	80	19	58	20	68	21	48	22	33	23	29	24	15	25	15	26	30	27	7	28	97	29	49	30	89	31	12	32	18	33	34	34	47	35	45	36	53	37	95	38	44	39	22	40	80	41	58	42	94	43	28	44	72	45	57	46	31	47	13	48	54	49	100
	0	21	1	12	2	2	3	6	4	45	5	44	6	31	7	70	8	16	9	39	10	27	11	21	12	70	13	92	14	92	15	83	16	49	17	30	18	18	19	48	20	79	21	69	22	9	23	22	24	86	25	73	26	17	27	14	28	23	29	49	30	63	31	58	32	94	33	38	34	51	35	6	36	95	37	99	38	3	39	28	40	18	41	77	42	77	43	99	44	77	45	13	46	32	47	67	48	50	49	41
	0	62	1	36	2	68	3	61	4	22	5	94	6	68	7	6	8	89	9	78	10	99	11	33	12	66	13	61	14	64	15	96	16	97	17	97	18	16	19	99	20	58	21	54	22	51	23	21	24	51	25	33	26	61	27	70	28	2	29	48	30	50	31	13	32	48	33	4	34	19	35	68	36	60	37	22	38	62	39	79	40	46	41	72	42	57	43	98	44	19	45	30	46	15	47	46	48	31	49	67
	0	38	1	29	2	2	3	27	4	96	5	27	6	10	7	67	8	19	9	87	10	2	11	52	12	69	13	84	14	45	15	35	16	33	17	40	18	49	19	66	20	63	21	98	22	3	23	7	24	42	25	5	26	13	27	46	28	52	29	50	30	50	31	43	32	84	33	51	34	28	35	40	36	9	37	2	38	73	39	32	40	94	41	10	42	60	43	71	44	47	45	90	46	29	47	51	48	8	49	99
	0	96	1	2	2	35	3	20	4	31	5	83	6	44	7	41	8	68	9	58	10	1	11	71	12	61	13	92	14	76	15	100	16	10	17	100	18	13	19	2	20	16	21	46	22	74	23	15	24	42	25	58	26	44	27	71	28	86	29	12	30	36	31	45	32	92	33	20	34	11	35	54	36	62	37	91	38	99	39	19	40	40	41	78	42	7	43	75	44	76	45	19	46	28	47	92	48	3	49	29
	0	3	1	38	2	72	3	20	4	89	5	5	6	42	7	32	8	40	9	68	10	7	11	20	12	5	13	58	14	9	15	22	16	96	17	60	18	83	19	9	20	86	21	80	22	17	23	81	24	35	25	29	26	19	27	69	28	51	29	16	30	48	31	63	32	43	33	70	34	36	35	52	36	20	37	7	38	90	39	77	40	38	41	24	42	93	43	12	44	99	45	89	46	3	47	27	48	65	49	49
	0	42	1	4	2	32	3	90	4	18	5	7	6	72	7	1	8	16	9	27	10	51	11	40	12	67	13	50	14	68	15	10	16	55	17	28	18	90	19	76	20	48	21	38	22	57	23	82	24	52	25	68	26	96	27	69	28	14	29	66	30	63	31	86	32	40	33	34	34	8	35	42	36	97	37	59	38	25	39	60	40	7	41	13	42	28	43	6	44	66	45	54	46	84	47	24	48	39	49	25
	0	67	1	94	2	11	3	27	4	41	5	89	6	100	7	4	8	69	9	5	10	63	11	84	12	6	13	84	14	41	15	43	16	30	17	56	18	40	19	6	20	20	21	79	22	35	23	91	24	81	25	36	26	32	27	54	28	65	29	26	30	52	31	9	32	65	33	69	34	5	35	18	36	50	37	92	38	62	39	77	40	89	41	81	42	54	43	41	44	79	45	9	46	63	47	67	48	60	49	78
	0	67	1	80	2	5	3	31	4	53	5	61	6	100	7	26	8	36	9	40	10	59	11	83	12	18	13	33	14	44	15	34	16	92	17	51	18	67	19	39	20	67	21	83	22	19	23	56	24	75	25	10	26	38	27	81	28	84	29	30	30	5	31	81	32	28	33	76	34	46	35	89	36	22	37	64	38	72	39	48	40	31	41	18	42	82	43	15	44	19	45	41	46	8	47	53	48	64	49	28
	0	95	1	81	2	57	3	55	4	20	5	67	6	95	7	80	8	11	9	69	10	40	11	45	12	17	13	65	14	8	15	54	16	32	17	31	18	9	19	77	20	80	21	54	22	55	23	9	24	19	25	92	26	93	27	66	28	8	29	11	30	48	31	17	32	56	33	69	34	78	35	67	36	46	37	27	38	68	39	53	40	93	41	93	42	22	43	14	44	94	45	55	46	25	47	39	48	70	49	33
	0	92	1	19	2	2	3	69	4	27	5	45	6	28	7	35	8	37	9	29	10	39	11	24	12	1	13	48	14	94	15	58	16	85	17	32	18	48	19	25	20	30	21	44	22	51	23	26	24	82	25	27	26	80	27	3	28	28	29	19	30	89	31	76	32	54	33	48	34	11	35	95	36	48	37	76	38	36	39	18	40	5	41	41	42	42	43	31	44	16	45	17	46	72	47	3	48	40	49	1
	0	71	1	28	2	98	3	83	4	24	5	93	6	28	7	66	8	62	9	90	10	1	11	45	12	38	13	39	14	87	15	59	16	76	17	14	18	4	19	62	20	41	21	65	22	11	23	2	24	2	25	1	26	17	27	84	28	74	29	59	30	16	31	66	32	58	33	79	34	74	35	14	36	18	37	69	38	26	39	98	40	73	41	20	42	60	43	35	44	85	45	6	46	90	47	88	48	59	49	80
	0	62	1	81	2	9	3	55	4	24	5	99	6	51	7	28	8	60	9	70	10	5	11	86	12	89	13	56	14	43	15	96	16	42	17	96	18	11	19	82	20	1	21	84	22	94	23	26	24	52	25	69	26	20	27	61	28	71	29	9	30	20	31	26	32	73	33	22	34	80	35	14	36	72	37	12	38	65	39	31	40	37	41	65	42	88	43	43	44	46	45	39	46	59	47	76	48	69	49	100
	0	53	1	10	2	35	3	69	4	48	5	67	6	60	7	91	8	53	9	88	10	45	11	35	12	13	13	61	14	70	15	89	16	63	17	22	18	42	19	7	20	67	21	59	22	70	23	19	24	68	25	91	26	82	27	24	28	33	29	92	30	6	31	13	32	61	33	84	34	67	35	90	36	5	37	28	38	97	39	9	40	13	41	76	42	34	43	19	44	89	45	72	46	69	47	1	48	34	49	10
	0	77	1	40	2	23	3	84	4	14	5	48	6	11	7	93	8	99	9	58	10	87	11	91	12	83	13	35	14	24	15	86	16	95	17	74	18	80	19	20	20	11	21	96	22	50	23	12	24	70	25	52	26	91	27	20	28	70	29	90	30	44	31	62	32	78	33	55	34	47	35	6	36	58	37	31	38	1	39	13	40	5	41	27	42	38	43	1	44	18	45	80	46	2	47	49	48	75	49	33
	0	32	1	83	2	81	3	89	4	36	5	87	6	91	7	65	8	60	9	44	10	53	11	2	12	13	13	11	14	5	15	88	16	95	17	54	18	23	19	12	20	46	21	19	22	18	23	55	24	100	25	22	26	7	27	77	28	24	29	59	30	19	31	73	32	68	33	81	34	20	35	88	36	61	37	92	38	44	39	28	40	33	41	60	42	84	43	98	44	29	45	44	46	75	47	61	48	72	49	79
	0	63	1	99	2	69	3	76	4	65	5	7	6	81	7	34	8	32	9	68	10	89	11	53	12	99	13	85	14	38	15	6	16	73	17	59	18	36	19	22	20	83	21	48	22	39	23	60	24	10	25	52	26	52	27	98	28	62	29	86	30	25	31	61	32	66	33	63	34	19	35	55	36	77	37	86	38	85	39	92	40	57	41	10	42	69	43	18	44	44	45	52	46	38	47	76	48	20	49	29
	0	92	1	70	2	70	3	75	4	4	5	12	6	61	7	53	8	14	9	63	10	1	11	65	12	48	13	8	14	49	15	41	16	61	17	26	18	96	19	35	20	9	21	27	22	28	23	74	24	4	25	94	26	39	27	43	28	10	29	36	30	70	31	93	32	82	33	35	34	74	35	94	36	52	37	61	38	51	39	3	40	15	41	78	42	80	43	87	44	81	45	52	46	67	47	32	48	83	49	61
	0	71	1	34	2	49	3	49	4	76	5	43	6	3	7	74	8	31	9	20	10	41	11	57	12	67	13	5	14	78	15	12	16	75	17	32	18	97	19	30	20	74	21	19	22	24	23	35	24	50	25	33	26	8	27	53	28	4	29	100	30	91	31	34	32	59	33	4	34	93	35	41	36	11	37	17	38	49	39	99	40	20	41	31	42	62	43	37	44	89	45	89	46	71	47	3	48	56	49	53
	0	53	1	15	2	10	3	32	4	85	5	80	6	14	7	71	8	59	9	96	10	79	11	73	12	14	13	20	14	23	15	5	16	28	17	67	18	29	19	9	20	93	21	65	22	67	23	13	24	51	25	100	26	45	27	28	28	76	29	7	30	11	31	61	32	27	33	92	34	21	35	87	36	8	37	6	38	39	39	58	40	8	41	95	42	42	43	44	44	98	45	97	46	35	47	35	48	32	49	62
	0	8	1	45	2	57	3	17	4	90	5	94	6	31	7	98	8	77	9	72	10	24	11	29	12	42	13	100	14	21	15	13	16	50	17	43	18	76	19	61	20	45	21	41	22	76	23	89	24	78	25	68	26	14	27	43	28	77	29	32	30	82	31	43	32	9	33	66	34	32	35	53	36	65	37	90	38	69	39	7	40	61	41	34	42	69	43	72	44	57	45	52	46	34	47	5	48	24	49	72
	0	40	1	44	2	13	3	55	4	29	5	43	6	2	7	66	8	48	9	37	10	35	11	72	12	47	13	1	14	75	15	28	16	81	17	22	18	25	19	7	20	80	21	32	22	3	23	92	24	85	25	42	26	73	27	38	28	59	29	73	30	54	31	61	32	22	33	3	34	79	35	25	36	77	37	50	38	64	39	21	40	10	41	63	42	6	43	71	44	94	45	2	46	32	47	99	48	36	49	25
	0	61	1	38	2	21	3	4	4	46	5	85	6	66	7	46	8	14	9	17	10	85	11	98	12	32	13	12	14	17	15	42	16	39	17	65	18	78	19	29	20	46	21	83	22	28	23	2	24	92	25	84	26	85	27	92	28	90	29	62	30	1	31	15	32	24	33	66	34	97	35	80	36	62	37	21	38	25	39	94	40	14	41	90	42	95	43	37	44	33	45	40	46	86	47	12	48	46	49	78
	0	31	1	25	2	63	3	63	4	53	5	39	6	5	7	5	8	76	9	92	10	41	11	15	12	49	13	95	14	18	15	65	16	56	17	43	18	58	19	68	20	99	21	96	22	12	23	95	24	70	25	24	26	17	27	73	28	64	29	18	30	10	31	56	32	86	33	11	34	64	35	38	36	55	37	62	38	65	39	66	40	19	41	98	42	59	43	68	44	23	45	21	46	11	47	94	48	94	49	4
	0	74	1	60	2	41	3	64	4	55	5	9	6	84	7	71	8	24	9	56	10	54	11	18	12	1	13	79	14	33	15	85	16	28	17	49	18	22	19	57	20	98	21	40	22	61	23	86	24	1	25	47	26	38	27	99	28	23	29	6	30	50	31	99	32	80	33	94	34	27	35	12	36	1	37	48	38	6	39	65	40	78	41	45	42	30	43	18	44	46	45	17	46	10	47	71	48	69	49	100
	0	66	1	14	2	38	3	37	4	46	5	4	6	9	7	92	8	77	9	89	10	36	11	40	12	10	13	93	14	83	15	32	16	52	17	54	18	12	19	69	20	2	21	69	22	86	23	12	24	36	25	78	26	27	27	31	28	100	29	23	30	33	31	60	32	17	33	24	34	29	35	8	36	10	37	82	38	5	39	55	40	95	41	100	42	87	43	23	44	3	45	76	46	19	47	100	48	32	49	9
	0	61	1	65	2	33	3	23	4	37	5	42	6	88	7	9	8	88	9	67	10	32	11	18	12	99	13	61	14	26	15	80	16	20	17	41	18	87	19	21	20	95	21	5	22	17	23	94	24	73	25	74	26	7	27	63	28	59	29	87	30	4	31	93	32	25	33	71	34	55	35	46	36	4	37	35	38	69	39	73	40	28	41	63	42	78	43	61	44	80	45	1	46	65	47	76	48	70	49	66
	0	6	1	4	2	69	3	23	4	37	5	85	6	48	7	100	8	41	9	98	10	7	11	47	12	24	13	28	14	92	15	59	16	18	17	30	18	42	19	4	20	36	21	85	22	6	23	45	24	57	25	84	26	19	27	39	28	26	29	8	30	44	31	49	32	91	33	85	34	97	35	3	36	23	37	37	38	23	39	95	40	72	41	51	42	98	43	98	44	68	45	34	46	58	47	41	48	69	49	46
	0	90	1	77	2	15	3	10	4	36	5	28	6	34	7	44	8	95	9	2	10	19	11	72	12	17	13	96	14	60	15	99	16	34	17	57	18	9	19	67	20	68	21	46	22	13	23	18	24	1	25	23	26	34	27	34	28	25	29	68	30	51	31	39	32	67	33	96	34	100	35	65	36	93	37	18	38	19	39	26	40	17	41	77	42	78	43	68	44	70	45	53	46	29	47	56	48	18	49	8
	0	1	1	42	2	9	3	26	4	20	5	21	6	19	7	66	8	39	9	54	10	2	11	30	12	99	13	34	14	78	15	16	16	59	17	19	18	6	19	7	20	64	21	42	22	29	23	18	24	55	25	96	26	93	27	5	28	6	29	43	30	69	31	93	32	76	33	83	34	33	35	98	36	95	37	11	38	85	39	38	40	22	41	18	42	9	43	56	44	48	45	31	46	9	47	7	48	27	49	92
	0	66	1	78	2	72	3	28	4	6	5	43	6	22	7	58	8	82	9	75	10	98	11	21	12	88	13	64	14	80	15	60	16	81	17	14	18	87	19	63	20	66	21	13	22	39	23	56	24	72	25	13	26	24	27	4	28	30	29	53	30	12	31	56	32	19	33	2	34	87	35	50	36	58	37	31	38	74	39	57	40	43	41	25	42	4	43	32	44	63	45	88	46	31	47	95	48	55	49	14
	0	88	1	80	2	64	3	29	4	69	5	96	6	25	7	10	8	50	9	9	10	92	11	52	12	91	13	34	14	70	15	40	16	99	17	98	18	25	19	29	20	24	21	99	22	88	23	58	24	21	25	90	26	61	27	44	28	16	29	64	30	14	31	31	32	37	33	91	34	11	35	89	36	12	37	70	38	8	39	92	40	45	41	73	42	30	43	16	44	12	45	3	46	80	47	42	48	45	49	88
	0	83	1	45	2	5	3	90	4	38	5	13	6	39	7	90	8	35	9	26	10	92	11	91	12	73	13	81	14	16	15	51	16	72	17	58	18	85	19	8	20	73	21	44	22	23	23	3	24	62	25	72	26	91	27	87	28	72	29	47	30	6	31	67	32	38	33	54	34	71	35	38	36	22	37	71	38	44	39	99	40	17	41	42	42	87	43	55	44	6	45	75	46	56	47	43	48	46	49	68
	0	29	1	46	2	76	3	91	4	93	5	82	6	89	7	58	8	18	9	65	10	21	11	82	12	9	13	2	14	31	15	92	16	98	17	53	18	76	19	51	20	19	21	65	22	25	23	15	24	1	25	84	26	47	27	8	28	30	29	75	30	65	31	12	32	3	33	20	34	82	35	96	36	58	37	68	38	94	39	30	40	51	41	68	42	65	43	64	44	25	45	93	46	33	47	60	48	79	49	47
	0	43	1	10	2	41	3	9	4	58	5	81	6	1	7	58	8	83	9	69	10	59	11	83	12	93	13	50	14	86	15	65	16	65	17	61	18	19	19	98	20	42	21	55	22	18	23	75	24	97	25	99	26	72	27	62	28	51	29	25	30	30	31	32	32	77	33	45	34	81	35	31	36	100	37	90	38	26	39	10	40	64	41	31	42	6	43	29	44	27	45	3	46	80	47	21	48	4	49	29
	0	71	1	84	2	84	3	16	4	19	5	20	6	69	7	83	8	13	9	60	10	24	11	16	12	87	13	22	14	36	15	93	16	8	17	6	18	15	19	6	20	85	21	23	22	95	23	60	24	82	25	1	26	96	27	58	28	4	29	28	30	90	31	79	32	3	33	14	34	51	35	10	36	23	37	88	38	89	39	98	40	54	41	63	42	21	43	26	44	4	45	34	46	87	47	28	48	83	49	86
	0	53	1	7	2	59	3	32	4	38	5	9	6	43	7	15	8	64	9	65	10	99	11	28	12	18	13	31	14	2	15	55	16	57	17	46	18	69	19	14	20	26	21	19	22	50	23	75	24	49	25	13	26	59	27	86	28	8	29	65	30	66	31	100	32	42	33	87	34	96	35	24	36	14	37	20	38	89	39	11	40	26	41	41	42	27	43	65	44	92	45	44	46	49	47	47	48	100	49	50
	0	68	1	85	2	3	3	8	4	98	5	26	6	42	7	100	8	46	9	96	10	80	11	57	12	11	13	54	14	99	15	52	16	18	17	38	18	4	19	27	20	66	21	58	22	9	23	63	24	70	25	82	26	25	27	16	28	19	29	10	30	59	31	59	32	100	33	41	34	4	35	15	36	43	37	71	38	71	39	71	40	84	41	85	42	94	43	96	44	65	45	28	46	18	47	22	48	14	49	62
	0	42	1	48	2	67	3	50	4	75	5	74	6	28	7	26	8	36	9	83	10	84	11	39	12	99	13	27	14	16	15	72	16	70	17	82	18	74	19	94	20	39	21	77	22	9	23	76	24	49	25	13	26	73	27	82	28	80	29	32	30	45	31	39	32	24	33	95	34	27	35	10	36	19	37	81	38	24	39	47	40	53	41	21	42	11	43	5	44	65	45	19	46	36	47	21	48	97	49	37
	0	25	1	5	2	80	3	31	4	77	5	91	6	52	7	79	8	75	9	51	10	47	11	31	12	42	13	62	14	2	15	66	16	29	17	84	18	66	19	56	20	100	21	92	22	11	23	46	24	62	25	56	26	85	27	18	28	52	29	81	30	44	31	99	32	76	33	40	34	64	35	13	36	68	37	57	38	18	39	4	40	5	41	45	42	64	43	81	44	7	45	74	46	87	47	50	48	100	49	48
	0	76	1	32	2	20	3	14	4	55	5	10	6	94	7	18	8	71	9	17	10	25	11	98	12	23	13	76	14	51	15	60	16	90	17	63	18	78	19	1	20	68	21	35	22	93	23	53	24	59	25	60	26	12	27	72	28	45	29	22	30	13	31	1	32	42	33	10	34	65	35	65	36	34	37	8	38	61	39	92	40	17	41	26	42	87	43	68	44	8	45	63	46	22	47	57	48	92	49	87
	0	26	1	51	2	32	3	61	4	66	5	40	6	42	7	58	8	98	9	4	10	3	11	49	12	85	13	72	14	88	15	53	16	41	17	99	18	8	19	72	20	10	21	55	22	1	23	67	24	41	25	40	26	26	27	47	28	3	29	45	30	37	31	57	32	50	33	36	34	48	35	8	36	43	37	46	38	7	39	80	40	78	41	69	42	44	43	87	44	81	45	15	46	73	47	87	48	69	49	72
	0	44	1	71	2	85	3	63	4	82	5	78	6	58	7	14	8	66	9	3	10	56	11	66	12	25	13	7	14	9	15	90	16	63	17	41	18	41	19	90	20	30	21	45	22	34	23	18	24	10	25	80	26	9	27	11	28	87	29	4	30	95	31	42	32	16	33	18	34	24	35	45	36	3	37	9	38	82	39	41	40	73	41	94	42	87	43	90	44	87	45	34	46	83	47	44	48	29	49	67
	0	71	1	66	2	71	3	87	4	20	5	52	6	99	7	60	8	23	9	66	10	54	11	60	12	82	13	67	14	6	15	61	16	62	17	11	18	89	19	26	20	26	21	25	22	50	23	73	24	48	25	13	26	89	27	1	28	70	29	34	30	7	31	27	32	39	33	45	34	71	35	52	36	59	37	27	38	69	39	51	40	21	41	15	42	31	43	73	44	15	45	9	46	6	47	88	48	27	49	43
	0	50	1	8	2	73	3	19	4	57	5	81	6	36	7	56	8	28	9	35	10	91	11	96	12	67	13	6	14	49	15	74	16	54	17	2	18	44	19	47	20	35	21	63	22	49	23	17	24	6	25	28	26	99	27	29	28	11	29	27	30	45	31	3	32	75	33	48	34	78	35	31	36	15	37	50	38	93	39	67	40	35	41	25	42	86	43	67	44	85	45	25	46	96	47	78	48	30	49	12
	0	39	1	69	2	69	3	97	4	96	5	60	6	1	7	71	8	60	9	90	10	30	11	44	12	36	13	28	14	39	15	53	16	63	17	19	18	98	19	1	20	5	21	23	22	73	23	27	24	14	25	88	26	47	27	45	28	74	29	56	30	87	31	71	32	78	33	2	34	1	35	44	36	98	37	57	38	71	39	15	40	42	41	59	42	74	43	46	44	14	45	31	46	99	47	45	48	23	49	91
	0	42	1	41	2	7	3	24	4	38	5	60	6	57	7	99	8	45	9	67	10	71	11	86	12	100	13	83	14	67	15	6	16	20	17	80	18	36	19	48	20	5	21	35	22	12	23	1	24	65	25	76	26	90	27	4	28	94	29	60	30	24	31	8	32	38	33	69	34	77	35	100	36	61	37	5	38	16	39	43	40	79	41	29	42	69	43	21	44	24	45	65	46	79	47	93	48	72	49	74
	0	34	1	99	2	22	3	71	4	56	5	86	6	34	7	18	8	71	9	13	10	46	11	46	12	100	13	83	14	37	15	72	16	37	17	4	18	1	19	11	20	12	21	64	22	57	23	10	24	48	25	93	26	97	27	49	28	60	29	26	30	60	31	84	32	64	33	5	34	75	35	26	36	80	37	83	38	16	39	95	40	57	41	2	42	62	43	67	44	56	45	81	46	46	47	26	48	57	49	19
	0	55	1	86	2	87	3	8	4	95	5	27	6	81	7	7	8	43	9	80	10	26	11	19	12	46	13	53	14	43	15	84	16	52	17	69	18	11	19	63	20	57	21	69	22	45	23	91	24	28	25	1	26	68	27	16	28	30	29	98	30	51	31	53	32	49	33	8	34	2	35	21	36	17	37	36	38	37	39	48	40	64	41	18	42	62	43	40	44	51	45	18	46	32	47	83	48	70	49	32
	0	96	1	100	2	9	3	40	4	27	5	76	6	17	7	40	8	82	9	55	10	14	11	40	12	77	13	39	14	44	15	13	16	40	17	54	18	55	19	33	20	82	21	74	22	48	23	37	24	24	25	7	26	50	27	2	28	38	29	75	30	81	31	9	32	3	33	68	34	33	35	49	36	89	37	31	38	80	39	89	40	15	41	19	42	78	43	97	44	42	45	39	46	33	47	6	48	3	49	55
	0	48	1	52	2	74	3	23	4	66	5	25	6	39	7	88	8	79	9	18	10	14	11	59	12	70	13	63	14	19	15	44	16	97	17	75	18	15	19	6	20	56	21	68	22	52	23	76	24	62	25	1	26	95	27	41	28	42	29	54	30	15	31	77	32	43	33	67	34	68	35	8	36	70	37	83	38	3	39	5	40	31	41	69	42	58	43	61	44	54	45	15	46	53	47	4	48	77	49	35
	0	82	1	26	2	63	3	12	4	51	5	49	6	61	7	74	8	31	9	59	10	30	11	87	12	18	13	74	14	95	15	90	16	16	17	18	18	95	19	27	20	84	21	30	22	57	23	45	24	12	25	34	26	83	27	56	28	32	29	30	30	58	31	87	32	63	33	95	34	3	35	67	36	38	37	11	38	31	39	26	40	90	41	34	42	87	43	1	44	76	45	1	46	67	47	73	48	63	49	19
	0	62	1	87	2	18	3	88	4	66	5	26	6	64	7	56	8	41	9	36	10	6	11	100	12	30	13	27	14	27	15	93	16	61	17	96	18	12	19	87	20	85	21	57	22	60	23	33	24	39	25	55	26	74	27	14	28	30	29	6	30	51	31	55	32	69	33	7	34	14	35	54	36	23	37	82	38	49	39	34	40	42	41	73	42	43	43	98	44	94	45	90	46	37	47	75	48	5	49	76
	0	40	1	54	2	92	3	56	4	71	5	51	6	43	7	73	8	14	9	71	10	62	11	20	12	14	13	44	14	3	15	46	16	49	17	57	18	52	19	71	20	46	21	99	22	36	23	46	24	33	25	7	26	56	27	50	28	52	29	74	30	85	31	95	32	60	33	39	34	80	35	1	36	99	37	7	38	88	39	41	40	21	41	32	42	49	43	84	44	86	45	83	46	29	47	75	48	72	49	74
	0	37	1	41	2	78	3	10	4	4	5	1	6	86	7	14	8	32	9	21	10	28	11	99	12	35	13	59	14	81	15	23	16	36	17	58	18	68	19	48	20	98	21	11	22	41	23	59	24	86	25	4	26	92	27	44	28	97	29	81	30	2	31	36	32	16	33	27	34	15	35	54	36	60	37	45	38	30	39	5	40	46	41	56	42	12	43	35	44	71	45	85	46	82	47	37	48	3	49	83
	0	43	1	49	2	28	3	100	4	38	5	14	6	74	7	29	8	56	9	75	10	41	11	64	12	26	13	25	14	87	15	56	16	72	17	40	18	52	19	50	20	17	21	69	22	27	23	45	24	51	25	46	26	92	27	6	28	11	29	63	30	83	31	22	32	38	33	9	34	66	35	86	36	98	37	62	38	23	39	43	40	95	41	3	42	75	43	38	44	5	45	75	46	5	47	41	48	9	49	9
	0	58	1	55	2	17	3	95	4	14	5	20	6	84	7	70	8	79	9	69	10	88	11	36	12	34	13	8	14	10	15	56	16	34	17	12	18	26	19	69	20	51	21	73	22	22	23	30	24	97	25	32	26	68	27	71	28	84	29	87	30	33	31	25	32	92	33	59	34	20	35	77	36	54	37	49	38	47	39	22	40	97	41	33	42	2	43	42	44	75	45	64	46	62	47	42	48	86	49	88
	0	49	1	2	2	82	3	82	4	45	5	34	6	89	7	88	8	14	9	49	10	95	11	86	12	92	13	79	14	98	15	27	16	39	17	7	18	1	19	42	20	71	21	95	22	94	23	73	24	14	25	18	26	79	27	4	28	44	29	48	30	8	31	84	32	12	33	31	34	51	35	74	36	68	37	71	38	14	39	63	40	15	41	98	42	67	43	20	44	84	45	91	46	57	47	88	48	4	49	81
	0	17	1	46	2	83	3	57	4	100	5	79	6	53	7	54	8	80	9	28	10	48	11	79	12	20	13	36	14	83	15	26	16	98	17	91	18	89	19	72	20	20	21	28	22	9	23	58	24	86	25	59	26	51	27	3	28	77	29	34	30	68	31	94	32	72	33	49	34	3	35	52	36	28	37	51	38	22	39	89	40	68	41	26	42	14	43	69	44	75	45	44	46	48	47	59	48	71	49	14
	0	3	1	45	2	34	3	66	4	9	5	20	6	97	7	64	8	78	9	89	10	4	11	24	12	2	13	44	14	44	15	75	16	49	17	4	18	73	19	8	20	89	21	17	22	93	23	77	24	26	25	78	26	59	27	73	28	15	29	5	30	28	31	63	32	99	33	77	34	71	35	77	36	96	37	28	38	1	39	83	40	98	41	45	42	13	43	77	44	99	45	32	46	18	47	91	48	32	49	9
	0	15	1	79	2	98	3	80	4	58	5	51	6	14	7	91	8	88	9	50	10	11	11	38	12	33	13	99	14	63	15	28	16	24	17	73	18	19	19	74	20	60	21	54	22	89	23	96	24	15	25	78	26	71	27	58	28	87	29	99	30	61	31	43	32	14	33	11	34	58	35	75	36	30	37	5	38	53	39	21	40	14	41	66	42	83	43	36	44	57	45	19	46	73	47	36	48	71	49	82
	0	3	1	6	2	91	3	5	4	72	5	94	6	52	7	78	8	52	9	26	10	52	11	43	12	38	13	57	14	16	15	60	16	53	17	47	18	30	19	85	20	64	21	8	22	21	23	80	24	1	25	77	26	81	27	61	28	6	29	16	30	74	31	44	32	37	33	22	34	69	35	51	36	17	37	14	38	99	39	88	40	95	41	38	42	23	43	6	44	60	45	79	46	46	47	1	48	34	49	96
	0	36	1	27	2	11	3	17	4	25	5	10	6	53	7	42	8	94	9	2	10	32	11	59	12	75	13	14	14	86	15	70	16	29	17	98	18	36	19	63	20	64	21	87	22	73	23	2	24	16	25	8	26	22	27	13	28	16	29	21	30	23	31	72	32	88	33	55	34	7	35	40	36	76	37	40	38	48	39	11	40	89	41	58	42	18	43	33	44	2	45	61	46	81	47	51	48	62	49	40
	0	87	1	69	2	87	3	15	4	81	5	25	6	56	7	9	8	13	9	41	10	17	11	20	12	15	13	75	14	79	15	84	16	6	17	97	18	56	19	20	20	14	21	68	22	72	23	82	24	25	25	83	26	62	27	69	28	25	29	18	30	16	31	59	32	76	33	92	34	42	35	78	36	34	37	16	38	75	39	9	40	15	41	21	42	26	43	14	44	71	45	59	46	63	47	16	48	12	49	34
	0	79	1	62	2	1	3	97	4	52	5	70	6	8	7	28	8	49	9	34	10	92	11	74	12	99	13	30	14	51	15	13	16	36	17	45	18	64	19	84	20	13	21	46	22	9	23	85	24	100	25	31	26	25	27	30	28	52	29	43	30	70	31	21	32	94	33	41	34	79	35	86	36	50	37	54	38	22	39	68	40	37	41	68	42	25	43	76	44	75	45	12	46	7	47	44	48	8	49	50
	0	28	1	43	2	18	3	98	4	69	5	46	6	81	7	16	8	81	9	42	10	13	11	46	12	74	13	58	14	81	15	99	16	38	17	22	18	92	19	6	20	12	21	74	22	83	23	96	24	38	25	29	26	68	27	57	28	83	29	21	30	30	31	90	32	1	33	6	34	46	35	81	36	65	37	89	38	92	39	25	40	13	41	4	42	73	43	96	44	60	45	70	46	54	47	40	48	89	49	94
	0	13	1	37	2	21	3	99	4	27	5	57	6	15	7	93	8	57	9	3	10	65	11	9	12	6	13	27	14	78	15	88	16	61	17	50	18	63	19	80	20	42	21	30	22	65	23	75	24	16	25	50	26	11	27	8	28	58	29	33	30	62	31	93	32	55	33	97	34	87	35	69	36	94	37	5	38	12	39	77	40	81	41	80	42	83	43	96	44	74	45	87	46	74	47	6	48	33	49	1
	0	22	1	59	2	18	3	16	4	53	5	66	6	85	7	57	8	56	9	52	10	74	11	10	12	7	13	13	14	69	15	75	16	44	17	89	18	89	19	7	20	52	21	44	22	36	23	5	24	14	25	100	26	5	27	59	28	28	29	79	30	44	31	67	32	99	33	42	34	94	35	83	36	60	37	40	38	80	39	55	40	68	41	5	42	12	43	69	44	98	45	46	46	13	47	100	48	20	49	37
	0	100	1	45	2	31	3	7	4	75	5	86	6	77	7	64	8	2	9	97	10	93	11	25	12	78	13	20	14	46	15	23	16	24	17	43	18	43	19	11	20	58	21	70	22	66	23	100	24	17	25	69	26	24	27	89	28	52	29	39	30	39	31	72	32	100	33	14	34	14	35	30	36	11	37	16	38	41	39	57	40	1	41	19	42	49	43	68	44	31	45	73	46	8	47	72	48	47	49	26
	0	26	1	43	2	34	3	16	4	13	5	94	6	68	7	37	8	98	9	40	10	61	11	97	12	20	13	26	14	42	15	24	16	38	17	29	18	12	19	83	20	16	21	76	22	71	23	7	24	91	25	29	26	7	27	77	28	27	29	37	30	84	31	73	32	7	33	56	34	83	35	99	36	20	37	72	38	73	39	60	40	53	41	96	42	21	43	21	44	78	45	9	46	65	47	99	48	8	49	74
	0	7	1	59	2	59	3	44	4	14	5	7	6	37	7	33	8	15	9	21	10	41	11	39	12	38	13	39	14	50	15	16	16	35	17	12	18	41	19	44	20	77	21	92	22	40	23	58	24	22	25	95	26	22	27	9	28	87	29	76	30	100	31	83	32	79	33	7	34	73	35	9	36	63	37	29	38	25	39	7	40	73	41	34	42	82	43	79	44	95	45	93	46	94	47	45	48	79	49	37
	0	76	1	50	2	55	3	50	4	33	5	28	6	60	7	42	8	57	9	87	10	13	11	8	12	61	13	28	14	73	15	80	16	6	17	48	18	87	19	47	20	12	21	78	22	8	23	84	24	78	25	34	26	26	27	21	28	44	29	14	30	63	31	46	32	71	33	52	34	16	35	16	36	26	37	10	38	41	39	25	40	85	41	84	42	27	43	60	44	9	45	30	46	88	47	18	48	51	49	64
	0	86	1	99	2	78	3	75	4	54	5	79	6	51	7	56	8	81	9	20	10	77	11	46	12	90	13	99	14	16	15	42	16	1	17	33	18	30	19	9	20	78	21	46	22	100	23	16	24	98	25	12	26	31	27	65	28	84	29	52	30	45	31	85	32	92	33	88	34	20	35	30	36	52	37	64	38	21	39	74	40	97	41	2	42	42	43	18	44	24	45	47	46	46	47	36	48	85	49	12
	0	81	1	31	2	91	3	46	4	93	5	76	6	78	7	58	8	84	9	58	10	76	11	1	12	73	13	68	14	71	15	79	16	59	17	75	18	52	19	25	20	1	21	95	22	90	23	93	24	56	25	55	26	84	27	28	28	44	29	80	30	75	31	27	32	33	33	85	34	8	35	3	36	52	37	32	38	100	39	7	40	97	41	87	42	40	43	74	44	63	45	94	46	22	47	4	48	32	49	43
	0	12	1	87	2	100	3	2	4	61	5	33	6	7	7	35	8	49	9	69	10	36	11	44	12	11	13	13	14	59	15	80	16	67	17	37	18	58	19	31	20	82	21	80	22	67	23	79	24	5	25	67	26	91	27	72	28	77	29	55	30	1	31	71	32	96	33	12	34	22	35	52	36	94	37	76	38	54	39	88	40	54	41	88	42	94	43	24	44	65	45	73	46	55	47	28	48	10	49	7
	0	87	1	96	2	23	3	13	4	63	5	17	6	64	7	67	8	74	9	38	10	98	11	93	12	44	13	95	14	77	15	3	16	67	17	84	18	54	19	91	20	25	21	96	22	94	23	91	24	35	25	44	26	44	27	73	28	35	29	41	30	90	31	8	32	12	33	24	34	6	35	58	36	24	37	31	38	63	39	49	40	79	41	53	42	85	43	40	44	61	45	53	46	37	47	1	48	30	49	7
	0	92	1	60	2	19	3	91	4	19	5	72	6	22	7	54	8	86	9	41	10	36	11	34	12	67	13	77	14	1	15	93	16	95	17	78	18	60	19	5	20	7	21	79	22	15	23	6	24	65	25	81	26	75	27	88	28	64	29	88	30	1	31	12	32	37	33	79	34	7	35	57	36	39	37	17	38	62	39	31	40	61	41	72	42	13	43	22	44	8	45	89	46	17	47	54	48	41	49	52
	0	49	1	75	2	60	3	9	4	38	5	12	6	3	7	69	8	24	9	39	10	54	11	82	12	66	13	64	14	5	15	58	16	26	17	30	18	20	19	97	20	9	21	79	22	75	23	23	24	41	25	25	26	89	27	58	28	17	29	35	30	72	31	72	32	42	33	27	34	43	35	82	36	49	37	12	38	92	39	17	40	71	41	50	42	11	43	43	44	6	45	4	46	94	47	23	48	88	49	99
	0	89	1	75	2	60	3	27	4	63	5	15	6	17	7	60	8	92	9	38	10	56	11	42	12	4	13	44	14	59	15	100	16	34	17	31	18	93	19	75	20	62	21	4	22	97	23	67	24	48	25	67	26	96	27	52	28	84	29	12	30	73	31	1	32	28	33	2	34	61	35	32	36	96	37	36	38	59	39	48	40	9	41	20	42	82	43	57	44	32	45	90	46	91	47	83	48	71	49	75
	0	63	1	96	2	74	3	74	4	3	5	36	6	85	7	92	8	9	9	2	10	37	11	77	12	32	13	28	14	77	15	19	16	100	17	77	18	76	19	35	20	2	21	12	22	37	23	36	24	39	25	38	26	37	27	44	28	97	29	17	30	47	31	25	32	95	33	95	34	22	35	33	36	13	37	4	38	48	39	95	40	12	41	26	42	99	43	85	44	85	45	22	46	35	47	55	48	11	49	71
	0	39	1	25	2	4	3	75	4	85	5	56	6	67	7	21	8	80	9	55	10	10	11	97	12	16	13	80	14	71	15	20	16	32	17	52	18	67	19	22	20	74	21	88	22	65	23	72	24	100	25	17	26	23	27	76	28	58	29	28	30	74	31	50	32	51	33	84	34	42	35	63	36	66	37	90	38	1	39	16	40	7	41	85	42	30	43	65	44	87	45	27	46	18	47	47	48	63	49	66
	0	30	1	40	2	6	3	28	4	28	5	66	6	50	7	67	8	8	9	36	10	59	11	46	12	15	13	77	14	15	15	55	16	15	17	3	18	3	19	86	20	71	21	11	22	45	23	11	24	29	25	19	26	28	27	44	28	10	29	75	30	9	31	74	32	84	33	11	34	96	35	6	36	52	37	8	38	44	39	45	40	73	41	98	42	11	43	6	44	2	45	41	46	64	47	45	48	41	49	23
	0	25	1	32	2	2	3	72	4	5	5	25	6	50	7	5	8	64	9	96	10	63	11	33	12	93	13	40	14	32	15	90	16	1	17	55	18	86	19	76	20	59	21	74	22	19	23	12	24	44	25	93	26	54	27	59	28	65	29	22	30	58	31	53	32	70	33	55	34	15	35	40	36	80	37	30	38	4	39	24	40	80	41	39	42	43	43	74	44	75	45	90	46	98	47	33	48	89	49	46
	0	73	1	25	2	54	3	90	4	18	5	76	6	44	7	82	8	29	9	72	10	16	11	22	12	25	13	25	14	85	15	20	16	26	17	31	18	47	19	47	20	75	21	25	22	17	23	18	24	56	25	80	26	45	27	17	28	26	29	96	30	34	31	89	32	51	33	86	34	74	35	44	36	14	37	43	38	58	39	36	40	35	41	50	42	51	43	42	44	21	45	73	46	22	47	32	48	47	49	42
	0	66	1	9	2	15	3	12	4	74	5	64	6	58	7	56	8	26	9	74	10	80	11	39	12	18	13	34	14	56	15	67	16	42	17	2	18	19	19	16	20	87	21	9	22	22	23	87	24	34	25	45	26	45	27	30	28	42	29	35	30	83	31	41	32	77	33	61	34	48	35	38	36	7	37	2	38	47	39	38	40	75	41	83	42	45	43	22	44	32	45	69	46	16	47	51	48	68	49	43
	0	18	1	49	2	94	3	42	4	89	5	6	6	62	7	58	8	18	9	33	10	15	11	11	12	38	13	78	14	5	15	67	16	66	17	8	18	32	19	42	20	67	21	85	22	82	23	26	24	27	25	8	26	75	27	21	28	55	29	99	30	42	31	60	32	64	33	49	34	96	35	67	36	77	37	56	38	67	39	71	40	80	41	20	42	18	43	84	44	8	45	76	46	59	47	100	48	35	49	80
	0	21	1	84	2	10	3	85	4	67	5	50	6	49	7	60	8	50	9	57	10	94	11	49	12	39	13	60	14	80	15	73	16	70	17	2	18	73	19	12	20	12	21	38	22	90	23	31	24	36	25	13	26	86	27	35	28	29	29	51	30	88	31	62	32	4	33	18	34	9	35	50	36	86	37	68	38	58	39	43	40	73	41	82	42	49	43	15	44	15	45	65	46	61	47	31	48	51	49	58
	0	12	1	75	2	93	3	79	4	29	5	6	6	60	7	99	8	60	9	33	10	87	11	22	12	30	13	14	14	71	15	23	16	46	17	22	18	27	19	55	20	19	21	24	22	64	23	42	24	29	25	87	26	10	27	10	28	73	29	84	30	30	31	33	32	69	33	74	34	39	35	75	36	100	37	88	38	91	39	81	40	13	41	23	42	90	43	32	44	36	45	49	46	66	47	67	48	47	49	65
	0	9	1	51	2	19	3	72	4	54	5	19	6	40	7	31	8	46	9	45	10	49	11	44	12	58	13	13	14	71	15	64	16	12	17	74	18	22	19	22	20	38	21	37	22	24	23	36	24	76	25	11	26	50	27	28	28	94	29	6	30	81	31	75	32	87	33	59	34	65	35	56	36	78	37	36	38	84	39	92	40	29	41	33	42	96	43	75	44	42	45	75	46	84	47	26	48	7	49	87
	0	37	1	52	2	16	3	84	4	66	5	78	6	68	7	5	8	88	9	68	10	16	11	85	12	67	13	69	14	47	15	48	16	82	17	47	18	81	19	56	20	58	21	90	22	46	23	52	24	89	25	93	26	48	27	84	28	23	29	68	30	51	31	88	32	8	33	27	34	50	35	79	36	9	37	34	38	69	39	75	40	37	41	34	42	52	43	41	44	65	45	95	46	6	47	50	48	18	49	20
	0	18	1	79	2	52	3	21	4	69	5	94	6	73	7	65	8	99	9	95	10	47	11	25	12	4	13	17	14	17	15	94	16	70	17	18	18	18	19	62	20	67	21	93	22	52	23	45	24	80	25	96	26	83	27	26	28	17	29	59	30	40	31	48	32	47	33	44	34	55	35	58	36	50	37	64	38	65	39	10	40	77	41	51	42	62	43	57	44	60	45	76	46	66	47	5	48	15	49	34
	0	51	1	99	2	32	3	48	4	59	5	69	6	33	7	64	8	73	9	60	10	65	11	37	12	37	13	7	14	37	15	32	16	49	17	52	18	27	19	82	20	52	21	98	22	20	23	84	24	17	25	53	26	45	27	32	28	78	29	11	30	35	31	1	32	65	33	58	34	17	35	41	36	56	37	29	38	5	39	46	40	33	41	25	42	66	43	8	44	16	45	76	46	64	47	60	48	10	49	28
	0	19	1	82	2	91	3	51	4	25	5	16	6	8	7	27	8	16	9	17	10	97	11	65	12	82	13	32	14	9	15	30	16	57	17	88	18	9	19	96	20	48	21	35	22	5	23	71	24	72	25	59	26	6	27	34	28	13	29	85	30	14	31	90	32	28	33	12	34	8	35	42	36	47	37	59	38	75	39	19	40	67	41	26	42	85	43	24	44	21	45	79	46	29	47	80	48	71	49	19
	0	55	1	96	2	68	3	9	4	79	5	79	6	64	7	43	8	55	9	61	10	75	11	4	12	27	13	16	14	38	15	34	16	1	17	96	18	98	19	11	20	4	21	97	22	20	23	18	24	28	25	43	26	21	27	31	28	67	29	51	30	60	31	79	32	3	33	3	34	34	35	38	36	87	37	54	38	58	39	77	40	32	41	39	42	49	43	51	44	14	45	64	46	18	47	23	48	39	49	90
	0	49	1	61	2	27	3	55	4	34	5	16	6	28	7	81	8	62	9	19	10	59	11	62	12	9	13	25	14	30	15	45	16	68	17	82	18	9	19	28	20	4	21	40	22	27	23	54	24	43	25	1	26	34	27	66	28	18	29	71	30	58	31	53	32	28	33	87	34	20	35	14	36	98	37	8	38	10	39	97	40	29	41	13	42	36	43	9	44	84	45	29	46	84	47	100	48	53	49	85
	0	69	1	61	2	82	3	77	4	48	5	90	6	72	7	67	8	41	9	30	10	71	11	82	12	68	13	63	14	20	15	56	16	5	17	19	18	34	19	45	20	19	21	52	22	16	23	18	24	25	25	65	26	35	27	78	28	85	29	1	30	28	31	87	32	36	33	36	34	7	35	96	36	27	37	34	38	59	39	2	40	84	41	43	42	93	43	73	44	47	45	52	46	69	47	23	48	49	49	46
	0	100	1	43	2	21	3	11	4	26	5	84	6	49	7	78	8	94	9	72	10	21	11	27	12	92	13	10	14	26	15	67	16	26	17	71	18	13	19	76	20	35	21	98	22	9	23	66	24	84	25	76	26	45	27	2	28	77	29	35	30	65	31	94	32	82	33	81	34	100	35	36	36	68	37	95	38	26	39	75	40	78	41	25	42	50	43	14	44	100	45	72	46	98	47	92	48	18	49	37
	0	77	1	5	2	39	3	84	4	56	5	40	6	25	7	39	8	80	9	49	10	3	11	25	12	11	13	90	14	3	15	4	16	62	17	95	18	60	19	76	20	67	21	57	22	83	23	66	24	4	25	45	26	64	27	74	28	59	29	75	30	97	31	95	32	10	33	13	34	16	35	30	36	60	37	78	38	81	39	22	40	43	41	78	42	64	43	15	44	89	45	87	46	16	47	18	48	34	49	54
	0	27	1	93	2	83	3	3	4	92	5	37	6	81	7	58	8	56	9	9	10	58	11	9	12	7	13	11	14	23	15	93	16	21	17	45	18	53	19	74	20	99	21	99	22	93	23	26	24	35	25	19	26	49	27	65	28	9	29	95	30	61	31	82	32	2	33	47	34	75	35	69	36	67	37	95	38	52	39	42	40	5	41	60	42	92	43	12	44	27	45	12	46	47	47	41	48	17	49	78
	0	60	1	95	2	10	3	58	4	60	5	83	6	49	7	38	8	83	9	31	10	100	11	72	12	10	13	52	14	26	15	82	16	43	17	85	18	57	19	10	20	58	21	35	22	97	23	97	24	3	25	27	26	68	27	92	28	34	29	53	30	72	31	14	32	3	33	87	34	26	35	3	36	46	37	89	38	96	39	61	40	32	41	18	42	42	43	48	44	69	45	34	46	48	47	78	48	81	49	61
	0	89	1	67	2	8	3	30	4	77	5	80	6	77	7	27	8	73	9	8	10	56	11	26	12	65	13	79	14	99	15	72	16	43	17	50	18	22	19	36	20	25	21	69	22	80	23	84	24	21	25	86	26	44	27	2	28	24	29	57	30	79	31	82	32	76	33	65	34	84	35	69	36	47	37	57	38	46	39	10	40	21	41	80	42	6	43	62	44	82	45	39	46	60	47	47	48	40	49	30
	0	28	1	68	2	42	3	29	4	56	5	17	6	54	7	17	8	63	9	32	10	19	11	77	12	21	13	8	14	14	15	16	16	38	17	47	18	67	19	68	20	88	21	99	22	19	23	94	24	96	25	59	26	14	27	97	28	94	29	87	30	78	31	87	32	76	33	81	34	11	35	99	36	35	37	28	38	94	39	30	40	73	41	1	42	6	43	37	44	88	45	79	46	80	47	47	48	91	49	9
	0	56	1	38	2	25	3	46	4	11	5	99	6	60	7	22	8	65	9	96	10	3	11	45	12	2	13	81	14	47	15	21	16	53	17	27	18	38	19	58	20	22	21	82	22	44	23	88	24	63	25	75	26	54	27	8	28	34	29	100	30	36	31	54	32	88	33	84	34	25	35	28	36	71	37	8	38	51	39	55	40	41	41	19	42	86	43	47	44	39	45	84	46	95	47	87	48	49	49	46
	0	30	1	72	2	57	3	95	4	64	5	71	6	79	7	67	8	92	9	87	10	21	11	29	12	33	13	31	14	98	15	11	16	3	17	50	18	7	19	98	20	42	21	63	22	61	23	87	24	35	25	98	26	98	27	84	28	42	29	28	30	36	31	83	32	23	33	62	34	46	35	51	36	40	37	34	38	50	39	29	40	66	41	84	42	67	43	3	44	18	45	40	46	76	47	14	48	15	49	41
	0	61	1	10	2	27	3	55	4	49	5	60	6	40	7	79	8	73	9	81	10	80	11	46	12	9	13	50	14	72	15	47	16	73	17	99	18	4	19	59	20	78	21	15	22	38	23	43	24	80	25	5	26	91	27	34	28	72	29	75	30	67	31	60	32	6	33	50	34	22	35	38	36	37	37	37	38	84	39	49	40	38	41	91	42	73	43	95	44	21	45	51	46	79	47	73	48	53	49	51
	0	3	1	31	2	76	3	21	4	64	5	84	6	53	7	33	8	27	9	17	10	93	11	67	12	7	13	90	14	48	15	87	16	59	17	23	18	65	19	57	20	47	21	40	22	53	23	43	24	53	25	79	26	83	27	78	28	92	29	12	30	32	31	85	32	9	33	36	34	62	35	77	36	98	37	6	38	61	39	97	40	69	41	44	42	4	43	52	44	31	45	41	46	26	47	55	48	95	49	23
	0	82	1	97	2	3	3	64	4	58	5	79	6	26	7	54	8	64	9	11	10	1	11	63	12	93	13	40	14	10	15	62	16	64	17	58	18	86	19	82	20	60	21	23	22	31	23	22	24	27	25	79	26	77	27	50	28	12	29	52	30	5	31	51	32	43	33	73	34	23	35	8	36	78	37	58	38	64	39	28	40	90	41	21	42	46	43	50	44	47	45	21	46	17	47	99	48	15	49	72
	0	70	1	63	2	92	3	51	4	97	5	10	6	43	7	89	8	32	9	81	10	12	11	38	12	83	13	23	14	11	15	42	16	72	17	36	18	18	19	51	20	12	21	60	22	45	23	66	24	9	25	25	26	42	27	97	28	61	29	38	30	59	31	71	32	89	33	76	34	79	35	33	36	21	37	17	38	89	39	10	40	25	41	23	42	62	43	40	44	47	45	55	46	58	47	97	48	10	49	88
	0	69	1	43	2	85	3	61	4	72	5	95	6	17	7	67	8	56	9	100	10	93	11	71	12	46	13	44	14	75	15	25	16	28	17	38	18	30	19	7	20	62	21	59	22	32	23	94	24	34	25	47	26	31	27	65	28	64	29	73	30	93	31	82	32	4	33	34	34	68	35	95	36	71	37	45	38	45	39	81	40	2	41	28	42	85	43	91	44	33	45	19	46	58	47	90	48	27	49	46
	0	17	1	91	2	16	3	44	4	75	5	37	6	31	7	13	8	93	9	74	10	15	11	42	12	73	13	10	14	76	15	36	16	16	17	74	18	99	19	42	20	11	21	98	22	24	23	40	24	27	25	96	26	87	27	63	28	62	29	28	30	48	31	54	32	48	33	35	34	63	35	60	36	21	37	20	38	88	39	56	40	10	41	2	42	7	43	16	44	95	45	44	46	25	47	79	48	55	49	65
	0	71	1	1	2	79	3	75	4	99	5	63	6	32	7	83	8	82	9	83	10	4	11	71	12	45	13	70	14	60	15	55	16	71	17	92	18	80	19	41	20	74	21	58	22	77	23	74	24	41	25	45	26	2	27	28	28	71	29	3	30	81	31	84	32	63	33	27	34	59	35	98	36	38	37	84	38	33	39	49	40	99	41	23	42	1	43	31	44	57	45	19	46	57	47	19	48	69	49	14
	0	10	1	22	2	92	3	65	4	14	5	13	6	29	7	21	8	31	9	88	10	18	11	65	12	60	13	1	14	3	15	14	16	5	17	78	18	83	19	57	20	81	21	95	22	28	23	69	24	61	25	94	26	1	27	39	28	17	29	46	30	40	31	89	32	13	33	13	34	75	35	87	36	57	37	46	38	89	39	71	40	15	41	23	42	52	43	33	44	28	45	35	46	82	47	43	48	17	49	52
	0	12	1	99	2	50	3	24	4	66	5	44	6	91	7	22	8	83	9	80	10	86	11	9	12	29	13	68	14	37	15	90	16	91	17	98	18	65	19	100	20	46	21	64	22	80	23	8	24	43	25	93	26	93	27	59	28	47	29	87	30	42	31	85	32	32	33	91	34	32	35	39	36	17	37	10	38	89	39	56	40	86	41	11	42	81	43	28	44	36	45	94	46	75	47	55	48	41	49	35
	0	16	1	5	2	35	3	7	4	51	5	97	6	42	7	42	8	31	9	96	10	1	11	5	12	69	13	67	14	85	15	78	16	42	17	45	18	95	19	70	20	52	21	11	22	80	23	9	24	89	25	79	26	19	27	96	28	65	29	37	30	56	31	3	32	9	33	91	34	98	35	46	36	46	37	20	38	85	39	91	40	90	41	21	42	7	43	49	44	34	45	16	46	45	47	70	48	13	49	49
	0	21	1	63	2	72	3	81	4	17	5	69	6	69	7	88	8	95	9	94	10	91	11	92	12	4	13	66	14	62	15	92	16	84	17	67	18	77	19	82	20	89	21	67	22	88	23	61	24	87	25	55	26	19	27	76	28	20	29	40	30	99	31	58	32	22	33	70	34	34	35	34	36	29	37	100	38	48	39	31	40	37	41	95	42	82	43	2	44	82	45	55	46	16	47	40	48	50	49	93
	0	56	1	66	2	54	3	11	4	13	5	93	6	16	7	54	8	50	9	17	10	49	11	25	12	75	13	82	14	35	15	9	16	20	17	17	18	35	19	23	20	25	21	37	22	79	23	97	24	12	25	76	26	21	27	65	28	29	29	72	30	62	31	88	32	84	33	31	34	65	35	76	36	24	37	47	38	33	39	60	40	99	41	36	42	6	43	27	44	35	45	34	46	4	47	39	48	7	49	51
	0	33	1	74	2	68	3	88	4	9	5	87	6	1	7	49	8	87	9	53	10	81	11	24	12	92	13	54	14	63	15	13	16	87	17	30	18	49	19	5	20	29	21	80	22	84	23	57	24	95	25	11	26	95	27	25	28	81	29	55	30	67	31	37	32	7	33	5	34	15	35	14	36	75	37	40	38	13	39	83	40	76	41	43	42	73	43	36	44	22	45	34	46	88	47	24	48	69	49	56
	0	87	1	99	2	58	3	10	4	67	5	29	6	56	7	7	8	90	9	70	10	26	11	96	12	69	13	49	14	21	15	79	16	77	17	100	18	84	19	20	20	59	21	67	22	17	23	21	24	25	25	47	26	39	27	7	28	48	29	54	30	44	31	51	32	8	33	14	34	27	35	32	36	56	37	31	38	60	39	8	40	76	41	86	42	6	43	35	44	74	45	40	46	25	47	75	48	32	49	81
	0	97	1	81	2	95	3	16	4	74	5	38	6	79	7	99	8	41	9	93	10	29	11	67	12	25	13	24	14	51	15	85	16	5	17	21	18	3	19	65	20	10	21	73	22	28	23	89	24	97	25	86	26	42	27	39	28	48	29	84	30	31	31	43	32	35	33	67	34	20	35	70	36	42	37	9	38	95	39	36	40	32	41	51	42	12	43	5	44	9	45	100	46	26	47	100	48	15	49	39
	0	9	1	61	2	43	3	22	4	43	5	99	6	81	7	3	8	25	9	50	10	5	11	15	12	94	13	25	14	79	15	7	16	81	17	100	18	49	19	12	20	54	21	3	22	23	23	78	24	73	25	87	26	78	27	18	28	14	29	99	30	42	31	36	32	15	33	75	34	30	35	43	36	38	37	37	38	50	39	78	40	73	41	55	42	92	43	87	44	10	45	16	46	64	47	24	48	70	49	98
	0	57	1	90	2	59	3	45	4	35	5	12	6	84	7	9	8	95	9	30	10	65	11	72	12	24	13	53	14	12	15	91	16	72	17	83	18	50	19	24	20	3	21	43	22	29	23	14	24	89	25	34	26	42	27	58	28	85	29	27	30	24	31	87	32	58	33	50	34	32	35	12	36	95	37	28	38	12	39	41	40	4	41	4	42	1	43	60	44	62	45	20	46	33	47	18	48	5	49	59
	0	35	1	85	2	45	3	67	4	34	5	60	6	59	7	7	8	20	9	44	10	94	11	15	12	24	13	13	14	80	15	63	16	15	17	52	18	39	19	41	20	18	21	32	22	35	23	19	24	12	25	58	26	11	27	54	28	59	29	92	30	97	31	47	32	72	33	45	34	92	35	60	36	22	37	6	38	45	39	67	40	45	41	19	42	2	43	76	44	98	45	53	46	83	47	65	48	70	49	16
	0	10	1	5	2	60	3	7	4	99	5	71	6	60	7	11	8	84	9	64	10	14	11	75	12	49	13	89	14	58	15	31	16	65	17	72	18	23	19	39	20	76	21	91	22	89	23	78	24	75	25	88	26	18	27	6	28	58	29	53	30	82	31	58	32	59	33	14	34	92	35	68	36	91	37	68	38	76	39	16	40	55	41	46	42	70	43	58	44	95	45	93	46	11	47	71	48	95	49	88
	0	63	1	24	2	63	3	70	4	94	5	69	6	40	7	15	8	3	9	100	10	32	11	92	12	53	13	32	14	45	15	98	16	61	17	91	18	87	19	33	20	64	21	21	22	52	23	86	24	41	25	55	26	100	27	27	28	71	29	96	30	19	31	37	32	62	33	2	34	99	35	9	36	73	37	91	38	81	39	14	40	15	41	90	42	60	43	9	44	6	45	94	46	35	47	31	48	10	49	32
	0	47	1	4	2	95	3	26	4	62	5	58	6	88	7	10	8	66	9	27	10	95	11	37	12	84	13	83	14	36	15	91	16	60	17	28	18	8	19	96	20	39	21	28	22	65	23	55	24	36	25	95	26	87	27	1	28	3	29	21	30	78	31	21	32	15	33	32	34	13	35	84	36	32	37	26	38	18	39	90	40	23	41	91	42	63	43	27	44	42	45	32	46	97	47	86	48	6	49	59
	0	52	1	84	2	12	3	91	4	4	5	3	6	81	7	5	8	58	9	11	10	32	11	17	12	99	13	67	14	15	15	81	16	30	17	96	18	64	19	43	20	82	21	93	22	36	23	80	24	75	25	1	26	54	27	27	28	51	29	57	30	78	31	49	32	29	33	12	34	59	35	25	36	33	37	68	38	53	39	58	40	6	41	86	42	11	43	10	44	3	45	53	46	56	47	31	48	30	49	17
	0	19	1	51	2	78	3	39	4	5	5	22	6	50	7	96	8	91	9	52	10	1	11	51	12	2	13	60	14	32	15	83	16	93	17	42	18	97	19	10	20	41	21	39	22	34	23	88	24	40	25	25	26	14	27	40	28	30	29	75	30	67	31	55	32	16	33	80	34	48	35	77	36	58	37	7	38	28	39	48	40	28	41	27	42	44	43	93	44	84	45	67	46	24	47	54	48	87	49	42
	0	85	1	17	2	66	3	95	4	68	5	80	6	23	7	29	8	52	9	65	10	9	11	20	12	64	13	66	14	31	15	51	16	78	17	83	18	59	19	89	20	70	21	99	22	51	23	15	24	72	25	84	26	16	27	59	28	41	29	35	30	72	31	15	32	32	33	1	34	84	35	37	36	54	37	28	38	74	39	29	40	32	41	43	42	52	43	88	44	17	45	60	46	99	47	73	48	2	49	58
	0	6	1	88	2	57	3	88	4	52	5	15	6	73	7	99	8	70	9	40	10	86	11	86	12	36	13	39	14	18	15	2	16	82	17	41	18	57	19	98	20	15	21	67	22	66	23	63	24	97	25	14	26	89	27	98	28	11	29	44	30	99	31	31	32	26	33	86	34	88	35	59	36	31	37	67	38	31	39	94	40	2	41	27	42	35	43	18	44	25	45	82	46	71	47	88	48	80	49	47
	0	63	1	58	2	75	3	29	4	58	5	93	6	67	7	48	8	16	9	93	10	18	11	51	12	90	13	56	14	82	15	29	16	87	17	55	18	97	19	48	20	24	21	98	22	51	23	51	24	32	25	94	26	43	27	100	28	60	29	51	30	32	31	58	32	79	33	79	34	91	35	37	36	11	37	77	38	66	39	53	40	4	41	8	42	28	43	70	44	47	45	15	46	67	47	29	48	93	49	22
	0	65	1	76	2	26	3	19	4	39	5	59	6	94	7	30	8	51	9	40	10	2	11	10	12	24	13	43	14	32	15	32	16	8	17	53	18	20	19	33	20	84	21	7	22	26	23	59	24	5	25	67	26	81	27	15	28	11	29	60	30	70	31	7	32	59	33	7	34	5	35	39	36	71	37	10	38	5	39	91	40	69	41	36	42	60	43	14	44	75	45	33	46	69	47	90	48	78	49	77
	0	77	1	60	2	91	3	1	4	31	5	13	6	74	7	96	8	54	9	92	10	73	11	61	12	100	13	60	14	11	15	38	16	28	17	18	18	32	19	77	20	23	21	96	22	74	23	12	24	39	25	33	26	37	27	25	28	58	29	28	30	62	31	50	32	70	33	29	34	41	35	42	36	33	37	89	38	15	39	1	40	69	41	7	42	46	43	36	44	85	45	30	46	60	47	1	48	53	49	94
	0	94	1	49	2	72	3	14	4	1	5	81	6	93	7	68	8	93	9	78	10	85	11	21	12	29	13	50	14	81	15	92	16	69	17	49	18	20	19	58	20	67	21	14	22	76	23	47	24	56	25	51	26	47	27	70	28	54	29	70	30	35	31	78	32	10	33	27	34	51	35	66	36	44	37	46	38	19	39	44	40	62	41	16	42	60	43	48	44	53	45	95	46	88	47	74	48	96	49	55
	0	49	1	40	2	28	3	56	4	72	5	26	6	61	7	38	8	31	9	32	10	46	11	59	12	25	13	61	14	14	15	28	16	26	17	26	18	52	19	97	20	60	21	15	22	93	23	28	24	9	25	88	26	21	27	44	28	63	29	78	30	24	31	10	32	45	33	11	34	52	35	39	36	96	37	86	38	54	39	91	40	100	41	73	42	1	43	19	44	69	45	10	46	26	47	80	48	35	49	16
	0	35	1	14	2	4	3	58	4	70	5	66	6	83	7	22	8	22	9	91	10	76	11	84	12	36	13	74	14	8	15	93	16	51	17	61	18	35	19	93	20	59	21	71	22	37	23	48	24	89	25	41	26	8	27	65	28	47	29	29	30	84	31	14	32	59	33	67	34	86	35	81	36	7	37	46	38	50	39	32	40	57	41	72	42	90	43	48	44	2	45	25	46	5	47	65	48	96	49	12
	0	20	1	42	2	33	3	100	4	47	5	16	6	88	7	53	8	77	9	48	10	61	11	32	12	53	13	45	14	48	15	14	16	83	17	14	18	55	19	49	20	100	21	1	22	32	23	62	24	64	25	2	26	71	27	51	28	73	29	54	30	15	31	70	32	27	33	52	34	65	35	66	36	54	37	37	38	85	39	26	40	10	41	54	42	34	43	61	44	89	45	90	46	83	47	2	48	21	49	17
	0	93	1	19	2	41	3	16	4	64	5	73	6	53	7	55	8	77	9	58	10	22	11	40	12	93	13	1	14	78	15	72	16	79	17	20	18	3	19	71	20	74	21	67	22	32	23	55	24	18	25	3	26	11	27	78	28	6	29	68	30	69	31	75	32	37	33	64	34	5	35	64	36	75	37	59	38	5	39	94	40	36	41	64	42	30	43	54	44	74	45	61	46	41	47	75	48	30	49	77
	0	59	1	83	2	56	3	24	4	66	5	1	6	43	7	58	8	8	9	92	10	12	11	37	12	41	13	1	14	33	15	57	16	40	17	34	18	96	19	10	20	66	21	81	22	48	23	100	24	46	25	79	26	61	27	96	28	28	29	60	30	7	31	18	32	7	33	36	34	41	35	81	36	30	37	16	38	26	39	40	40	39	41	65	42	59	43	24	44	98	45	31	46	62	47	35	48	18	49	15
	0	65	1	57	2	77	3	54	4	92	5	13	6	90	7	50	8	11	9	39	10	98	11	56	12	31	13	86	14	53	15	96	16	47	17	64	18	37	19	3	20	65	21	78	22	33	23	82	24	58	25	32	26	46	27	33	28	35	29	98	30	30	31	99	32	30	33	71	34	72	35	29	36	36	37	64	38	51	39	51	40	43	41	14	42	52	43	14	44	55	45	89	46	24	47	31	48	99	49	38
	0	94	1	42	2	40	3	14	4	91	5	81	6	81	7	54	8	35	9	96	10	98	11	11	12	86	13	80	14	43	15	59	16	83	17	97	18	25	19	27	20	89	21	22	22	30	23	32	24	40	25	15	26	67	27	97	28	65	29	9	30	30	31	5	32	6	33	86	34	16	35	5	36	83	37	48	38	57	39	72	40	61	41	39	42	30	43	3	44	19	45	52	46	68	47	69	48	36	49	28
	0	90	1	91	2	35	3	50	4	7	5	95	6	56	7	65	8	87	9	49	10	42	11	3	12	81	13	8	14	71	15	68	16	39	17	21	18	49	19	25	20	72	21	57	22	66	23	8	24	41	25	66	26	80	27	13	28	74	29	88	30	52	31	66	32	44	33	59	34	89	35	76	36	63	37	94	38	37	39	98	40	67	41	42	42	44	43	83	44	2	45	28	46	83	47	96	48	39	49	46
	0	99	1	2	2	72	3	68	4	37	5	72	6	76	7	58	8	40	9	59	10	39	11	42	12	49	13	34	14	83	15	46	16	22	17	93	18	47	19	7	20	70	21	72	22	91	23	41	24	78	25	24	26	48	27	85	28	32	29	56	30	27	31	81	32	16	33	23	34	57	35	54	36	5	37	31	38	11	39	100	40	93	41	92	42	48	43	96	44	38	45	29	46	85	47	84	48	75	49	45
	0	65	1	4	2	84	3	74	4	79	5	75	6	70	7	1	8	83	9	40	10	4	11	8	12	100	13	37	14	49	15	82	16	89	17	53	18	48	19	8	20	56	21	76	22	52	23	11	24	94	25	54	26	26	27	26	28	13	29	17	30	60	31	25	32	81	33	41	34	53	35	17	36	82	37	34	38	68	39	91	40	81	41	90	42	76	43	91	44	34	45	41	46	22	47	25	48	85	49	93
	0	89	1	55	2	52	3	37	4	49	5	20	6	79	7	59	8	18	9	77	10	9	11	5	12	60	13	83	14	16	15	66	16	98	17	40	18	82	19	76	20	42	21	73	22	21	23	73	24	27	25	19	26	90	27	34	28	26	29	49	30	21	31	89	32	95	33	49	34	76	35	93	36	37	37	22	38	12	39	93	40	10	41	9	42	2	43	21	44	25	45	15	46	52	47	13	48	85	49	9
	0	96	1	21	2	79	3	26	4	91	5	66	6	25	7	84	8	13	9	72	10	24	11	5	12	31	13	47	14	81	15	93	16	34	17	25	18	91	19	25	20	9	21	77	22	96	23	27	24	1	25	51	26	78	27	72	28	24	29	8	30	25	31	15	32	75	33	52	34	88	35	33	36	87	37	84	38	37	39	53	40	27	41	22	42	47	43	92	44	5	45	60	46	4	47	20	48	69	49	71
	0	4	1	34	2	95	3	71	4	65	5	11	6	99	7	96	8	13	9	55	10	28	11	64	12	73	13	79	14	99	15	18	16	99	17	76	18	12	19	83	20	25	21	71	22	43	23	69	24	100	25	63	26	93	27	13	28	69	29	85	30	52	31	38	32	90	33	60	34	2	35	75	36	1	37	21	38	72	39	72	40	92	41	18	42	18	43	84	44	32	45	45	46	85	47	32	48	61	49	40
	0	77	1	56	2	44	3	59	4	53	5	10	6	55	7	22	8	3	9	77	10	25	11	73	12	92	13	96	14	85	15	12	16	70	17	28	18	84	19	89	20	77	21	8	22	49	23	66	24	3	25	60	26	49	27	86	28	79	29	70	30	43	31	11	32	2	33	35	34	48	35	13	36	30	37	55	38	55	39	25	40	98	41	14	42	66	43	94	44	27	45	77	46	43	47	3	48	48	49	6
	0	87	1	27	2	57	3	46	4	88	5	53	6	54	7	73	8	15	9	99	10	62	11	72	12	36	13	78	14	12	15	94	16	83	17	9	18	33	19	29	20	16	21	77	22	1	23	74	24	32	25	85	26	28	27	80	28	39	29	47	30	91	31	25	32	80	33	21	34	34	35	45	36	82	37	89	38	96	39	93	40	69	41	12	42	49	43	43	44	50	45	30	46	44	47	42	48	93	49	96
	0	2	1	74	2	21	3	39	4	93	5	97	6	9	7	9	8	1	9	65	10	69	11	58	12	63	13	43	14	30	15	36	16	16	17	76	18	76	19	33	20	13	21	80	22	92	23	74	24	84	25	52	26	16	27	58	28	40	29	30	30	14	31	2	32	60	33	40	34	24	35	20	36	12	37	11	38	27	39	57	40	84	41	59	42	49	43	53	44	35	45	53	46	97	47	12	48	92	49	24
	0	85	1	95	2	48	3	80	4	14	5	64	6	47	7	31	8	84	9	54	10	49	11	48	12	80	13	31	14	13	15	97	16	50	17	82	18	54	19	35	20	62	21	45	22	47	23	51	24	15	25	51	26	87	27	88	28	36	29	66	30	35	31	88	32	94	33	38	34	1	35	32	36	8	37	88	38	50	39	78	40	27	41	12	42	30	43	23	44	20	45	62	46	50	47	26	48	96	49	38
	0	72	1	74	2	35	3	16	4	92	5	95	6	23	7	72	8	5	9	23	10	98	11	92	12	99	13	83	14	58	15	76	16	29	17	61	18	92	19	77	20	38	21	52	22	36	23	29	24	49	25	23	26	58	27	52	28	42	29	22	30	25	31	53	32	80	33	25	34	12	35	40	36	57	37	9	38	50	39	37	40	84	41	67	42	31	43	59	44	24	45	35	46	2	47	74	48	48	49	83
	0	30	1	88	2	88	3	80	4	22	5	1	6	80	7	53	8	12	9	36	10	45	11	94	12	74	13	43	14	45	15	73	16	5	17	13	18	10	19	75	20	94	21	69	22	28	23	73	24	76	25	14	26	29	27	87	28	23	29	51	30	32	31	3	32	33	33	7	34	10	35	49	36	18	37	27	38	4	39	60	40	98	41	22	42	94	43	68	44	49	45	76	46	95	47	91	48	71	49	58
	0	53	1	39	2	71	3	93	4	46	5	31	6	71	7	81	8	19	9	95	10	87	11	74	12	11	13	13	14	54	15	44	16	48	17	13	18	77	19	8	20	11	21	28	22	25	23	98	24	11	25	79	26	26	27	72	28	16	29	42	30	13	31	24	32	20	33	10	34	20	35	35	36	56	37	68	38	47	39	60	40	79	41	27	42	30	43	64	44	75	45	96	46	94	47	37	48	77	49	89
	0	71	1	46	2	98	3	81	4	98	5	26	6	98	7	81	8	52	9	2	10	50	11	79	12	79	13	88	14	78	15	64	16	99	17	22	18	86	19	54	20	32	21	26	22	80	23	68	24	59	25	93	26	70	27	25	28	99	29	50	30	6	31	58	32	94	33	44	34	70	35	80	36	17	37	47	38	41	39	40	40	45	41	89	42	98	43	42	44	60	45	52	46	29	47	38	48	85	49	85
	0	69	1	95	2	50	3	33	4	73	5	17	6	52	7	84	8	1	9	59	10	58	11	74	12	76	13	65	14	59	15	7	16	39	17	28	18	79	19	75	20	9	21	34	22	90	23	6	24	18	25	62	26	96	27	44	28	4	29	34	30	78	31	53	32	46	33	38	34	19	35	9	36	93	37	84	38	56	39	12	40	30	41	48	42	8	43	27	44	63	45	19	46	100	47	41	48	27	49	65
	0	74	1	5	2	51	3	58	4	47	5	80	6	27	7	58	8	71	9	22	10	69	11	19	12	96	13	59	14	67	15	67	16	53	17	62	18	58	19	96	20	88	21	4	22	78	23	31	24	29	25	53	26	73	27	95	28	71	29	56	30	62	31	71	32	89	33	5	34	4	35	21	36	43	37	88	38	99	39	38	40	12	41	66	42	24	43	22	44	79	45	37	46	90	47	8	48	60	49	74
	0	68	1	93	2	37	3	38	4	23	5	35	6	50	7	21	8	46	9	29	10	46	11	60	12	80	13	65	14	6	15	21	16	83	17	44	18	76	19	58	20	67	21	100	22	95	23	86	24	99	25	40	26	87	27	24	28	80	29	23	30	46	31	3	32	7	33	29	34	62	35	43	36	1	37	79	38	41	39	29	40	54	41	22	42	21	43	65	44	25	45	5	46	100	47	76	48	89	49	64
	0	15	1	72	2	19	3	30	4	39	5	16	6	59	7	29	8	98	9	55	10	9	11	15	12	9	13	87	14	41	15	73	16	90	17	1	18	4	19	67	20	20	21	1	22	5	23	41	24	11	25	85	26	49	27	88	28	46	29	69	30	4	31	31	32	99	33	61	34	3	35	3	36	9	37	20	38	100	39	13	40	15	41	69	42	58	43	26	44	44	45	36	46	18	47	7	48	22	49	45
	0	86	1	94	2	49	3	87	4	35	5	14	6	50	7	32	8	12	9	49	10	10	11	75	12	93	13	9	14	36	15	8	16	25	17	84	18	15	19	85	20	52	21	77	22	56	23	7	24	17	25	35	26	43	27	40	28	71	29	26	30	26	31	58	32	55	33	45	34	36	35	63	36	16	37	36	38	94	39	24	40	81	41	65	42	55	43	46	44	4	45	76	46	8	47	50	48	48	49	26
	0	13	1	26	2	79	3	74	4	64	5	11	6	81	7	64	8	90	9	64	10	15	11	43	12	43	13	77	14	78	15	93	16	35	17	33	18	52	19	64	20	21	21	78	22	32	23	48	24	40	25	12	26	69	27	26	28	62	29	72	30	93	31	73	32	2	33	85	34	75	35	17	36	98	37	23	38	55	39	69	40	66	41	50	42	45	43	81	44	81	45	90	46	80	47	100	48	43	49	26
	0	81	1	20	2	25	3	13	4	48	5	53	6	18	7	77	8	1	9	64	10	20	11	13	12	39	13	56	14	31	15	31	16	69	17	85	18	41	19	89	20	51	21	49	22	48	23	17	24	44	25	78	26	22	27	35	28	44	29	17	30	5	31	100	32	71	33	90	34	23	35	50	36	19	37	71	38	37	39	23	40	98	41	12	42	72	43	62	44	22	45	95	46	89	47	57	48	22	49	22
	0	95	1	55	2	88	3	41	4	7	5	60	6	74	7	88	8	16	9	3	10	11	11	84	12	10	13	37	14	26	15	23	16	53	17	11	18	45	19	34	20	43	21	8	22	37	23	3	24	79	25	62	26	37	27	1	28	15	29	85	30	27	31	33	32	81	33	70	34	95	35	21	36	10	37	50	38	80	39	76	40	85	41	36	42	79	43	32	44	92	45	47	46	80	47	34	48	71	49	20
	0	32	1	13	2	74	3	68	4	83	5	87	6	72	7	5	8	37	9	73	10	88	11	63	12	12	13	91	14	42	15	82	16	6	17	3	18	19	19	37	20	91	21	25	22	18	23	28	24	3	25	78	26	30	27	65	28	1	29	100	30	56	31	1	32	94	33	16	34	66	35	15	36	79	37	27	38	52	39	36	40	31	41	98	42	39	43	66	44	36	45	30	46	41	47	43	48	66	49	42
	0	92	1	43	2	19	3	28	4	78	5	24	6	99	7	30	8	51	9	55	10	91	11	64	12	5	13	83	14	54	15	92	16	48	17	35	18	53	19	99	20	91	21	50	22	87	23	54	24	38	25	93	26	91	27	49	28	60	29	6	30	24	31	31	32	81	33	72	34	58	35	94	36	97	37	22	38	38	39	84	40	23	41	6	42	83	43	32	44	37	45	94	46	42	47	29	48	47	49	94
	0	17	1	94	2	31	3	95	4	31	5	6	6	3	7	74	8	3	9	11	10	4	11	25	12	41	13	2	14	34	15	100	16	86	17	47	18	77	19	68	20	49	21	26	22	64	23	33	24	44	25	74	26	89	27	63	28	95	29	54	30	82	31	33	32	63	33	17	34	85	35	71	36	47	37	11	38	100	39	62	40	29	41	44	42	95	43	56	44	83	45	25	46	95	47	82	48	61	49	23
	0	90	1	64	2	20	3	31	4	33	5	79	6	73	7	24	8	21	9	23	10	60	11	32	12	69	13	70	14	69	15	87	16	34	17	29	18	75	19	11	20	34	21	37	22	60	23	39	24	78	25	56	26	24	27	11	28	3	29	50	30	27	31	74	32	80	33	62	34	96	35	63	36	38	37	13	38	3	39	81	40	11	41	6	42	89	43	67	44	21	45	99	46	92	47	37	48	32	49	70
	0	16	1	40	2	62	3	6	4	19	5	51	6	17	7	84	8	47	9	10	10	91	11	11	12	9	13	64	14	58	15	63	16	81	17	74	18	29	19	30	20	98	21	6	22	60	23	48	24	44	25	5	26	43	27	91	28	76	29	15	30	3	31	48	32	25	33	21	34	82	35	5	36	64	37	100	38	96	39	1	40	42	41	10	42	89	43	49	44	16	45	73	46	10	47	23	48	35	49	6
	0	4	1	53	2	55	3	27	4	87	5	84	6	94	7	27	8	39	9	93	10	44	11	81	12	40	13	70	14	18	15	66	16	38	17	92	18	83	19	69	20	21	21	68	22	7	23	39	24	21	25	25	26	38	27	94	28	88	29	48	30	76	31	91	32	5	33	30	34	7	35	34	36	32	37	52	38	15	39	56	40	4	41	30	42	5	43	12	44	6	45	91	46	68	47	73	48	21	49	55
	0	98	1	6	2	17	3	51	4	47	5	61	6	8	7	75	8	51	9	34	10	17	11	97	12	82	13	47	14	19	15	36	16	15	17	82	18	56	19	93	20	94	21	52	22	32	23	1	24	49	25	95	26	36	27	21	28	5	29	34	30	65	31	8	32	65	33	22	34	30	35	13	36	77	37	85	38	65	39	15	40	10	41	15	42	90	43	77	44	87	45	85	46	79	47	72	48	77	49	89
	0	39	1	46	2	21	3	17	4	10	5	85	6	48	7	36	8	35	9	20	10	16	11	27	12	52	13	89	14	70	15	93	16	24	17	21	18	18	19	53	20	2	21	34	22	54	23	72	24	73	25	50	26	82	27	3	28	64	29	69	30	21	31	37	32	82	33	55	34	98	35	88	36	23	37	34	38	60	39	50	40	77	41	100	42	48	43	19	44	6	45	67	46	34	47	59	48	87	49	45
	0	99	1	50	2	25	3	100	4	8	5	54	6	1	7	29	8	18	9	86	10	97	11	79	12	9	13	75	14	7	15	63	16	32	17	44	18	48	19	80	20	22	21	70	22	7	23	23	24	6	25	67	26	100	27	33	28	10	29	23	30	24	31	53	32	56	33	98	34	36	35	55	36	75	37	26	38	79	39	78	40	3	41	13	42	46	43	85	44	36	45	11	46	54	47	17	48	40	49	3
	0	59	1	28	2	56	3	41	4	42	5	4	6	49	7	17	8	49	9	9	10	86	11	54	12	63	13	17	14	36	15	60	16	30	17	20	18	43	19	65	20	82	21	12	22	1	23	48	24	26	25	94	26	30	27	22	28	87	29	63	30	45	31	20	32	25	33	63	34	68	35	23	36	66	37	10	38	99	39	3	40	16	41	39	42	78	43	83	44	51	45	11	46	90	47	35	48	100	49	92
	0	85	1	62	2	57	3	99	4	37	5	46	6	96	7	42	8	50	9	47	10	88	11	51	12	80	13	92	14	12	15	44	16	43	17	90	18	36	19	60	20	32	21	50	22	6	23	97	24	40	25	7	26	55	27	8	28	79	29	64	30	34	31	44	32	52	33	23	34	19	35	56	36	92	37	49	38	62	39	88	40	89	41	87	42	58	43	31	44	82	45	52	46	78	47	8	48	52	49	29
	0	78	1	22	2	84	3	71	4	74	5	82	6	55	7	85	8	63	9	86	10	72	11	27	12	12	13	26	14	82	15	69	16	56	17	55	18	4	19	91	20	72	21	22	22	75	23	11	24	21	25	54	26	99	27	74	28	79	29	67	30	48	31	43	32	89	33	17	34	47	35	68	36	16	37	21	38	41	39	41	40	83	41	21	42	44	43	40	44	14	45	64	46	94	47	32	48	24	49	18
	0	71	1	93	2	22	3	57	4	65	5	50	6	20	7	74	8	88	9	71	10	65	11	12	12	67	13	46	14	36	15	18	16	71	17	31	18	76	19	65	20	48	21	64	22	43	23	93	24	80	25	62	26	12	27	61	28	90	29	62	30	50	31	17	32	47	33	66	34	54	35	34	36	50	37	98	38	19	39	47	40	9	41	95	42	82	43	8	44	27	45	70	46	57	47	50	48	67	49	41
	0	41	1	95	2	59	3	5	4	92	5	84	6	70	7	87	8	74	9	96	10	55	11	19	12	32	13	78	14	44	15	9	16	52	17	20	18	56	19	16	20	1	21	28	22	34	23	35	24	72	25	99	26	30	27	58	28	58	29	88	30	99	31	68	32	46	33	14	34	90	35	82	36	99	37	74	38	16	39	53	40	65	41	25	42	56	43	80	44	38	45	78	46	33	47	11	48	48	49	9
	0	40	1	25	2	71	3	77	4	42	5	22	6	70	7	4	8	59	9	68	10	19	11	59	12	92	13	68	14	69	15	57	16	89	17	75	18	53	19	49	20	23	21	32	22	43	23	82	24	45	25	35	26	6	27	44	28	41	29	50	30	20	31	23	32	91	33	15	34	53	35	52	36	19	37	25	38	7	39	18	40	81	41	72	42	86	43	42	44	28	45	91	46	35	47	81	48	38	49	27
	0	64	1	93	2	8	3	39	4	63	5	75	6	54	7	88	8	44	9	56	10	56	11	93	12	88	13	7	14	32	15	35	16	91	17	16	18	58	19	51	20	12	21	14	22	47	23	57	24	79	25	69	26	47	27	72	28	13	29	71	30	51	31	48	32	62	33	95	34	93	35	25	36	75	37	90	38	100	39	58	40	30	41	45	42	19	43	96	44	20	45	35	46	18	47	2	48	51	49	30
	0	62	1	48	2	7	3	42	4	88	5	23	6	88	7	20	8	47	9	36	10	17	11	41	12	74	13	10	14	97	15	42	16	9	17	82	18	22	19	89	20	82	21	77	22	15	23	94	24	34	25	4	26	28	27	8	28	40	29	96	30	19	31	61	32	40	33	2	34	8	35	26	36	20	37	84	38	70	39	29	40	82	41	99	42	10	43	28	44	89	45	49	46	39	47	25	48	94	49	41
	0	46	1	12	2	80	3	91	4	17	5	38	6	59	7	50	8	71	9	53	10	16	11	59	12	99	13	72	14	10	15	37	16	30	17	69	18	42	19	69	20	55	21	82	22	66	23	63	24	95	25	96	26	6	27	66	28	80	29	35	30	96	31	71	32	83	33	73	34	61	35	60	36	27	37	63	38	11	39	59	40	52	41	22	42	2	43	100	44	19	45	33	46	97	47	17	48	79	49	49
	0	34	1	20	2	44	3	16	4	71	5	22	6	23	7	39	8	73	9	27	10	30	11	66	12	67	13	82	14	62	15	64	16	71	17	60	18	3	19	5	20	65	21	42	22	18	23	96	24	84	25	91	26	23	27	12	28	35	29	47	30	60	31	22	32	61	33	93	34	6	35	18	36	24	37	57	38	91	39	74	40	66	41	59	42	21	43	13	44	71	45	20	46	10	47	55	48	41	49	78
	0	77	1	55	2	54	3	100	4	64	5	81	6	83	7	66	8	80	9	79	10	63	11	68	12	72	13	20	14	68	15	60	16	82	17	28	18	12	19	39	20	41	21	45	22	98	23	56	24	5	25	73	26	78	27	72	28	50	29	90	30	83	31	17	32	49	33	52	34	69	35	24	36	29	37	9	38	49	39	27	40	75	41	8	42	32	43	62	44	9	45	50	46	85	47	5	48	83	49	38
	0	81	1	28	2	58	3	24	4	12	5	75	6	54	7	42	8	64	9	65	10	97	11	90	12	94	13	95	14	89	15	88	16	58	17	93	18	97	19	42	20	70	21	37	22	17	23	72	24	98	25	49	26	60	27	99	28	24	29	26	30	89	31	90	32	32	33	73	34	75	35	9	36	85	37	36	38	61	39	22	40	15	41	63	42	63	43	55	44	52	45	41	46	40	47	9	48	27	49	76
	0	98	1	64	2	63	3	24	4	32	5	46	6	24	7	88	8	10	9	26	10	81	11	36	12	53	13	80	14	26	15	11	16	70	17	24	18	25	19	25	20	37	21	13	22	26	23	71	24	57	25	59	26	18	27	1	28	13	29	8	30	40	31	30	32	7	33	88	34	78	35	80	36	68	37	7	38	84	39	78	40	39	41	72	42	34	43	63	44	96	45	53	46	79	47	71	48	64	49	21
	0	77	1	90	2	17	3	17	4	95	5	31	6	81	7	53	8	37	9	33	10	89	11	32	12	19	13	2	14	45	15	54	16	100	17	61	18	95	19	34	20	57	21	56	22	23	23	49	24	42	25	47	26	10	27	7	28	69	29	67	30	27	31	76	32	14	33	45	34	53	35	40	36	34	37	26	38	33	39	65	40	36	41	11	42	21	43	81	44	44	45	27	46	77	47	27	48	44	49	88
	0	100	1	7	2	31	3	100	4	32	5	50	6	50	7	43	8	56	9	91	10	28	11	5	12	71	13	94	14	44	15	68	16	19	17	87	18	58	19	76	20	6	21	99	22	25	23	21	24	32	25	4	26	51	27	30	28	13	29	100	30	62	31	44	32	92	33	7	34	2	35	25	36	32	37	42	38	84	39	21	40	69	41	6	42	49	43	79	44	55	45	5	46	9	47	98	48	10	49	64
	0	92	1	42	2	90	3	38	4	97	5	64	6	13	7	2	8	37	9	24	10	11	11	92	12	33	13	79	14	100	15	18	16	72	17	85	18	85	19	69	20	53	21	62	22	51	23	5	24	79	25	73	26	83	27	67	28	82	29	43	30	39	31	83	32	68	33	23	34	68	35	37	36	26	37	56	38	29	39	30	40	54	41	14	42	72	43	48	44	75	45	4	46	73	47	24	48	55	49	75
	0	48	1	53	2	48	3	65	4	75	5	90	6	26	7	59	8	4	9	63	10	70	11	71	12	40	13	52	14	27	15	58	16	19	17	32	18	72	19	26	20	13	21	90	22	13	23	89	24	43	25	41	26	34	27	95	28	83	29	12	30	68	31	28	32	72	33	90	34	45	35	40	36	84	37	18	38	55	39	98	40	13	41	4	42	11	43	15	44	70	45	84	46	16	47	24	48	18	49	33
	0	76	1	17	2	68	3	41	4	84	5	33	6	15	7	68	8	90	9	95	10	18	11	70	12	38	13	14	14	5	15	55	16	2	17	14	18	94	19	96	20	89	21	41	22	49	23	27	24	77	25	74	26	3	27	92	28	92	29	37	30	36	31	28	32	60	33	86	34	68	35	89	36	91	37	13	38	28	39	55	40	58	41	6	42	88	43	86	44	100	45	47	46	89	47	99	48	57	49	24
	0	87	1	82	2	7	3	27	4	99	5	95	6	74	7	8	8	35	9	93	10	17	11	54	12	37	13	80	14	34	15	4	16	58	17	93	18	21	19	90	20	62	21	54	22	84	23	98	24	26	25	53	26	97	27	74	28	63	29	47	30	36	31	26	32	19	33	86	34	49	35	85	36	91	37	98	38	39	39	44	40	81	41	2	42	64	43	68	44	82	45	30	46	85	47	58	48	53	49	65
	0	14	1	12	2	48	3	43	4	46	5	4	6	81	7	62	8	79	9	87	10	59	11	5	12	43	13	85	14	14	15	70	16	9	17	33	18	3	19	52	20	42	21	71	22	79	23	38	24	11	25	14	26	27	27	94	28	86	29	46	30	37	31	68	32	71	33	16	34	57	35	27	36	57	37	19	38	25	39	8	40	4	41	12	42	6	43	53	44	68	45	84	46	67	47	48	48	43	49	77
	0	55	1	2	2	87	3	43	4	83	5	21	6	46	7	63	8	23	9	67	10	93	11	83	12	67	13	15	14	49	15	27	16	9	17	38	18	61	19	5	20	49	21	87	22	38	23	17	24	28	25	46	26	82	27	18	28	44	29	84	30	61	31	13	32	14	33	16	34	10	35	78	36	71	37	72	38	63	39	29	40	16	41	18	42	43	43	95	44	66	45	72	46	64	47	62	48	68	49	33
	0	36	1	88	2	66	3	95	4	55	5	9	6	44	7	20	8	39	9	97	10	81	11	94	12	33	13	27	14	91	15	91	16	79	17	58	18	41	19	15	20	66	21	61	22	49	23	94	24	58	25	25	26	32	27	56	28	90	29	25	30	44	31	97	32	91	33	55	34	8	35	31	36	36	37	32	38	69	39	83	40	78	41	45	42	83	43	47	44	86	45	91	46	44	47	50	48	97	49	29
	0	9	1	74	2	64	3	50	4	59	5	19	6	40	7	28	8	31	9	35	10	58	11	9	12	90	13	41	14	71	15	60	16	28	17	97	18	71	19	72	20	12	21	22	22	17	23	99	24	28	25	61	26	6	27	68	28	75	29	42	30	98	31	100	32	13	33	74	34	76	35	25	36	77	37	91	38	77	39	74	40	99	41	31	42	56	43	97	44	8	45	3	46	50	47	19	48	97	49	93
	0	57	1	52	2	79	3	100	4	60	5	11	6	62	7	9	8	35	9	12	10	32	11	43	12	49	13	46	14	12	15	45	16	28	17	54	18	33	19	88	20	38	21	47	22	43	23	15	24	32	25	60	26	42	27	47	28	38	29	15	30	10	31	23	32	100	33	34	34	69	35	57	36	92	37	47	38	1	39	13	40	74	41	63	42	7	43	56	44	50	45	6	46	84	47	15	48	54	49	43
	0	48	1	62	2	75	3	45	4	41	5	10	6	90	7	59	8	83	9	63	10	76	11	92	12	81	13	93	14	11	15	20	16	79	17	9	18	82	19	88	20	34	21	46	22	82	23	51	24	39	25	9	26	35	27	81	28	26	29	14	30	96	31	40	32	42	33	43	34	22	35	80	36	39	37	91	38	92	39	44	40	68	41	70	42	39	43	59	44	42	45	9	46	11	47	51	48	100	49	48
	0	82	1	26	2	17	3	36	4	74	5	95	6	11	7	59	8	68	9	37	10	60	11	77	12	3	13	28	14	27	15	37	16	98	17	77	18	55	19	86	20	59	21	53	22	76	23	11	24	34	25	91	26	47	27	79	28	29	29	7	30	18	31	45	32	24	33	71	34	80	35	58	36	26	37	4	38	54	39	87	40	50	41	6	42	23	43	35	44	32	45	34	46	14	47	26	48	2	49	78
	0	79	1	71	2	69	3	14	4	36	5	57	6	100	7	23	8	73	9	13	10	2	11	6	12	15	13	45	14	28	15	44	16	19	17	42	18	69	19	75	20	39	21	2	22	10	23	81	24	75	25	26	26	49	27	19	28	6	29	70	30	19	31	36	32	67	33	78	34	58	35	45	36	19	37	4	38	11	39	58	40	12	41	23	42	73	43	6	44	68	45	70	46	91	47	82	48	5	49	69
	0	92	1	94	2	89	3	41	4	13	5	21	6	96	7	85	8	27	9	86	10	3	11	5	12	15	13	19	14	50	15	86	16	19	17	50	18	42	19	77	20	72	21	62	22	81	23	20	24	94	25	5	26	49	27	20	28	96	29	35	30	75	31	70	32	45	33	38	34	66	35	63	36	57	37	48	38	87	39	52	40	47	41	78	42	100	43	41	44	38	45	10	46	25	47	29	48	4	49	26
	0	67	1	25	2	21	3	63	4	14	5	20	6	25	7	38	8	25	9	69	10	10	11	67	12	38	13	29	14	30	15	69	16	82	17	59	18	71	19	49	20	67	21	67	22	97	23	74	24	87	25	70	26	20	27	6	28	63	29	91	30	22	31	55	32	3	33	26	34	31	35	55	36	68	37	39	38	33	39	80	40	60	41	71	42	79	43	56	44	76	45	81	46	13	47	43	48	92	49	43
	0	17	1	75	2	79	3	72	4	73	5	94	6	50	7	55	8	75	9	16	10	2	11	8	12	41	13	12	14	2	15	82	16	4	17	97	18	18	19	93	20	94	21	45	22	12	23	54	24	36	25	96	26	36	27	13	28	14	29	2	30	96	31	57	32	91	33	41	34	82	35	10	36	80	37	97	38	70	39	40	40	2	41	65	42	54	43	68	44	85	45	58	46	64	47	23	48	77	49	9
	0	61	1	3	2	91	3	88	4	34	5	22	6	94	7	92	8	40	9	63	10	12	11	77	12	42	13	68	14	22	15	25	16	59	17	25	18	30	19	80	20	22	21	41	22	80	23	91	24	98	25	9	26	37	27	45	28	32	29	6	30	21	31	78	32	13	33	89	34	15	35	99	36	76	37	59	38	49	39	65	40	77	41	21	42	44	43	89	44	20	45	72	46	70	47	70	48	11	49	65
	0	43	1	80	2	79	3	55	4	73	5	48	6	85	7	22	8	37	9	13	10	94	11	15	12	38	13	54	14	11	15	74	16	64	17	11	18	81	19	22	20	81	21	51	22	9	23	29	24	4	25	48	26	66	27	90	28	30	29	83	30	60	31	78	32	46	33	74	34	8	35	54	36	26	37	2	38	36	39	50	40	85	41	92	42	87	43	57	44	62	45	50	46	13	47	80	48	45	49	93
	0	89	1	46	2	53	3	96	4	67	5	79	6	44	7	53	8	64	9	70	10	28	11	35	12	50	13	12	14	75	15	76	16	70	17	85	18	68	19	34	20	42	21	86	22	35	23	99	24	88	25	70	26	63	27	45	28	96	29	34	30	73	31	56	32	34	33	43	34	8	35	66	36	52	37	15	38	74	39	92	40	41	41	85	42	23	43	61	44	41	45	20	46	73	47	39	48	22	49	73
	0	10	1	38	2	65	3	75	4	3	5	42	6	23	7	16	8	41	9	80	10	58	11	62	12	70	13	47	14	48	15	1	16	76	17	35	18	36	19	35	20	63	21	43	22	69	23	37	24	8	25	60	26	19	27	54	28	92	29	58	30	19	31	20	32	47	33	24	34	36	35	15	36	60	37	19	38	63	39	85	40	30	41	62	42	17	43	93	44	66	45	55	46	55	47	84	48	67	49	96
	0	61	1	85	2	36	3	70	4	65	5	54	6	8	7	96	8	85	9	68	10	90	11	64	12	7	13	3	14	55	15	14	16	58	17	53	18	36	19	14	20	24	21	92	22	96	23	61	24	12	25	56	26	98	27	5	28	75	29	34	30	73	31	52	32	39	33	65	34	76	35	30	36	95	37	90	38	81	39	95	40	64	41	18	42	33	43	29	44	30	45	77	46	95	47	45	48	3	49	90
	0	17	1	2	2	65	3	80	4	39	5	12	6	1	7	85	8	13	9	64	10	26	11	68	12	73	13	24	14	53	15	25	16	26	17	66	18	66	19	25	20	17	21	49	22	99	23	61	24	98	25	62	26	27	27	73	28	9	29	69	30	14	31	78	32	50	33	47	34	94	35	17	36	91	37	12	38	64	39	11	40	63	41	37	42	19	43	82	44	24	45	44	46	55	47	68	48	83	49	11
	0	31	1	67	2	41	3	14	4	55	5	57	6	65	7	13	8	32	9	99	10	24	11	50	12	4	13	18	14	37	15	2	16	62	17	99	18	17	19	24	20	100	21	70	22	10	23	67	24	59	25	44	26	69	27	60	28	70	29	48	30	6	31	89	32	91	33	48	34	8	35	8	36	17	37	65	38	25	39	71	40	74	41	39	42	46	43	68	44	57	45	67	46	39	47	9	48	66	49	49
	0	14	1	74	2	29	3	97	4	23	5	37	6	50	7	4	8	32	9	32	10	90	11	70	12	9	13	11	14	90	15	31	16	9	17	15	18	89	19	49	20	76	21	62	22	78	23	53	24	68	25	16	26	27	27	30	28	76	29	99	30	48	31	14	32	14	33	53	34	91	35	31	36	79	37	69	38	87	39	85	40	22	41	35	42	80	43	91	44	63	45	77	46	18	47	100	48	64	49	83
	0	97	1	72	2	24	3	53	4	63	5	79	6	63	7	1	8	36	9	65	10	23	11	91	12	96	13	70	14	79	15	16	16	47	17	11	18	63	19	24	20	65	21	88	22	27	23	61	24	74	25	21	26	1	27	76	28	10	29	71	30	29	31	23	32	86	33	98	34	82	35	51	36	46	37	31	38	88	39	45	40	81	41	81	42	14	43	95	44	42	45	18	46	6	47	80	48	76	49	79
	0	67	1	3	2	71	3	90	4	22	5	10	6	76	7	18	8	10	9	87	10	46	11	83	12	91	13	11	14	21	15	95	16	73	17	98	18	37	19	99	20	83	21	83	22	25	23	40	24	42	25	9	26	66	27	88	28	24	29	30	30	81	31	76	32	92	33	44	34	88	35	44	36	63	37	2	38	61	39	94	40	36	41	78	42	53	43	2	44	71	45	87	46	90	47	32	48	24	49	80
	0	41	1	50	2	70	3	64	4	3	5	54	6	58	7	19	8	89	9	34	10	95	11	11	12	82	13	47	14	45	15	25	16	95	17	81	18	88	19	67	20	75	21	14	22	83	23	6	24	1	25	23	26	22	27	54	28	99	29	77	30	74	31	19	32	59	33	28	34	54	35	53	36	21	37	86	38	67	39	3	40	82	41	36	42	13	43	35	44	20	45	38	46	43	47	65	48	66	49	7
	0	19	1	52	2	32	3	91	4	13	5	16	6	7	7	63	8	30	9	81	10	74	11	2	12	66	13	76	14	89	15	52	16	23	17	26	18	55	19	53	20	37	21	26	22	57	23	5	24	6	25	76	26	59	27	95	28	9	29	18	30	69	31	6	32	60	33	15	34	19	35	93	36	44	37	43	38	33	39	71	40	14	41	99	42	63	43	82	44	54	45	53	46	23	47	20	48	49	49	76
	0	50	1	22	2	91	3	42	4	75	5	73	6	34	7	73	8	80	9	68	10	75	11	81	12	69	13	39	14	99	15	31	16	92	17	37	18	56	19	11	20	85	21	17	22	26	23	5	24	33	25	89	26	99	27	89	28	46	29	4	30	84	31	9	32	23	33	11	34	9	35	94	36	41	37	1	38	91	39	30	40	86	41	7	42	80	43	88	44	27	45	41	46	6	47	88	48	76	49	92
	0	81	1	34	2	17	3	3	4	49	5	57	6	71	7	100	8	68	9	64	10	42	11	55	12	65	13	43	14	59	15	91	16	31	17	15	18	3	19	79	20	2	21	12	22	100	23	63	24	72	25	13	26	97	27	25	28	33	29	86	30	70	31	80	32	14	33	12	34	25	35	54	36	3	37	81	38	86	39	94	40	37	41	95	42	89	43	98	44	13	45	13	46	17	47	83	48	53	49	27
Reldue
-1	9367	-1	1
-1	8172	-1	1
-1	8376	-1	1
-1	9192	-1	1
-1	9544	-1	1
-1	10365	-1	1
-1	7759	-1	1
-1	9655	-1	1
-1	8466	-1	1
-1	10059	-1	1
-1	8065	-1	1
-1	8891	-1	1
-1	8769	-1	1
-1	9811	-1	1
-1	7736	-1	1
-1	8732	-1	1
-1	9197	-1	1
-1	8268	-1	1
-1	8674	-1	1
-1	9556	-1	1
-1	7789	-1	1
-1	9064	-1	1
-1	10352	-1	1
-1	8783	-1	1
-1	9376	-1	1
-1	8715	-1	1
-1	8410	-1	1
-1	9614	-1	1
-1	8274	-1	1
-1	9464	-1	1
-1	8512	-1	1
-1	8797	-1	1
-1	9020	-1	1
-1	9514	-1	1
-1	9241	-1	1
-1	8982	-1	1
-1	8904	-1	1
-1	8986	-1	1
-1	8912	-1	1
-1	7730	-1	1
-1	9704	-1	1
-1	9902	-1	1
-1	9828	-1	1
-1	10252	-1	1
-1	8235	-1	1
-1	10507	-1	1
-1	9489	-1	1
-1	10347	-1	1
-1	10299	-1	1
-1	10241	-1	1
-1	8539	-1	1
-1	9419	-1	1
-1	10043	-1	1
-1	8969	-1	1
-1	8228	-1	1
-1	10441	-1	1
-1	8225	-1	1
-1	9152	-1	1
-1	10453	-1	1
-1	9607	-1	1
-1	9842	-1	1
-1	9143	-1	1
-1	9881	-1	1
-1	9216	-1	1
-1	9260	-1	1
-1	9975	-1	1
-1	7942	-1	1
-1	9137	-1	1
-1	8210	-1	1
-1	10135	-1	1
-1	9305	-1	1
-1	8011	-1	1
-1	9404	-1	1
-1	9172	-1	1
-1	7820	-1	1
-1	9550	-1	1
-1	8334	-1	1
-1	8324	-1	1
-1	9203	-1	1
-1	8818	-1	1
-1	9629	-1	1
-1	9240	-1	1
-1	7746	-1	1
-1	10138	-1	1
-1	9949	-1	1
-1	9618	-1	1
-1	8409	-1	1
-1	10426	-1	1
-1	8767	-1	1
-1	10537	-1	1
-1	10070	-1	1
-1	10266	-1	1
-1	8780	-1	1
-1	8443	-1	1
-1	9360	-1	1
-1	9319	-1	1
-1	7996	-1	1
-1	9372	-1	1
-1	9259	-1	1
-1	10365	-1	1
-1	10630	-1	1
-1	9498	-1	1
-1	8284	-1	1
-1	8361	-1	1
-1	8671	-1	1
-1	8455	-1	1
-1	7640	-1	1
-1	8549	-1	1
-1	8396	-1	1
-1	10176	-1	1
-1	7614	-1	1
-1	8959	-1	1
-1	9588	-1	1
-1	9287	-1	1
-1	7771	-1	1
-1	8073	-1	1
-1	10222	-1	1
-1	10526	-1	1
-1	8077	-1	1
-1	7959	-1	1
-1	9756	-1	1
-1	7782	-1	1
-1	8798	-1	1
-1	8250	-1	1
-1	9288	-1	1
-1	8219	-1	1
-1	7802	-1	1
-1	8431	-1	1
-1	10599	-1	1
-1	8329	-1	1
-1	9847	-1	1
-1	9242	-1	1
-1	7783	-1	1
-1	8894	-1	1
-1	8471	-1	1
-1	7834	-1	1
-1	8469	-1	1
-1	7627	-1	1
-1	8284	-1	1
-1	9445	-1	1
-1	9889	-1	1
-1	9338	-1	1
-1	10255	-1	1
-1	9168	-1	1
-1	7874	-1	1
-1	9126	-1	1
-1	8049	-1	1
-1	7618	-1	1
-1	8113	-1	1
-1	8211	-1	1
-1	7694	-1	1
-1	9526	-1	1
-1	9803	-1	1
-1	10286	-1	1
-1	7649	-1	1
-1	9767	-1	1
-1	8581	-1	1
-1	7853	-1	1
-1	7817	-1	1
-1	8588	-1	1
-1	8612	-1	1
-1	8275	-1	1
-1	10397	-1	1
-1	10374	-1	1
-1	10155	-1	1
-1	10187	-1	1
-1	9688	-1	1
-1	9709	-1	1
-1	9618	-1	1
-1	8890	-1	1
-1	8222	-1	1
-1	8777	-1	1
-1	10338	-1	1
-1	9777	-1	1
-1	9213	-1	1
-1	10553	-1	1
-1	9642	-1	1
-1	8313	-1	1
-1	9010	-1	1
-1	9029	-1	1
-1	10613	-1	1
-1	8362	-1	1
-1	7958	-1	1
-1	7600	-1	1
-1	10418	-1	1
-1	8495	-1	1
-1	10157	-1	1
-1	9292	-1	1
-1	9054	-1	1
-1	8295	-1	1
-1	7695	-1	1
-1	8449	-1	1
-1	10161	-1	1
-1	8408	-1	1
-1	9561	-1	1
-1	8150	-1	1
-1	10601	-1	1
-1	9206	-1	1
-1	8950	-1	1
-1	9334	-1	1
-1	9756	-1	1
-1	7653	-1	1
-1	8445	-1	1
-1	9595	-1	1
-1	9404	-1	1
-1	7906	-1	1
-1	10497	-1	1
-1	7806	-1	1
-1	9262	-1	1
-1	10250	-1	1
-1	9044	-1	1
-1	8432	-1	1
-1	10129	-1	1
-1	10636	-1	1
-1	9807	-1	1
-1	8004	-1	1
-1	9927	-1	1
-1	10383	-1	1
-1	10208	-1	1
-1	7806	-1	1
-1	9159	-1	1
-1	9022	-1	1
-1	10521	-1	1
-1	9383	-1	1
-1	9546	-1	1
-1	8735	-1	1
-1	10027	-1	1
-1	8032	-1	1
-1	8677	-1	1
-1	7912	-1	1
-1	9593	-1	1
-1	9324	-1	1
-1	9418	-1	1
-1	7735	-1	1
-1	9420	-1	1
-1	9294	-1	1
-1	8889	-1	1
-1	7786	-1	1
-1	9710	-1	1
-1	10493	-1	1
-1	8567	-1	1
-1	10025	-1	1
-1	10578	-1	1
-1	9980	-1	1
-1	8804	-1	1
-1	8652	-1	1
-1	8333	-1	1
-1	8626	-1	1
-1	9555	-1	1
-1	8009	-1	1
LBCmax: 15199
