250  50
	0	78	1	85	2	52	3	42	4	53	5	40	6	34	7	13	8	15	9	100	10	59	11	82	12	40	13	54	14	70	15	38	16	88	17	72	18	69	19	26	20	42	21	43	22	6	23	62	24	28	25	62	26	95	27	5	28	97	29	86	30	88	31	60	32	17	33	100	34	30	35	45	36	23	37	93	38	75	39	39	40	4	41	100	42	52	43	73	44	32	45	79	46	99	47	70	48	65	49	36
	0	2	1	18	2	77	3	92	4	17	5	27	6	91	7	80	8	52	9	34	10	30	11	100	12	41	13	28	14	1	15	84	16	45	17	19	18	85	19	31	20	43	21	84	22	93	23	30	24	21	25	42	26	7	27	74	28	51	29	59	30	27	31	31	32	27	33	78	34	93	35	31	36	16	37	28	38	33	39	83	40	3	41	50	42	80	43	28	44	73	45	50	46	54	47	89	48	50	49	72
	0	80	1	85	2	70	3	38	4	22	5	18	6	82	7	6	8	37	9	35	10	86	11	44	12	63	13	41	14	60	15	18	16	30	17	7	18	30	19	43	20	32	21	6	22	99	23	46	24	100	25	59	26	18	27	31	28	82	29	82	30	71	31	68	32	1	33	72	34	31	35	19	36	61	37	52	38	72	39	84	40	1	41	96	42	62	43	43	44	46	45	66	46	84	47	100	48	91	49	58
	0	34	1	78	2	1	3	43	4	12	5	15	6	46	7	21	8	3	9	50	10	73	11	45	12	2	13	18	14	5	15	97	16	47	17	68	18	12	19	87	20	45	21	96	22	86	23	28	24	29	25	50	26	30	27	19	28	55	29	38	30	31	31	10	32	44	33	63	34	85	35	58	36	32	37	53	38	84	39	80	40	53	41	65	42	100	43	74	44	10	45	88	46	2	47	58	48	84	49	57
	0	12	1	40	2	81	3	63	4	87	5	45	6	32	7	35	8	53	9	29	10	99	11	98	12	67	13	79	14	27	15	57	16	60	17	73	18	72	19	57	20	90	21	44	22	87	23	9	24	16	25	79	26	30	27	95	28	61	29	38	30	55	31	80	32	30	33	94	34	74	35	8	36	7	37	96	38	16	39	44	40	37	41	37	42	11	43	96	44	72	45	68	46	91	47	44	48	37	49	79
	0	64	1	27	2	43	3	58	4	19	5	92	6	59	7	82	8	68	9	5	10	10	11	13	12	16	13	62	14	68	15	93	16	44	17	56	18	56	19	72	20	15	21	100	22	85	23	99	24	59	25	2	26	77	27	72	28	91	29	35	30	59	31	28	32	61	33	62	34	33	35	6	36	60	37	100	38	49	39	22	40	100	41	40	42	34	43	44	44	70	45	51	46	59	47	49	48	27	49	32
	0	53	1	1	2	64	3	3	4	84	5	84	6	79	7	36	8	71	9	72	10	26	11	69	12	2	13	38	14	36	15	65	16	58	17	12	18	14	19	96	20	89	21	51	22	74	23	69	24	76	25	84	26	65	27	23	28	72	29	36	30	82	31	65	32	23	33	53	34	89	35	30	36	2	37	76	38	76	39	69	40	2	41	40	42	43	43	8	44	75	45	89	46	82	47	38	48	23	49	39
	0	82	1	20	2	65	3	35	4	6	5	16	6	37	7	74	8	92	9	81	10	6	11	91	12	87	13	84	14	1	15	33	16	14	17	34	18	93	19	74	20	30	21	26	22	73	23	38	24	32	25	45	26	19	27	27	28	11	29	88	30	40	31	87	32	59	33	89	34	44	35	53	36	83	37	54	38	75	39	44	40	92	41	53	42	94	43	17	44	41	45	20	46	28	47	88	48	57	49	44
	0	90	1	89	2	86	3	81	4	48	5	14	6	29	7	96	8	9	9	60	10	59	11	21	12	30	13	98	14	37	15	94	16	79	17	100	18	64	19	10	20	6	21	14	22	47	23	97	24	3	25	79	26	63	27	4	28	54	29	3	30	32	31	66	32	12	33	48	34	64	35	60	36	45	37	7	38	15	39	6	40	52	41	63	42	80	43	44	44	22	45	52	46	2	47	6	48	4	49	83
	0	76	1	60	2	6	3	91	4	87	5	93	6	30	7	10	8	91	9	72	10	36	11	3	12	48	13	82	14	58	15	90	16	50	17	42	18	44	19	45	20	17	21	44	22	87	23	73	24	47	25	69	26	51	27	67	28	35	29	70	30	34	31	26	32	17	33	34	34	4	35	73	36	85	37	51	38	8	39	2	40	86	41	59	42	40	43	51	44	9	45	52	46	13	47	69	48	4	49	57
	0	81	1	46	2	7	3	8	4	88	5	90	6	56	7	5	8	63	9	1	10	14	11	9	12	71	13	63	14	56	15	13	16	93	17	47	18	61	19	5	20	100	21	15	22	28	23	1	24	38	25	49	26	15	27	12	28	43	29	55	30	54	31	85	32	48	33	14	34	2	35	22	36	60	37	82	38	21	39	66	40	8	41	52	42	11	43	21	44	96	45	46	46	33	47	27	48	18	49	87
	0	80	1	19	2	3	3	70	4	16	5	37	6	11	7	39	8	61	9	74	10	96	11	29	12	100	13	60	14	98	15	46	16	64	17	35	18	42	19	76	20	78	21	66	22	47	23	55	24	94	25	83	26	76	27	38	28	55	29	61	30	85	31	59	32	53	33	80	34	47	35	55	36	72	37	9	38	48	39	1	40	36	41	27	42	4	43	88	44	10	45	65	46	40	47	25	48	2	49	25
	0	5	1	68	2	83	3	22	4	46	5	85	6	25	7	46	8	57	9	18	10	3	11	50	12	59	13	16	14	35	15	3	16	95	17	21	18	35	19	56	20	45	21	56	22	28	23	35	24	83	25	41	26	24	27	37	28	41	29	24	30	68	31	95	32	53	33	14	34	11	35	50	36	82	37	56	38	63	39	39	40	72	41	79	42	27	43	81	44	59	45	100	46	25	47	30	48	42	49	81
	0	68	1	24	2	6	3	61	4	16	5	42	6	28	7	14	8	53	9	64	10	26	11	5	12	61	13	74	14	22	15	36	16	60	17	71	18	38	19	22	20	60	21	67	22	34	23	28	24	47	25	91	26	64	27	44	28	72	29	28	30	17	31	15	32	52	33	55	34	44	35	14	36	76	37	65	38	21	39	46	40	77	41	84	42	77	43	20	44	24	45	19	46	83	47	21	48	45	49	4
	0	4	1	76	2	67	3	12	4	39	5	83	6	53	7	71	8	12	9	68	10	66	11	94	12	80	13	66	14	89	15	99	16	78	17	53	18	81	19	100	20	24	21	88	22	45	23	88	24	35	25	9	26	48	27	14	28	37	29	17	30	4	31	72	32	79	33	47	34	28	35	33	36	68	37	82	38	5	39	63	40	96	41	83	42	44	43	48	44	25	45	40	46	100	47	1	48	36	49	53
	0	98	1	19	2	84	3	7	4	80	5	18	6	99	7	1	8	66	9	67	10	21	11	40	12	94	13	99	14	69	15	7	16	81	17	65	18	82	19	71	20	36	21	58	22	70	23	86	24	88	25	37	26	80	27	8	28	28	29	12	30	54	31	29	32	87	33	69	34	29	35	85	36	73	37	67	38	25	39	15	40	58	41	15	42	2	43	66	44	92	45	10	46	90	47	66	48	62	49	18
	0	26	1	14	2	46	3	2	4	42	5	66	6	25	7	37	8	3	9	6	10	36	11	83	12	74	13	35	14	7	15	76	16	70	17	16	18	84	19	82	20	27	21	58	22	49	23	20	24	81	25	39	26	96	27	32	28	64	29	71	30	100	31	82	32	28	33	88	34	7	35	90	36	82	37	100	38	28	39	48	40	87	41	33	42	7	43	66	44	49	45	64	46	11	47	41	48	2	49	8
	0	47	1	59	2	76	3	28	4	10	5	72	6	92	7	64	8	25	9	94	10	19	11	10	12	22	13	20	14	99	15	83	16	62	17	71	18	14	19	54	20	15	21	98	22	58	23	52	24	45	25	17	26	36	27	49	28	46	29	41	30	2	31	86	32	62	33	46	34	2	35	9	36	55	37	86	38	2	39	11	40	17	41	25	42	95	43	10	44	47	45	74	46	33	47	5	48	22	49	43
	0	22	1	83	2	50	3	41	4	72	5	90	6	72	7	90	8	2	9	59	10	56	11	31	12	29	13	85	14	3	15	44	16	93	17	76	18	47	19	6	20	9	21	15	22	31	23	58	24	37	25	37	26	92	27	62	28	5	29	72	30	70	31	57	32	47	33	32	34	40	35	57	36	21	37	38	38	33	39	43	40	23	41	7	42	80	43	43	44	27	45	57	46	13	47	4	48	94	49	93
	0	90	1	99	2	47	3	74	4	46	5	25	6	98	7	95	8	69	9	77	10	76	11	18	12	60	13	16	14	90	15	34	16	41	17	54	18	29	19	51	20	92	21	36	22	81	23	40	24	51	25	83	26	21	27	67	28	3	29	28	30	8	31	12	32	38	33	61	34	79	35	50	36	62	37	61	38	40	39	29	40	83	41	92	42	86	43	90	44	14	45	73	46	6	47	10	48	51	49	65
	0	51	1	50	2	34	3	28	4	64	5	47	6	100	7	37	8	19	9	94	10	59	11	73	12	96	13	77	14	87	15	15	16	4	17	71	18	97	19	3	20	31	21	20	22	38	23	53	24	60	25	49	26	26	27	34	28	11	29	74	30	14	31	52	32	77	33	18	34	64	35	82	36	73	37	57	38	50	39	64	40	12	41	32	42	34	43	43	44	76	45	17	46	78	47	8	48	52	49	25
	0	93	1	88	2	49	3	92	4	29	5	84	6	7	7	71	8	60	9	57	10	76	11	24	12	21	13	100	14	29	15	1	16	7	17	62	18	12	19	34	20	22	21	3	22	75	23	88	24	51	25	97	26	25	27	53	28	100	29	17	30	88	31	69	32	10	33	56	34	78	35	5	36	51	37	86	38	16	39	44	40	50	41	48	42	33	43	50	44	7	45	23	46	62	47	13	48	8	49	32
	0	95	1	85	2	31	3	66	4	64	5	82	6	6	7	45	8	78	9	93	10	86	11	43	12	6	13	20	14	28	15	48	16	11	17	59	18	90	19	36	20	60	21	72	22	100	23	70	24	70	25	32	26	53	27	61	28	63	29	28	30	34	31	59	32	43	33	55	34	88	35	45	36	19	37	51	38	62	39	46	40	26	41	37	42	13	43	14	44	36	45	62	46	49	47	6	48	48	49	93
	0	31	1	88	2	96	3	73	4	86	5	33	6	33	7	37	8	83	9	81	10	53	11	86	12	70	13	13	14	86	15	27	16	97	17	6	18	62	19	45	20	55	21	14	22	19	23	70	24	6	25	85	26	40	27	41	28	93	29	75	30	97	31	86	32	51	33	72	34	63	35	77	36	53	37	100	38	25	39	21	40	70	41	77	42	85	43	91	44	24	45	62	46	61	47	23	48	62	49	92
	0	98	1	25	2	90	3	13	4	66	5	69	6	32	7	37	8	13	9	67	10	2	11	1	12	74	13	55	14	24	15	95	16	82	17	32	18	16	19	87	20	8	21	31	22	30	23	66	24	46	25	11	26	21	27	78	28	13	29	6	30	77	31	25	32	16	33	72	34	43	35	58	36	31	37	1	38	6	39	79	40	81	41	16	42	39	43	29	44	4	45	55	46	20	47	40	48	57	49	96
	0	61	1	60	2	2	3	100	4	24	5	97	6	53	7	77	8	9	9	34	10	93	11	77	12	35	13	100	14	85	15	75	16	60	17	16	18	39	19	18	20	87	21	45	22	6	23	28	24	86	25	10	26	17	27	84	28	4	29	67	30	75	31	42	32	44	33	36	34	84	35	54	36	60	37	42	38	60	39	87	40	55	41	6	42	64	43	75	44	24	45	91	46	61	47	40	48	56	49	7
	0	69	1	64	2	81	3	96	4	80	5	3	6	44	7	94	8	52	9	74	10	34	11	13	12	8	13	60	14	92	15	86	16	89	17	5	18	89	19	100	20	49	21	99	22	47	23	68	24	93	25	79	26	25	27	48	28	79	29	88	30	19	31	99	32	62	33	73	34	37	35	20	36	30	37	11	38	38	39	32	40	58	41	100	42	66	43	90	44	7	45	50	46	100	47	30	48	10	49	55
	0	10	1	96	2	39	3	38	4	94	5	99	6	55	7	8	8	17	9	97	10	59	11	53	12	6	13	17	14	15	15	65	16	50	17	31	18	14	19	82	20	10	21	79	22	89	23	74	24	50	25	89	26	8	27	29	28	37	29	42	30	97	31	95	32	66	33	85	34	80	35	92	36	23	37	78	38	36	39	18	40	71	41	41	42	2	43	82	44	43	45	31	46	81	47	51	48	61	49	70
	0	23	1	10	2	24	3	88	4	9	5	48	6	33	7	75	8	31	9	27	10	39	11	45	12	60	13	5	14	45	15	45	16	55	17	13	18	83	19	85	20	27	21	6	22	58	23	59	24	94	25	37	26	27	27	69	28	73	29	31	30	57	31	5	32	82	33	57	34	63	35	18	36	86	37	13	38	55	39	92	40	75	41	87	42	14	43	14	44	64	45	55	46	81	47	80	48	79	49	18
	0	43	1	4	2	27	3	8	4	40	5	7	6	3	7	95	8	28	9	6	10	61	11	94	12	68	13	28	14	49	15	44	16	32	17	25	18	1	19	97	20	53	21	59	22	26	23	68	24	41	25	78	26	35	27	3	28	52	29	25	30	100	31	87	32	92	33	18	34	43	35	96	36	77	37	19	38	78	39	45	40	83	41	70	42	74	43	17	44	70	45	61	46	12	47	59	48	55	49	71
	0	39	1	71	2	58	3	71	4	49	5	41	6	66	7	16	8	52	9	96	10	83	11	37	12	2	13	65	14	41	15	13	16	92	17	85	18	22	19	3	20	53	21	91	22	100	23	41	24	97	25	67	26	87	27	51	28	96	29	54	30	77	31	15	32	95	33	42	34	97	35	1	36	96	37	94	38	10	39	57	40	58	41	71	42	43	43	1	44	97	45	59	46	18	47	76	48	96	49	27
	0	27	1	44	2	45	3	53	4	59	5	51	6	75	7	1	8	85	9	72	10	54	11	44	12	63	13	21	14	70	15	56	16	93	17	98	18	98	19	26	20	61	21	84	22	48	23	52	24	47	25	31	26	32	27	43	28	75	29	95	30	85	31	14	32	34	33	6	34	52	35	62	36	7	37	82	38	7	39	63	40	77	41	23	42	77	43	8	44	99	45	54	46	73	47	1	48	63	49	87
	0	71	1	51	2	78	3	30	4	79	5	56	6	56	7	63	8	88	9	52	10	82	11	61	12	99	13	76	14	85	15	27	16	56	17	65	18	65	19	68	20	55	21	87	22	20	23	31	24	85	25	91	26	90	27	79	28	24	29	1	30	20	31	72	32	13	33	99	34	90	35	81	36	64	37	85	38	75	39	64	40	77	41	89	42	29	43	65	44	83	45	83	46	16	47	23	48	22	49	21
	0	23	1	95	2	35	3	96	4	18	5	50	6	32	7	100	8	61	9	64	10	46	11	20	12	73	13	29	14	5	15	11	16	98	17	72	18	73	19	31	20	54	21	24	22	45	23	16	24	27	25	2	26	92	27	43	28	57	29	85	30	96	31	6	32	39	33	2	34	22	35	4	36	19	37	60	38	5	39	7	40	61	41	79	42	74	43	61	44	24	45	16	46	11	47	45	48	72	49	94
	0	36	1	77	2	91	3	62	4	69	5	64	6	9	7	65	8	88	9	4	10	34	11	82	12	10	13	9	14	46	15	76	16	48	17	10	18	16	19	66	20	24	21	47	22	54	23	93	24	47	25	67	26	73	27	63	28	77	29	69	30	52	31	84	32	39	33	94	34	25	35	23	36	61	37	25	38	26	39	51	40	41	41	53	42	70	43	59	44	77	45	31	46	42	47	59	48	5	49	5
	0	50	1	2	2	41	3	21	4	28	5	79	6	15	7	19	8	14	9	79	10	33	11	71	12	48	13	35	14	27	15	41	16	45	17	78	18	65	19	57	20	50	21	58	22	29	23	16	24	80	25	38	26	91	27	89	28	100	29	42	30	40	31	69	32	5	33	28	34	42	35	93	36	91	37	11	38	34	39	37	40	37	41	48	42	91	43	47	44	43	45	90	46	2	47	67	48	82	49	25
	0	57	1	79	2	74	3	87	4	37	5	58	6	77	7	16	8	32	9	15	10	60	11	70	12	60	13	70	14	9	15	29	16	44	17	90	18	69	19	64	20	69	21	82	22	26	23	33	24	46	25	11	26	87	27	43	28	24	29	11	30	14	31	87	32	47	33	77	34	10	35	37	36	58	37	83	38	68	39	70	40	62	41	52	42	33	43	38	44	29	45	65	46	39	47	19	48	98	49	5
	0	11	1	15	2	92	3	51	4	61	5	72	6	76	7	90	8	2	9	41	10	10	11	98	12	63	13	17	14	78	15	100	16	91	17	12	18	93	19	33	20	57	21	50	22	24	23	61	24	3	25	92	26	68	27	2	28	14	29	36	30	89	31	93	32	86	33	43	34	83	35	81	36	18	37	78	38	42	39	25	40	80	41	80	42	38	43	46	44	97	45	91	46	23	47	61	48	71	49	17
	0	52	1	92	2	40	3	84	4	45	5	13	6	21	7	31	8	58	9	16	10	1	11	47	12	32	13	75	14	80	15	28	16	30	17	51	18	68	19	44	20	88	21	69	22	83	23	10	24	40	25	59	26	29	27	14	28	92	29	38	30	23	31	56	32	51	33	79	34	13	35	77	36	36	37	96	38	9	39	6	40	36	41	30	42	10	43	43	44	78	45	35	46	4	47	51	48	28	49	75
	0	76	1	37	2	38	3	94	4	45	5	32	6	7	7	32	8	19	9	17	10	26	11	72	12	42	13	37	14	15	15	56	16	63	17	9	18	89	19	11	20	61	21	17	22	96	23	61	24	97	25	44	26	7	27	22	28	87	29	96	30	81	31	8	32	4	33	1	34	3	35	81	36	68	37	98	38	90	39	48	40	70	41	56	42	96	43	68	44	41	45	70	46	75	47	22	48	74	49	38
	0	80	1	73	2	39	3	17	4	92	5	9	6	64	7	95	8	37	9	48	10	77	11	47	12	100	13	43	14	9	15	57	16	75	17	28	18	25	19	12	20	93	21	80	22	31	23	15	24	11	25	96	26	55	27	64	28	73	29	14	30	26	31	99	32	67	33	11	34	77	35	12	36	36	37	67	38	59	39	68	40	13	41	89	42	45	43	91	44	4	45	15	46	42	47	3	48	29	49	46
	0	60	1	30	2	84	3	88	4	97	5	5	6	9	7	89	8	40	9	32	10	56	11	11	12	93	13	2	14	92	15	68	16	78	17	58	18	95	19	16	20	72	21	62	22	16	23	86	24	81	25	15	26	20	27	95	28	51	29	13	30	21	31	61	32	87	33	59	34	83	35	23	36	8	37	62	38	63	39	44	40	70	41	88	42	80	43	29	44	46	45	34	46	77	47	2	48	17	49	62
	0	95	1	25	2	43	3	3	4	61	5	44	6	94	7	10	8	83	9	93	10	79	11	37	12	92	13	11	14	90	15	56	16	72	17	25	18	49	19	51	20	76	21	24	22	41	23	47	24	9	25	24	26	49	27	60	28	31	29	85	30	38	31	83	32	23	33	55	34	53	35	40	36	93	37	30	38	17	39	65	40	36	41	60	42	64	43	2	44	65	45	50	46	24	47	33	48	89	49	22
	0	51	1	61	2	87	3	54	4	69	5	25	6	13	7	89	8	63	9	19	10	42	11	1	12	56	13	34	14	19	15	53	16	30	17	54	18	92	19	79	20	99	21	74	22	28	23	86	24	38	25	13	26	47	27	45	28	13	29	51	30	30	31	33	32	88	33	8	34	66	35	23	36	89	37	41	38	73	39	60	40	45	41	29	42	83	43	49	44	56	45	75	46	83	47	56	48	49	49	49
	0	68	1	85	2	13	3	30	4	17	5	97	6	30	7	48	8	27	9	79	10	52	11	23	12	48	13	63	14	84	15	36	16	17	17	86	18	59	19	15	20	75	21	7	22	44	23	83	24	9	25	45	26	93	27	22	28	73	29	90	30	28	31	56	32	67	33	12	34	49	35	30	36	71	37	63	38	64	39	66	40	75	41	46	42	8	43	14	44	55	45	9	46	3	47	15	48	75	49	60
	0	56	1	68	2	14	3	45	4	9	5	51	6	58	7	15	8	92	9	40	10	6	11	72	12	31	13	34	14	67	15	82	16	20	17	70	18	62	19	88	20	60	21	100	22	46	23	57	24	16	25	40	26	21	27	55	28	58	29	41	30	10	31	27	32	75	33	23	34	93	35	22	36	80	37	81	38	51	39	100	40	50	41	45	42	53	43	4	44	68	45	66	46	78	47	86	48	59	49	50
	0	72	1	18	2	31	3	59	4	78	5	35	6	81	7	70	8	74	9	76	10	6	11	36	12	22	13	34	14	36	15	6	16	22	17	30	18	95	19	94	20	92	21	58	22	33	23	8	24	47	25	82	26	93	27	65	28	42	29	76	30	16	31	70	32	91	33	38	34	88	35	30	36	90	37	17	38	81	39	23	40	97	41	33	42	49	43	50	44	47	45	90	46	74	47	41	48	20	49	97
	0	86	1	92	2	67	3	57	4	77	5	47	6	76	7	86	8	6	9	67	10	35	11	69	12	66	13	31	14	15	15	72	16	36	17	76	18	86	19	57	20	62	21	70	22	34	23	80	24	34	25	60	26	52	27	69	28	50	29	57	30	13	31	91	32	81	33	50	34	46	35	81	36	89	37	36	38	87	39	89	40	53	41	37	42	67	43	47	44	2	45	38	46	50	47	81	48	75	49	37
	0	51	1	18	2	41	3	34	4	86	5	58	6	56	7	66	8	37	9	10	10	40	11	84	12	34	13	19	14	3	15	21	16	80	17	28	18	47	19	96	20	85	21	52	22	24	23	66	24	79	25	55	26	37	27	95	28	9	29	68	30	1	31	29	32	53	33	83	34	5	35	88	36	11	37	96	38	51	39	100	40	36	41	14	42	44	43	51	44	26	45	28	46	71	47	35	48	4	49	11
	0	98	1	4	2	32	3	23	4	56	5	71	6	45	7	1	8	5	9	8	10	11	11	73	12	4	13	45	14	45	15	44	16	13	17	60	18	26	19	14	20	4	21	16	22	12	23	49	24	80	25	92	26	37	27	2	28	98	29	97	30	37	31	55	32	60	33	86	34	49	35	43	36	29	37	96	38	73	39	60	40	60	41	87	42	87	43	76	44	72	45	54	46	59	47	9	48	91	49	25
	0	5	1	20	2	45	3	96	4	66	5	44	6	88	7	40	8	26	9	67	10	93	11	92	12	78	13	1	14	20	15	20	16	13	17	38	18	70	19	12	20	2	21	68	22	77	23	41	24	71	25	96	26	86	27	1	28	14	29	1	30	39	31	13	32	79	33	12	34	46	35	50	36	29	37	94	38	28	39	30	40	57	41	84	42	61	43	76	44	11	45	2	46	38	47	35	48	61	49	25
	0	51	1	15	2	5	3	27	4	50	5	81	6	8	7	91	8	23	9	10	10	8	11	57	12	25	13	4	14	39	15	75	16	27	17	12	18	65	19	57	20	79	21	1	22	4	23	58	24	100	25	87	26	2	27	27	28	42	29	14	30	86	31	11	32	90	33	30	34	88	35	3	36	95	37	21	38	50	39	57	40	55	41	79	42	24	43	25	44	88	45	31	46	32	47	86	48	54	49	44
	0	70	1	57	2	42	3	90	4	47	5	29	6	7	7	37	8	1	9	59	10	31	11	88	12	39	13	91	14	48	15	6	16	89	17	25	18	46	19	73	20	57	21	31	22	50	23	84	24	28	25	72	26	36	27	77	28	64	29	8	30	37	31	36	32	75	33	78	34	36	35	38	36	75	37	78	38	72	39	14	40	38	41	93	42	75	43	42	44	30	45	48	46	35	47	20	48	80	49	87
	0	60	1	55	2	96	3	88	4	71	5	78	6	68	7	74	8	50	9	76	10	97	11	96	12	30	13	2	14	43	15	73	16	4	17	87	18	84	19	24	20	79	21	84	22	28	23	40	24	13	25	12	26	27	27	56	28	2	29	76	30	64	31	47	32	13	33	85	34	42	35	42	36	76	37	88	38	74	39	25	40	80	41	17	42	53	43	92	44	36	45	83	46	68	47	56	48	6	49	80
	0	79	1	27	2	10	3	88	4	70	5	24	6	55	7	86	8	53	9	77	10	48	11	3	12	78	13	26	14	100	15	80	16	79	17	46	18	18	19	20	20	61	21	31	22	45	23	37	24	11	25	29	26	100	27	48	28	80	29	5	30	24	31	62	32	71	33	83	34	42	35	46	36	42	37	85	38	81	39	2	40	92	41	61	42	17	43	58	44	93	45	10	46	39	47	63	48	97	49	92
	0	47	1	56	2	26	3	13	4	36	5	25	6	7	7	25	8	13	9	92	10	38	11	64	12	59	13	78	14	80	15	31	16	45	17	53	18	9	19	74	20	43	21	51	22	84	23	51	24	99	25	23	26	9	27	49	28	66	29	54	30	95	31	12	32	7	33	54	34	47	35	5	36	14	37	24	38	36	39	93	40	12	41	35	42	38	43	40	44	33	45	79	46	35	47	44	48	86	49	80
	0	16	1	59	2	61	3	76	4	28	5	74	6	27	7	9	8	64	9	57	10	39	11	79	12	81	13	76	14	37	15	49	16	87	17	56	18	10	19	26	20	49	21	29	22	80	23	26	24	5	25	3	26	90	27	12	28	70	29	40	30	29	31	75	32	91	33	20	34	26	35	70	36	80	37	49	38	82	39	52	40	25	41	12	42	35	43	62	44	67	45	94	46	71	47	53	48	90	49	28
	0	25	1	76	2	58	3	23	4	43	5	39	6	100	7	88	8	91	9	29	10	29	11	70	12	29	13	63	14	46	15	52	16	99	17	78	18	53	19	84	20	88	21	14	22	92	23	55	24	53	25	30	26	77	27	14	28	41	29	54	30	86	31	100	32	31	33	69	34	30	35	52	36	75	37	74	38	14	39	95	40	20	41	84	42	64	43	30	44	40	45	46	46	75	47	64	48	14	49	97
	0	21	1	76	2	16	3	84	4	99	5	95	6	10	7	12	8	41	9	24	10	71	11	17	12	84	13	61	14	71	15	54	16	91	17	81	18	93	19	61	20	72	21	87	22	80	23	29	24	32	25	50	26	10	27	1	28	56	29	78	30	72	31	76	32	11	33	9	34	81	35	78	36	14	37	99	38	44	39	38	40	96	41	50	42	82	43	81	44	78	45	16	46	55	47	30	48	24	49	66
	0	61	1	52	2	34	3	91	4	95	5	21	6	100	7	2	8	82	9	83	10	48	11	33	12	45	13	14	14	13	15	60	16	45	17	39	18	35	19	4	20	16	21	39	22	88	23	58	24	91	25	67	26	45	27	85	28	68	29	48	30	71	31	50	32	88	33	28	34	88	35	99	36	8	37	18	38	44	39	96	40	95	41	23	42	95	43	78	44	76	45	64	46	70	47	90	48	13	49	35
	0	95	1	6	2	3	3	49	4	70	5	53	6	8	7	67	8	43	9	1	10	61	11	9	12	30	13	68	14	26	15	96	16	60	17	65	18	85	19	78	20	46	21	81	22	84	23	29	24	20	25	79	26	78	27	28	28	87	29	54	30	37	31	62	32	58	33	68	34	6	35	3	36	4	37	79	38	40	39	52	40	14	41	11	42	59	43	67	44	60	45	42	46	77	47	91	48	5	49	9
	0	9	1	62	2	95	3	46	4	76	5	84	6	34	7	15	8	36	9	61	10	23	11	93	12	15	13	42	14	23	15	18	16	44	17	36	18	58	19	19	20	90	21	71	22	83	23	75	24	55	25	29	26	73	27	82	28	83	29	72	30	13	31	14	32	86	33	32	34	90	35	18	36	98	37	50	38	27	39	80	40	1	41	69	42	98	43	38	44	88	45	24	46	20	47	45	48	56	49	87
	0	10	1	94	2	54	3	47	4	58	5	70	6	13	7	51	8	44	9	90	10	35	11	27	12	5	13	29	14	40	15	52	16	36	17	64	18	69	19	64	20	72	21	81	22	100	23	10	24	88	25	10	26	44	27	83	28	12	29	3	30	5	31	95	32	45	33	65	34	26	35	80	36	29	37	85	38	66	39	42	40	3	41	55	42	69	43	68	44	36	45	65	46	18	47	87	48	48	49	89
	0	4	1	39	2	28	3	38	4	25	5	94	6	28	7	16	8	16	9	21	10	95	11	13	12	69	13	1	14	55	15	33	16	93	17	48	18	70	19	22	20	20	21	62	22	37	23	56	24	64	25	37	26	95	27	96	28	85	29	3	30	46	31	38	32	14	33	67	34	32	35	88	36	42	37	81	38	9	39	56	40	81	41	65	42	99	43	55	44	51	45	47	46	39	47	37	48	38	49	4
	0	35	1	100	2	50	3	22	4	93	5	60	6	46	7	99	8	100	9	65	10	28	11	69	12	60	13	95	14	4	15	13	16	9	17	80	18	86	19	83	20	81	21	16	22	65	23	71	24	86	25	78	26	72	27	79	28	7	29	55	30	40	31	80	32	64	33	50	34	100	35	86	36	75	37	23	38	88	39	48	40	7	41	73	42	52	43	55	44	26	45	82	46	77	47	22	48	62	49	78
	0	62	1	66	2	53	3	73	4	34	5	21	6	49	7	92	8	72	9	41	10	74	11	5	12	73	13	80	14	79	15	18	16	86	17	69	18	44	19	93	20	4	21	3	22	100	23	88	24	85	25	33	26	91	27	61	28	28	29	13	30	80	31	59	32	45	33	44	34	90	35	92	36	3	37	21	38	18	39	71	40	15	41	80	42	65	43	41	44	5	45	90	46	84	47	63	48	93	49	37
	0	20	1	3	2	58	3	11	4	99	5	44	6	74	7	75	8	5	9	33	10	49	11	84	12	35	13	15	14	82	15	84	16	15	17	27	18	33	19	8	20	51	21	55	22	83	23	46	24	10	25	61	26	3	27	69	28	67	29	59	30	79	31	8	32	79	33	78	34	55	35	44	36	56	37	35	38	86	39	56	40	31	41	38	42	28	43	8	44	78	45	51	46	88	47	6	48	9	49	23
	0	27	1	41	2	42	3	46	4	77	5	89	6	49	7	99	8	24	9	53	10	97	11	94	12	69	13	51	14	58	15	30	16	48	17	3	18	54	19	22	20	9	21	52	22	36	23	54	24	47	25	34	26	48	27	88	28	51	29	80	30	12	31	11	32	35	33	9	34	18	35	13	36	21	37	61	38	29	39	27	40	25	41	55	42	26	43	70	44	60	45	88	46	50	47	62	48	36	49	12
	0	11	1	29	2	51	3	41	4	96	5	1	6	83	7	88	8	63	9	59	10	27	11	27	12	19	13	12	14	53	15	26	16	35	17	85	18	58	19	16	20	5	21	59	22	56	23	66	24	92	25	2	26	18	27	92	28	3	29	65	30	60	31	24	32	78	33	44	34	40	35	2	36	95	37	34	38	10	39	74	40	25	41	13	42	44	43	21	44	87	45	39	46	21	47	32	48	87	49	59
	0	52	1	7	2	41	3	47	4	62	5	50	6	13	7	21	8	83	9	85	10	29	11	18	12	10	13	19	14	37	15	19	16	25	17	17	18	25	19	51	20	96	21	72	22	19	23	11	24	98	25	86	26	27	27	90	28	26	29	95	30	98	31	93	32	86	33	93	34	6	35	80	36	85	37	52	38	88	39	70	40	60	41	46	42	91	43	91	44	19	45	3	46	4	47	71	48	75	49	67
	0	86	1	86	2	5	3	36	4	13	5	29	6	58	7	1	8	9	9	53	10	99	11	10	12	24	13	11	14	65	15	31	16	79	17	89	18	60	19	91	20	4	21	8	22	28	23	99	24	16	25	43	26	65	27	6	28	28	29	80	30	80	31	36	32	84	33	15	34	96	35	100	36	58	37	58	38	62	39	92	40	62	41	8	42	16	43	95	44	56	45	100	46	13	47	81	48	47	49	43
	0	21	1	61	2	27	3	6	4	35	5	26	6	85	7	20	8	74	9	89	10	90	11	90	12	48	13	10	14	36	15	49	16	23	17	73	18	86	19	1	20	18	21	39	22	72	23	20	24	100	25	100	26	17	27	11	28	75	29	4	30	4	31	49	32	93	33	36	34	6	35	52	36	100	37	55	38	37	39	60	40	14	41	36	42	3	43	10	44	10	45	76	46	63	47	41	48	36	49	41
	0	15	1	77	2	5	3	74	4	82	5	46	6	16	7	96	8	61	9	61	10	15	11	64	12	50	13	54	14	99	15	65	16	74	17	45	18	12	19	69	20	70	21	87	22	1	23	60	24	16	25	12	26	16	27	23	28	97	29	84	30	80	31	66	32	42	33	18	34	73	35	79	36	93	37	31	38	79	39	85	40	78	41	28	42	20	43	24	44	97	45	45	46	56	47	74	48	46	49	99
	0	30	1	2	2	40	3	16	4	95	5	98	6	8	7	33	8	36	9	41	10	77	11	8	12	95	13	86	14	50	15	71	16	39	17	89	18	65	19	9	20	46	21	92	22	89	23	56	24	95	25	51	26	62	27	46	28	78	29	63	30	21	31	44	32	84	33	38	34	59	35	51	36	1	37	16	38	92	39	74	40	62	41	22	42	48	43	81	44	17	45	18	46	3	47	96	48	95	49	89
	0	15	1	2	2	20	3	72	4	48	5	54	6	65	7	11	8	69	9	22	10	73	11	13	12	80	13	21	14	72	15	15	16	100	17	84	18	70	19	6	20	13	21	99	22	5	23	58	24	66	25	14	26	76	27	53	28	49	29	68	30	100	31	17	32	19	33	24	34	49	35	4	36	41	37	92	38	78	39	76	40	53	41	76	42	44	43	78	44	86	45	87	46	66	47	20	48	90	49	98
	0	99	1	86	2	49	3	38	4	96	5	46	6	91	7	53	8	99	9	60	10	17	11	74	12	84	13	63	14	8	15	75	16	28	17	95	18	88	19	7	20	100	21	14	22	54	23	51	24	90	25	91	26	86	27	13	28	7	29	94	30	16	31	62	32	28	33	99	34	11	35	82	36	86	37	81	38	95	39	85	40	8	41	83	42	22	43	19	44	48	45	66	46	73	47	46	48	94	49	78
	0	42	1	99	2	18	3	98	4	20	5	26	6	5	7	59	8	9	9	83	10	3	11	28	12	23	13	37	14	44	15	19	16	44	17	90	18	49	19	62	20	54	21	37	22	18	23	45	24	58	25	17	26	64	27	20	28	63	29	15	30	34	31	11	32	89	33	30	34	39	35	3	36	9	37	24	38	80	39	67	40	69	41	96	42	38	43	65	44	13	45	72	46	80	47	41	48	24	49	81
	0	75	1	87	2	54	3	74	4	43	5	44	6	5	7	1	8	71	9	66	10	84	11	53	12	76	13	82	14	45	15	31	16	90	17	3	18	85	19	3	20	97	21	78	22	59	23	65	24	62	25	99	26	47	27	4	28	13	29	92	30	60	31	42	32	79	33	59	34	89	35	98	36	89	37	54	38	23	39	15	40	82	41	2	42	100	43	15	44	96	45	3	46	63	47	92	48	21	49	76
	0	19	1	61	2	39	3	29	4	57	5	17	6	97	7	76	8	42	9	61	10	66	11	21	12	96	13	20	14	93	15	80	16	59	17	54	18	60	19	27	20	57	21	18	22	79	23	74	24	33	25	49	26	14	27	14	28	25	29	69	30	98	31	99	32	93	33	38	34	79	35	35	36	25	37	92	38	34	39	95	40	73	41	59	42	6	43	7	44	5	45	30	46	71	47	54	48	74	49	23
	0	54	1	91	2	35	3	82	4	14	5	80	6	62	7	90	8	95	9	79	10	48	11	84	12	10	13	53	14	94	15	8	16	90	17	86	18	6	19	45	20	38	21	4	22	75	23	3	24	47	25	53	26	96	27	48	28	86	29	87	30	50	31	26	32	63	33	51	34	66	35	95	36	9	37	70	38	25	39	63	40	51	41	92	42	83	43	19	44	66	45	20	46	17	47	88	48	36	49	52
	0	25	1	47	2	39	3	4	4	38	5	87	6	47	7	90	8	10	9	16	10	32	11	87	12	12	13	25	14	78	15	86	16	43	17	58	18	58	19	46	20	17	21	82	22	38	23	71	24	10	25	25	26	96	27	83	28	66	29	33	30	80	31	75	32	93	33	78	34	41	35	47	36	12	37	94	38	11	39	76	40	20	41	40	42	23	43	62	44	91	45	18	46	81	47	56	48	41	49	86
	0	22	1	61	2	91	3	49	4	57	5	62	6	45	7	11	8	49	9	27	10	52	11	36	12	78	13	77	14	2	15	38	16	17	17	38	18	4	19	97	20	88	21	94	22	32	23	88	24	95	25	23	26	29	27	43	28	52	29	93	30	18	31	8	32	37	33	19	34	58	35	57	36	55	37	37	38	36	39	57	40	94	41	37	42	94	43	31	44	81	45	56	46	25	47	36	48	11	49	31
	0	79	1	57	2	71	3	54	4	87	5	94	6	1	7	83	8	74	9	78	10	65	11	10	12	17	13	68	14	4	15	78	16	86	17	85	18	25	19	94	20	63	21	1	22	21	23	2	24	20	25	89	26	38	27	85	28	20	29	99	30	36	31	35	32	59	33	26	34	3	35	93	36	55	37	55	38	18	39	54	40	80	41	39	42	92	43	92	44	60	45	22	46	100	47	44	48	3	49	6
	0	4	1	60	2	39	3	48	4	42	5	11	6	64	7	21	8	91	9	15	10	28	11	66	12	78	13	6	14	24	15	41	16	66	17	75	18	42	19	34	20	41	21	52	22	12	23	83	24	96	25	5	26	55	27	42	28	67	29	76	30	92	31	76	32	75	33	84	34	12	35	68	36	86	37	55	38	68	39	77	40	78	41	73	42	73	43	89	44	90	45	56	46	13	47	32	48	92	49	90
	0	85	1	56	2	85	3	94	4	41	5	3	6	39	7	88	8	90	9	14	10	20	11	87	12	96	13	46	14	67	15	47	16	59	17	92	18	5	19	27	20	82	21	47	22	32	23	64	24	59	25	37	26	97	27	46	28	23	29	17	30	57	31	54	32	55	33	10	34	87	35	98	36	47	37	33	38	76	39	58	40	40	41	37	42	46	43	38	44	15	45	50	46	51	47	52	48	93	49	18
	0	69	1	21	2	66	3	59	4	81	5	66	6	76	7	91	8	95	9	90	10	5	11	2	12	82	13	11	14	55	15	51	16	3	17	83	18	16	19	46	20	59	21	9	22	58	23	24	24	98	25	44	26	5	27	17	28	48	29	31	30	59	31	7	32	72	33	33	34	84	35	80	36	50	37	37	38	95	39	47	40	49	41	52	42	73	43	82	44	33	45	30	46	21	47	96	48	10	49	73
	0	43	1	54	2	34	3	12	4	83	5	4	6	3	7	70	8	84	9	62	10	22	11	42	12	33	13	82	14	24	15	59	16	12	17	16	18	57	19	10	20	72	21	14	22	94	23	49	24	96	25	44	26	22	27	8	28	22	29	27	30	6	31	89	32	31	33	8	34	43	35	12	36	36	37	17	38	56	39	32	40	24	41	88	42	82	43	70	44	27	45	34	46	58	47	99	48	29	49	13
	0	17	1	96	2	42	3	16	4	37	5	48	6	2	7	61	8	7	9	67	10	60	11	91	12	7	13	56	14	90	15	98	16	23	17	33	18	20	19	20	20	24	21	1	22	56	23	89	24	82	25	26	26	83	27	15	28	26	29	53	30	26	31	55	32	41	33	80	34	27	35	91	36	55	37	70	38	74	39	95	40	88	41	57	42	69	43	96	44	51	45	1	46	39	47	52	48	7	49	74
	0	21	1	83	2	43	3	96	4	70	5	47	6	22	7	47	8	77	9	42	10	2	11	23	12	99	13	66	14	32	15	26	16	28	17	90	18	93	19	84	20	56	21	99	22	15	23	53	24	16	25	18	26	97	27	50	28	4	29	38	30	22	31	13	32	10	33	89	34	20	35	90	36	12	37	35	38	49	39	97	40	18	41	96	42	78	43	12	44	54	45	9	46	92	47	74	48	33	49	80
	0	69	1	15	2	49	3	14	4	80	5	59	6	2	7	95	8	23	9	34	10	19	11	65	12	91	13	2	14	37	15	36	16	32	17	4	18	86	19	13	20	53	21	69	22	48	23	24	24	68	25	26	26	4	27	84	28	16	29	39	30	8	31	41	32	70	33	36	34	12	35	70	36	21	37	3	38	60	39	28	40	27	41	83	42	25	43	77	44	34	45	70	46	39	47	36	48	28	49	16
	0	57	1	30	2	69	3	78	4	40	5	33	6	6	7	71	8	70	9	33	10	96	11	14	12	6	13	66	14	55	15	72	16	60	17	86	18	23	19	41	20	55	21	85	22	28	23	29	24	72	25	61	26	62	27	23	28	33	29	16	30	24	31	50	32	42	33	26	34	79	35	69	36	3	37	97	38	46	39	56	40	79	41	35	42	17	43	70	44	61	45	63	46	50	47	2	48	69	49	71
	0	14	1	56	2	85	3	94	4	66	5	7	6	18	7	40	8	87	9	45	10	18	11	15	12	8	13	86	14	22	15	27	16	9	17	12	18	75	19	54	20	63	21	89	22	68	23	10	24	61	25	51	26	89	27	56	28	54	29	54	30	69	31	22	32	68	33	55	34	83	35	52	36	100	37	52	38	27	39	78	40	11	41	94	42	79	43	88	44	40	45	52	46	30	47	52	48	32	49	4
	0	30	1	5	2	50	3	83	4	81	5	15	6	6	7	80	8	90	9	79	10	36	11	9	12	50	13	25	14	4	15	75	16	13	17	16	18	11	19	2	20	72	21	77	22	35	23	6	24	82	25	3	26	48	27	31	28	62	29	6	30	64	31	70	32	74	33	16	34	24	35	51	36	70	37	47	38	23	39	56	40	47	41	84	42	35	43	98	44	61	45	56	46	89	47	77	48	71	49	9
	0	98	1	94	2	35	3	79	4	53	5	94	6	76	7	42	8	31	9	54	10	69	11	83	12	69	13	58	14	44	15	15	16	20	17	6	18	94	19	42	20	81	21	55	22	26	23	34	24	60	25	5	26	7	27	80	28	31	29	49	30	87	31	17	32	81	33	69	34	4	35	65	36	56	37	45	38	92	39	1	40	58	41	7	42	60	43	69	44	54	45	47	46	13	47	98	48	93	49	64
	0	22	1	76	2	41	3	29	4	74	5	8	6	90	7	65	8	50	9	49	10	87	11	8	12	24	13	91	14	3	15	69	16	75	17	53	18	30	19	26	20	45	21	92	22	69	23	25	24	2	25	36	26	72	27	39	28	83	29	21	30	19	31	45	32	28	33	62	34	63	35	6	36	22	37	99	38	75	39	66	40	12	41	7	42	58	43	93	44	78	45	47	46	24	47	37	48	53	49	3
	0	54	1	79	2	32	3	37	4	74	5	96	6	19	7	46	8	22	9	64	10	93	11	6	12	95	13	65	14	96	15	53	16	100	17	92	18	84	19	13	20	36	21	45	22	72	23	85	24	88	25	75	26	76	27	62	28	25	29	18	30	50	31	12	32	6	33	21	34	35	35	77	36	54	37	58	38	96	39	50	40	47	41	78	42	11	43	40	44	38	45	47	46	17	47	43	48	1	49	68
	0	58	1	71	2	62	3	92	4	66	5	4	6	71	7	46	8	80	9	79	10	9	11	59	12	85	13	18	14	57	15	49	16	15	17	64	18	58	19	3	20	72	21	90	22	36	23	65	24	40	25	71	26	83	27	12	28	89	29	62	30	10	31	94	32	21	33	6	34	16	35	48	36	89	37	75	38	42	39	29	40	84	41	6	42	96	43	7	44	86	45	95	46	74	47	34	48	18	49	64
	0	8	1	73	2	46	3	94	4	25	5	34	6	15	7	15	8	90	9	84	10	19	11	80	12	66	13	3	14	37	15	69	16	27	17	7	18	94	19	95	20	84	21	71	22	14	23	13	24	31	25	13	26	89	27	60	28	19	29	24	30	73	31	59	32	96	33	60	34	74	35	81	36	92	37	21	38	5	39	48	40	34	41	89	42	21	43	7	44	5	45	8	46	51	47	22	48	97	49	13
	0	89	1	53	2	23	3	47	4	29	5	36	6	75	7	26	8	37	9	65	10	49	11	44	12	93	13	42	14	82	15	11	16	70	17	57	18	63	19	89	20	10	21	13	22	14	23	53	24	18	25	92	26	55	27	96	28	90	29	41	30	98	31	62	32	44	33	26	34	34	35	57	36	23	37	74	38	12	39	1	40	81	41	5	42	18	43	95	44	70	45	23	46	99	47	23	48	5	49	21
	0	9	1	27	2	65	3	17	4	49	5	5	6	39	7	23	8	44	9	33	10	65	11	17	12	72	13	1	14	83	15	80	16	33	17	30	18	20	19	89	20	45	21	92	22	79	23	11	24	72	25	55	26	82	27	24	28	49	29	44	30	10	31	57	32	43	33	51	34	35	35	29	36	77	37	76	38	23	39	25	40	91	41	58	42	69	43	57	44	31	45	31	46	91	47	70	48	84	49	19
	0	79	1	9	2	97	3	53	4	100	5	54	6	57	7	79	8	89	9	84	10	4	11	73	12	72	13	41	14	29	15	3	16	20	17	83	18	56	19	96	20	15	21	64	22	13	23	91	24	80	25	77	26	58	27	1	28	9	29	41	30	97	31	5	32	89	33	26	34	13	35	43	36	17	37	44	38	10	39	98	40	33	41	52	42	6	43	63	44	36	45	35	46	72	47	53	48	52	49	79
	0	65	1	99	2	68	3	46	4	21	5	25	6	56	7	13	8	5	9	14	10	35	11	25	12	23	13	95	14	75	15	94	16	57	17	21	18	13	19	32	20	65	21	18	22	41	23	94	24	71	25	16	26	5	27	93	28	23	29	95	30	96	31	77	32	5	33	19	34	44	35	14	36	21	37	32	38	38	39	10	40	97	41	24	42	28	43	45	44	64	45	23	46	93	47	33	48	13	49	47
	0	77	1	4	2	52	3	26	4	20	5	90	6	79	7	87	8	40	9	57	10	80	11	52	12	50	13	6	14	95	15	94	16	12	17	52	18	16	19	58	20	52	21	30	22	27	23	37	24	1	25	13	26	63	27	49	28	32	29	27	30	87	31	83	32	8	33	90	34	95	35	80	36	62	37	32	38	87	39	83	40	60	41	57	42	84	43	72	44	45	45	55	46	74	47	61	48	49	49	80
	0	3	1	28	2	6	3	48	4	58	5	9	6	27	7	29	8	10	9	61	10	14	11	23	12	4	13	93	14	12	15	54	16	14	17	19	18	40	19	27	20	16	21	61	22	41	23	14	24	24	25	31	26	44	27	79	28	5	29	58	30	39	31	60	32	75	33	43	34	89	35	54	36	25	37	48	38	37	39	82	40	41	41	71	42	94	43	32	44	8	45	42	46	2	47	3	48	25	49	57
	0	12	1	97	2	63	3	31	4	17	5	36	6	32	7	30	8	43	9	96	10	66	11	28	12	75	13	92	14	19	15	79	16	75	17	51	18	33	19	16	20	18	21	51	22	36	23	19	24	59	25	31	26	67	27	97	28	100	29	82	30	39	31	83	32	16	33	78	34	90	35	53	36	81	37	22	38	86	39	98	40	71	41	90	42	59	43	13	44	57	45	16	46	19	47	90	48	19	49	57
	0	56	1	24	2	18	3	4	4	21	5	73	6	31	7	59	8	66	9	26	10	35	11	73	12	60	13	65	14	76	15	19	16	35	17	40	18	83	19	59	20	10	21	90	22	90	23	6	24	6	25	57	26	94	27	9	28	53	29	6	30	61	31	2	32	39	33	35	34	39	35	98	36	67	37	26	38	62	39	20	40	11	41	99	42	43	43	1	44	91	45	46	46	97	47	84	48	1	49	56
	0	30	1	24	2	72	3	86	4	95	5	57	6	48	7	6	8	1	9	89	10	95	11	35	12	23	13	33	14	98	15	63	16	44	17	78	18	90	19	96	20	38	21	82	22	30	23	88	24	70	25	25	26	27	27	46	28	66	29	50	30	65	31	17	32	88	33	81	34	87	35	96	36	13	37	16	38	46	39	7	40	3	41	12	42	14	43	60	44	8	45	10	46	18	47	76	48	52	49	78
	0	52	1	31	2	79	3	77	4	70	5	66	6	69	7	49	8	62	9	63	10	54	11	8	12	72	13	90	14	80	15	84	16	14	17	52	18	4	19	23	20	84	21	8	22	30	23	74	24	76	25	40	26	4	27	5	28	56	29	92	30	40	31	24	32	61	33	3	34	35	35	100	36	98	37	7	38	100	39	10	40	81	41	68	42	16	43	66	44	38	45	93	46	88	47	79	48	58	49	18
	0	62	1	81	2	64	3	60	4	22	5	8	6	38	7	12	8	81	9	7	10	39	11	79	12	43	13	28	14	69	15	12	16	92	17	12	18	1	19	87	20	31	21	89	22	67	23	13	24	87	25	41	26	51	27	98	28	50	29	96	30	69	31	80	32	13	33	56	34	9	35	16	36	26	37	89	38	58	39	89	40	92	41	18	42	62	43	59	44	54	45	92	46	72	47	84	48	67	49	36
	0	88	1	84	2	38	3	3	4	98	5	24	6	87	7	69	8	67	9	24	10	64	11	57	12	42	13	52	14	15	15	80	16	61	17	28	18	98	19	29	20	85	21	61	22	72	23	53	24	93	25	4	26	24	27	7	28	15	29	70	30	10	31	62	32	88	33	78	34	6	35	10	36	47	37	2	38	18	39	97	40	13	41	48	42	83	43	74	44	18	45	76	46	60	47	49	48	85	49	52
	0	100	1	80	2	64	3	95	4	40	5	43	6	69	7	39	8	62	9	53	10	86	11	51	12	3	13	41	14	48	15	49	16	25	17	6	18	83	19	29	20	64	21	88	22	87	23	92	24	21	25	45	26	82	27	18	28	72	29	20	30	65	31	44	32	3	33	32	34	38	35	31	36	97	37	31	38	98	39	40	40	33	41	100	42	18	43	31	44	63	45	90	46	38	47	79	48	97	49	25
	0	69	1	59	2	94	3	17	4	56	5	34	6	47	7	60	8	67	9	73	10	8	11	19	12	3	13	62	14	85	15	15	16	42	17	92	18	28	19	76	20	58	21	33	22	62	23	5	24	90	25	44	26	39	27	88	28	47	29	54	30	27	31	43	32	64	33	26	34	59	35	74	36	59	37	1	38	91	39	96	40	48	41	61	42	58	43	31	44	26	45	67	46	32	47	99	48	8	49	71
	0	100	1	50	2	96	3	98	4	31	5	17	6	26	7	48	8	10	9	81	10	85	11	57	12	31	13	72	14	23	15	38	16	90	17	64	18	4	19	75	20	36	21	21	22	48	23	29	24	46	25	9	26	77	27	19	28	40	29	90	30	63	31	41	32	61	33	38	34	33	35	66	36	80	37	71	38	97	39	27	40	93	41	76	42	81	43	77	44	32	45	65	46	95	47	82	48	5	49	4
	0	70	1	85	2	28	3	89	4	34	5	52	6	26	7	69	8	22	9	82	10	8	11	36	12	29	13	52	14	45	15	42	16	56	17	17	18	6	19	94	20	17	21	95	22	34	23	47	24	87	25	2	26	61	27	14	28	25	29	20	30	3	31	28	32	6	33	14	34	68	35	47	36	18	37	28	38	87	39	88	40	46	41	19	42	48	43	24	44	24	45	29	46	67	47	76	48	25	49	86
	0	65	1	99	2	46	3	90	4	12	5	30	6	71	7	21	8	57	9	49	10	54	11	90	12	64	13	82	14	31	15	98	16	14	17	28	18	59	19	85	20	51	21	13	22	55	23	97	24	77	25	77	26	60	27	74	28	25	29	67	30	69	31	59	32	69	33	90	34	89	35	76	36	40	37	25	38	26	39	28	40	66	41	40	42	17	43	8	44	55	45	25	46	35	47	21	48	85	49	56
	0	58	1	76	2	71	3	49	4	74	5	84	6	19	7	60	8	47	9	66	10	1	11	59	12	89	13	70	14	91	15	60	16	98	17	45	18	64	19	98	20	63	21	15	22	41	23	94	24	44	25	66	26	22	27	33	28	78	29	21	30	55	31	42	32	66	33	81	34	34	35	68	36	51	37	48	38	9	39	77	40	88	41	60	42	57	43	9	44	54	45	10	46	58	47	90	48	68	49	15
	0	62	1	77	2	12	3	78	4	46	5	62	6	63	7	32	8	95	9	94	10	90	11	88	12	57	13	87	14	75	15	6	16	60	17	8	18	51	19	61	20	87	21	69	22	81	23	88	24	41	25	85	26	4	27	17	28	58	29	52	30	41	31	32	32	45	33	55	34	26	35	11	36	50	37	27	38	94	39	52	40	87	41	11	42	72	43	62	44	81	45	84	46	25	47	85	48	2	49	67
	0	63	1	94	2	2	3	18	4	20	5	58	6	82	7	74	8	51	9	84	10	34	11	5	12	5	13	66	14	57	15	89	16	77	17	15	18	31	19	18	20	55	21	47	22	95	23	100	24	95	25	35	26	76	27	9	28	100	29	76	30	44	31	9	32	92	33	21	34	11	35	45	36	96	37	56	38	92	39	74	40	76	41	52	42	90	43	99	44	90	45	15	46	74	47	100	48	57	49	88
	0	74	1	99	2	58	3	15	4	97	5	92	6	100	7	51	8	48	9	33	10	30	11	67	12	5	13	63	14	67	15	18	16	77	17	8	18	93	19	42	20	67	21	98	22	30	23	17	24	85	25	70	26	74	27	3	28	7	29	72	30	79	31	31	32	72	33	73	34	9	35	32	36	55	37	32	38	99	39	5	40	61	41	12	42	90	43	69	44	35	45	20	46	35	47	62	48	74	49	7
	0	90	1	55	2	84	3	72	4	34	5	25	6	37	7	46	8	80	9	82	10	97	11	56	12	76	13	48	14	27	15	84	16	13	17	49	18	12	19	78	20	73	21	44	22	37	23	93	24	100	25	23	26	19	27	37	28	65	29	30	30	80	31	79	32	65	33	10	34	3	35	38	36	82	37	73	38	22	39	44	40	76	41	29	42	19	43	64	44	1	45	42	46	48	47	14	48	66	49	93
	0	96	1	5	2	75	3	67	4	56	5	12	6	26	7	93	8	73	9	34	10	45	11	4	12	85	13	100	14	86	15	98	16	70	17	50	18	34	19	11	20	74	21	68	22	75	23	49	24	82	25	74	26	29	27	19	28	51	29	83	30	63	31	69	32	16	33	98	34	27	35	23	36	54	37	93	38	79	39	72	40	46	41	94	42	83	43	65	44	83	45	87	46	21	47	85	48	8	49	78
	0	25	1	39	2	83	3	13	4	36	5	71	6	27	7	26	8	52	9	87	10	61	11	54	12	91	13	58	14	66	15	59	16	22	17	14	18	27	19	50	20	15	21	80	22	21	23	68	24	11	25	96	26	78	27	93	28	30	29	18	30	29	31	4	32	56	33	9	34	99	35	62	36	63	37	53	38	26	39	27	40	86	41	55	42	10	43	23	44	36	45	17	46	21	47	3	48	23	49	93
	0	29	1	87	2	36	3	60	4	12	5	66	6	75	7	81	8	81	9	14	10	71	11	17	12	23	13	26	14	1	15	26	16	29	17	87	18	5	19	79	20	86	21	45	22	65	23	33	24	38	25	31	26	76	27	82	28	40	29	60	30	64	31	65	32	69	33	94	34	88	35	87	36	67	37	65	38	47	39	8	40	12	41	81	42	95	43	78	44	66	45	55	46	4	47	45	48	38	49	50
	0	57	1	59	2	47	3	14	4	43	5	33	6	93	7	54	8	86	9	62	10	62	11	71	12	48	13	86	14	18	15	53	16	64	17	58	18	67	19	7	20	17	21	63	22	97	23	67	24	49	25	77	26	15	27	17	28	78	29	73	30	48	31	100	32	58	33	30	34	81	35	32	36	97	37	70	38	32	39	9	40	37	41	45	42	13	43	95	44	50	45	63	46	100	47	33	48	2	49	98
	0	25	1	94	2	94	3	37	4	71	5	83	6	77	7	63	8	11	9	50	10	9	11	69	12	40	13	79	14	94	15	56	16	91	17	60	18	21	19	57	20	18	21	51	22	92	23	94	24	99	25	4	26	13	27	57	28	1	29	95	30	85	31	60	32	88	33	97	34	10	35	21	36	77	37	79	38	16	39	64	40	75	41	7	42	49	43	42	44	52	45	14	46	95	47	26	48	17	49	23
	0	31	1	13	2	22	3	76	4	13	5	51	6	10	7	81	8	52	9	78	10	63	11	86	12	39	13	21	14	34	15	47	16	15	17	6	18	64	19	44	20	99	21	84	22	16	23	58	24	25	25	55	26	80	27	23	28	38	29	57	30	27	31	13	32	65	33	55	34	23	35	16	36	57	37	32	38	18	39	28	40	53	41	89	42	86	43	42	44	40	45	86	46	76	47	42	48	81	49	88
	0	92	1	6	2	56	3	2	4	21	5	82	6	30	7	20	8	77	9	12	10	42	11	92	12	27	13	82	14	77	15	3	16	9	17	45	18	73	19	30	20	78	21	57	22	71	23	4	24	27	25	92	26	5	27	87	28	58	29	43	30	99	31	61	32	25	33	32	34	9	35	76	36	62	37	76	38	32	39	3	40	56	41	78	42	75	43	2	44	51	45	48	46	45	47	79	48	74	49	74
	0	8	1	16	2	29	3	97	4	31	5	87	6	2	7	49	8	99	9	82	10	57	11	73	12	82	13	23	14	38	15	29	16	78	17	39	18	93	19	50	20	65	21	20	22	86	23	6	24	48	25	81	26	68	27	93	28	67	29	5	30	21	31	54	32	5	33	37	34	91	35	88	36	29	37	57	38	84	39	18	40	31	41	55	42	84	43	23	44	62	45	73	46	12	47	43	48	77	49	1
	0	52	1	26	2	36	3	39	4	94	5	68	6	19	7	54	8	81	9	63	10	59	11	7	12	60	13	75	14	100	15	15	16	68	17	87	18	32	19	83	20	5	21	93	22	57	23	18	24	82	25	44	26	91	27	12	28	37	29	57	30	17	31	49	32	59	33	43	34	21	35	79	36	65	37	29	38	89	39	70	40	24	41	69	42	58	43	10	44	10	45	66	46	26	47	51	48	46	49	63
	0	76	1	83	2	53	3	56	4	75	5	8	6	27	7	55	8	42	9	40	10	10	11	96	12	2	13	45	14	16	15	53	16	66	17	11	18	43	19	40	20	7	21	3	22	63	23	84	24	25	25	43	26	98	27	96	28	11	29	20	30	94	31	100	32	68	33	31	34	76	35	78	36	32	37	89	38	27	39	37	40	9	41	62	42	36	43	21	44	33	45	29	46	10	47	21	48	89	49	59
	0	27	1	42	2	66	3	58	4	100	5	46	6	35	7	34	8	56	9	71	10	78	11	76	12	66	13	97	14	85	15	50	16	77	17	21	18	17	19	53	20	24	21	34	22	4	23	83	24	27	25	35	26	6	27	18	28	8	29	27	30	78	31	96	32	77	33	66	34	3	35	63	36	67	37	58	38	89	39	15	40	26	41	37	42	45	43	49	44	95	45	65	46	75	47	15	48	20	49	34
	0	68	1	16	2	93	3	56	4	62	5	10	6	5	7	77	8	11	9	3	10	63	11	66	12	89	13	48	14	9	15	31	16	3	17	73	18	30	19	86	20	6	21	17	22	59	23	79	24	26	25	43	26	99	27	31	28	55	29	52	30	25	31	56	32	65	33	23	34	40	35	76	36	37	37	50	38	98	39	29	40	35	41	55	42	8	43	46	44	51	45	93	46	97	47	45	48	94	49	72
	0	88	1	61	2	23	3	75	4	11	5	23	6	29	7	43	8	79	9	33	10	14	11	39	12	69	13	14	14	34	15	43	16	6	17	31	18	3	19	13	20	41	21	9	22	60	23	20	24	60	25	89	26	62	27	58	28	72	29	5	30	51	31	67	32	71	33	76	34	2	35	25	36	48	37	31	38	60	39	6	40	18	41	28	42	10	43	7	44	89	45	26	46	49	47	75	48	64	49	24
	0	55	1	11	2	80	3	74	4	63	5	19	6	18	7	30	8	90	9	26	10	26	11	98	12	93	13	94	14	44	15	90	16	22	17	2	18	42	19	6	20	18	21	69	22	83	23	82	24	71	25	36	26	79	27	97	28	25	29	41	30	18	31	19	32	9	33	56	34	66	35	22	36	15	37	52	38	67	39	21	40	75	41	27	42	4	43	99	44	85	45	15	46	5	47	27	48	83	49	47
	0	75	1	89	2	98	3	44	4	22	5	78	6	98	7	59	8	89	9	23	10	26	11	93	12	8	13	47	14	98	15	64	16	59	17	88	18	85	19	95	20	70	21	25	22	26	23	46	24	14	25	73	26	37	27	19	28	82	29	72	30	6	31	99	32	35	33	61	34	89	35	20	36	67	37	13	38	58	39	60	40	29	41	87	42	60	43	5	44	4	45	100	46	80	47	49	48	26	49	49
	0	35	1	99	2	76	3	21	4	22	5	17	6	17	7	74	8	6	9	20	10	39	11	76	12	32	13	100	14	19	15	41	16	79	17	63	18	32	19	97	20	93	21	76	22	66	23	62	24	79	25	83	26	11	27	36	28	31	29	30	30	42	31	17	32	25	33	93	34	16	35	2	36	13	37	28	38	35	39	43	40	91	41	60	42	71	43	53	44	22	45	94	46	30	47	88	48	47	49	13
	0	16	1	54	2	11	3	94	4	26	5	12	6	82	7	56	8	65	9	78	10	46	11	25	12	91	13	46	14	6	15	83	16	3	17	74	18	19	19	16	20	47	21	14	22	38	23	7	24	6	25	84	26	57	27	25	28	81	29	1	30	69	31	91	32	98	33	24	34	94	35	52	36	90	37	86	38	12	39	80	40	37	41	11	42	42	43	56	44	64	45	29	46	29	47	50	48	35	49	57
	0	31	1	71	2	90	3	6	4	40	5	57	6	5	7	10	8	39	9	39	10	91	11	15	12	19	13	90	14	41	15	58	16	91	17	43	18	100	19	26	20	60	21	38	22	28	23	85	24	56	25	45	26	60	27	96	28	37	29	53	30	92	31	86	32	10	33	35	34	57	35	29	36	33	37	29	38	63	39	38	40	90	41	86	42	89	43	6	44	61	45	83	46	91	47	23	48	24	49	7
	0	54	1	61	2	59	3	39	4	75	5	14	6	45	7	14	8	84	9	18	10	69	11	26	12	34	13	11	14	86	15	1	16	2	17	83	18	98	19	72	20	6	21	40	22	53	23	14	24	9	25	90	26	58	27	18	28	77	29	1	30	84	31	38	32	8	33	9	34	89	35	21	36	44	37	75	38	88	39	91	40	52	41	5	42	62	43	81	44	7	45	93	46	61	47	13	48	34	49	55
	0	65	1	61	2	92	3	50	4	90	5	74	6	96	7	20	8	69	9	19	10	10	11	85	12	33	13	83	14	75	15	78	16	75	17	45	18	37	19	12	20	81	21	1	22	86	23	5	24	44	25	7	26	39	27	10	28	7	29	67	30	21	31	22	32	4	33	97	34	16	35	68	36	85	37	20	38	99	39	90	40	45	41	88	42	85	43	85	44	2	45	37	46	29	47	64	48	88	49	2
	0	88	1	30	2	44	3	74	4	15	5	6	6	41	7	68	8	41	9	52	10	65	11	11	12	90	13	51	14	34	15	6	16	2	17	57	18	40	19	5	20	79	21	31	22	34	23	4	24	78	25	24	26	93	27	49	28	98	29	53	30	42	31	5	32	63	33	99	34	14	35	39	36	78	37	34	38	74	39	4	40	6	41	25	42	49	43	44	44	22	45	97	46	19	47	43	48	7	49	43
	0	80	1	85	2	2	3	16	4	80	5	19	6	49	7	39	8	80	9	19	10	70	11	19	12	100	13	99	14	62	15	54	16	50	17	28	18	20	19	55	20	59	21	35	22	11	23	48	24	40	25	17	26	61	27	4	28	67	29	89	30	23	31	19	32	49	33	19	34	42	35	53	36	23	37	66	38	42	39	80	40	5	41	99	42	91	43	27	44	67	45	52	46	17	47	92	48	32	49	74
	0	94	1	74	2	8	3	53	4	14	5	53	6	92	7	33	8	4	9	4	10	31	11	50	12	73	13	39	14	10	15	64	16	82	17	92	18	95	19	52	20	82	21	13	22	81	23	91	24	62	25	29	26	95	27	59	28	92	29	77	30	59	31	12	32	62	33	34	34	26	35	31	36	58	37	87	38	28	39	44	40	10	41	21	42	12	43	62	44	14	45	23	46	48	47	82	48	11	49	22
	0	26	1	61	2	77	3	18	4	91	5	51	6	46	7	67	8	81	9	43	10	86	11	35	12	51	13	78	14	93	15	19	16	16	17	15	18	67	19	13	20	42	21	57	22	92	23	66	24	54	25	83	26	34	27	55	28	69	29	34	30	29	31	71	32	40	33	54	34	18	35	87	36	89	37	85	38	61	39	73	40	66	41	52	42	29	43	56	44	48	45	10	46	65	47	51	48	76	49	29
	0	49	1	5	2	97	3	29	4	24	5	40	6	47	7	1	8	56	9	82	10	97	11	84	12	40	13	4	14	59	15	69	16	79	17	27	18	100	19	50	20	82	21	65	22	40	23	61	24	84	25	95	26	9	27	48	28	60	29	90	30	98	31	75	32	94	33	52	34	27	35	68	36	35	37	31	38	25	39	30	40	34	41	16	42	78	43	98	44	59	45	27	46	96	47	18	48	17	49	60
	0	17	1	56	2	46	3	53	4	34	5	72	6	48	7	71	8	17	9	32	10	73	11	36	12	69	13	29	14	75	15	58	16	38	17	34	18	14	19	19	20	70	21	9	22	57	23	32	24	78	25	41	26	6	27	85	28	63	29	93	30	71	31	22	32	6	33	63	34	43	35	36	36	27	37	13	38	50	39	65	40	72	41	5	42	3	43	30	44	73	45	45	46	49	47	41	48	4	49	39
	0	7	1	71	2	7	3	4	4	45	5	70	6	84	7	83	8	12	9	61	10	65	11	60	12	65	13	62	14	1	15	85	16	24	17	100	18	41	19	40	20	52	21	26	22	95	23	11	24	58	25	48	26	89	27	52	28	54	29	32	30	70	31	47	32	19	33	45	34	7	35	11	36	50	37	34	38	100	39	94	40	12	41	79	42	4	43	63	44	2	45	44	46	8	47	85	48	96	49	22
	0	47	1	33	2	48	3	63	4	28	5	97	6	55	7	9	8	91	9	59	10	12	11	77	12	52	13	71	14	9	15	84	16	87	17	46	18	59	19	92	20	55	21	44	22	52	23	100	24	76	25	23	26	72	27	44	28	2	29	79	30	25	31	66	32	58	33	1	34	66	35	53	36	32	37	8	38	18	39	68	40	47	41	48	42	27	43	34	44	35	45	79	46	99	47	26	48	9	49	58
	0	91	1	75	2	96	3	7	4	85	5	24	6	73	7	35	8	45	9	56	10	29	11	34	12	35	13	89	14	32	15	79	16	66	17	32	18	91	19	95	20	77	21	21	22	22	23	80	24	87	25	79	26	76	27	89	28	64	29	93	30	79	31	19	32	98	33	80	34	89	35	58	36	71	37	93	38	82	39	73	40	75	41	84	42	6	43	69	44	6	45	31	46	77	47	26	48	41	49	6
	0	7	1	7	2	72	3	2	4	77	5	90	6	61	7	98	8	1	9	70	10	42	11	98	12	50	13	29	14	63	15	67	16	23	17	72	18	78	19	84	20	86	21	87	22	97	23	48	24	18	25	54	26	78	27	28	28	40	29	32	30	17	31	40	32	2	33	96	34	51	35	86	36	65	37	92	38	2	39	94	40	6	41	42	42	23	43	44	44	20	45	12	46	5	47	60	48	6	49	27
	0	83	1	16	2	62	3	3	4	32	5	83	6	24	7	10	8	48	9	99	10	18	11	10	12	53	13	66	14	20	15	16	16	68	17	84	18	38	19	76	20	47	21	83	22	59	23	80	24	59	25	21	26	32	27	23	28	74	29	46	30	66	31	3	32	69	33	46	34	84	35	24	36	82	37	35	38	49	39	13	40	69	41	56	42	51	43	1	44	41	45	79	46	24	47	21	48	86	49	48
	0	41	1	8	2	13	3	94	4	98	5	6	6	59	7	10	8	73	9	39	10	52	11	79	12	51	13	81	14	28	15	70	16	19	17	30	18	30	19	69	20	93	21	85	22	54	23	98	24	25	25	72	26	4	27	39	28	98	29	70	30	76	31	69	32	15	33	30	34	2	35	71	36	28	37	97	38	89	39	80	40	78	41	67	42	55	43	74	44	31	45	43	46	59	47	24	48	32	49	76
	0	46	1	58	2	21	3	5	4	75	5	14	6	71	7	18	8	100	9	68	10	47	11	19	12	17	13	77	14	97	15	62	16	98	17	73	18	30	19	80	20	72	21	90	22	26	23	39	24	32	25	12	26	95	27	72	28	71	29	81	30	81	31	96	32	80	33	94	34	73	35	99	36	58	37	82	38	67	39	58	40	19	41	54	42	94	43	28	44	94	45	40	46	18	47	99	48	68	49	72
	0	50	1	34	2	92	3	86	4	40	5	13	6	65	7	38	8	52	9	55	10	78	11	55	12	22	13	97	14	64	15	80	16	57	17	48	18	90	19	68	20	33	21	41	22	83	23	49	24	85	25	59	26	2	27	67	28	6	29	15	30	62	31	54	32	8	33	89	34	88	35	5	36	91	37	75	38	66	39	59	40	33	41	78	42	3	43	99	44	3	45	67	46	16	47	35	48	52	49	83
	0	14	1	29	2	38	3	39	4	49	5	68	6	84	7	75	8	43	9	4	10	82	11	58	12	12	13	19	14	92	15	28	16	56	17	73	18	94	19	37	20	84	21	48	22	88	23	30	24	77	25	4	26	69	27	68	28	34	29	92	30	6	31	87	32	32	33	10	34	93	35	53	36	5	37	90	38	77	39	40	40	26	41	37	42	65	43	53	44	34	45	81	46	62	47	84	48	54	49	3
	0	7	1	38	2	98	3	43	4	86	5	2	6	39	7	100	8	62	9	37	10	99	11	95	12	40	13	94	14	3	15	45	16	57	17	9	18	71	19	60	20	70	21	19	22	69	23	92	24	66	25	4	26	25	27	69	28	48	29	42	30	94	31	1	32	38	33	41	34	21	35	43	36	20	37	85	38	35	39	58	40	15	41	91	42	77	43	7	44	42	45	90	46	44	47	56	48	33	49	61
	0	3	1	84	2	88	3	82	4	96	5	32	6	95	7	88	8	67	9	26	10	48	11	39	12	46	13	57	14	36	15	40	16	98	17	13	18	1	19	73	20	19	21	85	22	61	23	22	24	15	25	2	26	74	27	13	28	31	29	57	30	69	31	89	32	86	33	36	34	79	35	96	36	43	37	62	38	55	39	61	40	24	41	8	42	33	43	62	44	41	45	55	46	99	47	51	48	8	49	82
	0	59	1	60	2	53	3	30	4	26	5	98	6	43	7	67	8	64	9	51	10	95	11	47	12	59	13	99	14	41	15	50	16	8	17	33	18	48	19	22	20	45	21	54	22	42	23	86	24	44	25	53	26	63	27	65	28	66	29	21	30	62	31	44	32	46	33	42	34	7	35	79	36	30	37	65	38	74	39	6	40	14	41	46	42	29	43	19	44	42	45	23	46	19	47	26	48	63	49	64
	0	61	1	95	2	59	3	77	4	50	5	43	6	92	7	2	8	59	9	46	10	26	11	19	12	3	13	54	14	35	15	19	16	60	17	59	18	91	19	43	20	4	21	35	22	94	23	88	24	79	25	50	26	2	27	23	28	7	29	29	30	50	31	64	32	39	33	1	34	86	35	13	36	61	37	80	38	56	39	53	40	31	41	48	42	10	43	45	44	8	45	34	46	19	47	89	48	95	49	34
	0	21	1	31	2	11	3	85	4	47	5	23	6	52	7	10	8	70	9	83	10	23	11	86	12	98	13	8	14	46	15	98	16	12	17	25	18	71	19	9	20	90	21	99	22	37	23	8	24	96	25	21	26	86	27	69	28	9	29	54	30	7	31	7	32	28	33	5	34	58	35	2	36	83	37	45	38	12	39	56	40	20	41	17	42	16	43	89	44	54	45	73	46	55	47	87	48	16	49	51
	0	56	1	56	2	15	3	87	4	97	5	54	6	6	7	100	8	81	9	9	10	38	11	16	12	97	13	24	14	14	15	14	16	87	17	43	18	85	19	2	20	81	21	34	22	72	23	63	24	72	25	95	26	87	27	37	28	44	29	4	30	73	31	5	32	78	33	62	34	22	35	15	36	86	37	2	38	8	39	59	40	67	41	65	42	62	43	80	44	74	45	64	46	77	47	88	48	27	49	81
	0	4	1	91	2	38	3	81	4	93	5	88	6	6	7	24	8	84	9	80	10	2	11	27	12	56	13	78	14	79	15	83	16	74	17	31	18	37	19	56	20	15	21	1	22	52	23	16	24	52	25	52	26	54	27	50	28	11	29	31	30	88	31	5	32	62	33	63	34	22	35	20	36	93	37	84	38	68	39	61	40	56	41	85	42	26	43	70	44	29	45	39	46	87	47	87	48	4	49	37
	0	43	1	12	2	87	3	58	4	77	5	3	6	2	7	38	8	61	9	42	10	4	11	23	12	61	13	14	14	54	15	19	16	27	17	66	18	28	19	70	20	40	21	52	22	30	23	34	24	17	25	88	26	54	27	31	28	10	29	58	30	14	31	84	32	51	33	52	34	27	35	87	36	16	37	30	38	28	39	49	40	30	41	39	42	40	43	23	44	23	45	24	46	42	47	12	48	6	49	21
	0	1	1	91	2	37	3	11	4	57	5	11	6	88	7	76	8	87	9	75	10	41	11	93	12	78	13	78	14	69	15	49	16	85	17	71	18	74	19	68	20	64	21	93	22	98	23	79	24	100	25	64	26	32	27	64	28	59	29	48	30	70	31	78	32	57	33	19	34	7	35	15	36	6	37	4	38	57	39	66	40	82	41	69	42	54	43	2	44	40	45	72	46	62	47	64	48	54	49	21
	0	91	1	51	2	65	3	85	4	15	5	40	6	56	7	58	8	28	9	78	10	10	11	81	12	88	13	17	14	90	15	53	16	30	17	3	18	67	19	100	20	51	21	31	22	84	23	87	24	6	25	12	26	13	27	75	28	53	29	48	30	76	31	74	32	39	33	74	34	5	35	36	36	36	37	39	38	80	39	91	40	37	41	22	42	67	43	21	44	87	45	8	46	37	47	19	48	20	49	81
	0	51	1	89	2	6	3	80	4	37	5	80	6	39	7	62	8	82	9	45	10	21	11	39	12	34	13	93	14	23	15	1	16	81	17	63	18	26	19	30	20	37	21	28	22	65	23	68	24	76	25	26	26	50	27	11	28	80	29	67	30	23	31	17	32	89	33	62	34	63	35	65	36	78	37	74	38	74	39	4	40	100	41	91	42	5	43	68	44	60	45	68	46	81	47	57	48	8	49	82
	0	54	1	9	2	87	3	8	4	100	5	2	6	52	7	8	8	20	9	73	10	48	11	76	12	18	13	43	14	30	15	10	16	73	17	75	18	41	19	73	20	19	21	7	22	94	23	76	24	1	25	51	26	29	27	16	28	83	29	32	30	23	31	12	32	1	33	9	34	86	35	50	36	17	37	22	38	78	39	28	40	97	41	32	42	14	43	52	44	17	45	57	46	47	47	29	48	94	49	37
	0	54	1	58	2	62	3	52	4	58	5	14	6	63	7	95	8	63	9	80	10	31	11	78	12	81	13	72	14	53	15	3	16	85	17	45	18	69	19	43	20	12	21	1	22	38	23	13	24	98	25	25	26	65	27	19	28	32	29	14	30	92	31	19	32	42	33	85	34	74	35	34	36	58	37	67	38	3	39	96	40	28	41	30	42	63	43	15	44	60	45	84	46	6	47	3	48	31	49	65
	0	96	1	93	2	77	3	93	4	59	5	33	6	62	7	54	8	39	9	55	10	96	11	62	12	41	13	27	14	22	15	87	16	10	17	64	18	29	19	54	20	90	21	39	22	35	23	62	24	47	25	24	26	58	27	72	28	62	29	60	30	66	31	56	32	17	33	12	34	70	35	20	36	34	37	96	38	18	39	22	40	50	41	52	42	72	43	73	44	23	45	7	46	11	47	76	48	8	49	64
	0	77	1	42	2	51	3	98	4	42	5	98	6	85	7	52	8	90	9	58	10	32	11	63	12	26	13	42	14	37	15	56	16	58	17	52	18	93	19	94	20	18	21	42	22	39	23	65	24	11	25	46	26	26	27	44	28	17	29	37	30	87	31	74	32	79	33	51	34	71	35	35	36	52	37	89	38	12	39	7	40	96	41	71	42	34	43	41	44	45	45	22	46	41	47	96	48	77	49	8
	0	26	1	12	2	64	3	51	4	85	5	10	6	88	7	83	8	48	9	60	10	46	11	33	12	50	13	43	14	82	15	51	16	94	17	3	18	11	19	10	20	93	21	65	22	32	23	37	24	93	25	63	26	50	27	72	28	100	29	16	30	34	31	61	32	79	33	19	34	100	35	13	36	94	37	68	38	94	39	88	40	94	41	18	42	98	43	3	44	83	45	40	46	2	47	66	48	20	49	43
	0	13	1	64	2	31	3	63	4	78	5	85	6	44	7	36	8	64	9	46	10	65	11	12	12	6	13	34	14	58	15	77	16	18	17	19	18	9	19	85	20	45	21	66	22	77	23	20	24	69	25	65	26	54	27	42	28	28	29	69	30	7	31	85	32	96	33	79	34	58	35	4	36	32	37	47	38	30	39	6	40	5	41	72	42	71	43	98	44	40	45	2	46	23	47	36	48	53	49	86
	0	4	1	69	2	73	3	23	4	17	5	7	6	50	7	11	8	16	9	46	10	16	11	87	12	72	13	48	14	44	15	12	16	39	17	54	18	13	19	56	20	98	21	58	22	88	23	58	24	36	25	99	26	54	27	92	28	97	29	33	30	87	31	58	32	86	33	95	34	33	35	69	36	43	37	58	38	27	39	10	40	100	41	57	42	94	43	96	44	89	45	41	46	86	47	45	48	73	49	43
	0	61	1	44	2	7	3	16	4	21	5	85	6	61	7	55	8	37	9	81	10	56	11	98	12	46	13	6	14	96	15	100	16	99	17	12	18	92	19	92	20	83	21	8	22	26	23	100	24	62	25	25	26	91	27	60	28	95	29	86	30	92	31	66	32	34	33	47	34	21	35	44	36	8	37	12	38	28	39	21	40	47	41	99	42	38	43	47	44	2	45	27	46	5	47	84	48	65	49	64
	0	6	1	68	2	93	3	28	4	92	5	9	6	87	7	56	8	66	9	93	10	93	11	70	12	59	13	81	14	14	15	4	16	15	17	44	18	50	19	77	20	4	21	64	22	12	23	28	24	34	25	86	26	72	27	44	28	20	29	14	30	48	31	37	32	39	33	82	34	30	35	68	36	81	37	36	38	8	39	20	40	62	41	14	42	43	43	61	44	72	45	11	46	99	47	51	48	67	49	58
	0	41	1	89	2	38	3	68	4	32	5	1	6	97	7	9	8	20	9	8	10	79	11	19	12	82	13	47	14	50	15	69	16	63	17	4	18	59	19	44	20	35	21	100	22	85	23	89	24	55	25	45	26	60	27	43	28	11	29	30	30	68	31	67	32	71	33	40	34	62	35	29	36	76	37	1	38	37	39	2	40	52	41	95	42	53	43	92	44	23	45	9	46	6	47	6	48	53	49	88
	0	73	1	12	2	47	3	32	4	99	5	71	6	85	7	39	8	87	9	26	10	91	11	83	12	14	13	89	14	27	15	94	16	90	17	56	18	84	19	65	20	20	21	37	22	22	23	9	24	47	25	93	26	47	27	40	28	83	29	7	30	60	31	50	32	55	33	33	34	93	35	3	36	23	37	2	38	35	39	84	40	47	41	76	42	100	43	52	44	8	45	84	46	88	47	92	48	20	49	75
	0	65	1	79	2	71	3	75	4	28	5	80	6	96	7	41	8	51	9	61	10	63	11	23	12	36	13	93	14	18	15	13	16	95	17	50	18	37	19	15	20	50	21	47	22	69	23	72	24	18	25	82	26	63	27	49	28	32	29	54	30	31	31	23	32	1	33	84	34	73	35	70	36	14	37	63	38	72	39	23	40	50	41	91	42	38	43	49	44	30	45	1	46	59	47	72	48	43	49	63
	0	78	1	29	2	21	3	24	4	14	5	57	6	49	7	20	8	99	9	21	10	29	11	75	12	87	13	55	14	41	15	70	16	67	17	60	18	70	19	42	20	75	21	90	22	83	23	53	24	7	25	15	26	87	27	31	28	58	29	45	30	96	31	85	32	40	33	56	34	85	35	36	36	75	37	36	38	13	39	15	40	43	41	76	42	46	43	26	44	34	45	35	46	7	47	79	48	51	49	76
	0	29	1	27	2	42	3	54	4	6	5	70	6	76	7	91	8	46	9	18	10	76	11	81	12	88	13	8	14	75	15	93	16	25	17	31	18	81	19	83	20	54	21	15	22	32	23	30	24	47	25	56	26	1	27	46	28	90	29	5	30	81	31	35	32	72	33	53	34	41	35	94	36	97	37	69	38	60	39	88	40	43	41	74	42	59	43	43	44	18	45	76	46	94	47	29	48	67	49	83
	0	89	1	30	2	35	3	72	4	7	5	35	6	87	7	88	8	98	9	82	10	51	11	92	12	71	13	45	14	23	15	84	16	72	17	52	18	53	19	75	20	80	21	53	22	6	23	87	24	34	25	8	26	58	27	85	28	64	29	41	30	85	31	93	32	92	33	78	34	37	35	38	36	20	37	85	38	20	39	26	40	20	41	51	42	22	43	39	44	92	45	4	46	53	47	8	48	70	49	34
	0	93	1	18	2	67	3	74	4	62	5	22	6	13	7	66	8	51	9	84	10	11	11	95	12	97	13	88	14	16	15	90	16	66	17	68	18	31	19	12	20	94	21	46	22	45	23	77	24	6	25	92	26	76	27	95	28	77	29	42	30	100	31	10	32	56	33	28	34	59	35	78	36	31	37	19	38	89	39	23	40	10	41	71	42	18	43	46	44	65	45	23	46	18	47	93	48	43	49	18
	0	6	1	87	2	53	3	4	4	31	5	97	6	74	7	53	8	9	9	95	10	57	11	27	12	63	13	15	14	100	15	35	16	1	17	30	18	29	19	97	20	37	21	96	22	15	23	97	24	28	25	39	26	98	27	79	28	90	29	78	30	14	31	45	32	19	33	21	34	35	35	29	36	22	37	61	38	71	39	73	40	35	41	67	42	98	43	33	44	90	45	47	46	4	47	74	48	46	49	36
	0	68	1	50	2	18	3	21	4	21	5	64	6	38	7	6	8	51	9	62	10	54	11	100	12	42	13	8	14	53	15	63	16	73	17	30	18	44	19	36	20	8	21	55	22	59	23	63	24	53	25	55	26	46	27	68	28	69	29	79	30	57	31	39	32	55	33	49	34	73	35	43	36	51	37	27	38	7	39	70	40	22	41	7	42	68	43	80	44	13	45	67	46	98	47	100	48	98	49	91
	0	4	1	99	2	70	3	53	4	42	5	25	6	18	7	15	8	29	9	5	10	12	11	87	12	2	13	22	14	90	15	41	16	27	17	24	18	99	19	91	20	48	21	42	22	57	23	73	24	19	25	100	26	30	27	85	28	52	29	62	30	34	31	73	32	94	33	45	34	9	35	75	36	1	37	86	38	35	39	63	40	70	41	49	42	76	43	35	44	57	45	7	46	72	47	50	48	88	49	40
	0	27	1	12	2	35	3	23	4	45	5	48	6	31	7	8	8	20	9	26	10	20	11	13	12	2	13	12	14	88	15	80	16	51	17	76	18	14	19	64	20	93	21	72	22	33	23	53	24	19	25	62	26	8	27	54	28	94	29	76	30	45	31	79	32	72	33	100	34	98	35	3	36	20	37	45	38	58	39	16	40	28	41	54	42	18	43	60	44	15	45	24	46	42	47	27	48	90	49	68
	0	14	1	68	2	23	3	45	4	12	5	36	6	24	7	10	8	47	9	65	10	43	11	98	12	72	13	44	14	36	15	14	16	24	17	60	18	65	19	4	20	88	21	99	22	20	23	36	24	65	25	48	26	85	27	97	28	97	29	20	30	89	31	11	32	94	33	97	34	4	35	10	36	38	37	82	38	90	39	22	40	75	41	78	42	2	43	68	44	25	45	55	46	95	47	67	48	61	49	61
	0	4	1	92	2	41	3	97	4	82	5	41	6	91	7	59	8	19	9	100	10	74	11	8	12	85	13	18	14	4	15	38	16	59	17	22	18	72	19	36	20	39	21	41	22	99	23	72	24	50	25	17	26	43	27	41	28	94	29	21	30	12	31	64	32	9	33	2	34	71	35	14	36	19	37	39	38	33	39	17	40	16	41	75	42	79	43	57	44	82	45	51	46	52	47	67	48	58	49	62
	0	10	1	11	2	13	3	13	4	36	5	63	6	61	7	52	8	47	9	49	10	49	11	92	12	38	13	14	14	96	15	53	16	63	17	18	18	61	19	100	20	36	21	84	22	73	23	44	24	99	25	42	26	56	27	28	28	2	29	50	30	14	31	39	32	77	33	80	34	74	35	85	36	9	37	8	38	4	39	56	40	42	41	38	42	45	43	45	44	60	45	45	46	26	47	92	48	37	49	40
	0	52	1	99	2	53	3	60	4	83	5	1	6	6	7	56	8	54	9	16	10	80	11	40	12	87	13	86	14	35	15	83	16	3	17	7	18	51	19	3	20	43	21	89	22	15	23	82	24	39	25	99	26	54	27	83	28	8	29	92	30	44	31	77	32	61	33	9	34	44	35	85	36	32	37	22	38	54	39	5	40	91	41	32	42	64	43	82	44	81	45	66	46	77	47	22	48	4	49	28
	0	99	1	81	2	39	3	88	4	37	5	68	6	56	7	23	8	55	9	40	10	93	11	51	12	68	13	89	14	76	15	7	16	77	17	38	18	4	19	55	20	78	21	8	22	53	23	47	24	96	25	7	26	47	27	66	28	29	29	65	30	100	31	1	32	2	33	17	34	46	35	65	36	59	37	99	38	93	39	39	40	56	41	18	42	79	43	97	44	27	45	99	46	4	47	71	48	29	49	38
	0	75	1	27	2	98	3	99	4	98	5	84	6	71	7	38	8	80	9	99	10	49	11	43	12	33	13	79	14	14	15	23	16	15	17	10	18	18	19	91	20	19	21	18	22	9	23	8	24	9	25	82	26	72	27	96	28	73	29	80	30	83	31	41	32	19	33	40	34	16	35	27	36	54	37	15	38	44	39	85	40	20	41	7	42	29	43	51	44	67	45	17	46	99	47	51	48	91	49	90
	0	32	1	73	2	69	3	86	4	21	5	90	6	72	7	84	8	84	9	33	10	34	11	14	12	32	13	44	14	4	15	75	16	17	17	53	18	16	19	66	20	27	21	48	22	53	23	58	24	94	25	48	26	87	27	71	28	27	29	91	30	16	31	47	32	3	33	90	34	52	35	17	36	59	37	34	38	100	39	9	40	81	41	25	42	54	43	56	44	74	45	82	46	94	47	87	48	69	49	53
	0	54	1	13	2	92	3	15	4	12	5	44	6	100	7	58	8	95	9	100	10	76	11	73	12	26	13	1	14	14	15	99	16	45	17	40	18	47	19	97	20	73	21	90	22	9	23	53	24	22	25	91	26	18	27	29	28	47	29	10	30	22	31	17	32	5	33	85	34	65	35	64	36	72	37	87	38	37	39	68	40	17	41	64	42	33	43	66	44	53	45	47	46	33	47	73	48	97	49	33
	0	68	1	27	2	16	3	85	4	52	5	61	6	49	7	3	8	77	9	98	10	19	11	51	12	10	13	50	14	78	15	60	16	33	17	63	18	55	19	34	20	29	21	29	22	97	23	24	24	92	25	78	26	23	27	58	28	9	29	97	30	26	31	26	32	60	33	61	34	97	35	80	36	22	37	57	38	65	39	80	40	76	41	42	42	59	43	97	44	48	45	70	46	52	47	70	48	39	49	67
	0	28	1	58	2	31	3	58	4	1	5	43	6	55	7	56	8	60	9	83	10	75	11	73	12	21	13	2	14	21	15	24	16	32	17	86	18	68	19	15	20	19	21	10	22	45	23	53	24	12	25	10	26	36	27	8	28	75	29	98	30	86	31	21	32	5	33	59	34	30	35	33	36	13	37	85	38	31	39	85	40	80	41	47	42	46	43	15	44	43	45	94	46	8	47	30	48	80	49	42
	0	68	1	71	2	82	3	83	4	23	5	61	6	18	7	29	8	55	9	13	10	67	11	79	12	31	13	59	14	43	15	65	16	50	17	98	18	40	19	17	20	37	21	92	22	96	23	53	24	20	25	50	26	19	27	88	28	32	29	84	30	48	31	14	32	36	33	26	34	44	35	93	36	56	37	35	38	13	39	69	40	71	41	43	42	17	43	98	44	93	45	4	46	44	47	28	48	43	49	61
	0	8	1	5	2	100	3	39	4	17	5	79	6	79	7	22	8	50	9	20	10	66	11	77	12	86	13	92	14	16	15	44	16	19	17	30	18	98	19	85	20	27	21	23	22	29	23	74	24	87	25	93	26	46	27	69	28	58	29	28	30	96	31	94	32	62	33	19	34	53	35	31	36	47	37	80	38	86	39	87	40	5	41	78	42	38	43	92	44	91	45	94	46	88	47	54	48	35	49	92
	0	12	1	58	2	87	3	59	4	62	5	93	6	5	7	52	8	23	9	54	10	79	11	73	12	29	13	32	14	69	15	30	16	36	17	10	18	83	19	89	20	88	21	15	22	27	23	2	24	34	25	99	26	3	27	67	28	62	29	49	30	46	31	74	32	67	33	41	34	15	35	21	36	81	37	5	38	73	39	17	40	15	41	51	42	45	43	94	44	95	45	76	46	17	47	10	48	98	49	56
	0	21	1	14	2	14	3	91	4	25	5	84	6	99	7	59	8	9	9	80	10	81	11	85	12	24	13	73	14	40	15	59	16	26	17	33	18	83	19	24	20	61	21	79	22	70	23	38	24	40	25	51	26	79	27	89	28	13	29	33	30	95	31	91	32	50	33	40	34	76	35	15	36	80	37	66	38	36	39	19	40	42	41	31	42	24	43	85	44	60	45	91	46	18	47	78	48	34	49	91
	0	45	1	83	2	11	3	83	4	94	5	84	6	96	7	31	8	99	9	100	10	84	11	74	12	93	13	74	14	55	15	28	16	70	17	98	18	43	19	43	20	4	21	18	22	79	23	46	24	99	25	32	26	68	27	27	28	94	29	2	30	46	31	71	32	31	33	25	34	35	35	24	36	52	37	47	38	86	39	46	40	5	41	99	42	78	43	9	44	63	45	2	46	15	47	16	48	74	49	68
	0	38	1	62	2	22	3	84	4	43	5	74	6	49	7	77	8	81	9	85	10	69	11	73	12	64	13	24	14	83	15	10	16	14	17	47	18	64	19	73	20	30	21	36	22	82	23	45	24	64	25	19	26	85	27	15	28	6	29	19	30	47	31	65	32	54	33	19	34	64	35	31	36	1	37	94	38	48	39	32	40	52	41	69	42	51	43	74	44	87	45	78	46	29	47	11	48	100	49	53
	0	11	1	97	2	96	3	65	4	47	5	56	6	29	7	82	8	47	9	88	10	99	11	28	12	35	13	44	14	56	15	64	16	65	17	67	18	67	19	10	20	5	21	74	22	55	23	85	24	58	25	27	26	7	27	37	28	80	29	15	30	15	31	91	32	30	33	44	34	93	35	28	36	47	37	18	38	83	39	80	40	45	41	38	42	61	43	11	44	62	45	75	46	75	47	97	48	16	49	83
	0	99	1	52	2	61	3	45	4	83	5	39	6	14	7	90	8	15	9	83	10	26	11	22	12	54	13	62	14	16	15	29	16	78	17	42	18	67	19	77	20	55	21	97	22	83	23	18	24	51	25	12	26	38	27	41	28	14	29	72	30	67	31	65	32	3	33	77	34	88	35	50	36	51	37	42	38	51	39	64	40	93	41	73	42	45	43	48	44	78	45	20	46	23	47	53	48	52	49	52
	0	20	1	48	2	94	3	17	4	71	5	23	6	28	7	52	8	54	9	38	10	48	11	92	12	23	13	83	14	25	15	70	16	94	17	58	18	94	19	4	20	10	21	87	22	22	23	41	24	94	25	23	26	22	27	69	28	61	29	10	30	63	31	32	32	54	33	6	34	70	35	26	36	28	37	86	38	42	39	29	40	87	41	78	42	18	43	12	44	50	45	1	46	63	47	40	48	18	49	3
	0	66	1	36	2	39	3	36	4	75	5	98	6	15	7	88	8	89	9	65	10	99	11	79	12	2	13	80	14	51	15	91	16	73	17	13	18	82	19	79	20	42	21	17	22	93	23	87	24	40	25	40	26	71	27	67	28	54	29	24	30	31	31	83	32	44	33	53	34	92	35	28	36	23	37	32	38	32	39	2	40	52	41	16	42	63	43	31	44	7	45	20	46	23	47	9	48	14	49	67
	0	67	1	12	2	70	3	65	4	12	5	2	6	97	7	33	8	66	9	22	10	85	11	87	12	39	13	59	14	21	15	69	16	35	17	18	18	31	19	6	20	51	21	36	22	57	23	83	24	38	25	24	26	62	27	6	28	16	29	28	30	23	31	78	32	26	33	36	34	64	35	2	36	68	37	79	38	45	39	3	40	73	41	94	42	85	43	17	44	79	45	57	46	15	47	2	48	38	49	2
	0	59	1	60	2	61	3	76	4	19	5	75	6	66	7	8	8	93	9	14	10	10	11	80	12	51	13	40	14	9	15	40	16	56	17	31	18	67	19	84	20	7	21	11	22	87	23	1	24	32	25	32	26	21	27	67	28	61	29	70	30	81	31	12	32	64	33	11	34	36	35	20	36	21	37	54	38	47	39	18	40	76	41	49	42	17	43	63	44	69	45	46	46	74	47	53	48	76	49	32
	0	98	1	100	2	79	3	70	4	64	5	50	6	45	7	75	8	69	9	41	10	15	11	92	12	50	13	21	14	96	15	54	16	31	17	83	18	20	19	36	20	38	21	82	22	27	23	45	24	81	25	37	26	70	27	93	28	87	29	40	30	48	31	62	32	32	33	20	34	26	35	44	36	15	37	36	38	92	39	15	40	59	41	99	42	56	43	91	44	41	45	42	46	3	47	58	48	83	49	92
	0	40	1	86	2	56	3	15	4	12	5	57	6	80	7	28	8	65	9	77	10	22	11	10	12	91	13	55	14	23	15	56	16	85	17	51	18	8	19	45	20	83	21	49	22	60	23	22	24	79	25	88	26	56	27	25	28	25	29	70	30	13	31	89	32	79	33	21	34	73	35	21	36	40	37	71	38	23	39	23	40	86	41	98	42	60	43	7	44	18	45	20	46	9	47	31	48	61	49	59
	0	72	1	50	2	77	3	99	4	73	5	56	6	2	7	10	8	6	9	60	10	1	11	13	12	26	13	30	14	2	15	9	16	21	17	93	18	66	19	98	20	55	21	77	22	86	23	55	24	91	25	15	26	41	27	44	28	10	29	83	30	30	31	86	32	92	33	13	34	75	35	15	36	33	37	12	38	63	39	81	40	9	41	75	42	62	43	87	44	7	45	83	46	46	47	71	48	88	49	15
	0	89	1	76	2	51	3	5	4	38	5	51	6	13	7	58	8	64	9	90	10	29	11	63	12	41	13	4	14	10	15	89	16	26	17	74	18	7	19	62	20	20	21	30	22	90	23	40	24	37	25	68	26	26	27	34	28	17	29	79	30	22	31	57	32	55	33	68	34	19	35	90	36	35	37	89	38	29	39	100	40	87	41	97	42	52	43	37	44	8	45	36	46	27	47	16	48	21	49	76
	0	96	1	46	2	51	3	87	4	85	5	61	6	48	7	9	8	35	9	80	10	93	11	56	12	27	13	80	14	55	15	66	16	2	17	77	18	91	19	74	20	53	21	40	22	6	23	82	24	46	25	86	26	21	27	55	28	1	29	26	30	100	31	52	32	32	33	66	34	55	35	80	36	35	37	85	38	14	39	39	40	68	41	34	42	22	43	77	44	66	45	34	46	25	47	87	48	73	49	74
	0	39	1	12	2	6	3	21	4	13	5	38	6	64	7	3	8	35	9	88	10	50	11	37	12	46	13	58	14	81	15	87	16	51	17	44	18	89	19	96	20	49	21	66	22	44	23	20	24	21	25	69	26	59	27	58	28	46	29	75	30	41	31	56	32	34	33	13	34	16	35	21	36	93	37	34	38	39	39	97	40	81	41	12	42	46	43	59	44	89	45	74	46	42	47	41	48	79	49	13
	0	4	1	19	2	61	3	71	4	63	5	80	6	78	7	10	8	83	9	80	10	44	11	1	12	43	13	59	14	49	15	86	16	19	17	61	18	29	19	15	20	88	21	90	22	55	23	55	24	23	25	87	26	1	27	11	28	45	29	22	30	97	31	21	32	47	33	17	34	55	35	13	36	9	37	67	38	51	39	30	40	75	41	16	42	92	43	61	44	55	45	85	46	80	47	42	48	60	49	97
	0	97	1	5	2	12	3	17	4	26	5	99	6	70	7	10	8	4	9	3	10	57	11	88	12	86	13	5	14	89	15	93	16	31	17	28	18	47	19	51	20	71	21	9	22	29	23	72	24	6	25	79	26	81	27	99	28	42	29	93	30	89	31	26	32	70	33	2	34	92	35	30	36	33	37	75	38	34	39	2	40	61	41	13	42	72	43	61	44	45	45	6	46	11	47	88	48	83	49	29
	0	26	1	12	2	34	3	81	4	96	5	43	6	49	7	6	8	59	9	32	10	71	11	55	12	68	13	85	14	15	15	82	16	94	17	92	18	86	19	67	20	22	21	27	22	84	23	28	24	21	25	29	26	97	27	62	28	3	29	83	30	2	31	4	32	78	33	48	34	12	35	29	36	85	37	14	38	30	39	17	40	61	41	76	42	21	43	44	44	63	45	49	46	95	47	97	48	66	49	82
	0	64	1	10	2	95	3	40	4	27	5	65	6	68	7	42	8	80	9	15	10	61	11	97	12	74	13	19	14	19	15	68	16	43	17	91	18	63	19	58	20	1	21	17	22	91	23	90	24	69	25	76	26	50	27	31	28	68	29	75	30	40	31	93	32	16	33	90	34	75	35	83	36	91	37	64	38	6	39	15	40	58	41	10	42	89	43	89	44	78	45	15	46	44	47	99	48	37	49	53
	0	56	1	36	2	61	3	35	4	85	5	95	6	11	7	72	8	12	9	86	10	89	11	23	12	28	13	30	14	64	15	47	16	42	17	88	18	22	19	93	20	65	21	27	22	10	23	90	24	98	25	57	26	92	27	12	28	35	29	77	30	76	31	54	32	46	33	1	34	53	35	28	36	14	37	76	38	65	39	51	40	40	41	4	42	5	43	21	44	28	45	15	46	97	47	69	48	31	49	75
	0	13	1	48	2	5	3	19	4	39	5	2	6	9	7	38	8	88	9	4	10	55	11	55	12	9	13	86	14	74	15	91	16	66	17	78	18	80	19	85	20	66	21	37	22	32	23	19	24	62	25	28	26	19	27	82	28	76	29	98	30	37	31	55	32	99	33	50	34	21	35	1	36	67	37	94	38	50	39	7	40	31	41	63	42	49	43	1	44	58	45	89	46	37	47	38	48	36	49	96
	0	18	1	35	2	72	3	52	4	96	5	99	6	97	7	79	8	64	9	80	10	32	11	27	12	13	13	25	14	62	15	46	16	39	17	41	18	36	19	17	20	56	21	79	22	84	23	37	24	45	25	95	26	13	27	59	28	93	29	58	30	41	31	17	32	96	33	3	34	60	35	22	36	45	37	55	38	48	39	86	40	6	41	72	42	67	43	1	44	68	45	76	46	31	47	11	48	18	49	76
	0	9	1	20	2	70	3	9	4	4	5	52	6	57	7	32	8	36	9	39	10	55	11	60	12	7	13	4	14	15	15	32	16	30	17	75	18	2	19	35	20	42	21	36	22	75	23	34	24	52	25	16	26	70	27	82	28	78	29	45	30	51	31	5	32	70	33	57	34	43	35	89	36	45	37	8	38	76	39	21	40	60	41	28	42	95	43	41	44	5	45	46	46	10	47	29	48	98	49	38
	0	97	1	27	2	6	3	95	4	81	5	58	6	30	7	19	8	46	9	11	10	20	11	77	12	64	13	90	14	21	15	82	16	35	17	52	18	54	19	83	20	82	21	84	22	85	23	74	24	43	25	85	26	49	27	60	28	45	29	63	30	3	31	42	32	67	33	57	34	61	35	4	36	17	37	48	38	13	39	10	40	78	41	17	42	22	43	61	44	13	45	59	46	86	47	51	48	11	49	68
	0	74	1	32	2	33	3	59	4	86	5	75	6	86	7	68	8	100	9	86	10	22	11	68	12	5	13	18	14	59	15	91	16	23	17	79	18	60	19	24	20	83	21	39	22	9	23	46	24	91	25	76	26	90	27	3	28	9	29	21	30	48	31	49	32	45	33	86	34	73	35	96	36	4	37	85	38	69	39	53	40	66	41	96	42	71	43	43	44	81	45	100	46	26	47	33	48	3	49	16
	0	68	1	18	2	93	3	9	4	36	5	29	6	82	7	31	8	19	9	78	10	55	11	52	12	26	13	43	14	1	15	52	16	27	17	62	18	53	19	6	20	96	21	93	22	98	23	83	24	58	25	50	26	33	27	23	28	29	29	28	30	7	31	86	32	84	33	78	34	67	35	73	36	18	37	90	38	94	39	59	40	55	41	2	42	8	43	3	44	36	45	38	46	70	47	15	48	2	49	34
	0	16	1	93	2	27	3	31	4	92	5	70	6	81	7	16	8	79	9	21	10	37	11	59	12	38	13	35	14	33	15	64	16	98	17	37	18	69	19	40	20	71	21	20	22	88	23	61	24	72	25	37	26	76	27	63	28	78	29	35	30	92	31	7	32	47	33	52	34	81	35	96	36	90	37	5	38	70	39	32	40	59	41	35	42	26	43	47	44	93	45	89	46	22	47	53	48	51	49	58
	0	61	1	79	2	4	3	2	4	40	5	100	6	74	7	18	8	52	9	83	10	44	11	50	12	68	13	87	14	70	15	41	16	34	17	9	18	81	19	65	20	89	21	51	22	34	23	2	24	83	25	54	26	64	27	47	28	41	29	33	30	59	31	45	32	25	33	97	34	27	35	17	36	65	37	32	38	59	39	10	40	78	41	4	42	83	43	73	44	89	45	97	46	80	47	69	48	22	49	80
	0	98	1	49	2	34	3	93	4	85	5	65	6	99	7	79	8	40	9	86	10	64	11	9	12	26	13	58	14	49	15	72	16	21	17	7	18	52	19	32	20	92	21	81	22	75	23	71	24	7	25	96	26	93	27	71	28	40	29	97	30	35	31	5	32	17	33	88	34	34	35	39	36	13	37	64	38	74	39	61	40	4	41	61	42	46	43	96	44	29	45	8	46	80	47	72	48	13	49	36
	0	21	1	40	2	60	3	99	4	72	5	67	6	21	7	84	8	4	9	58	10	86	11	38	12	24	13	73	14	63	15	35	16	51	17	38	18	38	19	46	20	17	21	80	22	34	23	2	24	27	25	28	26	11	27	59	28	20	29	55	30	72	31	100	32	25	33	60	34	69	35	34	36	6	37	15	38	26	39	82	40	26	41	23	42	24	43	56	44	97	45	59	46	5	47	72	48	79	49	99
	0	3	1	55	2	44	3	52	4	4	5	15	6	28	7	49	8	89	9	25	10	32	11	65	12	16	13	16	14	50	15	60	16	46	17	57	18	22	19	78	20	19	21	9	22	47	23	43	24	29	25	66	26	19	27	30	28	57	29	8	30	47	31	98	32	70	33	38	34	78	35	33	36	84	37	83	38	53	39	20	40	48	41	74	42	35	43	37	44	5	45	32	46	16	47	71	48	38	49	41
	0	72	1	55	2	92	3	62	4	38	5	10	6	46	7	35	8	13	9	39	10	78	11	76	12	13	13	74	14	20	15	45	16	51	17	19	18	37	19	68	20	90	21	13	22	44	23	22	24	7	25	96	26	49	27	21	28	72	29	90	30	13	31	61	32	19	33	87	34	32	35	15	36	54	37	30	38	93	39	83	40	62	41	29	42	72	43	38	44	72	45	29	46	57	47	25	48	3	49	45
	0	24	1	4	2	8	3	17	4	3	5	40	6	82	7	55	8	98	9	81	10	6	11	76	12	58	13	93	14	28	15	52	16	21	17	17	18	29	19	22	20	56	21	79	22	3	23	34	24	90	25	81	26	49	27	31	28	3	29	32	30	80	31	83	32	100	33	6	34	61	35	33	36	23	37	48	38	54	39	15	40	50	41	39	42	32	43	54	44	81	45	15	46	77	47	70	48	36	49	94
	0	84	1	20	2	91	3	46	4	33	5	75	6	28	7	20	8	4	9	11	10	1	11	17	12	38	13	47	14	15	15	63	16	85	17	78	18	71	19	19	20	73	21	67	22	48	23	47	24	3	25	12	26	11	27	6	28	50	29	96	30	53	31	51	32	21	33	72	34	25	35	56	36	8	37	62	38	25	39	96	40	27	41	63	42	16	43	37	44	39	45	88	46	15	47	42	48	97	49	81
	0	83	1	78	2	47	3	92	4	82	5	85	6	100	7	3	8	97	9	47	10	38	11	28	12	37	13	65	14	25	15	40	16	57	17	35	18	40	19	95	20	68	21	75	22	42	23	48	24	30	25	48	26	55	27	97	28	41	29	84	30	99	31	87	32	67	33	100	34	44	35	59	36	83	37	58	38	39	39	41	40	7	41	20	42	41	43	100	44	54	45	93	46	62	47	1	48	54	49	60
	0	98	1	63	2	89	3	52	4	8	5	89	6	48	7	8	8	63	9	4	10	29	11	9	12	75	13	53	14	2	15	12	16	87	17	26	18	32	19	98	20	70	21	9	22	30	23	10	24	66	25	86	26	62	27	68	28	85	29	44	30	55	31	58	32	11	33	44	34	63	35	48	36	14	37	73	38	95	39	76	40	49	41	77	42	11	43	14	44	93	45	52	46	36	47	94	48	58	49	41
	0	52	1	64	2	72	3	50	4	77	5	1	6	29	7	1	8	16	9	98	10	25	11	73	12	67	13	9	14	65	15	5	16	13	17	9	18	83	19	51	20	15	21	15	22	9	23	24	24	14	25	70	26	1	27	69	28	86	29	76	30	96	31	39	32	14	33	41	34	62	35	72	36	76	37	81	38	51	39	96	40	65	41	70	42	100	43	8	44	69	45	45	46	4	47	1	48	5	49	8
	0	70	1	39	2	73	3	87	4	43	5	92	6	61	7	27	8	33	9	6	10	43	11	39	12	1	13	48	14	31	15	41	16	85	17	49	18	80	19	39	20	65	21	62	22	54	23	46	24	9	25	79	26	11	27	47	28	29	29	78	30	53	31	47	32	64	33	16	34	55	35	57	36	62	37	68	38	68	39	9	40	4	41	77	42	65	43	18	44	26	45	80	46	65	47	4	48	21	49	16
	0	57	1	65	2	9	3	32	4	23	5	65	6	32	7	34	8	11	9	52	10	99	11	70	12	14	13	52	14	86	15	27	16	65	17	90	18	83	19	77	20	50	21	21	22	11	23	9	24	82	25	97	26	86	27	39	28	20	29	93	30	83	31	75	32	99	33	50	34	29	35	73	36	9	37	41	38	35	39	32	40	60	41	43	42	31	43	99	44	92	45	76	46	91	47	79	48	32	49	54
	0	31	1	81	2	13	3	39	4	37	5	46	6	94	7	14	8	51	9	19	10	48	11	100	12	17	13	91	14	17	15	89	16	80	17	95	18	42	19	68	20	64	21	49	22	18	23	60	24	1	25	78	26	34	27	100	28	64	29	43	30	100	31	18	32	40	33	86	34	62	35	19	36	44	37	43	38	70	39	56	40	49	41	1	42	44	43	44	44	100	45	91	46	42	47	75	48	23	49	46
	0	47	1	13	2	52	3	73	4	14	5	91	6	41	7	9	8	35	9	28	10	26	11	56	12	36	13	53	14	50	15	33	16	96	17	94	18	80	19	73	20	52	21	64	22	69	23	56	24	50	25	69	26	45	27	69	28	26	29	5	30	28	31	12	32	48	33	22	34	9	35	7	36	50	37	76	38	42	39	81	40	34	41	96	42	29	43	17	44	27	45	32	46	11	47	3	48	8	49	71
	0	73	1	18	2	50	3	28	4	53	5	44	6	53	7	47	8	94	9	83	10	42	11	78	12	73	13	19	14	60	15	17	16	32	17	67	18	96	19	9	20	52	21	74	22	15	23	61	24	59	25	91	26	81	27	27	28	78	29	16	30	88	31	36	32	37	33	78	34	45	35	92	36	6	37	13	38	86	39	74	40	24	41	52	42	82	43	93	44	44	45	33	46	95	47	95	48	1	49	84
	0	93	1	31	2	77	3	56	4	8	5	11	6	33	7	4	8	26	9	15	10	16	11	33	12	21	13	49	14	66	15	66	16	89	17	50	18	85	19	1	20	24	21	77	22	45	23	61	24	58	25	51	26	33	27	56	28	62	29	31	30	75	31	2	32	54	33	40	34	81	35	86	36	88	37	57	38	3	39	51	40	8	41	71	42	98	43	52	44	88	45	50	46	38	47	8	48	3	49	49
	0	10	1	36	2	91	3	5	4	100	5	61	6	4	7	54	8	43	9	33	10	63	11	78	12	100	13	82	14	60	15	81	16	86	17	8	18	75	19	40	20	51	21	86	22	96	23	76	24	3	25	10	26	63	27	52	28	13	29	46	30	79	31	86	32	57	33	34	34	55	35	37	36	62	37	64	38	72	39	8	40	81	41	44	42	95	43	62	44	2	45	95	46	63	47	53	48	73	49	60
	0	35	1	24	2	96	3	29	4	79	5	9	6	19	7	84	8	17	9	47	10	36	11	34	12	80	13	9	14	58	15	99	16	30	17	75	18	42	19	48	20	38	21	18	22	65	23	13	24	53	25	88	26	92	27	29	28	86	29	7	30	77	31	66	32	79	33	3	34	85	35	66	36	65	37	51	38	42	39	90	40	16	41	2	42	32	43	42	44	39	45	21	46	5	47	26	48	73	49	52
	0	78	1	53	2	93	3	91	4	19	5	98	6	25	7	37	8	62	9	84	10	21	11	43	12	95	13	39	14	64	15	95	16	2	17	44	18	84	19	85	20	76	21	82	22	23	23	63	24	10	25	52	26	58	27	73	28	47	29	99	30	89	31	24	32	44	33	85	34	54	35	36	36	75	37	99	38	95	39	67	40	88	41	76	42	32	43	15	44	79	45	83	46	90	47	46	48	61	49	76
	0	86	1	97	2	31	3	55	4	92	5	49	6	63	7	62	8	10	9	69	10	92	11	90	12	27	13	75	14	48	15	13	16	54	17	65	18	75	19	54	20	43	21	12	22	28	23	34	24	52	25	27	26	41	27	89	28	4	29	27	30	10	31	37	32	39	33	73	34	27	35	41	36	77	37	59	38	66	39	83	40	39	41	65	42	3	43	59	44	82	45	15	46	28	47	72	48	48	49	88
	0	64	1	42	2	42	3	83	4	23	5	2	6	85	7	36	8	48	9	38	10	100	11	38	12	30	13	70	14	34	15	1	16	90	17	12	18	24	19	66	20	75	21	39	22	60	23	67	24	4	25	59	26	94	27	81	28	56	29	58	30	12	31	20	32	100	33	77	34	64	35	67	36	97	37	36	38	5	39	50	40	28	41	100	42	14	43	4	44	33	45	78	46	81	47	69	48	56	49	79
	0	77	1	20	2	32	3	72	4	56	5	35	6	75	7	27	8	47	9	37	10	38	11	33	12	41	13	76	14	47	15	16	16	73	17	27	18	57	19	8	20	56	21	27	22	65	23	35	24	30	25	76	26	67	27	30	28	12	29	70	30	66	31	92	32	73	33	50	34	58	35	33	36	81	37	78	38	54	39	93	40	73	41	73	42	10	43	23	44	51	45	73	46	74	47	54	48	30	49	5
	0	93	1	4	2	53	3	80	4	1	5	89	6	75	7	33	8	10	9	58	10	76	11	95	12	71	13	41	14	45	15	59	16	62	17	91	18	61	19	58	20	38	21	74	22	46	23	5	24	43	25	17	26	79	27	28	28	63	29	24	30	90	31	17	32	76	33	22	34	81	35	69	36	36	37	2	38	23	39	79	40	75	41	60	42	46	43	39	44	30	45	53	46	23	47	26	48	30	49	26
	0	92	1	89	2	79	3	78	4	89	5	76	6	40	7	70	8	79	9	63	10	99	11	99	12	6	13	57	14	63	15	77	16	95	17	10	18	28	19	98	20	93	21	46	22	5	23	96	24	13	25	97	26	8	27	97	28	29	29	9	30	35	31	35	32	37	33	34	34	91	35	99	36	67	37	57	38	38	39	99	40	31	41	98	42	78	43	91	44	23	45	95	46	91	47	95	48	22	49	67
Reldue
-1	13448	-1	1
-1	13513	-1	1
-1	12114	-1	1
-1	13444	-1	1
-1	13031	-1	1
-1	13439	-1	1
-1	13346	-1	1
-1	12704	-1	1
-1	13054	-1	1
-1	13007	-1	1
-1	13177	-1	1
-1	11908	-1	1
-1	11605	-1	1
-1	11480	-1	1
-1	11665	-1	1
-1	10994	-1	1
-1	11901	-1	1
-1	11348	-1	1
-1	13478	-1	1
-1	11940	-1	1
-1	10798	-1	1
-1	13265	-1	1
-1	11553	-1	1
-1	12345	-1	1
-1	10702	-1	1
-1	12165	-1	1
-1	13195	-1	1
-1	13014	-1	1
-1	13110	-1	1
-1	11259	-1	1
-1	12336	-1	1
-1	12450	-1	1
-1	10689	-1	1
-1	13488	-1	1
-1	13664	-1	1
-1	10687	-1	1
-1	10805	-1	1
-1	11711	-1	1
-1	10817	-1	1
-1	12113	-1	1
-1	11391	-1	1
-1	11886	-1	1
-1	13685	-1	1
-1	11647	-1	1
-1	12362	-1	1
-1	11453	-1	1
-1	13299	-1	1
-1	13332	-1	1
-1	12417	-1	1
-1	11371	-1	1
-1	11351	-1	1
-1	12370	-1	1
-1	11962	-1	1
-1	12992	-1	1
-1	13501	-1	1
-1	12535	-1	1
-1	13136	-1	1
-1	12671	-1	1
-1	11395	-1	1
-1	11496	-1	1
-1	11753	-1	1
-1	10837	-1	1
-1	12580	-1	1
-1	12287	-1	1
-1	13319	-1	1
-1	13371	-1	1
-1	13688	-1	1
-1	13252	-1	1
-1	11527	-1	1
-1	13064	-1	1
-1	11147	-1	1
-1	11855	-1	1
-1	11678	-1	1
-1	12810	-1	1
-1	13349	-1	1
-1	12777	-1	1
-1	11550	-1	1
-1	12786	-1	1
-1	12908	-1	1
-1	13203	-1	1
-1	11457	-1	1
-1	12601	-1	1
-1	12480	-1	1
-1	12119	-1	1
-1	13295	-1	1
-1	13149	-1	1
-1	12483	-1	1
-1	11938	-1	1
-1	11731	-1	1
-1	12765	-1	1
-1	13038	-1	1
-1	12039	-1	1
-1	11984	-1	1
-1	11369	-1	1
-1	13147	-1	1
-1	12829	-1	1
-1	11859	-1	1
-1	12630	-1	1
-1	12190	-1	1
-1	13144	-1	1
-1	11413	-1	1
-1	11922	-1	1
-1	13510	-1	1
-1	11988	-1	1
-1	10781	-1	1
-1	13449	-1	1
-1	12325	-1	1
-1	11123	-1	1
-1	12304	-1	1
-1	10965	-1	1
-1	11915	-1	1
-1	12773	-1	1
-1	13377	-1	1
-1	13578	-1	1
-1	12223	-1	1
-1	13502	-1	1
-1	10753	-1	1
-1	12946	-1	1
-1	13317	-1	1
-1	11399	-1	1
-1	13380	-1	1
-1	11472	-1	1
-1	12875	-1	1
-1	10873	-1	1
-1	12867	-1	1
-1	12364	-1	1
-1	11200	-1	1
-1	13218	-1	1
-1	10783	-1	1
-1	13446	-1	1
-1	13598	-1	1
-1	12322	-1	1
-1	10730	-1	1
-1	10760	-1	1
-1	11602	-1	1
-1	12618	-1	1
-1	11901	-1	1
-1	12661	-1	1
-1	13674	-1	1
-1	10943	-1	1
-1	11140	-1	1
-1	11046	-1	1
-1	10840	-1	1
-1	12732	-1	1
-1	12103	-1	1
-1	12505	-1	1
-1	13416	-1	1
-1	13548	-1	1
-1	13484	-1	1
-1	13549	-1	1
-1	12294	-1	1
-1	11810	-1	1
-1	13021	-1	1
-1	12059	-1	1
-1	11608	-1	1
-1	12659	-1	1
-1	12941	-1	1
-1	10712	-1	1
-1	12139	-1	1
-1	11122	-1	1
-1	13281	-1	1
-1	11572	-1	1
-1	11532	-1	1
-1	13554	-1	1
-1	10743	-1	1
-1	10953	-1	1
-1	11931	-1	1
-1	10854	-1	1
-1	12381	-1	1
-1	13546	-1	1
-1	11170	-1	1
-1	12730	-1	1
-1	13194	-1	1
-1	12419	-1	1
-1	12345	-1	1
-1	12294	-1	1
-1	12467	-1	1
-1	13350	-1	1
-1	11129	-1	1
-1	13144	-1	1
-1	13348	-1	1
-1	11976	-1	1
-1	12423	-1	1
-1	11063	-1	1
-1	11925	-1	1
-1	12884	-1	1
-1	12847	-1	1
-1	12201	-1	1
-1	13270	-1	1
-1	12873	-1	1
-1	11315	-1	1
-1	11872	-1	1
-1	12112	-1	1
-1	11569	-1	1
-1	13186	-1	1
-1	11272	-1	1
-1	10672	-1	1
-1	12786	-1	1
-1	12481	-1	1
-1	12992	-1	1
-1	12849	-1	1
-1	11247	-1	1
-1	13685	-1	1
-1	13215	-1	1
-1	10885	-1	1
-1	11854	-1	1
-1	12091	-1	1
-1	12245	-1	1
-1	11919	-1	1
-1	13652	-1	1
-1	10960	-1	1
-1	10938	-1	1
-1	12349	-1	1
-1	13296	-1	1
-1	11234	-1	1
-1	13195	-1	1
-1	11603	-1	1
-1	13498	-1	1
-1	10913	-1	1
-1	12729	-1	1
-1	11346	-1	1
-1	13548	-1	1
-1	12320	-1	1
-1	13232	-1	1
-1	10940	-1	1
-1	11571	-1	1
-1	11891	-1	1
-1	12911	-1	1
-1	10735	-1	1
-1	12397	-1	1
-1	11853	-1	1
-1	13185	-1	1
-1	11126	-1	1
-1	11244	-1	1
-1	11658	-1	1
-1	11463	-1	1
-1	11350	-1	1
-1	12645	-1	1
-1	10930	-1	1
-1	11893	-1	1
-1	12719	-1	1
-1	13662	-1	1
-1	10743	-1	1
-1	12484	-1	1
-1	13492	-1	1
-1	12339	-1	1
-1	12973	-1	1
-1	13144	-1	1
-1	10755	-1	1
-1	11594	-1	1
LBCmax: 15232
