250  30
	0	51	1	33	2	70	3	74	4	24	5	2	6	44	7	58	8	92	9	85	10	37	11	16	12	61	13	58	14	45	15	53	16	60	17	39	18	46	19	34	20	41	21	31	22	95	23	55	24	88	25	69	26	70	27	13	28	74	29	38
	0	17	1	31	2	82	3	78	4	34	5	14	6	82	7	25	8	85	9	33	10	41	11	25	12	45	13	62	14	85	15	27	16	2	17	4	18	64	19	59	20	74	21	7	22	76	23	22	24	18	25	34	26	44	27	60	28	48	29	36
	0	77	1	5	2	66	3	71	4	31	5	87	6	91	7	32	8	70	9	64	10	40	11	96	12	84	13	26	14	85	15	7	16	15	17	55	18	99	19	48	20	5	21	57	22	65	23	74	24	51	25	98	26	4	27	2	28	52	29	12
	0	49	1	86	2	67	3	60	4	84	5	16	6	28	7	51	8	96	9	29	10	68	11	64	12	38	13	18	14	65	15	38	16	92	17	67	18	15	19	92	20	64	21	63	22	74	23	26	24	76	25	51	26	45	27	95	28	19	29	39
	0	87	1	49	2	89	3	73	4	80	5	13	6	15	7	29	8	75	9	15	10	57	11	91	12	5	13	2	14	37	15	33	16	46	17	10	18	10	19	97	20	40	21	62	22	8	23	46	24	33	25	12	26	20	27	46	28	84	29	76
	0	66	1	86	2	50	3	99	4	88	5	46	6	46	7	53	8	86	9	86	10	43	11	75	12	43	13	97	14	54	15	77	16	30	17	41	18	10	19	97	20	89	21	89	22	44	23	66	24	26	25	4	26	12	27	12	28	70	29	57
	0	38	1	30	2	77	3	49	4	57	5	90	6	78	7	93	8	91	9	44	10	10	11	80	12	75	13	79	14	80	15	12	16	31	17	18	18	42	19	5	20	61	21	53	22	89	23	75	24	75	25	83	26	94	27	62	28	15	29	73
	0	55	1	68	2	21	3	74	4	20	5	98	6	48	7	52	8	95	9	39	10	35	11	27	12	78	13	13	14	82	15	26	16	51	17	91	18	2	19	78	20	31	21	52	22	22	23	33	24	76	25	26	26	76	27	66	28	73	29	55
	0	13	1	97	2	63	3	54	4	96	5	49	6	93	7	68	8	81	9	17	10	87	11	51	12	94	13	21	14	68	15	7	16	48	17	67	18	97	19	78	20	74	21	38	22	87	23	73	24	37	25	94	26	26	27	53	28	86	29	47
	0	5	1	35	2	51	3	34	4	38	5	79	6	69	7	24	8	29	9	58	10	35	11	18	12	5	13	34	14	79	15	20	16	39	17	93	18	26	19	4	20	17	21	8	22	1	23	6	24	35	25	24	26	71	27	97	28	19	29	5
	0	40	1	33	2	15	3	67	4	40	5	87	6	83	7	96	8	91	9	95	10	92	11	29	12	10	13	90	14	12	15	31	16	98	17	93	18	32	19	19	20	38	21	91	22	69	23	1	24	83	25	14	26	30	27	25	28	8	29	100
	0	47	1	70	2	65	3	9	4	13	5	31	6	64	7	12	8	61	9	47	10	59	11	84	12	82	13	8	14	26	15	69	16	76	17	25	18	52	19	90	20	73	21	47	22	79	23	33	24	67	25	71	26	64	27	24	28	61	29	58
	0	53	1	67	2	7	3	77	4	88	5	36	6	89	7	19	8	78	9	15	10	89	11	63	12	16	13	40	14	27	15	85	16	22	17	93	18	75	19	38	20	39	21	33	22	68	23	50	24	12	25	88	26	85	27	16	28	33	29	22
	0	52	1	71	2	31	3	61	4	6	5	90	6	27	7	50	8	17	9	39	10	4	11	52	12	43	13	63	14	48	15	37	16	92	17	15	18	59	19	1	20	93	21	31	22	51	23	24	24	9	25	20	26	71	27	64	28	51	29	26
	0	27	1	22	2	56	3	76	4	88	5	47	6	57	7	16	8	99	9	65	10	54	11	12	12	38	13	35	14	59	15	57	16	89	17	78	18	73	19	17	20	18	21	35	22	22	23	5	24	76	25	40	26	68	27	58	28	62	29	22
	0	55	1	81	2	26	3	64	4	61	5	49	6	90	7	92	8	80	9	100	10	14	11	72	12	40	13	73	14	45	15	23	16	28	17	43	18	17	19	90	20	98	21	73	22	100	23	36	24	63	25	98	26	97	27	34	28	2	29	84
	0	58	1	72	2	42	3	48	4	55	5	14	6	88	7	28	8	22	9	65	10	7	11	25	12	77	13	39	14	97	15	73	16	58	17	29	18	1	19	8	20	56	21	29	22	31	23	31	24	26	25	50	26	24	27	88	28	93	29	36
	0	49	1	27	2	5	3	78	4	17	5	84	6	85	7	65	8	90	9	19	10	92	11	34	12	72	13	14	14	90	15	7	16	30	17	75	18	83	19	18	20	84	21	29	22	73	23	76	24	64	25	100	26	37	27	22	28	21	29	94
	0	38	1	54	2	30	3	34	4	19	5	56	6	41	7	33	8	34	9	38	10	53	11	89	12	26	13	73	14	23	15	28	16	50	17	98	18	27	19	55	20	97	21	4	22	44	23	70	24	84	25	40	26	27	27	56	28	96	29	99
	0	78	1	70	2	1	3	71	4	51	5	64	6	85	7	71	8	33	9	32	10	63	11	78	12	96	13	70	14	71	15	53	16	10	17	69	18	48	19	8	20	59	21	7	22	45	23	55	24	3	25	86	26	48	27	53	28	78	29	38
	0	85	1	29	2	27	3	14	4	46	5	46	6	99	7	92	8	59	9	41	10	71	11	5	12	78	13	59	14	70	15	57	16	95	17	50	18	95	19	77	20	71	21	11	22	80	23	36	24	43	25	90	26	44	27	20	28	69	29	79
	0	12	1	49	2	6	3	64	4	6	5	58	6	34	7	17	8	43	9	4	10	68	11	36	12	90	13	63	14	33	15	80	16	61	17	11	18	86	19	39	20	46	21	30	22	2	23	56	24	26	25	61	26	77	27	79	28	5	29	6
	0	97	1	4	2	54	3	56	4	83	5	55	6	63	7	77	8	19	9	96	10	36	11	4	12	8	13	78	14	83	15	9	16	24	17	66	18	84	19	57	20	50	21	98	22	38	23	46	24	19	25	69	26	16	27	16	28	6	29	44
	0	83	1	64	2	29	3	43	4	63	5	90	6	58	7	56	8	53	9	83	10	51	11	72	12	15	13	6	14	47	15	37	16	100	17	35	18	96	19	70	20	92	21	81	22	18	23	7	24	57	25	83	26	95	27	54	28	53	29	50
	0	55	1	58	2	32	3	5	4	3	5	36	6	30	7	46	8	96	9	21	10	39	11	29	12	78	13	13	14	97	15	40	16	22	17	40	18	50	19	20	20	36	21	72	22	66	23	37	24	36	25	47	26	93	27	37	28	97	29	90
	0	21	1	24	2	23	3	46	4	66	5	30	6	7	7	51	8	80	9	83	10	79	11	8	12	91	13	3	14	38	15	61	16	84	17	51	18	40	19	61	20	100	21	34	22	78	23	77	24	22	25	40	26	76	27	99	28	47	29	43
	0	91	1	33	2	89	3	15	4	76	5	86	6	53	7	26	8	72	9	82	10	70	11	26	12	12	13	75	14	88	15	37	16	70	17	35	18	60	19	97	20	79	21	29	22	73	23	34	24	100	25	17	26	9	27	71	28	25	29	48
	0	25	1	75	2	34	3	15	4	6	5	12	6	55	7	4	8	23	9	71	10	74	11	49	12	90	13	60	14	20	15	80	16	17	17	99	18	4	19	31	20	92	21	50	22	88	23	21	24	52	25	69	26	28	27	51	28	8	29	75
	0	93	1	79	2	43	3	47	4	82	5	47	6	6	7	20	8	65	9	80	10	61	11	33	12	35	13	99	14	63	15	39	16	47	17	87	18	70	19	97	20	68	21	22	22	30	23	96	24	86	25	68	26	76	27	75	28	30	29	64
	0	33	1	60	2	11	3	79	4	23	5	11	6	83	7	12	8	5	9	57	10	87	11	47	12	11	13	67	14	23	15	6	16	44	17	76	18	58	19	57	20	51	21	78	22	84	23	57	24	6	25	35	26	61	27	53	28	43	29	77
	0	22	1	69	2	32	3	98	4	28	5	38	6	97	7	59	8	83	9	75	10	3	11	55	12	70	13	86	14	75	15	18	16	50	17	71	18	21	19	52	20	39	21	55	22	68	23	29	24	69	25	60	26	35	27	82	28	72	29	8
	0	8	1	89	2	64	3	3	4	85	5	26	6	15	7	45	8	3	9	21	10	23	11	73	12	80	13	61	14	33	15	32	16	11	17	21	18	74	19	19	20	17	21	11	22	96	23	47	24	40	25	73	26	37	27	35	28	17	29	65
	0	49	1	20	2	85	3	16	4	61	5	32	6	3	7	45	8	63	9	92	10	88	11	67	12	37	13	22	14	2	15	35	16	65	17	72	18	37	19	98	20	97	21	5	22	84	23	60	24	54	25	100	26	92	27	76	28	95	29	59
	0	31	1	27	2	92	3	24	4	44	5	50	6	64	7	47	8	32	9	20	10	83	11	72	12	5	13	5	14	56	15	14	16	15	17	52	18	27	19	41	20	27	21	62	22	69	23	7	24	11	25	70	26	60	27	84	28	56	29	40
	0	48	1	89	2	42	3	24	4	71	5	9	6	15	7	73	8	69	9	67	10	51	11	79	12	7	13	81	14	17	15	84	16	7	17	18	18	51	19	100	20	49	21	30	22	15	23	14	24	84	25	33	26	16	27	79	28	80	29	70
	0	74	1	7	2	94	3	56	4	96	5	26	6	26	7	16	8	83	9	55	10	18	11	36	12	70	13	15	14	86	15	15	16	94	17	89	18	12	19	78	20	21	21	81	22	31	23	80	24	91	25	44	26	79	27	16	28	51	29	85
	0	1	1	29	2	95	3	60	4	27	5	69	6	23	7	19	8	69	9	34	10	95	11	56	12	97	13	25	14	34	15	85	16	92	17	71	18	13	19	48	20	86	21	17	22	23	23	13	24	45	25	81	26	4	27	32	28	41	29	14
	0	4	1	52	2	31	3	36	4	75	5	19	6	37	7	12	8	35	9	1	10	80	11	8	12	51	13	26	14	39	15	32	16	20	17	10	18	18	19	50	20	61	21	24	22	43	23	33	24	34	25	27	26	31	27	79	28	59	29	46
	0	98	1	15	2	90	3	9	4	97	5	65	6	78	7	42	8	8	9	47	10	27	11	85	12	10	13	31	14	12	15	1	16	20	17	83	18	36	19	75	20	77	21	52	22	29	23	22	24	90	25	100	26	17	27	66	28	2	29	67
	0	21	1	43	2	25	3	31	4	62	5	48	6	48	7	94	8	77	9	29	10	21	11	11	12	76	13	98	14	82	15	50	16	95	17	10	18	65	19	27	20	25	21	29	22	1	23	81	24	19	25	85	26	29	27	69	28	14	29	91
	0	38	1	94	2	11	3	71	4	44	5	1	6	3	7	24	8	50	9	1	10	52	11	17	12	51	13	21	14	44	15	80	16	87	17	63	18	78	19	69	20	39	21	42	22	62	23	86	24	45	25	40	26	41	27	95	28	58	29	69
	0	54	1	73	2	93	3	58	4	9	5	65	6	19	7	90	8	29	9	59	10	93	11	67	12	90	13	82	14	69	15	66	16	74	17	87	18	88	19	18	20	92	21	82	22	58	23	32	24	56	25	22	26	81	27	36	28	11	29	74
	0	72	1	5	2	47	3	100	4	89	5	8	6	53	7	49	8	61	9	92	10	90	11	35	12	86	13	73	14	88	15	42	16	41	17	15	18	93	19	88	20	18	21	16	22	30	23	44	24	79	25	28	26	46	27	79	28	4	29	75
	0	53	1	80	2	58	3	56	4	84	5	73	6	19	7	46	8	37	9	37	10	27	11	25	12	69	13	3	14	58	15	2	16	48	17	49	18	28	19	12	20	9	21	65	22	79	23	11	24	40	25	38	26	6	27	88	28	7	29	63
	0	27	1	67	2	99	3	15	4	1	5	81	6	42	7	7	8	45	9	26	10	16	11	33	12	19	13	35	14	79	15	73	16	58	17	38	18	82	19	98	20	87	21	77	22	14	23	16	24	44	25	5	26	30	27	36	28	89	29	94
	0	44	1	42	2	86	3	23	4	91	5	15	6	80	7	15	8	79	9	31	10	2	11	51	12	99	13	27	14	83	15	94	16	69	17	22	18	56	19	69	20	9	21	22	22	70	23	9	24	83	25	53	26	58	27	54	28	64	29	100
	0	23	1	58	2	98	3	50	4	36	5	54	6	76	7	59	8	69	9	66	10	35	11	89	12	92	13	79	14	55	15	2	16	11	17	100	18	20	19	92	20	42	21	82	22	57	23	93	24	25	25	81	26	74	27	99	28	34	29	65
	0	65	1	80	2	46	3	16	4	40	5	86	6	51	7	75	8	10	9	63	10	40	11	24	12	36	13	37	14	90	15	16	16	12	17	26	18	42	19	78	20	45	21	86	22	26	23	67	24	58	25	22	26	93	27	44	28	27	29	96
	0	57	1	97	2	13	3	16	4	45	5	31	6	75	7	9	8	28	9	99	10	56	11	83	12	56	13	52	14	88	15	48	16	41	17	23	18	52	19	59	20	57	21	81	22	89	23	73	24	40	25	14	26	57	27	59	28	12	29	24
	0	65	1	95	2	80	3	59	4	47	5	37	6	50	7	94	8	40	9	46	10	82	11	45	12	86	13	12	14	78	15	90	16	80	17	7	18	59	19	10	20	19	21	50	22	86	23	87	24	33	25	86	26	33	27	16	28	3	29	93
	0	17	1	27	2	95	3	65	4	29	5	15	6	62	7	60	8	36	9	21	10	6	11	87	12	49	13	30	14	79	15	86	16	63	17	55	18	85	19	12	20	29	21	40	22	12	23	34	24	1	25	100	26	88	27	22	28	78	29	67
	0	55	1	53	2	36	3	31	4	4	5	88	6	99	7	76	8	13	9	91	10	25	11	56	12	76	13	86	14	85	15	75	16	22	17	76	18	62	19	41	20	57	21	78	22	6	23	27	24	89	25	40	26	21	27	51	28	99	29	41
	0	66	1	63	2	79	3	5	4	92	5	94	6	65	7	58	8	55	9	7	10	11	11	27	12	84	13	68	14	87	15	60	16	69	17	100	18	9	19	95	20	20	21	18	22	36	23	32	24	16	25	36	26	66	27	81	28	11	29	100
	0	42	1	69	2	10	3	2	4	47	5	56	6	4	7	49	8	32	9	85	10	34	11	26	12	26	13	53	14	23	15	53	16	6	17	91	18	95	19	29	20	45	21	93	22	81	23	32	24	42	25	17	26	55	27	84	28	16	29	62
	0	80	1	31	2	29	3	93	4	40	5	81	6	43	7	51	8	88	9	7	10	43	11	93	12	41	13	100	14	84	15	42	16	100	17	34	18	37	19	26	20	83	21	87	22	39	23	60	24	81	25	7	26	78	27	87	28	89	29	41
	0	70	1	78	2	82	3	53	4	3	5	68	6	11	7	2	8	55	9	75	10	52	11	53	12	17	13	21	14	52	15	48	16	71	17	57	18	18	19	61	20	13	21	74	22	70	23	99	24	9	25	25	26	52	27	43	28	31	29	13
	0	55	1	27	2	17	3	9	4	18	5	7	6	39	7	11	8	94	9	66	10	80	11	52	12	3	13	50	14	57	15	19	16	15	17	42	18	30	19	51	20	24	21	10	22	2	23	9	24	14	25	94	26	81	27	57	28	22	29	15
	0	70	1	78	2	59	3	13	4	4	5	28	6	33	7	54	8	46	9	2	10	83	11	77	12	24	13	43	14	40	15	39	16	49	17	54	18	46	19	4	20	62	21	64	22	11	23	82	24	4	25	70	26	93	27	1	28	91	29	61
	0	15	1	78	2	47	3	80	4	80	5	22	6	35	7	96	8	17	9	87	10	66	11	87	12	92	13	40	14	100	15	51	16	59	17	36	18	61	19	5	20	33	21	9	22	25	23	26	24	18	25	8	26	51	27	59	28	5	29	50
	0	78	1	86	2	49	3	59	4	98	5	32	6	63	7	31	8	74	9	62	10	7	11	23	12	73	13	74	14	54	15	61	16	27	17	16	18	51	19	32	20	45	21	67	22	33	23	81	24	35	25	58	26	27	27	43	28	10	29	42
	0	71	1	73	2	93	3	15	4	37	5	66	6	40	7	59	8	28	9	65	10	40	11	65	12	84	13	5	14	74	15	38	16	23	17	49	18	35	19	19	20	3	21	98	22	35	23	47	24	75	25	100	26	67	27	67	28	69	29	69
	0	79	1	49	2	28	3	6	4	93	5	73	6	89	7	81	8	73	9	2	10	62	11	3	12	11	13	32	14	75	15	5	16	9	17	16	18	74	19	13	20	59	21	77	22	97	23	80	24	48	25	69	26	56	27	92	28	52	29	50
	0	17	1	94	2	89	3	76	4	38	5	83	6	43	7	24	8	9	9	64	10	81	11	14	12	23	13	74	14	23	15	81	16	51	17	19	18	52	19	9	20	3	21	65	22	44	23	49	24	8	25	100	26	83	27	68	28	46	29	40
	0	80	1	95	2	91	3	55	4	6	5	80	6	79	7	42	8	17	9	70	10	96	11	49	12	29	13	65	14	41	15	60	16	71	17	18	18	29	19	70	20	7	21	82	22	22	23	18	24	42	25	32	26	10	27	56	28	23	29	94
	0	82	1	75	2	100	3	75	4	55	5	13	6	25	7	83	8	52	9	20	10	95	11	52	12	45	13	49	14	68	15	36	16	14	17	92	18	4	19	37	20	73	21	10	22	13	23	66	24	69	25	86	26	12	27	61	28	70	29	25
	0	34	1	11	2	75	3	80	4	16	5	57	6	21	7	56	8	76	9	74	10	77	11	60	12	65	13	51	14	48	15	53	16	28	17	23	18	13	19	57	20	34	21	22	22	90	23	14	24	41	25	54	26	99	27	85	28	23	29	13
	0	52	1	59	2	63	3	99	4	4	5	90	6	91	7	93	8	43	9	1	10	23	11	1	12	96	13	1	14	24	15	86	16	88	17	26	18	25	19	38	20	75	21	88	22	26	23	48	24	32	25	86	26	95	27	3	28	88	29	33
	0	48	1	100	2	13	3	86	4	42	5	50	6	19	7	93	8	47	9	27	10	22	11	87	12	60	13	81	14	69	15	88	16	77	17	17	18	48	19	11	20	55	21	4	22	12	23	75	24	6	25	75	26	100	27	56	28	13	29	36
	0	31	1	48	2	72	3	77	4	6	5	12	6	85	7	69	8	39	9	27	10	63	11	89	12	4	13	83	14	16	15	91	16	78	17	65	18	35	19	41	20	4	21	26	22	100	23	60	24	4	25	56	26	57	27	56	28	36	29	81
	0	63	1	37	2	47	3	52	4	85	5	35	6	82	7	18	8	87	9	78	10	56	11	81	12	74	13	1	14	81	15	85	16	52	17	75	18	25	19	79	20	19	21	94	22	26	23	66	24	21	25	59	26	2	27	22	28	19	29	30
	0	29	1	43	2	49	3	58	4	71	5	67	6	86	7	6	8	83	9	63	10	29	11	12	12	30	13	97	14	77	15	73	16	90	17	13	18	62	19	39	20	32	21	78	22	55	23	54	24	82	25	3	26	64	27	67	28	26	29	15
	0	90	1	27	2	15	3	52	4	5	5	12	6	62	7	16	8	82	9	60	10	50	11	81	12	72	13	19	14	92	15	68	16	22	17	3	18	13	19	15	20	72	21	55	22	41	23	12	24	80	25	33	26	34	27	84	28	60	29	66
	0	67	1	28	2	27	3	65	4	72	5	44	6	100	7	77	8	96	9	25	10	87	11	7	12	17	13	85	14	63	15	61	16	44	17	38	18	20	19	79	20	76	21	65	22	43	23	58	24	15	25	31	26	36	27	88	28	39	29	36
	0	18	1	50	2	88	3	7	4	43	5	53	6	25	7	81	8	35	9	95	10	71	11	21	12	23	13	95	14	14	15	62	16	28	17	17	18	57	19	3	20	38	21	79	22	53	23	65	24	65	25	46	26	37	27	89	28	75	29	10
	0	50	1	58	2	33	3	28	4	19	5	49	6	11	7	85	8	46	9	54	10	43	11	73	12	7	13	32	14	20	15	12	16	67	17	77	18	78	19	76	20	73	21	12	22	4	23	69	24	62	25	42	26	66	27	83	28	11	29	39
	0	56	1	31	2	16	3	30	4	82	5	22	6	64	7	2	8	61	9	49	10	50	11	77	12	91	13	79	14	40	15	89	16	17	17	84	18	97	19	72	20	7	21	43	22	5	23	63	24	99	25	4	26	66	27	50	28	1	29	97
	0	60	1	38	2	45	3	24	4	79	5	4	6	26	7	71	8	95	9	66	10	78	11	18	12	97	13	93	14	77	15	50	16	30	17	23	18	58	19	78	20	19	21	63	22	91	23	38	24	36	25	7	26	66	27	27	28	74	29	70
	0	63	1	77	2	27	3	43	4	18	5	97	6	79	7	14	8	6	9	24	10	54	11	93	12	10	13	57	14	94	15	72	16	36	17	83	18	57	19	67	20	98	21	97	22	46	23	46	24	90	25	94	26	17	27	46	28	4	29	73
	0	39	1	9	2	75	3	81	4	78	5	13	6	55	7	2	8	49	9	65	10	49	11	47	12	55	13	86	14	58	15	19	16	93	17	8	18	30	19	40	20	19	21	56	22	97	23	86	24	82	25	91	26	44	27	58	28	74	29	34
	0	69	1	63	2	61	3	1	4	93	5	26	6	97	7	9	8	49	9	25	10	19	11	43	12	62	13	20	14	81	15	100	16	84	17	44	18	90	19	24	20	59	21	48	22	37	23	26	24	24	25	28	26	32	27	45	28	80	29	91
	0	98	1	77	2	76	3	10	4	85	5	6	6	6	7	97	8	89	9	92	10	95	11	94	12	13	13	8	14	37	15	35	16	85	17	40	18	7	19	65	20	28	21	68	22	53	23	97	24	50	25	15	26	58	27	45	28	91	29	33
	0	4	1	68	2	55	3	32	4	99	5	13	6	99	7	11	8	36	9	42	10	79	11	26	12	1	13	76	14	51	15	98	16	48	17	100	18	93	19	64	20	2	21	100	22	94	23	15	24	75	25	42	26	19	27	64	28	81	29	97
	0	53	1	55	2	6	3	79	4	78	5	7	6	66	7	62	8	41	9	29	10	39	11	71	12	13	13	76	14	80	15	76	16	49	17	25	18	52	19	36	20	98	21	83	22	5	23	60	24	21	25	67	26	21	27	2	28	24	29	11
	0	87	1	85	2	5	3	88	4	61	5	27	6	72	7	63	8	68	9	35	10	89	11	1	12	1	13	60	14	56	15	10	16	54	17	39	18	17	19	81	20	87	21	78	22	65	23	57	24	7	25	43	26	88	27	53	28	20	29	60
	0	68	1	1	2	75	3	47	4	31	5	87	6	24	7	29	8	11	9	10	10	49	11	1	12	70	13	93	14	44	15	50	16	95	17	95	18	51	19	49	20	61	21	33	22	78	23	77	24	29	25	98	26	59	27	35	28	17	29	28
	0	35	1	61	2	69	3	78	4	55	5	63	6	9	7	81	8	34	9	18	10	41	11	14	12	13	13	16	14	55	15	98	16	20	17	44	18	36	19	2	20	9	21	28	22	83	23	23	24	28	25	95	26	95	27	70	28	67	29	13
	0	78	1	72	2	60	3	17	4	72	5	86	6	43	7	49	8	14	9	77	10	12	11	38	12	78	13	87	14	23	15	26	16	61	17	36	18	16	19	10	20	6	21	2	22	72	23	39	24	78	25	73	26	25	27	11	28	39	29	89
	0	98	1	41	2	84	3	94	4	22	5	4	6	37	7	74	8	61	9	62	10	13	11	58	12	63	13	50	14	6	15	97	16	97	17	66	18	49	19	54	20	50	21	79	22	52	23	68	24	93	25	81	26	39	27	79	28	42	29	15
	0	7	1	23	2	76	3	76	4	96	5	28	6	82	7	59	8	46	9	89	10	41	11	97	12	73	13	85	14	74	15	27	16	83	17	62	18	13	19	59	20	26	21	23	22	75	23	49	24	42	25	74	26	33	27	95	28	52	29	14
	0	31	1	14	2	15	3	89	4	80	5	59	6	17	7	36	8	33	9	85	10	3	11	84	12	23	13	88	14	52	15	94	16	15	17	57	18	35	19	51	20	6	21	19	22	44	23	44	24	74	25	78	26	62	27	98	28	60	29	60
	0	1	1	28	2	28	3	28	4	49	5	59	6	50	7	24	8	98	9	5	10	100	11	51	12	31	13	8	14	55	15	10	16	5	17	97	18	39	19	41	20	57	21	84	22	69	23	47	24	2	25	43	26	65	27	91	28	22	29	15
	0	50	1	94	2	63	3	47	4	53	5	90	6	68	7	53	8	84	9	92	10	34	11	49	12	43	13	87	14	71	15	17	16	90	17	74	18	84	19	86	20	82	21	96	22	18	23	36	24	53	25	35	26	42	27	71	28	99	29	76
	0	50	1	7	2	87	3	55	4	11	5	75	6	9	7	49	8	96	9	46	10	35	11	73	12	66	13	9	14	53	15	87	16	89	17	64	18	92	19	32	20	34	21	25	22	62	23	52	24	55	25	30	26	65	27	63	28	53	29	9
	0	57	1	85	2	94	3	52	4	63	5	37	6	13	7	90	8	80	9	66	10	33	11	63	12	16	13	68	14	79	15	53	16	55	17	13	18	67	19	8	20	32	21	76	22	95	23	58	24	81	25	52	26	75	27	42	28	73	29	1
	0	68	1	61	2	56	3	35	4	23	5	35	6	77	7	77	8	33	9	48	10	33	11	17	12	46	13	80	14	98	15	65	16	6	17	75	18	4	19	86	20	10	21	5	22	88	23	34	24	5	25	4	26	22	27	55	28	56	29	99
	0	1	1	5	2	66	3	60	4	45	5	7	6	27	7	39	8	37	9	49	10	31	11	84	12	20	13	93	14	74	15	25	16	8	17	42	18	22	19	94	20	93	21	94	22	43	23	15	24	46	25	76	26	95	27	58	28	53	29	33
	0	47	1	80	2	30	3	24	4	72	5	65	6	4	7	43	8	15	9	50	10	57	11	66	12	60	13	4	14	73	15	97	16	23	17	77	18	32	19	66	20	50	21	59	22	42	23	89	24	9	25	100	26	100	27	10	28	91	29	94
	0	23	1	72	2	66	3	15	4	1	5	95	6	54	7	60	8	49	9	53	10	17	11	54	12	61	13	81	14	71	15	96	16	9	17	49	18	74	19	69	20	14	21	93	22	57	23	42	24	9	25	86	26	75	27	24	28	53	29	82
	0	17	1	61	2	65	3	72	4	2	5	87	6	11	7	42	8	29	9	59	10	25	11	10	12	83	13	40	14	80	15	85	16	7	17	21	18	26	19	79	20	76	21	83	22	56	23	67	24	55	25	44	26	81	27	65	28	25	29	49
	0	13	1	78	2	90	3	83	4	94	5	48	6	14	7	29	8	15	9	80	10	55	11	99	12	13	13	50	14	85	15	99	16	52	17	8	18	10	19	19	20	7	21	36	22	47	23	53	24	17	25	23	26	2	27	92	28	79	29	69
	0	66	1	42	2	99	3	24	4	23	5	63	6	9	7	28	8	32	9	27	10	26	11	13	12	40	13	46	14	26	15	74	16	12	17	22	18	24	19	21	20	15	21	4	22	16	23	78	24	77	25	65	26	13	27	84	28	2	29	38
	0	58	1	6	2	23	3	72	4	36	5	84	6	23	7	80	8	90	9	55	10	56	11	16	12	17	13	34	14	32	15	91	16	9	17	46	18	76	19	3	20	50	21	32	22	53	23	69	24	1	25	81	26	27	27	56	28	20	29	63
	0	2	1	64	2	5	3	49	4	42	5	6	6	57	7	61	8	95	9	89	10	1	11	84	12	55	13	85	14	15	15	23	16	29	17	51	18	39	19	95	20	8	21	37	22	91	23	88	24	50	25	83	26	91	27	34	28	27	29	17
	0	71	1	60	2	97	3	74	4	38	5	31	6	91	7	16	8	2	9	97	10	38	11	21	12	89	13	88	14	71	15	75	16	7	17	53	18	73	19	73	20	29	21	14	22	60	23	19	24	19	25	77	26	27	27	90	28	100	29	37
	0	77	1	87	2	56	3	65	4	26	5	3	6	11	7	55	8	56	9	73	10	21	11	73	12	45	13	86	14	84	15	49	16	14	17	76	18	37	19	82	20	49	21	27	22	22	23	61	24	5	25	48	26	9	27	24	28	2	29	12
	0	24	1	10	2	49	3	58	4	23	5	59	6	73	7	10	8	9	9	83	10	44	11	52	12	71	13	11	14	7	15	68	16	96	17	68	18	65	19	31	20	9	21	61	22	89	23	11	24	95	25	55	26	34	27	24	28	49	29	95
	0	87	1	47	2	40	3	82	4	82	5	74	6	79	7	9	8	67	9	80	10	50	11	43	12	83	13	29	14	15	15	68	16	7	17	28	18	23	19	57	20	75	21	36	22	81	23	25	24	72	25	49	26	58	27	83	28	61	29	48
	0	31	1	93	2	88	3	70	4	11	5	97	6	90	7	31	8	88	9	73	10	85	11	27	12	85	13	28	14	22	15	79	16	25	17	45	18	26	19	5	20	41	21	42	22	67	23	35	24	72	25	4	26	20	27	93	28	52	29	92
	0	19	1	22	2	56	3	61	4	10	5	33	6	82	7	16	8	54	9	75	10	72	11	98	12	45	13	90	14	97	15	94	16	27	17	81	18	83	19	79	20	40	21	14	22	11	23	66	24	32	25	27	26	58	27	12	28	1	29	19
	0	52	1	97	2	60	3	52	4	34	5	82	6	49	7	63	8	78	9	10	10	27	11	6	12	9	13	20	14	15	15	34	16	4	17	60	18	88	19	17	20	75	21	45	22	19	23	45	24	76	25	81	26	32	27	61	28	73	29	56
	0	28	1	33	2	68	3	75	4	58	5	41	6	80	7	76	8	99	9	65	10	10	11	67	12	29	13	72	14	38	15	62	16	5	17	53	18	54	19	12	20	13	21	66	22	98	23	61	24	29	25	66	26	64	27	58	28	1	29	38
	0	6	1	29	2	59	3	64	4	39	5	67	6	9	7	99	8	21	9	5	10	50	11	20	12	71	13	88	14	56	15	75	16	54	17	39	18	70	19	64	20	30	21	98	22	32	23	13	24	54	25	80	26	32	27	22	28	82	29	80
	0	41	1	9	2	9	3	14	4	100	5	70	6	39	7	77	8	24	9	34	10	87	11	66	12	85	13	86	14	36	15	88	16	69	17	69	18	10	19	54	20	13	21	14	22	46	23	29	24	94	25	42	26	56	27	96	28	84	29	34
	0	24	1	44	2	26	3	79	4	86	5	84	6	98	7	35	8	74	9	77	10	41	11	57	12	19	13	99	14	83	15	96	16	63	17	97	18	1	19	58	20	17	21	98	22	81	23	74	24	51	25	83	26	69	27	39	28	21	29	43
	0	37	1	98	2	63	3	61	4	99	5	4	6	5	7	100	8	49	9	68	10	84	11	98	12	12	13	79	14	65	15	81	16	19	17	61	18	94	19	57	20	58	21	98	22	43	23	52	24	66	25	43	26	25	27	100	28	47	29	93
	0	78	1	92	2	39	3	90	4	57	5	56	6	74	7	90	8	86	9	13	10	93	11	8	12	41	13	39	14	15	15	14	16	81	17	29	18	63	19	69	20	52	21	25	22	13	23	97	24	15	25	87	26	6	27	47	28	81	29	84
	0	38	1	92	2	60	3	55	4	32	5	59	6	47	7	69	8	34	9	96	10	11	11	63	12	14	13	17	14	49	15	62	16	43	17	79	18	31	19	97	20	80	21	84	22	45	23	74	24	9	25	15	26	18	27	61	28	82	29	37
	0	66	1	4	2	73	3	28	4	10	5	81	6	54	7	32	8	56	9	53	10	36	11	32	12	17	13	77	14	44	15	85	16	46	17	91	18	13	19	88	20	85	21	81	22	31	23	46	24	62	25	88	26	63	27	63	28	93	29	23
	0	24	1	91	2	59	3	93	4	3	5	93	6	79	7	60	8	39	9	14	10	90	11	75	12	4	13	60	14	1	15	74	16	57	17	29	18	3	19	17	20	61	21	61	22	24	23	15	24	72	25	71	26	76	27	67	28	58	29	2
	0	40	1	10	2	5	3	14	4	72	5	48	6	99	7	82	8	25	9	20	10	14	11	85	12	37	13	18	14	32	15	92	16	17	17	60	18	76	19	92	20	23	21	94	22	44	23	18	24	34	25	70	26	54	27	54	28	40	29	25
	0	51	1	48	2	18	3	47	4	44	5	38	6	48	7	29	8	54	9	90	10	13	11	27	12	4	13	1	14	70	15	76	16	86	17	95	18	76	19	31	20	66	21	44	22	41	23	39	24	38	25	79	26	9	27	60	28	23	29	65
	0	95	1	90	2	66	3	65	4	41	5	51	6	4	7	20	8	67	9	61	10	78	11	15	12	18	13	89	14	29	15	96	16	42	17	60	18	2	19	84	20	47	21	72	22	40	23	82	24	28	25	34	26	41	27	69	28	54	29	34
	0	21	1	50	2	60	3	2	4	1	5	70	6	83	7	26	8	96	9	46	10	37	11	34	12	4	13	54	14	21	15	51	16	1	17	80	18	91	19	93	20	87	21	27	22	58	23	57	24	54	25	27	26	84	27	25	28	70	29	12
	0	78	1	83	2	86	3	32	4	39	5	18	6	20	7	34	8	75	9	65	10	73	11	26	12	2	13	100	14	85	15	9	16	11	17	98	18	32	19	39	20	37	21	12	22	15	23	44	24	95	25	49	26	10	27	29	28	43	29	23
	0	62	1	33	2	99	3	35	4	50	5	12	6	18	7	7	8	61	9	75	10	7	11	51	12	37	13	98	14	39	15	76	16	94	17	82	18	85	19	52	20	26	21	37	22	83	23	71	24	35	25	5	26	99	27	100	28	57	29	65
	0	74	1	1	2	76	3	61	4	44	5	60	6	40	7	65	8	67	9	54	10	30	11	66	12	24	13	55	14	31	15	26	16	55	17	44	18	23	19	76	20	50	21	76	22	84	23	12	24	14	25	33	26	64	27	34	28	72	29	50
	0	88	1	37	2	77	3	98	4	90	5	25	6	47	7	63	8	81	9	45	10	39	11	56	12	5	13	30	14	33	15	38	16	48	17	2	18	93	19	49	20	87	21	96	22	16	23	72	24	2	25	82	26	99	27	81	28	88	29	5
	0	72	1	31	2	40	3	73	4	84	5	16	6	3	7	56	8	48	9	91	10	89	11	81	12	67	13	25	14	33	15	42	16	94	17	49	18	23	19	41	20	26	21	99	22	19	23	48	24	6	25	82	26	70	27	38	28	90	29	7
	0	65	1	43	2	15	3	61	4	98	5	30	6	61	7	20	8	33	9	85	10	99	11	29	12	79	13	79	14	69	15	88	16	32	17	29	18	29	19	28	20	37	21	90	22	62	23	69	24	74	25	41	26	48	27	83	28	75	29	51
	0	20	1	20	2	23	3	26	4	76	5	49	6	91	7	90	8	6	9	43	10	21	11	48	12	56	13	2	14	60	15	22	16	47	17	84	18	90	19	68	20	15	21	2	22	16	23	16	24	41	25	95	26	25	27	86	28	77	29	97
	0	99	1	67	2	7	3	41	4	61	5	83	6	87	7	91	8	91	9	61	10	52	11	77	12	25	13	79	14	84	15	73	16	36	17	68	18	83	19	68	20	65	21	90	22	89	23	88	24	34	25	19	26	35	27	80	28	67	29	92
	0	38	1	79	2	18	3	6	4	49	5	8	6	47	7	94	8	38	9	76	10	20	11	80	12	62	13	81	14	25	15	16	16	56	17	44	18	8	19	54	20	43	21	8	22	87	23	76	24	43	25	92	26	6	27	22	28	51	29	88
	0	16	1	73	2	83	3	27	4	5	5	70	6	30	7	70	8	20	9	90	10	75	11	76	12	42	13	7	14	34	15	79	16	23	17	98	18	54	19	57	20	68	21	92	22	77	23	87	24	54	25	58	26	30	27	9	28	96	29	74
	0	26	1	49	2	8	3	43	4	71	5	78	6	28	7	33	8	16	9	92	10	89	11	57	12	5	13	59	14	68	15	31	16	96	17	55	18	37	19	64	20	65	21	93	22	9	23	71	24	16	25	99	26	35	27	21	28	59	29	24
	0	11	1	52	2	32	3	57	4	96	5	18	6	70	7	6	8	49	9	47	10	53	11	51	12	33	13	29	14	90	15	76	16	52	17	68	18	13	19	63	20	10	21	57	22	87	23	70	24	16	25	56	26	75	27	57	28	71	29	1
	0	97	1	8	2	5	3	61	4	73	5	70	6	59	7	17	8	56	9	26	10	27	11	41	12	74	13	42	14	4	15	92	16	52	17	71	18	96	19	59	20	78	21	15	22	2	23	19	24	23	25	49	26	69	27	88	28	52	29	85
	0	72	1	85	2	69	3	25	4	76	5	29	6	86	7	9	8	92	9	57	10	11	11	90	12	15	13	20	14	91	15	69	16	20	17	84	18	70	19	76	20	45	21	71	22	21	23	90	24	95	25	96	26	85	27	25	28	45	29	88
	0	25	1	21	2	17	3	12	4	57	5	25	6	68	7	13	8	40	9	61	10	11	11	60	12	26	13	92	14	63	15	67	16	3	17	54	18	72	19	97	20	80	21	10	22	92	23	1	24	2	25	33	26	90	27	34	28	94	29	37
	0	16	1	49	2	60	3	17	4	57	5	73	6	3	7	50	8	69	9	96	10	38	11	74	12	54	13	48	14	1	15	61	16	13	17	39	18	87	19	32	20	21	21	71	22	76	23	85	24	72	25	68	26	16	27	49	28	10	29	81
	0	77	1	60	2	47	3	44	4	100	5	41	6	13	7	10	8	4	9	28	10	15	11	88	12	15	13	63	14	77	15	45	16	41	17	69	18	7	19	72	20	7	21	50	22	98	23	98	24	12	25	99	26	69	27	21	28	89	29	9
	0	98	1	87	2	69	3	9	4	2	5	21	6	76	7	73	8	77	9	18	10	17	11	77	12	84	13	24	14	40	15	7	16	59	17	76	18	62	19	26	20	78	21	76	22	7	23	72	24	5	25	24	26	96	27	40	28	8	29	35
	0	81	1	49	2	15	3	3	4	14	5	38	6	37	7	3	8	98	9	8	10	10	11	40	12	56	13	6	14	3	15	68	16	12	17	46	18	98	19	68	20	85	21	79	22	56	23	41	24	15	25	75	26	13	27	45	28	98	29	84
	0	64	1	10	2	84	3	68	4	45	5	81	6	63	7	40	8	6	9	94	10	61	11	55	12	44	13	74	14	92	15	11	16	41	17	9	18	67	19	88	20	11	21	50	22	40	23	16	24	68	25	30	26	42	27	50	28	64	29	8
	0	42	1	99	2	54	3	73	4	22	5	28	6	91	7	76	8	75	9	48	10	56	11	71	12	41	13	36	14	81	15	69	16	55	17	77	18	14	19	62	20	70	21	2	22	37	23	51	24	65	25	65	26	34	27	85	28	82	29	1
	0	71	1	13	2	12	3	39	4	42	5	79	6	55	7	57	8	77	9	45	10	16	11	31	12	32	13	87	14	99	15	90	16	93	17	24	18	33	19	80	20	84	21	70	22	20	23	23	24	35	25	3	26	7	27	89	28	69	29	24
	0	10	1	48	2	15	3	9	4	50	5	48	6	35	7	9	8	72	9	47	10	47	11	43	12	62	13	2	14	71	15	75	16	78	17	66	18	24	19	91	20	71	21	83	22	55	23	1	24	51	25	48	26	84	27	40	28	18	29	96
	0	86	1	41	2	86	3	23	4	51	5	1	6	55	7	60	8	88	9	70	10	98	11	53	12	66	13	30	14	93	15	8	16	8	17	42	18	3	19	31	20	87	21	73	22	72	23	38	24	81	25	52	26	27	27	42	28	83	29	97
	0	59	1	27	2	91	3	7	4	52	5	75	6	2	7	40	8	83	9	97	10	1	11	95	12	89	13	93	14	17	15	68	16	2	17	38	18	71	19	72	20	82	21	62	22	64	23	25	24	97	25	88	26	57	27	45	28	45	29	29
	0	53	1	8	2	100	3	67	4	85	5	69	6	32	7	63	8	60	9	34	10	49	11	71	12	17	13	45	14	33	15	53	16	6	17	16	18	85	19	21	20	87	21	25	22	6	23	54	24	10	25	53	26	65	27	64	28	26	29	27
	0	37	1	100	2	33	3	14	4	17	5	36	6	67	7	51	8	35	9	64	10	90	11	39	12	27	13	82	14	27	15	6	16	54	17	78	18	57	19	41	20	49	21	21	22	74	23	40	24	50	25	14	26	49	27	15	28	51	29	85
	0	76	1	75	2	65	3	11	4	84	5	52	6	96	7	97	8	29	9	55	10	49	11	66	12	27	13	63	14	46	15	19	16	66	17	93	18	5	19	81	20	18	21	6	22	6	23	46	24	48	25	29	26	69	27	63	28	75	29	19
	0	91	1	61	2	40	3	89	4	27	5	79	6	86	7	63	8	28	9	49	10	59	11	56	12	50	13	74	14	74	15	67	16	95	17	61	18	14	19	45	20	75	21	38	22	52	23	78	24	79	25	38	26	20	27	84	28	5	29	36
	0	53	1	28	2	76	3	90	4	95	5	98	6	50	7	87	8	40	9	92	10	15	11	32	12	39	13	9	14	92	15	3	16	7	17	62	18	20	19	77	20	97	21	29	22	83	23	88	24	48	25	27	26	97	27	83	28	95	29	71
	0	79	1	84	2	17	3	54	4	56	5	59	6	65	7	58	8	98	9	83	10	68	11	81	12	64	13	23	14	50	15	44	16	14	17	88	18	70	19	12	20	24	21	21	22	87	23	38	24	84	25	35	26	10	27	21	28	97	29	2
	0	74	1	34	2	96	3	69	4	74	5	60	6	40	7	44	8	19	9	49	10	64	11	76	12	12	13	76	14	91	15	39	16	63	17	68	18	39	19	71	20	80	21	31	22	69	23	41	24	99	25	92	26	62	27	47	28	66	29	32
	0	23	1	59	2	55	3	93	4	45	5	69	6	98	7	62	8	93	9	10	10	70	11	80	12	76	13	42	14	33	15	24	16	20	17	38	18	50	19	64	20	70	21	14	22	21	23	86	24	75	25	72	26	96	27	36	28	38	29	55
	0	63	1	33	2	28	3	52	4	29	5	44	6	95	7	77	8	36	9	28	10	37	11	13	12	80	13	84	14	94	15	20	16	13	17	75	18	82	19	15	20	73	21	93	22	94	23	91	24	50	25	95	26	19	27	36	28	84	29	44
	0	63	1	56	2	68	3	99	4	73	5	23	6	82	7	61	8	2	9	97	10	4	11	76	12	55	13	95	14	51	15	24	16	12	17	12	18	56	19	79	20	18	21	3	22	93	23	89	24	83	25	87	26	94	27	28	28	37	29	47
	0	17	1	16	2	21	3	10	4	69	5	6	6	26	7	51	8	99	9	94	10	1	11	49	12	89	13	76	14	85	15	89	16	34	17	87	18	55	19	87	20	83	21	87	22	73	23	77	24	66	25	68	26	88	27	7	28	49	29	4
	0	20	1	7	2	91	3	76	4	29	5	41	6	75	7	32	8	64	9	53	10	55	11	69	12	11	13	68	14	47	15	50	16	24	17	17	18	25	19	87	20	82	21	74	22	39	23	53	24	4	25	49	26	41	27	18	28	45	29	65
	0	82	1	98	2	19	3	8	4	49	5	79	6	38	7	37	8	13	9	56	10	69	11	86	12	25	13	89	14	36	15	1	16	5	17	73	18	27	19	89	20	64	21	64	22	84	23	70	24	87	25	33	26	72	27	71	28	64	29	6
	0	73	1	92	2	31	3	33	4	44	5	29	6	81	7	2	8	31	9	50	10	32	11	59	12	34	13	47	14	77	15	33	16	59	17	11	18	62	19	68	20	7	21	4	22	38	23	87	24	87	25	33	26	10	27	82	28	50	29	34
	0	76	1	74	2	73	3	31	4	3	5	85	6	61	7	40	8	19	9	51	10	24	11	97	12	1	13	22	14	59	15	71	16	75	17	58	18	48	19	73	20	84	21	12	22	32	23	52	24	76	25	50	26	47	27	87	28	13	29	60
	0	14	1	66	2	14	3	41	4	30	5	41	6	76	7	82	8	93	9	98	10	43	11	59	12	64	13	58	14	9	15	32	16	50	17	33	18	77	19	96	20	54	21	77	22	10	23	34	24	32	25	11	26	57	27	72	28	54	29	19
	0	20	1	25	2	52	3	38	4	9	5	5	6	9	7	94	8	98	9	2	10	23	11	52	12	77	13	85	14	34	15	77	16	67	17	71	18	23	19	45	20	37	21	56	22	10	23	28	24	49	25	12	26	93	27	47	28	1	29	100
	0	30	1	80	2	77	3	39	4	57	5	57	6	88	7	36	8	62	9	76	10	88	11	75	12	90	13	37	14	89	15	13	16	47	17	63	18	3	19	29	20	2	21	60	22	7	23	24	24	33	25	44	26	79	27	79	28	57	29	16
	0	77	1	9	2	33	3	87	4	47	5	66	6	32	7	70	8	74	9	84	10	20	11	87	12	36	13	85	14	93	15	79	16	97	17	56	18	51	19	88	20	69	21	93	22	16	23	70	24	30	25	62	26	20	27	57	28	49	29	17
	0	27	1	63	2	96	3	99	4	49	5	19	6	16	7	68	8	85	9	62	10	85	11	75	12	99	13	42	14	99	15	63	16	86	17	93	18	58	19	53	20	25	21	90	22	34	23	54	24	4	25	5	26	46	27	9	28	55	29	14
	0	78	1	61	2	62	3	23	4	17	5	96	6	100	7	18	8	91	9	13	10	35	11	60	12	32	13	10	14	96	15	69	16	8	17	96	18	83	19	82	20	80	21	67	22	82	23	68	24	90	25	3	26	13	27	35	28	92	29	81
	0	2	1	75	2	57	3	96	4	79	5	18	6	43	7	54	8	40	9	94	10	97	11	68	12	7	13	27	14	25	15	69	16	94	17	11	18	62	19	20	20	54	21	40	22	12	23	91	24	68	25	87	26	48	27	34	28	96	29	68
	0	98	1	69	2	7	3	14	4	45	5	60	6	53	7	61	8	21	9	52	10	57	11	18	12	80	13	3	14	34	15	66	16	67	17	7	18	56	19	23	20	32	21	24	22	29	23	46	24	51	25	43	26	61	27	77	28	39	29	42
	0	17	1	52	2	91	3	42	4	2	5	21	6	73	7	41	8	16	9	53	10	47	11	97	12	69	13	25	14	7	15	86	16	57	17	20	18	56	19	55	20	28	21	78	22	59	23	47	24	94	25	74	26	39	27	67	28	71	29	30
	0	15	1	24	2	45	3	74	4	91	5	45	6	99	7	97	8	41	9	81	10	60	11	84	12	59	13	22	14	29	15	16	16	65	17	92	18	25	19	70	20	87	21	22	22	40	23	58	24	52	25	81	26	94	27	81	28	61	29	36
	0	44	1	3	2	48	3	76	4	57	5	61	6	17	7	100	8	95	9	60	10	20	11	72	12	32	13	33	14	41	15	86	16	23	17	54	18	62	19	94	20	93	21	37	22	50	23	93	24	4	25	64	26	93	27	68	28	31	29	18
	0	51	1	46	2	54	3	17	4	31	5	99	6	40	7	76	8	79	9	5	10	67	11	40	12	51	13	58	14	39	15	70	16	23	17	76	18	68	19	68	20	24	21	68	22	28	23	79	24	29	25	29	26	15	27	7	28	33	29	3
	0	65	1	22	2	85	3	22	4	13	5	57	6	76	7	95	8	85	9	23	10	85	11	35	12	77	13	82	14	47	15	33	16	45	17	51	18	81	19	5	20	16	21	49	22	1	23	89	24	1	25	96	26	5	27	69	28	51	29	16
	0	94	1	33	2	14	3	20	4	87	5	15	6	61	7	72	8	16	9	65	10	95	11	47	12	39	13	41	14	70	15	44	16	88	17	45	18	72	19	23	20	34	21	11	22	50	23	54	24	59	25	37	26	91	27	25	28	52	29	26
	0	73	1	29	2	69	3	55	4	54	5	28	6	23	7	3	8	75	9	75	10	5	11	14	12	79	13	28	14	38	15	51	16	72	17	1	18	27	19	91	20	99	21	22	22	48	23	60	24	87	25	3	26	87	27	92	28	87	29	43
	0	42	1	93	2	24	3	4	4	19	5	17	6	18	7	52	8	9	9	90	10	63	11	44	12	16	13	48	14	52	15	89	16	76	17	70	18	94	19	38	20	87	21	23	22	63	23	72	24	34	25	45	26	76	27	80	28	95	29	35
	0	85	1	64	2	40	3	37	4	30	5	7	6	77	7	22	8	97	9	86	10	1	11	6	12	64	13	20	14	44	15	74	16	41	17	89	18	41	19	78	20	28	21	57	22	60	23	41	24	61	25	88	26	49	27	84	28	99	29	34
	0	12	1	49	2	88	3	45	4	9	5	2	6	1	7	24	8	47	9	20	10	42	11	12	12	5	13	9	14	54	15	7	16	2	17	2	18	76	19	27	20	18	21	34	22	50	23	74	24	10	25	100	26	44	27	72	28	95	29	24
	0	72	1	77	2	86	3	21	4	6	5	79	6	4	7	10	8	29	9	50	10	100	11	17	12	58	13	4	14	69	15	82	16	37	17	77	18	25	19	41	20	98	21	43	22	85	23	71	24	18	25	16	26	69	27	2	28	25	29	15
	0	17	1	36	2	41	3	85	4	88	5	34	6	60	7	99	8	77	9	57	10	88	11	97	12	82	13	67	14	10	15	23	16	88	17	35	18	53	19	62	20	69	21	4	22	56	23	13	24	17	25	100	26	73	27	28	28	42	29	5
	0	71	1	100	2	8	3	19	4	88	5	98	6	8	7	78	8	76	9	77	10	77	11	18	12	36	13	91	14	5	15	78	16	22	17	18	18	1	19	7	20	75	21	59	22	8	23	5	24	4	25	54	26	85	27	8	28	39	29	66
	0	2	1	16	2	9	3	95	4	6	5	97	6	26	7	23	8	55	9	43	10	89	11	23	12	45	13	43	14	13	15	70	16	55	17	8	18	73	19	31	20	95	21	59	22	7	23	30	24	38	25	58	26	7	27	21	28	53	29	60
	0	24	1	3	2	95	3	95	4	23	5	60	6	94	7	24	8	2	9	26	10	62	11	18	12	41	13	88	14	19	15	60	16	43	17	89	18	85	19	67	20	2	21	89	22	99	23	82	24	86	25	2	26	74	27	81	28	37	29	10
	0	83	1	96	2	15	3	23	4	34	5	53	6	56	7	43	8	99	9	76	10	93	11	41	12	78	13	97	14	82	15	62	16	34	17	71	18	31	19	14	20	21	21	17	22	5	23	10	24	90	25	93	26	84	27	63	28	54	29	92
	0	71	1	53	2	30	3	32	4	87	5	26	6	6	7	52	8	7	9	82	10	96	11	60	12	13	13	65	14	76	15	73	16	72	17	72	18	16	19	58	20	66	21	27	22	57	23	72	24	35	25	1	26	88	27	35	28	3	29	68
	0	33	1	11	2	98	3	24	4	45	5	62	6	94	7	26	8	64	9	6	10	35	11	2	12	3	13	6	14	6	15	58	16	46	17	43	18	75	19	85	20	91	21	77	22	20	23	23	24	59	25	95	26	4	27	57	28	60	29	78
	0	79	1	33	2	88	3	59	4	11	5	35	6	74	7	56	8	74	9	50	10	35	11	81	12	54	13	19	14	83	15	72	16	49	17	45	18	1	19	3	20	65	21	8	22	77	23	62	24	47	25	13	26	63	27	4	28	83	29	64
	0	18	1	17	2	82	3	43	4	17	5	60	6	15	7	35	8	61	9	62	10	49	11	40	12	14	13	94	14	39	15	37	16	48	17	43	18	53	19	16	20	73	21	53	22	25	23	87	24	88	25	22	26	84	27	20	28	75	29	67
	0	97	1	95	2	18	3	76	4	13	5	41	6	36	7	37	8	19	9	16	10	41	11	2	12	20	13	52	14	68	15	14	16	20	17	50	18	50	19	30	20	60	21	23	22	15	23	92	24	44	25	5	26	36	27	45	28	53	29	82
	0	71	1	2	2	32	3	13	4	64	5	4	6	7	7	39	8	84	9	17	10	41	11	6	12	47	13	75	14	76	15	55	16	34	17	61	18	86	19	40	20	91	21	71	22	47	23	83	24	99	25	23	26	17	27	86	28	24	29	92
	0	54	1	51	2	99	3	82	4	31	5	71	6	2	7	77	8	30	9	10	10	18	11	28	12	9	13	73	14	7	15	59	16	86	17	33	18	18	19	7	20	84	21	79	22	16	23	30	24	23	25	77	26	19	27	50	28	52	29	94
	0	53	1	4	2	75	3	92	4	74	5	28	6	96	7	9	8	26	9	97	10	83	11	92	12	18	13	100	14	54	15	24	16	45	17	7	18	1	19	85	20	97	21	75	22	20	23	27	24	15	25	98	26	28	27	52	28	88	29	77
	0	60	1	29	2	19	3	97	4	83	5	85	6	85	7	15	8	83	9	58	10	74	11	95	12	100	13	89	14	80	15	62	16	21	17	6	18	78	19	47	20	56	21	22	22	20	23	40	24	54	25	34	26	24	27	91	28	38	29	15
	0	40	1	11	2	63	3	32	4	13	5	64	6	31	7	26	8	89	9	68	10	10	11	36	12	31	13	24	14	45	15	65	16	26	17	47	18	57	19	3	20	20	21	86	22	69	23	71	24	3	25	30	26	8	27	39	28	25	29	55
	0	58	1	40	2	29	3	59	4	88	5	83	6	21	7	74	8	51	9	20	10	14	11	66	12	51	13	53	14	23	15	68	16	17	17	52	18	93	19	90	20	20	21	41	22	80	23	6	24	41	25	70	26	35	27	21	28	59	29	69
	0	44	1	60	2	31	3	65	4	30	5	33	6	71	7	1	8	25	9	72	10	61	11	92	12	58	13	36	14	37	15	5	16	27	17	35	18	48	19	44	20	42	21	26	22	76	23	82	24	63	25	67	26	55	27	76	28	74	29	44
	0	44	1	43	2	53	3	2	4	27	5	91	6	37	7	43	8	58	9	43	10	2	11	82	12	61	13	77	14	91	15	60	16	59	17	79	18	61	19	61	20	2	21	99	22	52	23	92	24	98	25	29	26	68	27	4	28	77	29	56
	0	50	1	80	2	56	3	64	4	69	5	5	6	54	7	84	8	66	9	2	10	100	11	8	12	24	13	3	14	33	15	25	16	50	17	69	18	64	19	50	20	91	21	7	22	76	23	40	24	23	25	26	26	65	27	23	28	90	29	30
	0	57	1	91	2	60	3	61	4	46	5	29	6	56	7	20	8	48	9	73	10	51	11	25	12	56	13	30	14	60	15	9	16	43	17	100	18	45	19	47	20	58	21	83	22	26	23	63	24	100	25	53	26	77	27	69	28	68	29	45
	0	20	1	33	2	25	3	80	4	76	5	73	6	24	7	22	8	19	9	23	10	82	11	52	12	49	13	27	14	94	15	85	16	71	17	54	18	39	19	82	20	55	21	30	22	4	23	32	24	23	25	42	26	36	27	90	28	54	29	63
	0	1	1	14	2	43	3	79	4	96	5	31	6	35	7	50	8	58	9	15	10	14	11	17	12	60	13	78	14	35	15	26	16	90	17	86	18	16	19	65	20	51	21	62	22	31	23	3	24	22	25	38	26	81	27	87	28	79	29	64
	0	15	1	50	2	70	3	90	4	39	5	10	6	68	7	70	8	48	9	82	10	71	11	72	12	38	13	33	14	17	15	74	16	7	17	42	18	27	19	88	20	49	21	48	22	94	23	48	24	93	25	5	26	92	27	35	28	47	29	66
	0	59	1	56	2	41	3	77	4	87	5	69	6	86	7	44	8	22	9	35	10	96	11	5	12	47	13	42	14	35	15	26	16	25	17	25	18	79	19	94	20	94	21	83	22	18	23	85	24	64	25	58	26	31	27	26	28	50	29	42
	0	13	1	73	2	36	3	6	4	35	5	89	6	71	7	89	8	54	9	77	10	19	11	78	12	29	13	12	14	27	15	67	16	95	17	81	18	85	19	80	20	91	21	5	22	93	23	1	24	67	25	35	26	41	27	30	28	5	29	7
	0	91	1	70	2	15	3	30	4	4	5	24	6	19	7	34	8	51	9	26	10	11	11	80	12	7	13	67	14	69	15	44	16	8	17	75	18	51	19	5	20	33	21	55	22	98	23	100	24	27	25	13	26	37	27	31	28	87	29	10
	0	47	1	41	2	66	3	17	4	36	5	85	6	90	7	79	8	34	9	62	10	61	11	94	12	18	13	1	14	13	15	83	16	5	17	95	18	47	19	86	20	83	21	36	22	37	23	27	24	78	25	3	26	14	27	29	28	62	29	86
	0	46	1	62	2	59	3	73	4	88	5	72	6	2	7	11	8	53	9	6	10	44	11	24	12	44	13	48	14	34	15	65	16	49	17	19	18	100	19	10	20	57	21	7	22	17	23	37	24	98	25	38	26	29	27	41	28	73	29	97
	0	72	1	89	2	48	3	63	4	12	5	99	6	22	7	11	8	87	9	11	10	85	11	5	12	32	13	73	14	53	15	81	16	10	17	74	18	9	19	85	20	86	21	87	22	12	23	34	24	23	25	95	26	49	27	94	28	70	29	43
	0	37	1	5	2	92	3	2	4	2	5	3	6	47	7	67	8	94	9	1	10	8	11	11	12	12	13	39	14	1	15	64	16	46	17	24	18	95	19	6	20	71	21	4	22	65	23	73	24	40	25	53	26	16	27	28	28	57	29	65
	0	39	1	39	2	41	3	79	4	44	5	68	6	2	7	88	8	78	9	75	10	90	11	96	12	28	13	65	14	92	15	34	16	75	17	51	18	89	19	49	20	33	21	14	22	94	23	13	24	10	25	69	26	28	27	39	28	57	29	78
	0	21	1	86	2	94	3	60	4	32	5	86	6	43	7	5	8	24	9	36	10	88	11	75	12	48	13	41	14	58	15	55	16	15	17	83	18	97	19	93	20	58	21	66	22	61	23	30	24	21	25	62	26	63	27	26	28	23	29	55
	0	53	1	13	2	74	3	55	4	16	5	40	6	64	7	29	8	100	9	6	10	28	11	81	12	28	13	68	14	70	15	70	16	49	17	87	18	5	19	41	20	33	21	48	22	34	23	24	24	15	25	62	26	77	27	18	28	37	29	48
	0	26	1	55	2	55	3	28	4	81	5	35	6	2	7	13	8	98	9	53	10	23	11	42	12	55	13	70	14	22	15	10	16	11	17	4	18	2	19	95	20	18	21	27	22	66	23	77	24	7	25	12	26	23	27	94	28	72	29	58
	0	15	1	88	2	100	3	79	4	60	5	47	6	39	7	51	8	74	9	16	10	2	11	40	12	13	13	62	14	30	15	64	16	64	17	4	18	87	19	55	20	61	21	40	22	44	23	24	24	2	25	42	26	77	27	57	28	10	29	86
	0	95	1	77	2	53	3	54	4	62	5	60	6	11	7	18	8	79	9	94	10	71	11	87	12	54	13	13	14	67	15	89	16	61	17	38	18	18	19	8	20	70	21	23	22	16	23	9	24	4	25	81	26	66	27	6	28	48	29	26
	0	96	1	76	2	22	3	82	4	73	5	2	6	89	7	17	8	95	9	16	10	64	11	20	12	53	13	65	14	38	15	33	16	79	17	24	18	38	19	82	20	18	21	31	22	91	23	99	24	2	25	14	26	54	27	8	28	3	29	36
	0	34	1	25	2	96	3	77	4	8	5	94	6	70	7	43	8	16	9	59	10	44	11	42	12	91	13	46	14	2	15	91	16	47	17	99	18	36	19	43	20	34	21	99	22	69	23	33	24	37	25	60	26	100	27	96	28	81	29	82
	0	79	1	97	2	57	3	97	4	21	5	81	6	94	7	48	8	8	9	38	10	34	11	84	12	38	13	25	14	89	15	56	16	18	17	8	18	81	19	51	20	21	21	100	22	5	23	6	24	45	25	26	26	55	27	74	28	35	29	22
	0	5	1	42	2	80	3	58	4	45	5	26	6	77	7	53	8	1	9	95	10	23	11	98	12	93	13	80	14	99	15	20	16	19	17	95	18	22	19	59	20	49	21	67	22	14	23	27	24	91	25	36	26	91	27	73	28	49	29	99
	0	79	1	84	2	80	3	92	4	14	5	89	6	37	7	36	8	65	9	38	10	35	11	97	12	21	13	88	14	2	15	22	16	96	17	8	18	76	19	75	20	57	21	91	22	66	23	64	24	87	25	29	26	12	27	33	28	24	29	88
	0	80	1	79	2	49	3	3	4	92	5	99	6	6	7	62	8	76	9	88	10	81	11	56	12	84	13	32	14	75	15	23	16	26	17	77	18	43	19	97	20	87	21	71	22	84	23	50	24	56	25	99	26	10	27	90	28	73	29	57
	0	28	1	38	2	68	3	49	4	5	5	25	6	59	7	97	8	3	9	49	10	15	11	83	12	17	13	3	14	19	15	92	16	34	17	71	18	88	19	98	20	100	21	22	22	14	23	22	24	85	25	86	26	50	27	67	28	47	29	69
	0	61	1	83	2	60	3	42	4	90	5	35	6	55	7	22	8	34	9	80	10	74	11	25	12	15	13	61	14	61	15	53	16	94	17	83	18	12	19	50	20	70	21	29	22	72	23	44	24	49	25	31	26	63	27	49	28	89	29	3
	0	59	1	5	2	46	3	97	4	46	5	67	6	81	7	48	8	51	9	94	10	1	11	9	12	6	13	66	14	44	15	1	16	95	17	55	18	44	19	24	20	96	21	31	22	9	23	2	24	8	25	51	26	17	27	64	28	41	29	91
	0	19	1	79	2	100	3	8	4	82	5	2	6	84	7	37	8	35	9	90	10	91	11	67	12	76	13	7	14	7	15	50	16	79	17	20	18	97	19	36	20	90	21	49	22	44	23	35	24	4	25	39	26	3	27	56	28	78	29	53
	0	62	1	65	2	95	3	9	4	21	5	70	6	4	7	13	8	39	9	23	10	1	11	53	12	18	13	93	14	12	15	64	16	5	17	56	18	3	19	77	20	39	21	98	22	33	23	7	24	82	25	37	26	9	27	51	28	100	29	1
	0	24	1	94	2	90	3	27	4	80	5	45	6	67	7	56	8	30	9	61	10	50	11	49	12	88	13	17	14	21	15	52	16	89	17	31	18	49	19	65	20	8	21	67	22	90	23	21	24	58	25	59	26	7	27	60	28	36	29	38
	0	82	1	53	2	78	3	44	4	9	5	33	6	45	7	76	8	80	9	9	10	62	11	89	12	23	13	92	14	63	15	51	16	32	17	48	18	24	19	25	20	8	21	60	22	93	23	25	24	15	25	62	26	33	27	82	28	89	29	82
	0	56	1	87	2	83	3	6	4	97	5	29	6	21	7	41	8	68	9	33	10	96	11	48	12	83	13	57	14	38	15	78	16	50	17	13	18	31	19	16	20	66	21	25	22	72	23	24	24	66	25	26	26	71	27	52	28	9	29	65
	0	64	1	30	2	96	3	77	4	78	5	81	6	73	7	35	8	53	9	10	10	35	11	85	12	47	13	70	14	62	15	34	16	42	17	87	18	30	19	51	20	43	21	12	22	96	23	77	24	49	25	43	26	42	27	84	28	13	29	2
	0	18	1	12	2	42	3	85	4	42	5	75	6	89	7	23	8	26	9	13	10	49	11	4	12	41	13	39	14	59	15	46	16	47	17	9	18	53	19	48	20	44	21	1	22	36	23	23	24	28	25	88	26	70	27	4	28	44	29	49
	0	92	1	96	2	77	3	43	4	100	5	77	6	39	7	37	8	83	9	8	10	14	11	79	12	73	13	83	14	87	15	42	16	55	17	27	18	70	19	82	20	62	21	45	22	90	23	89	24	26	25	60	26	10	27	33	28	85	29	96
	0	3	1	15	2	51	3	96	4	85	5	89	6	89	7	90	8	87	9	7	10	74	11	36	12	25	13	13	14	12	15	13	16	84	17	81	18	53	19	36	20	49	21	65	22	26	23	10	24	21	25	28	26	72	27	62	28	20	29	46
	0	64	1	9	2	57	3	12	4	31	5	43	6	24	7	96	8	27	9	57	10	47	11	20	12	18	13	32	14	79	15	58	16	71	17	60	18	48	19	81	20	65	21	77	22	80	23	89	24	76	25	29	26	53	27	24	28	81	29	94
	0	72	1	28	2	99	3	34	4	53	5	8	6	68	7	51	8	58	9	25	10	4	11	65	12	34	13	99	14	20	15	51	16	31	17	23	18	75	19	90	20	5	21	5	22	100	23	28	24	44	25	96	26	11	27	38	28	56	29	68
	0	3	1	48	2	11	3	45	4	1	5	66	6	45	7	14	8	92	9	12	10	35	11	51	12	81	13	51	14	25	15	56	16	27	17	71	18	67	19	78	20	72	21	75	22	88	23	57	24	61	25	44	26	6	27	41	28	2	29	26
	0	58	1	42	2	34	3	41	4	16	5	26	6	100	7	99	8	95	9	76	10	31	11	95	12	84	13	62	14	86	15	4	16	51	17	93	18	33	19	1	20	8	21	60	22	28	23	83	24	39	25	79	26	48	27	58	28	12	29	96
	0	88	1	32	2	46	3	16	4	16	5	18	6	97	7	62	8	50	9	29	10	73	11	82	12	4	13	45	14	19	15	60	16	22	17	64	18	3	19	99	20	78	21	72	22	6	23	68	24	30	25	87	26	5	27	53	28	53	29	77
	0	91	1	46	2	82	3	49	4	66	5	52	6	35	7	51	8	98	9	11	10	21	11	54	12	57	13	57	14	30	15	83	16	37	17	63	18	59	19	25	20	31	21	54	22	45	23	45	24	45	25	67	26	85	27	62	28	43	29	98
	0	68	1	87	2	56	3	88	4	63	5	18	6	18	7	97	8	24	9	38	10	96	11	94	12	7	13	75	14	32	15	66	16	20	17	8	18	14	19	2	20	38	21	29	22	39	23	27	24	65	25	4	26	45	27	84	28	20	29	82
	0	19	1	75	2	76	3	49	4	2	5	36	6	83	7	34	8	64	9	90	10	59	11	2	12	1	13	97	14	20	15	91	16	91	17	13	18	82	19	94	20	13	21	20	22	71	23	73	24	92	25	75	26	13	27	64	28	56	29	11
	0	85	1	24	2	3	3	82	4	58	5	1	6	7	7	17	8	65	9	44	10	20	11	58	12	65	13	95	14	54	15	67	16	93	17	7	18	36	19	42	20	18	21	93	22	79	23	77	24	39	25	2	26	12	27	45	28	8	29	63
	0	61	1	6	2	46	3	68	4	76	5	56	6	88	7	58	8	30	9	72	10	99	11	45	12	64	13	16	14	7	15	94	16	32	17	19	18	80	19	26	20	76	21	34	22	27	23	34	24	37	25	45	26	96	27	15	28	78	29	71
	0	17	1	67	2	78	3	87	4	92	5	92	6	26	7	75	8	39	9	10	10	17	11	54	12	48	13	86	14	28	15	70	16	1	17	4	18	41	19	29	20	54	21	54	22	26	23	11	24	1	25	19	26	99	27	13	28	62	29	63
	0	28	1	80	2	51	3	68	4	56	5	40	6	32	7	79	8	49	9	53	10	76	11	27	12	93	13	35	14	46	15	69	16	3	17	15	18	4	19	55	20	23	21	39	22	9	23	99	24	13	25	32	26	31	27	31	28	56	29	80
	0	32	1	46	2	57	3	84	4	65	5	86	6	77	7	11	8	96	9	12	10	48	11	46	12	60	13	51	14	66	15	96	16	94	17	45	18	39	19	33	20	21	21	4	22	52	23	54	24	59	25	69	26	67	27	98	28	99	29	26
	0	85	1	62	2	68	3	18	4	18	5	87	6	62	7	66	8	55	9	15	10	33	11	75	12	33	13	47	14	48	15	5	16	30	17	35	18	67	19	18	20	43	21	97	22	100	23	36	24	33	25	43	26	40	27	75	28	30	29	46
Reldue
-1	11829	-1	1
-1	7872	-1	1
-1	8163	-1	1
-1	12121	-1	1
-1	4677	-1	1
-1	11718	-1	1
-1	6252	-1	1
-1	11356	-1	1
-1	12069	-1	1
-1	11308	-1	1
-1	7774	-1	1
-1	6732	-1	1
-1	5350	-1	1
-1	9153	-1	1
-1	6584	-1	1
-1	12199	-1	1
-1	12375	-1	1
-1	11777	-1	1
-1	9532	-1	1
-1	9838	-1	1
-1	5002	-1	1
-1	8154	-1	1
-1	11378	-1	1
-1	10254	-1	1
-1	7579	-1	1
-1	9534	-1	1
-1	4834	-1	1
-1	7947	-1	1
-1	4798	-1	1
-1	6922	-1	1
-1	8595	-1	1
-1	9110	-1	1
-1	9985	-1	1
-1	11611	-1	1
-1	10731	-1	1
-1	4560	-1	1
-1	8118	-1	1
-1	13093	-1	1
-1	7631	-1	1
-1	8240	-1	1
-1	7486	-1	1
-1	6584	-1	1
-1	5166	-1	1
-1	12075	-1	1
-1	6360	-1	1
-1	7825	-1	1
-1	8804	-1	1
-1	8329	-1	1
-1	7741	-1	1
-1	10050	-1	1
-1	5263	-1	1
-1	4765	-1	1
-1	6945	-1	1
-1	6891	-1	1
-1	10671	-1	1
-1	12765	-1	1
-1	10545	-1	1
-1	5412	-1	1
-1	8049	-1	1
-1	8243	-1	1
-1	7056	-1	1
-1	8324	-1	1
-1	11313	-1	1
-1	7753	-1	1
-1	4866	-1	1
-1	7994	-1	1
-1	12842	-1	1
-1	9690	-1	1
-1	9587	-1	1
-1	10751	-1	1
-1	12357	-1	1
-1	8749	-1	1
-1	8086	-1	1
-1	6923	-1	1
-1	11296	-1	1
-1	4564	-1	1
-1	11138	-1	1
-1	5986	-1	1
-1	8207	-1	1
-1	6591	-1	1
-1	7131	-1	1
-1	12794	-1	1
-1	6502	-1	1
-1	4396	-1	1
-1	5899	-1	1
-1	7238	-1	1
-1	13086	-1	1
-1	6263	-1	1
-1	11965	-1	1
-1	9427	-1	1
-1	8516	-1	1
-1	5665	-1	1
-1	5435	-1	1
-1	7707	-1	1
-1	11897	-1	1
-1	9199	-1	1
-1	10967	-1	1
-1	11391	-1	1
-1	6320	-1	1
-1	7459	-1	1
-1	12977	-1	1
-1	9897	-1	1
-1	10285	-1	1
-1	9293	-1	1
-1	12365	-1	1
-1	8091	-1	1
-1	12680	-1	1
-1	7757	-1	1
-1	4836	-1	1
-1	11619	-1	1
-1	8523	-1	1
-1	11378	-1	1
-1	5101	-1	1
-1	4850	-1	1
-1	6514	-1	1
-1	4644	-1	1
-1	6646	-1	1
-1	10083	-1	1
-1	4436	-1	1
-1	10797	-1	1
-1	5744	-1	1
-1	11933	-1	1
-1	9535	-1	1
-1	11235	-1	1
-1	10095	-1	1
-1	6545	-1	1
-1	7841	-1	1
-1	12978	-1	1
-1	7290	-1	1
-1	7807	-1	1
-1	7790	-1	1
-1	5362	-1	1
-1	10804	-1	1
-1	11491	-1	1
-1	5109	-1	1
-1	5323	-1	1
-1	5253	-1	1
-1	8188	-1	1
-1	7480	-1	1
-1	6982	-1	1
-1	9468	-1	1
-1	6531	-1	1
-1	5396	-1	1
-1	12968	-1	1
-1	4566	-1	1
-1	12850	-1	1
-1	5824	-1	1
-1	11426	-1	1
-1	11364	-1	1
-1	12069	-1	1
-1	10681	-1	1
-1	10376	-1	1
-1	7300	-1	1
-1	5615	-1	1
-1	8515	-1	1
-1	6511	-1	1
-1	6670	-1	1
-1	6446	-1	1
-1	6094	-1	1
-1	4502	-1	1
-1	7508	-1	1
-1	7501	-1	1
-1	6063	-1	1
-1	12123	-1	1
-1	10523	-1	1
-1	12242	-1	1
-1	5594	-1	1
-1	8872	-1	1
-1	10734	-1	1
-1	7639	-1	1
-1	5503	-1	1
-1	10726	-1	1
-1	4979	-1	1
-1	7746	-1	1
-1	12694	-1	1
-1	5065	-1	1
-1	8030	-1	1
-1	8755	-1	1
-1	12219	-1	1
-1	5583	-1	1
-1	10860	-1	1
-1	5590	-1	1
-1	10235	-1	1
-1	5590	-1	1
-1	9718	-1	1
-1	11799	-1	1
-1	5740	-1	1
-1	4983	-1	1
-1	8881	-1	1
-1	9156	-1	1
-1	5521	-1	1
-1	7691	-1	1
-1	7341	-1	1
-1	9907	-1	1
-1	5981	-1	1
-1	11392	-1	1
-1	8215	-1	1
-1	4612	-1	1
-1	8035	-1	1
-1	4702	-1	1
-1	12915	-1	1
-1	9203	-1	1
-1	10669	-1	1
-1	6783	-1	1
-1	8175	-1	1
-1	6118	-1	1
-1	9892	-1	1
-1	11109	-1	1
-1	8816	-1	1
-1	6317	-1	1
-1	5671	-1	1
-1	13038	-1	1
-1	10873	-1	1
-1	5100	-1	1
-1	12889	-1	1
-1	4839	-1	1
-1	10053	-1	1
-1	10288	-1	1
-1	13145	-1	1
-1	8215	-1	1
-1	5924	-1	1
-1	7788	-1	1
-1	5671	-1	1
-1	6040	-1	1
-1	10871	-1	1
-1	12402	-1	1
-1	10879	-1	1
-1	5593	-1	1
-1	6127	-1	1
-1	11896	-1	1
-1	5026	-1	1
-1	11697	-1	1
-1	8648	-1	1
-1	9194	-1	1
-1	12231	-1	1
-1	6106	-1	1
-1	11335	-1	1
-1	10175	-1	1
-1	12229	-1	1
-1	5345	-1	1
-1	8606	-1	1
-1	8465	-1	1
-1	8494	-1	1
-1	8327	-1	1
-1	5772	-1	1
-1	12038	-1	1
-1	7197	-1	1
-1	6795	-1	1
-1	9337	-1	1
-1	9525	-1	1
LBCmax: 14614
