50  10
	0	28	1	87	2	48	3	16	4	97	5	23	6	69	7	3	8	14	9	84
	0	48	1	31	2	35	3	88	4	87	5	61	6	27	7	92	8	91	9	81
	0	69	1	18	2	36	3	98	4	88	5	50	6	7	7	28	8	11	9	15
	0	44	1	59	2	61	3	85	4	86	5	80	6	30	7	54	8	16	9	16
	0	5	1	85	2	25	3	94	4	25	5	32	6	72	7	36	8	10	9	74
	0	97	1	55	2	72	3	22	4	9	5	4	6	13	7	88	8	62	9	98
	0	59	1	26	2	96	3	4	4	95	5	69	6	98	7	90	8	95	9	49
	0	4	1	51	2	60	3	54	4	72	5	72	6	10	7	65	8	63	9	87
	0	96	1	77	2	38	3	51	4	25	5	96	6	49	7	27	8	13	9	72
	0	68	1	55	2	12	3	97	4	9	5	65	6	71	7	90	8	13	9	37
	0	32	1	46	2	13	3	32	4	76	5	15	6	96	7	39	8	53	9	42
	0	33	1	15	2	74	3	87	4	35	5	16	6	52	7	4	8	62	9	33
	0	9	1	38	2	99	3	8	4	95	5	85	6	59	7	61	8	76	9	22
	0	96	1	75	2	2	3	85	4	25	5	18	6	47	7	68	8	88	9	85
	0	90	1	72	2	12	3	10	4	81	5	19	6	43	7	60	8	99	9	11
	0	63	1	28	2	17	3	99	4	12	5	76	6	2	7	100	8	81	9	2
	0	44	1	67	2	42	3	22	4	84	5	6	6	35	7	10	8	59	9	89
	0	22	1	13	2	23	3	15	4	89	5	50	6	96	7	13	8	50	9	60
	0	33	1	84	2	71	3	56	4	46	5	48	6	46	7	97	8	97	9	2
	0	66	1	85	2	54	3	54	4	81	5	63	6	81	7	52	8	41	9	48
	0	97	1	34	2	52	3	42	4	29	5	83	6	10	7	2	8	45	9	34
	0	77	1	56	2	39	3	92	4	18	5	1	6	2	7	49	8	23	9	19
	0	15	1	5	2	64	3	98	4	27	5	36	6	74	7	43	8	13	9	67
	0	53	1	9	2	38	3	31	4	19	5	2	6	53	7	39	8	78	9	23
	0	100	1	76	2	76	3	51	4	24	5	4	6	39	7	85	8	88	9	48
	0	49	1	6	2	63	3	72	4	83	5	18	6	33	7	96	8	16	9	73
	0	22	1	97	2	85	3	10	4	57	5	89	6	43	7	38	8	9	9	99
	0	56	1	60	2	77	3	59	4	33	5	13	6	14	7	92	8	80	9	71
	0	98	1	63	2	12	3	36	4	15	5	19	6	89	7	9	8	87	9	42
	0	35	1	29	2	71	3	89	4	63	5	9	6	23	7	90	8	28	9	12
	0	84	1	28	2	62	3	47	4	38	5	29	6	68	7	75	8	56	9	29
	0	93	1	59	2	26	3	92	4	83	5	100	6	18	7	12	8	5	9	25
	0	47	1	8	2	90	3	48	4	40	5	92	6	17	7	100	8	1	9	94
	0	63	1	96	2	34	3	44	4	74	5	7	6	90	7	59	8	33	9	31
	0	19	1	89	2	39	3	90	4	59	5	9	6	15	7	4	8	87	9	72
	0	13	1	11	2	19	3	55	4	75	5	35	6	34	7	56	8	87	9	18
	0	49	1	38	2	17	3	78	4	85	5	17	6	27	7	55	8	84	9	49
	0	11	1	43	2	90	3	48	4	85	5	42	6	78	7	62	8	45	9	68
	0	9	1	67	2	50	3	99	4	52	5	71	6	16	7	55	8	74	9	34
	0	20	1	36	2	24	3	34	4	44	5	60	6	33	7	69	8	14	9	91
	0	20	1	23	2	20	3	33	4	76	5	85	6	9	7	33	8	61	9	78
	0	92	1	25	2	41	3	21	4	15	5	10	6	41	7	70	8	72	9	41
	0	4	1	78	2	71	3	67	4	75	5	74	6	78	7	58	8	47	9	71
	0	86	1	8	2	39	3	35	4	11	5	92	6	7	7	79	8	94	9	20
	0	83	1	60	2	59	3	24	4	11	5	6	6	61	7	55	8	28	9	93
	0	34	1	88	2	88	3	44	4	4	5	63	6	49	7	21	8	38	9	2
	0	62	1	48	2	50	3	84	4	31	5	65	6	65	7	69	8	30	9	10
	0	32	1	100	2	10	3	87	4	29	5	27	6	15	7	47	8	2	9	34
	0	98	1	8	2	26	3	54	4	9	5	88	6	88	7	14	8	86	9	21
	0	26	1	36	2	88	3	75	4	75	5	91	6	28	7	16	8	100	9	83
Reldue
-1	562	-1	1
-1	1365	-1	1
-1	684	-1	1
-1	429	-1	1
-1	411	-1	1
-1	573	-1	1
-1	1555	-1	1
-1	461	-1	1
-1	685	-1	1
-1	653	-1	1
-1	409	-1	1
-1	911	-1	1
-1	1772	-1	1
-1	430	-1	1
-1	380	-1	1
-1	1425	-1	1
-1	1565	-1	1
-1	1524	-1	1
-1	312	-1	1
-1	1184	-1	1
-1	709	-1	1
-1	1904	-1	1
-1	739	-1	1
-1	606	-1	1
-1	315	-1	1
-1	1723	-1	1
-1	1766	-1	1
-1	1792	-1	1
-1	472	-1	1
-1	692	-1	1
-1	1402	-1	1
-1	527	-1	1
-1	1211	-1	1
-1	553	-1	1
-1	1572	-1	1
-1	607	-1	1
-1	870	-1	1
-1	1699	-1	1
-1	920	-1	1
-1	1395	-1	1
-1	1535	-1	1
-1	1275	-1	1
-1	362	-1	1
-1	937	-1	1
-1	1346	-1	1
-1	532	-1	1
-1	1400	-1	1
-1	354	-1	1
-1	2070	-1	1
-1	1122	-1	1
LBCmax: 2971
