350  30
	0	9	1	1	2	12	3	13	4	38	5	38	6	21	7	29	8	68	9	17	10	75	11	57	12	50	13	36	14	54	15	67	16	40	17	9	18	74	19	98	20	18	21	86	22	19	23	96	24	87	25	62	26	63	27	74	28	48	29	84
	0	89	1	5	2	90	3	4	4	65	5	41	6	41	7	56	8	25	9	6	10	64	11	59	12	58	13	14	14	2	15	61	16	28	17	6	18	1	19	70	20	45	21	14	22	69	23	64	24	81	25	82	26	44	27	59	28	4	29	20
	0	82	1	60	2	58	3	59	4	92	5	61	6	21	7	30	8	73	9	47	10	24	11	1	12	34	13	4	14	2	15	25	16	98	17	67	18	14	19	1	20	22	21	46	22	66	23	39	24	92	25	99	26	95	27	84	28	65	29	73
	0	27	1	42	2	64	3	2	4	3	5	12	6	63	7	48	8	40	9	18	10	10	11	24	12	68	13	93	14	66	15	22	16	51	17	60	18	72	19	60	20	16	21	6	22	67	23	94	24	7	25	64	26	17	27	72	28	58	29	21
	0	28	1	32	2	61	3	35	4	56	5	59	6	51	7	31	8	34	9	53	10	53	11	93	12	84	13	88	14	50	15	89	16	78	17	50	18	74	19	89	20	64	21	81	22	32	23	55	24	82	25	84	26	7	27	28	28	29	29	53
	0	10	1	38	2	44	3	31	4	59	5	97	6	27	7	17	8	24	9	63	10	17	11	78	12	60	13	96	14	86	15	30	16	9	17	23	18	24	19	86	20	56	21	85	22	24	23	11	24	56	25	53	26	98	27	2	28	79	29	22
	0	74	1	3	2	39	3	6	4	57	5	25	6	93	7	23	8	55	9	2	10	37	11	28	12	9	13	41	14	32	15	20	16	65	17	28	18	31	19	53	20	88	21	97	22	6	23	21	24	8	25	70	26	78	27	88	28	26	29	45
	0	2	1	89	2	53	3	71	4	76	5	23	6	43	7	36	8	56	9	16	10	26	11	79	12	4	13	26	14	87	15	71	16	10	17	7	18	26	19	52	20	44	21	65	22	90	23	8	24	50	25	73	26	80	27	19	28	82	29	21
	0	61	1	27	2	29	3	24	4	27	5	94	6	99	7	12	8	12	9	49	10	60	11	75	12	33	13	52	14	32	15	30	16	14	17	14	18	6	19	54	20	33	21	59	22	23	23	73	24	78	25	13	26	37	27	17	28	13	29	55
	0	50	1	88	2	81	3	74	4	80	5	72	6	14	7	99	8	31	9	26	10	7	11	13	12	38	13	3	14	77	15	64	16	23	17	93	18	33	19	29	20	1	21	6	22	9	23	95	24	90	25	15	26	38	27	67	28	35	29	33
	0	86	1	17	2	55	3	6	4	47	5	28	6	49	7	32	8	89	9	3	10	40	11	42	12	2	13	41	14	43	15	4	16	67	17	98	18	77	19	42	20	72	21	89	22	49	23	64	24	32	25	96	26	9	27	58	28	86	29	91
	0	33	1	100	2	88	3	81	4	70	5	65	6	2	7	43	8	96	9	52	10	86	11	11	12	38	13	63	14	6	15	10	16	50	17	85	18	20	19	74	20	85	21	81	22	41	23	80	24	71	25	76	26	41	27	87	28	92	29	93
	0	72	1	69	2	38	3	100	4	13	5	62	6	59	7	33	8	74	9	88	10	56	11	34	12	96	13	17	14	85	15	20	16	59	17	62	18	53	19	53	20	60	21	52	22	36	23	92	24	33	25	3	26	60	27	44	28	31	29	82
	0	95	1	41	2	76	3	49	4	81	5	16	6	67	7	16	8	85	9	55	10	69	11	47	12	31	13	30	14	69	15	4	16	85	17	72	18	35	19	2	20	64	21	17	22	20	23	33	24	16	25	33	26	22	27	75	28	80	29	21
	0	54	1	83	2	19	3	45	4	16	5	44	6	11	7	33	8	59	9	36	10	4	11	50	12	82	13	17	14	94	15	43	16	11	17	44	18	86	19	100	20	40	21	99	22	20	23	87	24	40	25	53	26	3	27	36	28	67	29	23
	0	63	1	12	2	21	3	82	4	12	5	78	6	37	7	30	8	97	9	37	10	9	11	55	12	68	13	18	14	86	15	8	16	89	17	29	18	87	19	100	20	84	21	16	22	13	23	87	24	75	25	75	26	67	27	92	28	71	29	14
	0	10	1	92	2	14	3	73	4	2	5	60	6	65	7	40	8	21	9	48	10	30	11	17	12	43	13	45	14	24	15	31	16	39	17	46	18	30	19	95	20	20	21	21	22	17	23	57	24	27	25	64	26	4	27	96	28	58	29	65
	0	92	1	53	2	74	3	38	4	6	5	12	6	23	7	87	8	17	9	54	10	81	11	2	12	20	13	60	14	97	15	17	16	15	17	40	18	82	19	71	20	1	21	100	22	90	23	47	24	73	25	86	26	86	27	90	28	3	29	64
	0	77	1	27	2	29	3	18	4	66	5	33	6	85	7	89	8	68	9	22	10	49	11	74	12	64	13	61	14	98	15	60	16	13	17	22	18	79	19	73	20	37	21	36	22	56	23	54	24	36	25	7	26	80	27	94	28	28	29	93
	0	88	1	96	2	94	3	74	4	44	5	48	6	76	7	62	8	64	9	13	10	79	11	14	12	91	13	76	14	48	15	57	16	14	17	7	18	42	19	48	20	49	21	33	22	10	23	8	24	21	25	18	26	53	27	18	28	15	29	95
	0	23	1	60	2	94	3	10	4	89	5	39	6	92	7	61	8	76	9	26	10	28	11	49	12	56	13	99	14	15	15	66	16	46	17	88	18	41	19	96	20	41	21	23	22	54	23	1	24	91	25	69	26	90	27	6	28	95	29	87
	0	99	1	35	2	75	3	47	4	79	5	27	6	49	7	95	8	25	9	50	10	21	11	36	12	34	13	9	14	57	15	5	16	41	17	76	18	2	19	14	20	69	21	24	22	76	23	15	24	17	25	32	26	51	27	14	28	29	29	83
	0	74	1	10	2	98	3	82	4	19	5	71	6	19	7	67	8	68	9	53	10	89	11	86	12	50	13	22	14	6	15	59	16	97	17	45	18	32	19	63	20	93	21	60	22	10	23	86	24	21	25	31	26	59	27	61	28	44	29	53
	0	74	1	65	2	59	3	72	4	24	5	33	6	25	7	15	8	11	9	55	10	50	11	65	12	26	13	14	14	83	15	24	16	41	17	17	18	50	19	24	20	98	21	12	22	29	23	15	24	98	25	83	26	58	27	15	28	92	29	98
	0	8	1	11	2	31	3	19	4	79	5	46	6	35	7	11	8	94	9	23	10	73	11	13	12	5	13	21	14	74	15	59	16	24	17	99	18	4	19	52	20	47	21	37	22	94	23	34	24	55	25	32	26	84	27	14	28	77	29	52
	0	27	1	29	2	63	3	23	4	76	5	67	6	17	7	96	8	32	9	65	10	61	11	6	12	43	13	70	14	52	15	49	16	64	17	20	18	59	19	16	20	33	21	83	22	77	23	65	24	20	25	67	26	46	27	28	28	42	29	81
	0	73	1	66	2	69	3	17	4	11	5	44	6	56	7	77	8	16	9	74	10	63	11	71	12	93	13	38	14	77	15	51	16	16	17	17	18	24	19	73	20	57	21	59	22	34	23	82	24	87	25	81	26	20	27	74	28	9	29	84
	0	64	1	87	2	53	3	18	4	19	5	2	6	39	7	37	8	87	9	74	10	78	11	20	12	21	13	32	14	90	15	58	16	56	17	88	18	31	19	33	20	78	21	72	22	71	23	26	24	84	25	73	26	81	27	43	28	87	29	48
	0	89	1	46	2	64	3	39	4	29	5	12	6	72	7	99	8	14	9	84	10	59	11	32	12	61	13	65	14	45	15	76	16	85	17	67	18	77	19	10	20	39	21	42	22	44	23	45	24	36	25	29	26	31	27	31	28	23	29	4
	0	55	1	5	2	57	3	22	4	76	5	42	6	22	7	87	8	20	9	3	10	88	11	78	12	27	13	75	14	81	15	28	16	19	17	59	18	44	19	32	20	59	21	49	22	89	23	31	24	35	25	99	26	69	27	95	28	93	29	83
	0	31	1	100	2	6	3	89	4	22	5	87	6	55	7	5	8	61	9	23	10	48	11	81	12	96	13	28	14	20	15	82	16	13	17	17	18	70	19	64	20	66	21	84	22	42	23	41	24	40	25	23	26	61	27	16	28	71	29	62
	0	58	1	5	2	84	3	60	4	66	5	70	6	24	7	76	8	73	9	37	10	80	11	40	12	39	13	81	14	53	15	55	16	36	17	81	18	88	19	31	20	73	21	100	22	81	23	16	24	86	25	20	26	56	27	81	28	26	29	56
	0	25	1	86	2	84	3	30	4	19	5	1	6	9	7	46	8	34	9	93	10	27	11	50	12	26	13	94	14	69	15	24	16	61	17	97	18	45	19	54	20	96	21	54	22	49	23	1	24	55	25	87	26	70	27	23	28	9	29	9
	0	30	1	55	2	97	3	35	4	100	5	36	6	28	7	29	8	49	9	41	10	60	11	2	12	31	13	57	14	49	15	84	16	10	17	9	18	1	19	2	20	83	21	31	22	85	23	63	24	61	25	29	26	83	27	19	28	94	29	90
	0	82	1	47	2	67	3	24	4	37	5	91	6	4	7	58	8	64	9	38	10	52	11	4	12	39	13	34	14	22	15	72	16	9	17	44	18	31	19	12	20	38	21	35	22	62	23	97	24	60	25	22	26	21	27	74	28	97	29	1
	0	79	1	59	2	62	3	77	4	28	5	52	6	75	7	50	8	68	9	79	10	35	11	14	12	23	13	12	14	43	15	80	16	53	17	10	18	74	19	51	20	94	21	85	22	22	23	76	24	61	25	86	26	85	27	85	28	83	29	49
	0	57	1	81	2	67	3	74	4	46	5	17	6	98	7	6	8	27	9	23	10	29	11	36	12	9	13	28	14	16	15	69	16	76	17	100	18	2	19	90	20	19	21	17	22	58	23	57	24	82	25	16	26	28	27	86	28	80	29	95
	0	48	1	98	2	61	3	74	4	17	5	78	6	39	7	27	8	59	9	26	10	90	11	34	12	99	13	16	14	10	15	44	16	30	17	4	18	74	19	16	20	65	21	32	22	27	23	98	24	75	25	34	26	34	27	61	28	85	29	34
	0	24	1	82	2	63	3	87	4	36	5	60	6	12	7	15	8	51	9	4	10	86	11	32	12	45	13	23	14	57	15	58	16	22	17	11	18	9	19	73	20	7	21	12	22	58	23	54	24	90	25	84	26	95	27	96	28	72	29	33
	0	22	1	20	2	54	3	69	4	18	5	11	6	44	7	82	8	53	9	32	10	4	11	85	12	51	13	18	14	53	15	40	16	54	17	53	18	85	19	72	20	41	21	61	22	77	23	38	24	18	25	80	26	5	27	6	28	63	29	2
	0	78	1	67	2	100	3	87	4	65	5	64	6	52	7	92	8	77	9	46	10	63	11	76	12	24	13	45	14	21	15	56	16	62	17	54	18	10	19	42	20	97	21	55	22	62	23	76	24	21	25	10	26	3	27	34	28	80	29	37
	0	17	1	87	2	12	3	9	4	50	5	26	6	8	7	67	8	45	9	78	10	63	11	23	12	83	13	98	14	48	15	1	16	58	17	95	18	99	19	45	20	19	21	21	22	15	23	78	24	50	25	55	26	5	27	4	28	90	29	40
	0	28	1	84	2	92	3	64	4	21	5	25	6	72	7	82	8	94	9	66	10	25	11	43	12	62	13	48	14	77	15	49	16	18	17	5	18	20	19	59	20	77	21	8	22	39	23	33	24	52	25	50	26	31	27	59	28	32	29	64
	0	78	1	27	2	73	3	97	4	19	5	19	6	32	7	90	8	40	9	52	10	91	11	37	12	65	13	88	14	66	15	21	16	28	17	82	18	85	19	51	20	59	21	49	22	89	23	51	24	5	25	75	26	80	27	66	28	75	29	79
	0	34	1	94	2	83	3	22	4	44	5	63	6	22	7	17	8	55	9	95	10	95	11	83	12	24	13	47	14	82	15	41	16	99	17	4	18	39	19	49	20	10	21	71	22	23	23	45	24	12	25	98	26	17	27	97	28	30	29	12
	0	98	1	31	2	79	3	65	4	46	5	55	6	79	7	8	8	24	9	1	10	85	11	46	12	49	13	74	14	77	15	51	16	41	17	55	18	20	19	25	20	33	21	9	22	57	23	36	24	56	25	99	26	7	27	85	28	49	29	98
	0	88	1	63	2	60	3	56	4	65	5	12	6	24	7	58	8	24	9	99	10	38	11	86	12	96	13	61	14	84	15	76	16	92	17	94	18	50	19	11	20	19	21	76	22	55	23	17	24	3	25	57	26	96	27	42	28	16	29	64
	0	43	1	30	2	99	3	83	4	69	5	23	6	24	7	33	8	97	9	64	10	31	11	40	12	78	13	69	14	50	15	73	16	55	17	92	18	67	19	8	20	62	21	17	22	21	23	10	24	69	25	33	26	28	27	82	28	78	29	84
	0	65	1	100	2	12	3	96	4	67	5	25	6	75	7	29	8	23	9	89	10	64	11	9	12	63	13	74	14	50	15	19	16	87	17	30	18	84	19	74	20	59	21	16	22	77	23	6	24	81	25	49	26	60	27	18	28	25	29	1
	0	31	1	7	2	62	3	71	4	40	5	50	6	53	7	30	8	76	9	95	10	57	11	9	12	45	13	27	14	89	15	86	16	55	17	84	18	32	19	93	20	65	21	29	22	84	23	29	24	40	25	38	26	89	27	75	28	32	29	33
	0	89	1	39	2	79	3	73	4	98	5	72	6	80	7	99	8	75	9	29	10	14	11	69	12	59	13	81	14	80	15	58	16	84	17	97	18	92	19	88	20	93	21	37	22	61	23	14	24	13	25	47	26	40	27	1	28	67	29	36
	0	11	1	43	2	28	3	65	4	42	5	19	6	48	7	10	8	57	9	100	10	10	11	43	12	76	13	27	14	92	15	62	16	30	17	40	18	35	19	67	20	52	21	32	22	60	23	51	24	7	25	38	26	77	27	61	28	13	29	8
	0	69	1	43	2	42	3	11	4	54	5	83	6	36	7	58	8	67	9	5	10	64	11	63	12	92	13	80	14	96	15	71	16	51	17	68	18	74	19	15	20	33	21	98	22	23	23	92	24	7	25	39	26	8	27	59	28	65	29	49
	0	39	1	99	2	83	3	73	4	91	5	6	6	90	7	39	8	71	9	82	10	95	11	94	12	68	13	49	14	13	15	39	16	50	17	29	18	66	19	84	20	15	21	26	22	79	23	27	24	89	25	23	26	89	27	19	28	38	29	91
	0	23	1	79	2	44	3	41	4	30	5	64	6	45	7	96	8	64	9	15	10	54	11	56	12	56	13	25	14	1	15	71	16	24	17	6	18	64	19	55	20	99	21	55	22	73	23	15	24	81	25	34	26	29	27	55	28	45	29	21
	0	43	1	96	2	54	3	7	4	99	5	26	6	62	7	21	8	9	9	50	10	13	11	35	12	84	13	25	14	54	15	63	16	71	17	91	18	31	19	59	20	5	21	32	22	43	23	93	24	91	25	30	26	55	27	35	28	16	29	94
	0	97	1	92	2	37	3	90	4	19	5	78	6	20	7	75	8	67	9	12	10	11	11	40	12	83	13	60	14	60	15	9	16	76	17	84	18	52	19	27	20	100	21	62	22	87	23	68	24	28	25	73	26	29	27	16	28	25	29	87
	0	19	1	25	2	49	3	91	4	7	5	38	6	40	7	29	8	70	9	33	10	62	11	68	12	97	13	39	14	26	15	91	16	73	17	4	18	95	19	82	20	91	21	45	22	56	23	69	24	71	25	95	26	13	27	33	28	71	29	24
	0	21	1	86	2	3	3	6	4	88	5	91	6	9	7	58	8	91	9	83	10	55	11	74	12	100	13	86	14	35	15	21	16	2	17	69	18	9	19	84	20	63	21	61	22	3	23	64	24	79	25	25	26	61	27	77	28	91	29	77
	0	19	1	3	2	85	3	65	4	27	5	75	6	85	7	81	8	69	9	21	10	10	11	52	12	27	13	97	14	65	15	26	16	14	17	63	18	80	19	72	20	51	21	98	22	18	23	41	24	75	25	54	26	7	27	62	28	7	29	1
	0	88	1	71	2	95	3	6	4	63	5	99	6	48	7	44	8	93	9	63	10	83	11	47	12	88	13	39	14	85	15	28	16	75	17	11	18	40	19	43	20	37	21	17	22	78	23	72	24	78	25	56	26	65	27	37	28	39	29	1
	0	4	1	80	2	63	3	47	4	44	5	85	6	9	7	99	8	15	9	3	10	46	11	52	12	20	13	8	14	77	15	35	16	72	17	19	18	78	19	30	20	42	21	39	22	55	23	64	24	62	25	11	26	45	27	54	28	99	29	86
	0	28	1	52	2	92	3	56	4	7	5	100	6	28	7	97	8	87	9	18	10	73	11	19	12	64	13	78	14	16	15	30	16	85	17	21	18	75	19	50	20	59	21	34	22	70	23	33	24	26	25	6	26	71	27	92	28	5	29	97
	0	74	1	27	2	87	3	16	4	59	5	96	6	44	7	89	8	31	9	97	10	68	11	47	12	65	13	34	14	48	15	86	16	79	17	87	18	78	19	64	20	29	21	26	22	34	23	42	24	91	25	7	26	51	27	81	28	70	29	73
	0	24	1	62	2	59	3	36	4	86	5	82	6	35	7	94	8	33	9	37	10	58	11	44	12	29	13	14	14	26	15	67	16	82	17	33	18	87	19	8	20	81	21	24	22	11	23	79	24	50	25	32	26	95	27	45	28	36	29	61
	0	17	1	86	2	55	3	38	4	92	5	41	6	53	7	27	8	96	9	71	10	63	11	33	12	33	13	97	14	57	15	89	16	88	17	14	18	33	19	91	20	88	21	71	22	75	23	49	24	48	25	68	26	89	27	49	28	92	29	32
	0	97	1	61	2	66	3	39	4	29	5	29	6	81	7	22	8	74	9	18	10	65	11	73	12	56	13	27	14	1	15	18	16	47	17	80	18	78	19	48	20	50	21	48	22	100	23	6	24	100	25	73	26	7	27	79	28	66	29	1
	0	12	1	56	2	56	3	33	4	68	5	20	6	63	7	54	8	5	9	10	10	93	11	10	12	9	13	74	14	68	15	35	16	26	17	70	18	99	19	34	20	18	21	18	22	67	23	2	24	13	25	95	26	54	27	24	28	5	29	24
	0	27	1	62	2	5	3	5	4	45	5	68	6	67	7	89	8	57	9	44	10	13	11	88	12	12	13	50	14	41	15	74	16	88	17	36	18	94	19	17	20	25	21	36	22	27	23	49	24	98	25	69	26	87	27	73	28	93	29	14
	0	100	1	40	2	52	3	68	4	41	5	70	6	2	7	97	8	3	9	86	10	91	11	48	12	25	13	90	14	89	15	71	16	18	17	1	18	37	19	74	20	11	21	25	22	41	23	12	24	16	25	44	26	42	27	77	28	49	29	24
	0	28	1	49	2	99	3	93	4	54	5	19	6	11	7	41	8	74	9	89	10	13	11	26	12	30	13	23	14	29	15	2	16	42	17	96	18	43	19	7	20	69	21	57	22	4	23	62	24	72	25	26	26	94	27	81	28	79	29	68
	0	1	1	85	2	33	3	21	4	53	5	75	6	78	7	80	8	27	9	14	10	14	11	54	12	27	13	1	14	23	15	47	16	86	17	62	18	45	19	38	20	65	21	72	22	71	23	57	24	17	25	97	26	52	27	81	28	65	29	15
	0	75	1	99	2	12	3	44	4	34	5	11	6	58	7	3	8	3	9	80	10	20	11	82	12	85	13	39	14	70	15	81	16	98	17	6	18	27	19	58	20	32	21	97	22	78	23	3	24	62	25	9	26	18	27	100	28	22	29	20
	0	28	1	79	2	74	3	40	4	23	5	41	6	20	7	90	8	54	9	23	10	39	11	12	12	42	13	42	14	56	15	30	16	66	17	9	18	69	19	3	20	52	21	32	22	93	23	64	24	20	25	32	26	95	27	13	28	94	29	45
	0	30	1	24	2	76	3	80	4	7	5	76	6	45	7	67	8	34	9	18	10	30	11	5	12	31	13	33	14	65	15	92	16	6	17	54	18	30	19	8	20	33	21	56	22	31	23	75	24	77	25	18	26	77	27	20	28	55	29	34
	0	52	1	3	2	34	3	12	4	99	5	4	6	86	7	6	8	58	9	66	10	79	11	44	12	16	13	48	14	55	15	63	16	80	17	31	18	20	19	75	20	75	21	75	22	67	23	95	24	7	25	31	26	89	27	28	28	78	29	52
	0	61	1	99	2	19	3	52	4	96	5	46	6	83	7	12	8	6	9	43	10	14	11	32	12	14	13	6	14	90	15	76	16	20	17	89	18	2	19	62	20	90	21	98	22	8	23	86	24	32	25	64	26	90	27	96	28	93	29	52
	0	97	1	41	2	63	3	100	4	45	5	68	6	91	7	22	8	7	9	42	10	44	11	13	12	36	13	11	14	59	15	31	16	76	17	39	18	70	19	58	20	63	21	85	22	19	23	66	24	31	25	92	26	74	27	24	28	63	29	16
	0	12	1	35	2	56	3	27	4	44	5	93	6	95	7	29	8	97	9	79	10	46	11	9	12	62	13	57	14	14	15	100	16	88	17	34	18	40	19	16	20	79	21	84	22	17	23	7	24	15	25	60	26	44	27	21	28	20	29	45
	0	78	1	90	2	25	3	14	4	20	5	74	6	23	7	100	8	60	9	16	10	3	11	94	12	71	13	4	14	3	15	31	16	11	17	49	18	35	19	23	20	97	21	11	22	54	23	45	24	36	25	32	26	95	27	2	28	39	29	77
	0	78	1	16	2	57	3	68	4	69	5	13	6	100	7	76	8	47	9	3	10	48	11	9	12	4	13	81	14	49	15	94	16	93	17	3	18	61	19	59	20	91	21	89	22	5	23	53	24	38	25	81	26	16	27	69	28	83	29	52
	0	6	1	41	2	43	3	38	4	93	5	51	6	40	7	46	8	52	9	51	10	99	11	51	12	89	13	94	14	3	15	97	16	40	17	25	18	42	19	57	20	65	21	82	22	5	23	18	24	68	25	1	26	3	27	98	28	70	29	25
	0	12	1	9	2	27	3	72	4	89	5	26	6	49	7	92	8	91	9	16	10	78	11	46	12	94	13	57	14	31	15	53	16	12	17	34	18	2	19	17	20	41	21	89	22	97	23	21	24	86	25	80	26	34	27	38	28	56	29	65
	0	33	1	12	2	22	3	13	4	83	5	2	6	75	7	8	8	59	9	97	10	32	11	15	12	25	13	31	14	80	15	97	16	44	17	73	18	50	19	26	20	86	21	67	22	65	23	10	24	1	25	33	26	96	27	38	28	100	29	74
	0	36	1	16	2	59	3	41	4	61	5	39	6	48	7	44	8	42	9	29	10	26	11	21	12	33	13	23	14	85	15	6	16	37	17	12	18	19	19	43	20	45	21	45	22	40	23	50	24	71	25	47	26	90	27	24	28	59	29	42
	0	4	1	47	2	14	3	49	4	25	5	27	6	85	7	6	8	92	9	83	10	14	11	45	12	24	13	72	14	19	15	11	16	95	17	95	18	79	19	6	20	65	21	52	22	29	23	1	24	6	25	15	26	1	27	39	28	50	29	53
	0	56	1	31	2	32	3	19	4	97	5	25	6	26	7	84	8	57	9	67	10	80	11	85	12	97	13	28	14	99	15	9	16	76	17	37	18	39	19	51	20	52	21	48	22	15	23	90	24	47	25	44	26	23	27	91	28	76	29	38
	0	33	1	30	2	24	3	35	4	14	5	82	6	21	7	69	8	77	9	30	10	48	11	19	12	74	13	89	14	82	15	63	16	63	17	44	18	45	19	50	20	44	21	52	22	36	23	71	24	17	25	51	26	48	27	65	28	23	29	81
	0	4	1	12	2	66	3	17	4	59	5	70	6	26	7	50	8	57	9	72	10	15	11	82	12	39	13	93	14	28	15	12	16	41	17	50	18	4	19	39	20	26	21	87	22	84	23	3	24	41	25	70	26	45	27	28	28	91	29	91
	0	34	1	64	2	73	3	43	4	43	5	27	6	16	7	44	8	89	9	69	10	8	11	87	12	96	13	61	14	16	15	65	16	94	17	48	18	28	19	2	20	75	21	8	22	77	23	75	24	78	25	34	26	12	27	8	28	89	29	17
	0	41	1	89	2	82	3	99	4	54	5	27	6	30	7	24	8	6	9	52	10	70	11	6	12	10	13	32	14	97	15	88	16	73	17	44	18	19	19	68	20	83	21	48	22	2	23	17	24	14	25	28	26	89	27	5	28	28	29	9
	0	62	1	15	2	72	3	65	4	85	5	18	6	2	7	73	8	63	9	26	10	98	11	79	12	81	13	59	14	33	15	89	16	15	17	85	18	14	19	82	20	44	21	17	22	25	23	28	24	82	25	82	26	9	27	51	28	29	29	100
	0	98	1	62	2	95	3	22	4	66	5	66	6	57	7	31	8	55	9	4	10	47	11	100	12	20	13	100	14	78	15	51	16	77	17	4	18	68	19	79	20	50	21	69	22	6	23	19	24	58	25	98	26	81	27	73	28	95	29	38
	0	50	1	29	2	66	3	20	4	42	5	37	6	13	7	75	8	9	9	25	10	32	11	59	12	60	13	66	14	57	15	76	16	63	17	30	18	78	19	87	20	93	21	94	22	97	23	34	24	39	25	74	26	70	27	29	28	34	29	9
	0	60	1	70	2	53	3	30	4	7	5	100	6	75	7	63	8	8	9	16	10	45	11	63	12	36	13	90	14	47	15	94	16	52	17	61	18	86	19	74	20	2	21	12	22	48	23	59	24	83	25	45	26	69	27	58	28	29	29	4
	0	50	1	64	2	50	3	20	4	83	5	69	6	30	7	83	8	88	9	2	10	59	11	52	12	66	13	84	14	53	15	61	16	26	17	8	18	5	19	94	20	38	21	83	22	50	23	18	24	12	25	3	26	42	27	10	28	20	29	24
	0	86	1	21	2	5	3	59	4	71	5	48	6	32	7	35	8	77	9	14	10	93	11	61	12	76	13	84	14	67	15	5	16	51	17	54	18	84	19	82	20	75	21	7	22	58	23	88	24	54	25	6	26	83	27	57	28	14	29	73
	0	11	1	1	2	79	3	92	4	46	5	70	6	85	7	4	8	34	9	45	10	22	11	3	12	25	13	45	14	82	15	53	16	41	17	19	18	82	19	63	20	79	21	41	22	79	23	19	24	29	25	44	26	82	27	42	28	80	29	52
	0	50	1	21	2	54	3	96	4	22	5	43	6	93	7	24	8	13	9	26	10	72	11	45	12	71	13	24	14	38	15	64	16	4	17	38	18	72	19	94	20	80	21	95	22	39	23	62	24	90	25	37	26	81	27	33	28	30	29	58
	0	43	1	24	2	8	3	77	4	59	5	91	6	19	7	14	8	31	9	99	10	31	11	43	12	72	13	4	14	67	15	12	16	7	17	26	18	78	19	60	20	43	21	77	22	61	23	72	24	62	25	76	26	41	27	60	28	87	29	64
	0	31	1	48	2	31	3	7	4	51	5	6	6	31	7	46	8	51	9	60	10	21	11	24	12	77	13	71	14	6	15	19	16	79	17	71	18	25	19	43	20	49	21	74	22	31	23	90	24	26	25	31	26	16	27	61	28	21	29	73
	0	68	1	72	2	48	3	70	4	24	5	39	6	54	7	9	8	68	9	95	10	85	11	48	12	91	13	81	14	44	15	16	16	91	17	15	18	16	19	65	20	9	21	27	22	69	23	80	24	7	25	32	26	57	27	22	28	42	29	50
	0	77	1	52	2	88	3	20	4	79	5	46	6	23	7	58	8	96	9	28	10	67	11	52	12	69	13	61	14	39	15	2	16	83	17	74	18	89	19	40	20	14	21	23	22	93	23	94	24	98	25	11	26	41	27	79	28	19	29	10
	0	46	1	28	2	16	3	62	4	57	5	96	6	53	7	64	8	47	9	5	10	68	11	44	12	16	13	5	14	37	15	96	16	36	17	72	18	3	19	28	20	9	21	73	22	46	23	41	24	34	25	59	26	2	27	45	28	94	29	83
	0	60	1	72	2	11	3	28	4	1	5	56	6	32	7	14	8	34	9	73	10	39	11	21	12	64	13	76	14	3	15	20	16	1	17	62	18	21	19	27	20	72	21	51	22	3	23	15	24	15	25	74	26	6	27	41	28	57	29	94
	0	24	1	72	2	13	3	2	4	84	5	37	6	52	7	77	8	11	9	17	10	16	11	90	12	58	13	50	14	89	15	84	16	7	17	38	18	60	19	85	20	3	21	54	22	16	23	6	24	71	25	98	26	58	27	46	28	8	29	57
	0	46	1	11	2	86	3	52	4	89	5	5	6	87	7	95	8	49	9	57	10	43	11	72	12	28	13	91	14	86	15	36	16	56	17	63	18	5	19	78	20	94	21	2	22	64	23	92	24	15	25	44	26	55	27	77	28	45	29	41
	0	55	1	28	2	61	3	90	4	28	5	5	6	87	7	3	8	9	9	90	10	27	11	16	12	18	13	74	14	30	15	21	16	26	17	27	18	84	19	52	20	68	21	36	22	66	23	67	24	54	25	32	26	12	27	5	28	45	29	36
	0	78	1	11	2	83	3	78	4	100	5	62	6	95	7	88	8	85	9	30	10	12	11	64	12	82	13	64	14	73	15	45	16	18	17	87	18	99	19	70	20	1	21	27	22	63	23	82	24	21	25	47	26	94	27	17	28	4	29	18
	0	76	1	84	2	92	3	68	4	52	5	29	6	69	7	96	8	26	9	38	10	46	11	35	12	27	13	10	14	66	15	1	16	90	17	32	18	17	19	58	20	48	21	14	22	42	23	2	24	53	25	66	26	89	27	21	28	74	29	39
	0	48	1	3	2	27	3	57	4	56	5	90	6	37	7	8	8	84	9	3	10	55	11	65	12	14	13	80	14	55	15	72	16	88	17	14	18	96	19	10	20	87	21	71	22	35	23	12	24	51	25	31	26	95	27	11	28	81	29	85
	0	58	1	44	2	57	3	66	4	23	5	18	6	71	7	21	8	38	9	40	10	65	11	31	12	13	13	57	14	18	15	43	16	67	17	47	18	18	19	80	20	65	21	80	22	20	23	24	24	43	25	15	26	79	27	7	28	41	29	20
	0	90	1	47	2	76	3	29	4	3	5	4	6	34	7	57	8	69	9	65	10	71	11	55	12	44	13	67	14	25	15	80	16	68	17	14	18	6	19	83	20	80	21	65	22	14	23	69	24	42	25	80	26	77	27	77	28	84	29	63
	0	40	1	70	2	95	3	31	4	30	5	42	6	17	7	3	8	77	9	88	10	19	11	94	12	76	13	83	14	58	15	38	16	12	17	74	18	58	19	98	20	85	21	77	22	58	23	24	24	6	25	31	26	10	27	68	28	59	29	56
	0	33	1	69	2	35	3	16	4	55	5	73	6	94	7	84	8	85	9	38	10	12	11	54	12	19	13	41	14	12	15	55	16	52	17	10	18	90	19	57	20	64	21	15	22	85	23	82	24	93	25	3	26	50	27	47	28	15	29	77
	0	34	1	8	2	2	3	37	4	65	5	88	6	12	7	26	8	9	9	6	10	53	11	71	12	45	13	25	14	1	15	5	16	57	17	4	18	81	19	88	20	71	21	24	22	45	23	97	24	60	25	100	26	85	27	33	28	1	29	24
	0	81	1	64	2	65	3	91	4	72	5	14	6	63	7	95	8	93	9	52	10	90	11	11	12	24	13	57	14	28	15	96	16	30	17	48	18	11	19	66	20	5	21	15	22	60	23	45	24	43	25	91	26	33	27	84	28	91	29	38
	0	57	1	97	2	64	3	48	4	38	5	68	6	33	7	90	8	60	9	20	10	6	11	33	12	19	13	54	14	59	15	37	16	58	17	88	18	5	19	96	20	94	21	76	22	94	23	75	24	61	25	68	26	83	27	60	28	97	29	40
	0	24	1	28	2	62	3	24	4	53	5	12	6	57	7	99	8	84	9	92	10	79	11	25	12	41	13	61	14	51	15	40	16	75	17	41	18	77	19	51	20	55	21	41	22	46	23	72	24	24	25	89	26	70	27	16	28	73	29	77
	0	17	1	25	2	59	3	4	4	7	5	94	6	70	7	4	8	47	9	49	10	30	11	86	12	42	13	46	14	73	15	43	16	9	17	28	18	51	19	90	20	73	21	59	22	44	23	36	24	27	25	94	26	80	27	18	28	80	29	91
	0	2	1	33	2	27	3	47	4	25	5	57	6	28	7	20	8	71	9	35	10	55	11	82	12	85	13	78	14	62	15	97	16	58	17	1	18	87	19	28	20	20	21	93	22	78	23	15	24	68	25	1	26	19	27	84	28	55	29	63
	0	78	1	70	2	44	3	30	4	31	5	67	6	11	7	63	8	3	9	41	10	42	11	82	12	46	13	66	14	70	15	13	16	51	17	69	18	37	19	71	20	51	21	99	22	74	23	49	24	71	25	46	26	57	27	18	28	21	29	82
	0	49	1	62	2	49	3	5	4	56	5	87	6	5	7	96	8	62	9	92	10	60	11	24	12	5	13	84	14	5	15	68	16	15	17	74	18	14	19	29	20	31	21	1	22	36	23	55	24	64	25	43	26	76	27	8	28	73	29	33
	0	55	1	34	2	69	3	94	4	71	5	28	6	74	7	35	8	92	9	98	10	82	11	99	12	70	13	63	14	12	15	44	16	41	17	59	18	56	19	84	20	53	21	20	22	46	23	56	24	46	25	60	26	96	27	53	28	60	29	82
	0	9	1	58	2	64	3	85	4	33	5	76	6	17	7	46	8	23	9	19	10	9	11	87	12	33	13	31	14	48	15	77	16	50	17	31	18	79	19	10	20	39	21	5	22	64	23	63	24	69	25	12	26	57	27	29	28	37	29	44
	0	38	1	76	2	93	3	68	4	8	5	83	6	64	7	64	8	57	9	41	10	5	11	99	12	42	13	30	14	35	15	23	16	57	17	12	18	36	19	76	20	66	21	95	22	16	23	38	24	39	25	54	26	72	27	63	28	16	29	29
	0	10	1	70	2	70	3	24	4	86	5	1	6	71	7	76	8	93	9	54	10	55	11	74	12	8	13	49	14	47	15	45	16	65	17	97	18	3	19	42	20	25	21	76	22	70	23	87	24	47	25	22	26	66	27	66	28	9	29	12
	0	38	1	79	2	96	3	74	4	60	5	88	6	81	7	60	8	54	9	14	10	59	11	81	12	71	13	80	14	2	15	56	16	49	17	1	18	58	19	68	20	40	21	66	22	98	23	90	24	79	25	63	26	2	27	37	28	26	29	49
	0	15	1	81	2	10	3	49	4	34	5	90	6	58	7	55	8	3	9	14	10	81	11	51	12	11	13	17	14	60	15	75	16	40	17	23	18	46	19	20	20	7	21	37	22	64	23	9	24	75	25	43	26	100	27	1	28	55	29	1
	0	97	1	29	2	10	3	3	4	90	5	62	6	22	7	39	8	60	9	40	10	12	11	91	12	95	13	38	14	3	15	75	16	73	17	45	18	58	19	65	20	5	21	74	22	62	23	96	24	19	25	24	26	5	27	22	28	63	29	80
	0	92	1	70	2	53	3	10	4	96	5	26	6	3	7	91	8	12	9	30	10	6	11	84	12	99	13	89	14	59	15	32	16	97	17	8	18	55	19	59	20	74	21	13	22	63	23	86	24	32	25	24	26	93	27	90	28	70	29	81
	0	15	1	80	2	3	3	42	4	62	5	71	6	57	7	12	8	48	9	60	10	19	11	65	12	82	13	53	14	88	15	66	16	58	17	88	18	65	19	5	20	47	21	59	22	90	23	9	24	28	25	34	26	83	27	91	28	20	29	13
	0	88	1	35	2	27	3	85	4	88	5	50	6	88	7	68	8	63	9	37	10	93	11	47	12	12	13	32	14	19	15	41	16	37	17	45	18	95	19	65	20	85	21	96	22	86	23	64	24	89	25	13	26	77	27	45	28	41	29	55
	0	78	1	26	2	6	3	64	4	86	5	78	6	55	7	70	8	89	9	33	10	63	11	91	12	75	13	79	14	20	15	8	16	95	17	70	18	35	19	14	20	94	21	23	22	43	23	51	24	4	25	70	26	38	27	97	28	59	29	96
	0	85	1	64	2	92	3	86	4	5	5	14	6	2	7	44	8	18	9	15	10	20	11	76	12	90	13	79	14	3	15	36	16	27	17	61	18	31	19	86	20	5	21	25	22	1	23	23	24	34	25	78	26	27	27	49	28	88	29	46
	0	93	1	19	2	57	3	53	4	32	5	80	6	1	7	92	8	7	9	72	10	2	11	38	12	31	13	82	14	61	15	18	16	55	17	49	18	79	19	47	20	94	21	63	22	3	23	92	24	81	25	28	26	58	27	22	28	77	29	51
	0	70	1	62	2	68	3	96	4	54	5	49	6	12	7	18	8	39	9	72	10	49	11	49	12	35	13	29	14	66	15	14	16	75	17	41	18	82	19	1	20	75	21	9	22	97	23	2	24	18	25	96	26	18	27	3	28	27	29	71
	0	73	1	1	2	1	3	58	4	42	5	60	6	31	7	65	8	92	9	41	10	100	11	89	12	99	13	65	14	59	15	19	16	67	17	11	18	13	19	95	20	2	21	26	22	77	23	84	24	97	25	27	26	69	27	80	28	20	29	12
	0	57	1	48	2	27	3	1	4	78	5	62	6	45	7	97	8	2	9	6	10	79	11	11	12	97	13	45	14	48	15	13	16	17	17	78	18	67	19	87	20	40	21	39	22	4	23	11	24	100	25	93	26	98	27	94	28	13	29	51
	0	11	1	25	2	73	3	20	4	48	5	30	6	82	7	18	8	78	9	43	10	38	11	64	12	22	13	23	14	74	15	3	16	8	17	86	18	65	19	16	20	99	21	35	22	3	23	49	24	50	25	93	26	21	27	49	28	48	29	82
	0	34	1	83	2	38	3	10	4	10	5	88	6	38	7	43	8	78	9	82	10	10	11	86	12	66	13	21	14	19	15	92	16	11	17	94	18	10	19	79	20	66	21	78	22	89	23	24	24	33	25	12	26	69	27	61	28	70	29	53
	0	42	1	98	2	54	3	9	4	67	5	37	6	7	7	94	8	98	9	73	10	11	11	24	12	81	13	67	14	75	15	48	16	10	17	65	18	18	19	10	20	5	21	87	22	88	23	53	24	57	25	99	26	43	27	32	28	61	29	55
	0	40	1	95	2	17	3	73	4	25	5	31	6	87	7	80	8	14	9	21	10	20	11	26	12	12	13	29	14	3	15	76	16	9	17	4	18	82	19	11	20	38	21	7	22	66	23	10	24	9	25	65	26	21	27	81	28	28	29	25
	0	98	1	68	2	78	3	55	4	60	5	69	6	31	7	12	8	3	9	12	10	87	11	89	12	95	13	89	14	92	15	96	16	56	17	56	18	69	19	39	20	67	21	31	22	50	23	7	24	85	25	47	26	15	27	81	28	94	29	68
	0	67	1	22	2	22	3	43	4	91	5	2	6	98	7	71	8	91	9	80	10	44	11	7	12	90	13	57	14	8	15	22	16	46	17	37	18	93	19	3	20	16	21	90	22	43	23	46	24	62	25	94	26	75	27	99	28	100	29	4
	0	82	1	36	2	22	3	68	4	42	5	76	6	43	7	92	8	8	9	91	10	55	11	27	12	57	13	44	14	96	15	23	16	37	17	65	18	53	19	80	20	34	21	62	22	68	23	84	24	32	25	9	26	16	27	19	28	69	29	69
	0	63	1	76	2	88	3	35	4	36	5	21	6	42	7	14	8	55	9	73	10	9	11	70	12	9	13	10	14	10	15	100	16	85	17	26	18	60	19	31	20	73	21	65	22	72	23	31	24	1	25	38	26	3	27	98	28	88	29	93
	0	20	1	60	2	15	3	81	4	11	5	94	6	38	7	55	8	74	9	54	10	7	11	79	12	68	13	72	14	67	15	49	16	93	17	57	18	45	19	42	20	46	21	12	22	49	23	48	24	69	25	59	26	47	27	57	28	68	29	15
	0	86	1	95	2	2	3	80	4	72	5	40	6	43	7	16	8	36	9	56	10	60	11	48	12	37	13	36	14	95	15	90	16	80	17	27	18	14	19	94	20	71	21	86	22	62	23	75	24	9	25	96	26	57	27	47	28	99	29	34
	0	86	1	93	2	50	3	65	4	9	5	34	6	58	7	11	8	74	9	84	10	24	11	26	12	93	13	96	14	39	15	58	16	46	17	44	18	30	19	94	20	1	21	96	22	66	23	13	24	69	25	65	26	60	27	94	28	41	29	46
	0	6	1	54	2	62	3	87	4	54	5	10	6	55	7	33	8	7	9	96	10	87	11	55	12	77	13	80	14	35	15	52	16	67	17	47	18	24	19	78	20	31	21	61	22	5	23	48	24	43	25	18	26	24	27	3	28	95	29	39
	0	92	1	62	2	74	3	88	4	44	5	82	6	5	7	97	8	75	9	87	10	57	11	32	12	62	13	62	14	54	15	46	16	22	17	20	18	32	19	95	20	75	21	65	22	31	23	6	24	96	25	35	26	19	27	32	28	79	29	85
	0	89	1	41	2	55	3	50	4	69	5	98	6	27	7	89	8	41	9	62	10	24	11	7	12	57	13	97	14	73	15	17	16	95	17	69	18	55	19	56	20	3	21	83	22	91	23	3	24	12	25	68	26	62	27	45	28	23	29	29
	0	80	1	88	2	99	3	27	4	43	5	16	6	13	7	35	8	51	9	43	10	35	11	100	12	77	13	8	14	63	15	6	16	91	17	7	18	25	19	5	20	10	21	69	22	5	23	82	24	10	25	18	26	86	27	52	28	16	29	69
	0	88	1	19	2	71	3	59	4	65	5	34	6	41	7	19	8	85	9	38	10	2	11	9	12	91	13	75	14	29	15	5	16	39	17	17	18	81	19	96	20	49	21	26	22	30	23	18	24	24	25	49	26	15	27	61	28	99	29	27
	0	86	1	96	2	57	3	52	4	90	5	28	6	12	7	18	8	3	9	69	10	26	11	35	12	8	13	76	14	47	15	11	16	97	17	14	18	55	19	23	20	2	21	23	22	59	23	17	24	31	25	13	26	1	27	34	28	33	29	10
	0	31	1	25	2	26	3	20	4	81	5	17	6	70	7	97	8	44	9	45	10	54	11	28	12	30	13	45	14	48	15	62	16	74	17	99	18	16	19	54	20	91	21	57	22	12	23	7	24	26	25	78	26	97	27	18	28	36	29	73
	0	39	1	71	2	94	3	44	4	5	5	34	6	17	7	43	8	38	9	47	10	50	11	96	12	89	13	10	14	52	15	73	16	41	17	9	18	74	19	92	20	43	21	45	22	35	23	94	24	62	25	41	26	6	27	22	28	83	29	46
	0	87	1	93	2	51	3	75	4	32	5	44	6	15	7	35	8	32	9	96	10	20	11	35	12	3	13	68	14	74	15	78	16	2	17	16	18	53	19	87	20	85	21	8	22	55	23	8	24	80	25	44	26	97	27	94	28	36	29	78
	0	16	1	62	2	70	3	9	4	33	5	79	6	22	7	50	8	69	9	19	10	100	11	84	12	35	13	94	14	56	15	70	16	44	17	50	18	51	19	59	20	98	21	92	22	74	23	29	24	49	25	67	26	30	27	59	28	60	29	14
	0	38	1	85	2	91	3	85	4	58	5	25	6	95	7	69	8	76	9	50	10	98	11	86	12	1	13	51	14	96	15	33	16	47	17	26	18	6	19	93	20	26	21	75	22	31	23	47	24	43	25	1	26	42	27	45	28	96	29	28
	0	88	1	23	2	14	3	2	4	75	5	82	6	82	7	35	8	91	9	55	10	35	11	99	12	55	13	36	14	25	15	82	16	14	17	40	18	96	19	73	20	36	21	28	22	12	23	28	24	56	25	2	26	27	27	34	28	73	29	70
	0	94	1	80	2	13	3	22	4	52	5	96	6	3	7	74	8	32	9	22	10	22	11	76	12	77	13	13	14	14	15	70	16	71	17	1	18	94	19	78	20	6	21	64	22	81	23	24	24	52	25	70	26	20	27	33	28	94	29	2
	0	98	1	68	2	53	3	84	4	63	5	87	6	21	7	53	8	84	9	33	10	53	11	57	12	32	13	95	14	9	15	73	16	66	17	93	18	41	19	70	20	36	21	86	22	62	23	64	24	57	25	5	26	47	27	41	28	15	29	41
	0	43	1	43	2	97	3	69	4	5	5	46	6	61	7	70	8	72	9	69	10	93	11	83	12	51	13	100	14	13	15	3	16	73	17	24	18	27	19	8	20	50	21	90	22	36	23	81	24	34	25	53	26	52	27	45	28	54	29	72
	0	81	1	57	2	7	3	60	4	68	5	4	6	92	7	13	8	26	9	2	10	42	11	58	12	79	13	97	14	88	15	1	16	100	17	18	18	44	19	76	20	29	21	24	22	18	23	3	24	85	25	54	26	71	27	26	28	24	29	69
	0	91	1	82	2	1	3	35	4	52	5	19	6	31	7	5	8	63	9	70	10	72	11	88	12	46	13	44	14	60	15	4	16	84	17	100	18	75	19	83	20	29	21	2	22	27	23	48	24	74	25	88	26	70	27	76	28	9	29	89
	0	1	1	55	2	32	3	79	4	3	5	58	6	77	7	49	8	23	9	7	10	77	11	41	12	6	13	11	14	87	15	69	16	22	17	80	18	18	19	23	20	64	21	69	22	68	23	39	24	95	25	89	26	53	27	64	28	71	29	93
	0	64	1	67	2	80	3	32	4	8	5	61	6	62	7	35	8	13	9	47	10	6	11	45	12	99	13	90	14	34	15	29	16	47	17	86	18	26	19	56	20	25	21	88	22	40	23	74	24	33	25	89	26	28	27	60	28	100	29	89
	0	66	1	26	2	36	3	94	4	31	5	81	6	10	7	14	8	98	9	1	10	24	11	69	12	59	13	55	14	100	15	19	16	56	17	80	18	93	19	64	20	100	21	13	22	98	23	1	24	18	25	20	26	30	27	18	28	41	29	73
	0	67	1	60	2	28	3	75	4	8	5	21	6	92	7	33	8	84	9	13	10	76	11	18	12	8	13	39	14	82	15	77	16	63	17	69	18	66	19	75	20	73	21	85	22	42	23	84	24	91	25	57	26	63	27	58	28	98	29	54
	0	70	1	42	2	13	3	13	4	24	5	15	6	45	7	13	8	73	9	72	10	37	11	24	12	5	13	75	14	93	15	43	16	95	17	51	18	75	19	21	20	54	21	2	22	19	23	45	24	22	25	53	26	11	27	39	28	81	29	65
	0	7	1	92	2	69	3	84	4	6	5	23	6	17	7	100	8	95	9	47	10	53	11	32	12	32	13	99	14	42	15	86	16	43	17	32	18	41	19	18	20	33	21	95	22	6	23	28	24	46	25	55	26	80	27	55	28	26	29	21
	0	27	1	44	2	63	3	89	4	16	5	16	6	21	7	4	8	65	9	56	10	89	11	17	12	82	13	2	14	89	15	82	16	86	17	93	18	54	19	21	20	79	21	22	22	42	23	50	24	4	25	94	26	51	27	39	28	26	29	79
	0	60	1	66	2	98	3	24	4	1	5	67	6	6	7	57	8	42	9	10	10	21	11	90	12	41	13	28	14	81	15	18	16	88	17	4	18	85	19	64	20	52	21	88	22	91	23	9	24	13	25	83	26	22	27	19	28	15	29	36
	0	40	1	64	2	98	3	23	4	38	5	63	6	91	7	12	8	56	9	28	10	59	11	32	12	35	13	83	14	47	15	2	16	39	17	72	18	64	19	86	20	29	21	94	22	100	23	77	24	79	25	23	26	67	27	30	28	33	29	98
	0	100	1	98	2	73	3	100	4	78	5	35	6	36	7	43	8	36	9	74	10	4	11	51	12	72	13	2	14	51	15	94	16	88	17	73	18	17	19	3	20	14	21	37	22	56	23	4	24	92	25	93	26	65	27	14	28	30	29	69
	0	4	1	3	2	52	3	93	4	45	5	29	6	100	7	29	8	27	9	74	10	71	11	66	12	5	13	50	14	86	15	91	16	8	17	57	18	24	19	89	20	47	21	6	22	88	23	57	24	47	25	43	26	54	27	9	28	92	29	30
	0	39	1	13	2	97	3	81	4	100	5	100	6	48	7	45	8	20	9	25	10	90	11	92	12	65	13	67	14	39	15	50	16	16	17	7	18	41	19	85	20	2	21	14	22	29	23	25	24	97	25	34	26	30	27	84	28	45	29	59
	0	22	1	24	2	36	3	17	4	69	5	58	6	55	7	15	8	44	9	93	10	51	11	30	12	51	13	59	14	17	15	19	16	2	17	79	18	84	19	100	20	80	21	65	22	50	23	25	24	37	25	55	26	9	27	44	28	77	29	28
	0	58	1	43	2	39	3	48	4	74	5	73	6	72	7	35	8	13	9	47	10	64	11	71	12	66	13	40	14	80	15	65	16	63	17	28	18	14	19	64	20	21	21	56	22	51	23	62	24	77	25	11	26	10	27	45	28	50	29	54
	0	7	1	4	2	18	3	23	4	45	5	56	6	10	7	15	8	56	9	90	10	49	11	18	12	10	13	26	14	94	15	42	16	92	17	26	18	68	19	64	20	11	21	37	22	63	23	4	24	74	25	16	26	77	27	79	28	63	29	94
	0	3	1	20	2	82	3	64	4	83	5	26	6	65	7	3	8	11	9	12	10	63	11	78	12	23	13	65	14	56	15	58	16	23	17	10	18	49	19	84	20	31	21	61	22	54	23	27	24	58	25	7	26	66	27	47	28	27	29	47
	0	78	1	52	2	9	3	84	4	12	5	90	6	44	7	45	8	42	9	48	10	53	11	76	12	32	13	28	14	79	15	41	16	43	17	20	18	97	19	7	20	57	21	8	22	86	23	18	24	22	25	70	26	58	27	72	28	37	29	48
	0	86	1	49	2	7	3	21	4	68	5	80	6	51	7	89	8	24	9	34	10	40	11	50	12	17	13	55	14	97	15	50	16	42	17	8	18	85	19	14	20	20	21	87	22	67	23	94	24	96	25	98	26	13	27	98	28	24	29	41
	0	94	1	90	2	96	3	31	4	74	5	57	6	37	7	32	8	97	9	94	10	79	11	13	12	45	13	68	14	94	15	39	16	88	17	27	18	20	19	48	20	66	21	95	22	54	23	91	24	76	25	63	26	60	27	25	28	48	29	50
	0	26	1	99	2	40	3	21	4	80	5	55	6	72	7	63	8	30	9	49	10	95	11	67	12	100	13	65	14	61	15	65	16	81	17	54	18	29	19	20	20	4	21	53	22	39	23	70	24	15	25	50	26	26	27	64	28	8	29	92
	0	67	1	62	2	41	3	66	4	72	5	64	6	48	7	96	8	66	9	98	10	20	11	34	12	36	13	94	14	7	15	38	16	14	17	5	18	84	19	67	20	40	21	67	22	69	23	30	24	28	25	95	26	82	27	85	28	6	29	72
	0	4	1	52	2	30	3	74	4	52	5	4	6	82	7	20	8	90	9	43	10	90	11	69	12	37	13	74	14	53	15	87	16	57	17	44	18	48	19	53	20	18	21	83	22	36	23	80	24	71	25	1	26	27	27	80	28	88	29	4
	0	47	1	90	2	44	3	25	4	18	5	27	6	54	7	12	8	58	9	66	10	78	11	100	12	47	13	37	14	70	15	50	16	29	17	89	18	35	19	57	20	30	21	75	22	3	23	47	24	29	25	51	26	49	27	2	28	2	29	87
	0	25	1	6	2	29	3	45	4	57	5	93	6	32	7	64	8	45	9	31	10	83	11	56	12	68	13	84	14	14	15	14	16	65	17	28	18	88	19	64	20	64	21	19	22	46	23	41	24	68	25	43	26	23	27	46	28	27	29	81
	0	87	1	28	2	43	3	77	4	74	5	92	6	5	7	2	8	93	9	28	10	35	11	38	12	37	13	21	14	100	15	27	16	34	17	62	18	25	19	65	20	2	21	7	22	95	23	32	24	3	25	19	26	51	27	94	28	20	29	10
	0	9	1	2	2	88	3	66	4	51	5	94	6	51	7	13	8	82	9	64	10	42	11	66	12	38	13	51	14	92	15	66	16	94	17	75	18	24	19	97	20	12	21	7	22	87	23	36	24	15	25	65	26	27	27	81	28	97	29	61
	0	17	1	61	2	83	3	44	4	80	5	18	6	13	7	23	8	75	9	15	10	16	11	54	12	43	13	25	14	80	15	25	16	19	17	76	18	56	19	86	20	70	21	86	22	46	23	89	24	5	25	98	26	44	27	49	28	65	29	1
	0	58	1	45	2	5	3	97	4	20	5	97	6	9	7	50	8	54	9	17	10	5	11	34	12	67	13	10	14	76	15	53	16	91	17	57	18	81	19	10	20	73	21	35	22	27	23	45	24	4	25	34	26	63	27	67	28	32	29	81
	0	85	1	53	2	94	3	86	4	72	5	92	6	75	7	67	8	91	9	82	10	53	11	21	12	45	13	30	14	29	15	35	16	45	17	1	18	11	19	80	20	38	21	5	22	15	23	10	24	22	25	45	26	20	27	57	28	13	29	41
	0	64	1	20	2	74	3	13	4	75	5	63	6	99	7	94	8	82	9	75	10	13	11	83	12	51	13	66	14	45	15	92	16	27	17	97	18	72	19	21	20	87	21	69	22	46	23	74	24	34	25	12	26	51	27	6	28	89	29	58
	0	53	1	46	2	58	3	90	4	41	5	59	6	76	7	94	8	66	9	30	10	62	11	53	12	32	13	76	14	44	15	74	16	2	17	32	18	20	19	27	20	2	21	66	22	74	23	36	24	55	25	7	26	66	27	57	28	82	29	2
	0	60	1	29	2	27	3	35	4	64	5	81	6	14	7	71	8	81	9	37	10	44	11	4	12	17	13	51	14	75	15	34	16	87	17	56	18	55	19	93	20	100	21	19	22	96	23	91	24	35	25	31	26	11	27	69	28	30	29	76
	0	52	1	56	2	43	3	50	4	22	5	87	6	64	7	43	8	41	9	28	10	81	11	87	12	2	13	94	14	31	15	30	16	40	17	81	18	91	19	11	20	91	21	41	22	90	23	34	24	39	25	54	26	40	27	48	28	54	29	4
	0	27	1	11	2	69	3	44	4	3	5	90	6	72	7	8	8	75	9	94	10	92	11	13	12	77	13	80	14	5	15	56	16	72	17	65	18	93	19	95	20	28	21	29	22	40	23	70	24	49	25	94	26	36	27	12	28	69	29	14
	0	21	1	31	2	41	3	23	4	10	5	94	6	65	7	8	8	56	9	29	10	44	11	13	12	56	13	11	14	75	15	89	16	10	17	24	18	92	19	48	20	75	21	4	22	26	23	87	24	80	25	2	26	65	27	87	28	10	29	24
	0	7	1	98	2	44	3	45	4	39	5	81	6	24	7	85	8	10	9	51	10	98	11	10	12	54	13	46	14	43	15	7	16	92	17	29	18	73	19	6	20	22	21	82	22	92	23	87	24	69	25	52	26	33	27	82	28	62	29	64
	0	7	1	53	2	48	3	10	4	50	5	20	6	71	7	74	8	29	9	46	10	79	11	55	12	68	13	37	14	19	15	100	16	81	17	88	18	49	19	52	20	43	21	89	22	80	23	86	24	23	25	75	26	3	27	80	28	65	29	85
	0	96	1	41	2	91	3	62	4	94	5	95	6	60	7	3	8	70	9	100	10	15	11	60	12	68	13	46	14	80	15	19	16	84	17	48	18	22	19	43	20	78	21	49	22	65	23	34	24	63	25	92	26	18	27	52	28	28	29	16
	0	89	1	10	2	55	3	97	4	47	5	13	6	56	7	40	8	94	9	22	10	50	11	75	12	40	13	61	14	34	15	38	16	96	17	98	18	32	19	26	20	37	21	61	22	17	23	51	24	78	25	80	26	55	27	46	28	97	29	51
	0	4	1	94	2	63	3	86	4	60	5	77	6	83	7	75	8	50	9	69	10	62	11	78	12	10	13	26	14	34	15	33	16	90	17	36	18	20	19	36	20	73	21	37	22	15	23	36	24	13	25	27	26	20	27	42	28	20	29	9
	0	48	1	59	2	48	3	37	4	90	5	64	6	64	7	87	8	23	9	13	10	1	11	48	12	75	13	49	14	31	15	97	16	98	17	14	18	7	19	30	20	3	21	27	22	54	23	43	24	69	25	59	26	19	27	87	28	20	29	14
	0	4	1	55	2	31	3	13	4	35	5	57	6	18	7	24	8	56	9	99	10	14	11	98	12	44	13	78	14	35	15	91	16	77	17	44	18	100	19	91	20	13	21	5	22	41	23	87	24	52	25	74	26	29	27	26	28	99	29	77
	0	5	1	62	2	39	3	72	4	78	5	2	6	97	7	56	8	42	9	74	10	55	11	50	12	22	13	100	14	19	15	3	16	41	17	35	18	94	19	37	20	82	21	5	22	95	23	29	24	76	25	63	26	79	27	23	28	48	29	34
	0	21	1	85	2	97	3	33	4	37	5	65	6	88	7	66	8	26	9	24	10	1	11	46	12	12	13	40	14	35	15	91	16	74	17	4	18	88	19	91	20	12	21	61	22	54	23	47	24	98	25	63	26	95	27	24	28	79	29	46
	0	97	1	80	2	64	3	37	4	12	5	48	6	93	7	48	8	33	9	99	10	69	11	40	12	78	13	99	14	14	15	31	16	59	17	45	18	66	19	1	20	65	21	43	22	43	23	14	24	97	25	59	26	23	27	56	28	29	29	70
	0	28	1	66	2	70	3	64	4	13	5	97	6	62	7	5	8	88	9	53	10	54	11	43	12	33	13	72	14	4	15	21	16	78	17	53	18	23	19	38	20	61	21	53	22	56	23	52	24	83	25	10	26	64	27	37	28	32	29	46
	0	57	1	23	2	36	3	66	4	78	5	87	6	61	7	69	8	55	9	79	10	82	11	25	12	62	13	94	14	82	15	79	16	54	17	23	18	56	19	96	20	74	21	45	22	28	23	60	24	42	25	57	26	8	27	76	28	75	29	27
	0	42	1	60	2	100	3	36	4	45	5	96	6	54	7	52	8	9	9	97	10	93	11	22	12	19	13	23	14	39	15	99	16	37	17	7	18	48	19	44	20	31	21	19	22	80	23	47	24	50	25	58	26	98	27	72	28	80	29	52
	0	22	1	25	2	28	3	14	4	26	5	86	6	31	7	68	8	53	9	64	10	67	11	63	12	76	13	61	14	27	15	19	16	38	17	56	18	79	19	92	20	51	21	51	22	20	23	39	24	31	25	23	26	14	27	24	28	95	29	89
	0	41	1	93	2	69	3	82	4	25	5	13	6	50	7	77	8	1	9	61	10	48	11	27	12	51	13	87	14	95	15	100	16	15	17	100	18	81	19	16	20	44	21	57	22	75	23	36	24	72	25	43	26	34	27	54	28	15	29	75
	0	100	1	74	2	20	3	68	4	47	5	97	6	23	7	51	8	29	9	39	10	95	11	16	12	32	13	50	14	85	15	31	16	40	17	21	18	76	19	68	20	60	21	79	22	28	23	17	24	76	25	18	26	68	27	78	28	19	29	24
	0	56	1	64	2	72	3	74	4	24	5	61	6	59	7	24	8	71	9	12	10	68	11	30	12	89	13	37	14	21	15	42	16	3	17	92	18	95	19	82	20	86	21	38	22	40	23	99	24	83	25	75	26	56	27	42	28	26	29	56
	0	35	1	18	2	50	3	86	4	70	5	7	6	45	7	68	8	79	9	66	10	78	11	69	12	15	13	33	14	87	15	95	16	48	17	12	18	43	19	11	20	39	21	16	22	3	23	38	24	52	25	81	26	22	27	23	28	61	29	81
	0	91	1	55	2	53	3	21	4	15	5	73	6	45	7	73	8	59	9	1	10	51	11	79	12	7	13	81	14	66	15	60	16	30	17	23	18	69	19	74	20	55	21	63	22	47	23	35	24	69	25	13	26	2	27	80	28	12	29	41
	0	83	1	32	2	44	3	14	4	61	5	22	6	78	7	98	8	44	9	45	10	22	11	84	12	88	13	70	14	80	15	1	16	60	17	46	18	88	19	18	20	58	21	40	22	93	23	67	24	89	25	25	26	6	27	19	28	63	29	5
	0	81	1	100	2	61	3	22	4	100	5	38	6	71	7	11	8	73	9	72	10	10	11	72	12	76	13	59	14	74	15	97	16	80	17	66	18	83	19	55	20	68	21	41	22	12	23	26	24	22	25	76	26	30	27	51	28	22	29	28
	0	79	1	15	2	11	3	58	4	77	5	2	6	4	7	96	8	13	9	77	10	44	11	44	12	81	13	84	14	43	15	77	16	65	17	71	18	43	19	7	20	65	21	78	22	7	23	20	24	46	25	49	26	13	27	87	28	30	29	52
	0	7	1	25	2	66	3	20	4	46	5	64	6	59	7	50	8	35	9	21	10	39	11	14	12	41	13	4	14	90	15	83	16	29	17	6	18	84	19	52	20	65	21	41	22	81	23	30	24	74	25	43	26	97	27	27	28	45	29	31
	0	46	1	46	2	33	3	10	4	7	5	84	6	85	7	55	8	81	9	71	10	5	11	8	12	19	13	16	14	21	15	80	16	66	17	49	18	23	19	28	20	28	21	56	22	2	23	74	24	53	25	56	26	74	27	64	28	20	29	80
	0	6	1	83	2	28	3	27	4	54	5	96	6	60	7	21	8	87	9	58	10	61	11	97	12	59	13	20	14	46	15	79	16	51	17	39	18	33	19	40	20	97	21	38	22	60	23	45	24	63	25	3	26	48	27	24	28	42	29	1
	0	93	1	30	2	89	3	54	4	24	5	64	6	10	7	11	8	48	9	95	10	66	11	86	12	63	13	85	14	74	15	81	16	30	17	99	18	4	19	88	20	9	21	88	22	6	23	46	24	19	25	37	26	19	27	11	28	77	29	31
	0	47	1	36	2	13	3	99	4	98	5	95	6	75	7	5	8	21	9	97	10	68	11	25	12	97	13	46	14	98	15	20	16	61	17	80	18	5	19	76	20	62	21	72	22	9	23	4	24	85	25	76	26	8	27	100	28	97	29	73
	0	97	1	1	2	92	3	14	4	97	5	12	6	44	7	96	8	18	9	71	10	90	11	8	12	87	13	79	14	9	15	30	16	20	17	13	18	63	19	69	20	23	21	10	22	15	23	75	24	44	25	75	26	57	27	66	28	5	29	53
	0	82	1	53	2	10	3	81	4	10	5	47	6	83	7	95	8	44	9	86	10	85	11	64	12	5	13	17	14	40	15	77	16	93	17	21	18	28	19	3	20	55	21	67	22	57	23	3	24	60	25	21	26	17	27	63	28	22	29	67
	0	57	1	67	2	17	3	1	4	65	5	49	6	69	7	8	8	29	9	76	10	24	11	32	12	6	13	60	14	34	15	5	16	35	17	91	18	95	19	90	20	68	21	52	22	46	23	54	24	100	25	58	26	1	27	73	28	30	29	7
	0	68	1	45	2	81	3	64	4	3	5	60	6	54	7	6	8	69	9	35	10	13	11	85	12	20	13	42	14	1	15	11	16	29	17	71	18	49	19	44	20	20	21	99	22	31	23	53	24	78	25	75	26	66	27	81	28	51	29	31
	0	79	1	25	2	62	3	80	4	63	5	20	6	98	7	59	8	16	9	82	10	42	11	31	12	34	13	52	14	71	15	63	16	91	17	47	18	25	19	27	20	29	21	12	22	30	23	96	24	53	25	22	26	25	27	39	28	88	29	78
	0	32	1	38	2	53	3	9	4	56	5	67	6	61	7	60	8	18	9	17	10	33	11	33	12	56	13	61	14	12	15	9	16	28	17	79	18	88	19	73	20	41	21	99	22	94	23	21	24	45	25	21	26	14	27	3	28	95	29	21
	0	21	1	57	2	71	3	73	4	41	5	27	6	84	7	13	8	5	9	61	10	38	11	43	12	36	13	40	14	7	15	56	16	84	17	91	18	49	19	15	20	2	21	74	22	76	23	28	24	31	25	50	26	44	27	1	28	43	29	66
	0	27	1	57	2	39	3	28	4	5	5	54	6	23	7	27	8	63	9	40	10	91	11	52	12	90	13	34	14	99	15	13	16	29	17	11	18	11	19	33	20	98	21	34	22	37	23	7	24	14	25	66	26	99	27	27	28	62	29	53
	0	10	1	10	2	94	3	49	4	36	5	3	6	78	7	39	8	76	9	31	10	93	11	86	12	88	13	14	14	63	15	77	16	40	17	86	18	84	19	84	20	74	21	72	22	48	23	38	24	92	25	9	26	22	27	84	28	26	29	34
	0	93	1	83	2	32	3	57	4	2	5	62	6	29	7	94	8	41	9	26	10	73	11	37	12	55	13	99	14	35	15	78	16	6	17	47	18	25	19	22	20	70	21	98	22	71	23	46	24	81	25	69	26	63	27	91	28	47	29	62
	0	12	1	4	2	88	3	87	4	73	5	58	6	89	7	26	8	51	9	16	10	55	11	50	12	81	13	21	14	17	15	44	16	42	17	28	18	23	19	8	20	64	21	10	22	16	23	39	24	24	25	97	26	84	27	8	28	40	29	43
	0	22	1	98	2	26	3	21	4	58	5	48	6	40	7	89	8	27	9	34	10	60	11	84	12	88	13	87	14	64	15	35	16	25	17	100	18	88	19	100	20	77	21	15	22	13	23	64	24	86	25	57	26	73	27	66	28	55	29	74
	0	9	1	30	2	61	3	1	4	7	5	22	6	68	7	39	8	87	9	54	10	18	11	45	12	31	13	17	14	13	15	50	16	79	17	9	18	10	19	60	20	23	21	79	22	90	23	9	24	72	25	25	26	75	27	69	28	79	29	95
	0	97	1	26	2	49	3	94	4	62	5	96	6	66	7	93	8	45	9	23	10	11	11	82	12	1	13	79	14	60	15	33	16	15	17	93	18	80	19	46	20	88	21	29	22	67	23	5	24	41	25	23	26	88	27	62	28	10	29	51
	0	25	1	31	2	22	3	62	4	38	5	54	6	6	7	23	8	83	9	74	10	70	11	50	12	56	13	30	14	45	15	24	16	63	17	53	18	85	19	8	20	16	21	30	22	53	23	29	24	11	25	67	26	66	27	78	28	52	29	70
	0	54	1	48	2	12	3	19	4	51	5	18	6	48	7	4	8	54	9	32	10	8	11	55	12	84	13	62	14	13	15	82	16	53	17	28	18	79	19	100	20	20	21	27	22	31	23	18	24	86	25	93	26	14	27	6	28	60	29	82
	0	100	1	70	2	99	3	66	4	62	5	8	6	11	7	70	8	44	9	17	10	53	11	92	12	63	13	79	14	86	15	87	16	14	17	45	18	59	19	6	20	64	21	96	22	29	23	20	24	65	25	46	26	49	27	72	28	9	29	16
	0	75	1	36	2	15	3	10	4	74	5	76	6	17	7	47	8	37	9	33	10	89	11	40	12	31	13	83	14	39	15	39	16	31	17	44	18	40	19	58	20	32	21	35	22	96	23	68	24	25	25	95	26	52	27	24	28	87	29	26
	0	97	1	40	2	21	3	27	4	24	5	64	6	36	7	14	8	40	9	87	10	74	11	62	12	41	13	99	14	1	15	99	16	97	17	80	18	35	19	41	20	16	21	82	22	72	23	59	24	72	25	43	26	30	27	3	28	22	29	41
	0	27	1	35	2	49	3	76	4	65	5	31	6	100	7	33	8	79	9	78	10	15	11	82	12	71	13	49	14	52	15	94	16	56	17	50	18	69	19	100	20	68	21	74	22	12	23	6	24	14	25	82	26	11	27	49	28	74	29	30
	0	1	1	62	2	81	3	87	4	7	5	70	6	35	7	16	8	61	9	45	10	27	11	31	12	44	13	84	14	88	15	26	16	70	17	4	18	73	19	58	20	58	21	47	22	60	23	28	24	44	25	47	26	24	27	75	28	52	29	16
	0	96	1	3	2	10	3	28	4	42	5	88	6	85	7	23	8	12	9	37	10	70	11	53	12	39	13	1	14	51	15	51	16	91	17	65	18	40	19	83	20	12	21	61	22	35	23	20	24	99	25	79	26	73	27	46	28	2	29	73
	0	52	1	75	2	41	3	88	4	65	5	56	6	86	7	58	8	63	9	84	10	40	11	37	12	36	13	39	14	6	15	79	16	80	17	40	18	56	19	75	20	98	21	63	22	16	23	9	24	45	25	72	26	30	27	90	28	5	29	73
	0	78	1	73	2	92	3	60	4	62	5	90	6	77	7	42	8	73	9	29	10	97	11	55	12	16	13	50	14	12	15	10	16	50	17	20	18	96	19	9	20	64	21	7	22	80	23	50	24	11	25	68	26	98	27	6	28	56	29	13
	0	92	1	24	2	20	3	38	4	71	5	6	6	20	7	52	8	52	9	55	10	43	11	49	12	8	13	92	14	97	15	98	16	99	17	99	18	28	19	44	20	83	21	19	22	6	23	48	24	15	25	29	26	5	27	17	28	81	29	75
	0	38	1	92	2	30	3	19	4	23	5	95	6	8	7	49	8	85	9	57	10	93	11	43	12	23	13	78	14	90	15	99	16	99	17	93	18	40	19	66	20	30	21	34	22	46	23	32	24	79	25	26	26	28	27	60	28	88	29	49
	0	45	1	87	2	94	3	57	4	62	5	9	6	20	7	34	8	44	9	27	10	34	11	27	12	97	13	30	14	20	15	93	16	8	17	34	18	95	19	35	20	25	21	100	22	78	23	39	24	10	25	12	26	90	27	7	28	37	29	82
	0	36	1	71	2	15	3	99	4	2	5	27	6	75	7	68	8	73	9	9	10	38	11	79	12	51	13	24	14	57	15	17	16	23	17	82	18	95	19	4	20	13	21	14	22	90	23	12	24	25	25	68	26	21	27	24	28	52	29	97
	0	60	1	7	2	4	3	5	4	85	5	21	6	94	7	12	8	3	9	97	10	78	11	40	12	73	13	46	14	29	15	47	16	61	17	82	18	6	19	48	20	55	21	70	22	44	23	8	24	16	25	44	26	61	27	99	28	45	29	35
	0	87	1	41	2	6	3	27	4	32	5	86	6	21	7	13	8	65	9	10	10	23	11	25	12	65	13	9	14	48	15	71	16	68	17	36	18	91	19	77	20	26	21	10	22	65	23	44	24	32	25	85	26	27	27	61	28	5	29	70
	0	67	1	14	2	23	3	22	4	81	5	8	6	43	7	64	8	57	9	88	10	62	11	8	12	59	13	8	14	95	15	62	16	85	17	98	18	77	19	68	20	27	21	32	22	21	23	98	24	69	25	90	26	82	27	2	28	95	29	57
	0	11	1	87	2	95	3	29	4	98	5	63	6	86	7	93	8	42	9	3	10	98	11	10	12	95	13	83	14	79	15	26	16	63	17	11	18	25	19	73	20	70	21	61	22	41	23	56	24	12	25	59	26	82	27	21	28	55	29	4
	0	37	1	52	2	64	3	15	4	55	5	53	6	57	7	25	8	18	9	3	10	17	11	79	12	20	13	95	14	29	15	99	16	98	17	87	18	97	19	31	20	32	21	42	22	73	23	72	24	5	25	30	26	4	27	51	28	90	29	4
	0	71	1	27	2	14	3	91	4	84	5	88	6	94	7	58	8	52	9	11	10	69	11	35	12	39	13	85	14	69	15	10	16	87	17	12	18	76	19	26	20	57	21	60	22	86	23	56	24	16	25	95	26	81	27	16	28	84	29	50
	0	50	1	58	2	6	3	93	4	34	5	48	6	23	7	2	8	79	9	20	10	44	11	59	12	26	13	62	14	61	15	26	16	62	17	73	18	50	19	64	20	16	21	4	22	36	23	1	24	91	25	63	26	39	27	65	28	30	29	49
	0	23	1	42	2	87	3	51	4	97	5	17	6	48	7	23	8	64	9	16	10	99	11	14	12	100	13	48	14	71	15	33	16	20	17	22	18	84	19	55	20	57	21	88	22	69	23	9	24	59	25	22	26	68	27	16	28	89	29	56
	0	6	1	43	2	72	3	29	4	99	5	5	6	36	7	100	8	54	9	40	10	25	11	54	12	62	13	18	14	98	15	97	16	83	17	75	18	35	19	7	20	92	21	77	22	6	23	6	24	31	25	55	26	86	27	53	28	63	29	69
	0	22	1	81	2	61	3	87	4	69	5	27	6	52	7	93	8	74	9	34	10	97	11	53	12	57	13	6	14	95	15	12	16	22	17	63	18	33	19	91	20	9	21	30	22	15	23	14	24	50	25	29	26	41	27	83	28	9	29	90
	0	37	1	77	2	99	3	90	4	40	5	48	6	31	7	67	8	84	9	38	10	19	11	98	12	62	13	41	14	41	15	22	16	47	17	76	18	62	19	42	20	91	21	60	22	25	23	51	24	49	25	90	26	3	27	55	28	86	29	60
	0	50	1	93	2	76	3	96	4	92	5	75	6	84	7	68	8	60	9	92	10	2	11	17	12	37	13	62	14	85	15	9	16	95	17	19	18	88	19	92	20	18	21	69	22	21	23	39	24	52	25	47	26	62	27	82	28	34	29	74
	0	98	1	81	2	69	3	83	4	82	5	84	6	79	7	66	8	29	9	66	10	39	11	60	12	85	13	57	14	53	15	83	16	45	17	90	18	66	19	78	20	7	21	45	22	98	23	18	24	81	25	60	26	41	27	8	28	92	29	17
	0	71	1	63	2	52	3	64	4	54	5	50	6	81	7	1	8	47	9	30	10	8	11	39	12	36	13	44	14	81	15	36	16	49	17	11	18	65	19	41	20	36	21	43	22	13	23	20	24	17	25	3	26	25	27	31	28	25	29	39
	0	48	1	76	2	1	3	90	4	71	5	59	6	28	7	44	8	17	9	9	10	89	11	77	12	46	13	59	14	100	15	29	16	7	17	85	18	64	19	80	20	15	21	50	22	20	23	23	24	36	25	5	26	98	27	76	28	4	29	40
	0	19	1	58	2	8	3	89	4	67	5	11	6	22	7	38	8	48	9	80	10	56	11	70	12	7	13	53	14	67	15	75	16	65	17	17	18	54	19	87	20	97	21	16	22	10	23	27	24	63	25	90	26	27	27	87	28	72	29	29
	0	62	1	47	2	23	3	96	4	22	5	41	6	71	7	70	8	17	9	1	10	100	11	39	12	82	13	50	14	12	15	44	16	88	17	12	18	45	19	21	20	81	21	74	22	2	23	34	24	11	25	11	26	46	27	80	28	55	29	58
	0	77	1	93	2	39	3	93	4	19	5	100	6	9	7	63	8	71	9	1	10	15	11	75	12	8	13	64	14	1	15	12	16	20	17	75	18	22	19	73	20	38	21	69	22	16	23	32	24	93	25	37	26	22	27	68	28	82	29	95
	0	13	1	8	2	60	3	36	4	72	5	92	6	70	7	31	8	58	9	44	10	86	11	28	12	18	13	14	14	24	15	63	16	40	17	27	18	57	19	11	20	76	21	36	22	26	23	5	24	60	25	98	26	40	27	19	28	95	29	88
	0	16	1	98	2	10	3	32	4	75	5	68	6	90	7	36	8	26	9	64	10	30	11	20	12	89	13	62	14	75	15	98	16	36	17	7	18	44	19	62	20	56	21	54	22	56	23	57	24	72	25	84	26	83	27	59	28	74	29	60
	0	25	1	89	2	26	3	20	4	79	5	24	6	84	7	36	8	21	9	94	10	15	11	86	12	55	13	80	14	14	15	6	16	79	17	32	18	63	19	33	20	81	21	88	22	57	23	47	24	59	25	67	26	23	27	78	28	25	29	57
	0	79	1	32	2	55	3	17	4	24	5	52	6	71	7	80	8	57	9	28	10	86	11	12	12	51	13	1	14	33	15	66	16	52	17	49	18	71	19	50	20	58	21	39	22	38	23	77	24	11	25	71	26	80	27	75	28	9	29	71
	0	97	1	81	2	1	3	94	4	70	5	43	6	53	7	52	8	59	9	99	10	71	11	68	12	1	13	10	14	30	15	24	16	35	17	68	18	50	19	71	20	34	21	12	22	6	23	91	24	20	25	4	26	73	27	47	28	8	29	66
	0	41	1	61	2	81	3	75	4	42	5	96	6	3	7	65	8	90	9	41	10	34	11	81	12	12	13	22	14	79	15	87	16	30	17	88	18	4	19	31	20	15	21	40	22	97	23	3	24	24	25	16	26	57	27	43	28	8	29	34
	0	28	1	1	2	15	3	62	4	27	5	34	6	63	7	75	8	32	9	7	10	44	11	3	12	10	13	25	14	74	15	94	16	27	17	17	18	13	19	36	20	49	21	50	22	10	23	14	24	37	25	36	26	65	27	6	28	96	29	72
	0	88	1	30	2	20	3	18	4	8	5	100	6	58	7	4	8	80	9	58	10	78	11	19	12	58	13	88	14	20	15	36	16	57	17	28	18	48	19	53	20	22	21	28	22	54	23	73	24	59	25	39	26	73	27	51	28	12	29	18
	0	6	1	69	2	92	3	74	4	60	5	32	6	82	7	17	8	65	9	82	10	70	11	62	12	11	13	81	14	7	15	10	16	17	17	18	18	71	19	4	20	40	21	22	22	86	23	36	24	70	25	97	26	40	27	51	28	71	29	12
	0	81	1	71	2	74	3	15	4	10	5	41	6	18	7	35	8	79	9	66	10	11	11	17	12	66	13	92	14	43	15	94	16	99	17	44	18	74	19	75	20	32	21	44	22	96	23	28	24	14	25	47	26	19	27	72	28	90	29	75
	0	42	1	14	2	21	3	50	4	9	5	90	6	36	7	48	8	61	9	93	10	27	11	18	12	28	13	11	14	60	15	41	16	33	17	92	18	74	19	33	20	86	21	17	22	64	23	10	24	6	25	53	26	99	27	63	28	96	29	100
	0	5	1	24	2	43	3	74	4	16	5	3	6	42	7	78	8	74	9	50	10	49	11	52	12	33	13	55	14	20	15	15	16	1	17	93	18	85	19	29	20	7	21	81	22	66	23	51	24	1	25	98	26	53	27	53	28	16	29	99
	0	62	1	34	2	39	3	1	4	74	5	38	6	79	7	43	8	20	9	64	10	35	11	39	12	40	13	31	14	91	15	75	16	59	17	33	18	95	19	21	20	48	21	91	22	3	23	59	24	51	25	88	26	82	27	50	28	16	29	65
	0	24	1	84	2	51	3	79	4	1	5	98	6	83	7	78	8	58	9	45	10	14	11	33	12	38	13	49	14	85	15	30	16	74	17	88	18	90	19	22	20	9	21	86	22	16	23	87	24	2	25	100	26	93	27	40	28	55	29	40
	0	70	1	97	2	63	3	60	4	67	5	91	6	61	7	96	8	62	9	93	10	35	11	52	12	15	13	75	14	10	15	52	16	32	17	21	18	41	19	21	20	25	21	88	22	63	23	38	24	31	25	55	26	75	27	1	28	70	29	22
	0	76	1	87	2	86	3	37	4	58	5	86	6	84	7	78	8	45	9	65	10	48	11	8	12	22	13	66	14	32	15	78	16	86	17	60	18	23	19	55	20	32	21	12	22	50	23	89	24	38	25	17	26	76	27	58	28	29	29	24
	0	75	1	48	2	8	3	45	4	28	5	50	6	16	7	33	8	46	9	99	10	38	11	65	12	25	13	75	14	67	15	57	16	96	17	34	18	9	19	21	20	96	21	59	22	69	23	14	24	19	25	35	26	74	27	52	28	82	29	86
	0	99	1	94	2	26	3	34	4	24	5	10	6	56	7	75	8	25	9	86	10	68	11	65	12	81	13	42	14	21	15	71	16	47	17	57	18	58	19	34	20	28	21	26	22	85	23	38	24	60	25	95	26	57	27	90	28	65	29	60
	0	26	1	55	2	57	3	2	4	58	5	100	6	2	7	15	8	28	9	30	10	59	11	45	12	36	13	39	14	74	15	35	16	8	17	2	18	75	19	64	20	89	21	74	22	2	23	2	24	18	25	70	26	92	27	38	28	58	29	64
	0	66	1	48	2	27	3	10	4	6	5	1	6	27	7	65	8	29	9	32	10	94	11	8	12	73	13	23	14	3	15	34	16	76	17	70	18	7	19	100	20	95	21	38	22	81	23	48	24	96	25	17	26	19	27	14	28	37	29	36
	0	89	1	25	2	88	3	11	4	54	5	18	6	83	7	9	8	11	9	51	10	100	11	74	12	100	13	79	14	5	15	48	16	97	17	17	18	2	19	62	20	80	21	22	22	85	23	4	24	47	25	54	26	86	27	76	28	7	29	2
	0	51	1	1	2	85	3	87	4	1	5	35	6	17	7	77	8	55	9	8	10	7	11	81	12	18	13	91	14	89	15	90	16	75	17	61	18	12	19	4	20	24	21	15	22	37	23	53	24	55	25	50	26	18	27	91	28	51	29	27
	0	96	1	45	2	69	3	55	4	52	5	19	6	32	7	94	8	73	9	10	10	24	11	44	12	32	13	79	14	94	15	74	16	97	17	64	18	87	19	19	20	16	21	64	22	76	23	22	24	34	25	3	26	48	27	31	28	47	29	60
	0	82	1	52	2	97	3	28	4	13	5	37	6	67	7	40	8	66	9	50	10	26	11	66	12	26	13	26	14	23	15	71	16	45	17	51	18	57	19	1	20	28	21	91	22	44	23	17	24	44	25	68	26	70	27	11	28	41	29	62
	0	6	1	61	2	76	3	76	4	14	5	16	6	84	7	98	8	76	9	22	10	46	11	55	12	22	13	21	14	27	15	30	16	40	17	85	18	98	19	90	20	97	21	77	22	67	23	61	24	4	25	36	26	77	27	22	28	90	29	41
	0	41	1	26	2	89	3	99	4	37	5	60	6	48	7	47	8	69	9	5	10	97	11	87	12	73	13	51	14	54	15	77	16	28	17	93	18	59	19	52	20	86	21	99	22	40	23	45	24	56	25	26	26	73	27	44	28	78	29	45
	0	85	1	84	2	91	3	66	4	10	5	79	6	79	7	7	8	95	9	38	10	36	11	36	12	16	13	9	14	6	15	68	16	62	17	64	18	61	19	17	20	80	21	100	22	52	23	23	24	4	25	35	26	30	27	100	28	97	29	15
	0	11	1	88	2	91	3	57	4	65	5	94	6	2	7	7	8	22	9	58	10	46	11	82	12	37	13	87	14	91	15	14	16	59	17	25	18	28	19	37	20	93	21	69	22	23	23	63	24	45	25	48	26	3	27	53	28	6	29	8
	0	96	1	77	2	95	3	89	4	90	5	4	6	69	7	81	8	20	9	92	10	95	11	92	12	86	13	48	14	5	15	65	16	51	17	80	18	9	19	29	20	81	21	78	22	21	23	79	24	25	25	75	26	23	27	98	28	46	29	81
	0	86	1	90	2	57	3	7	4	9	5	75	6	8	7	95	8	45	9	66	10	37	11	43	12	33	13	28	14	99	15	81	16	58	17	92	18	94	19	35	20	87	21	80	22	97	23	97	24	77	25	42	26	47	27	71	28	49	29	37
	0	38	1	79	2	52	3	100	4	39	5	35	6	88	7	65	8	16	9	28	10	64	11	49	12	49	13	72	14	82	15	24	16	60	17	5	18	95	19	6	20	87	21	60	22	82	23	63	24	93	25	28	26	26	27	16	28	68	29	88
	0	99	1	67	2	77	3	82	4	71	5	7	6	70	7	42	8	26	9	63	10	33	11	26	12	32	13	97	14	71	15	91	16	93	17	76	18	42	19	18	20	98	21	55	22	71	23	86	24	42	25	53	26	36	27	34	28	65	29	23
	0	90	1	66	2	51	3	30	4	60	5	2	6	92	7	93	8	49	9	62	10	75	11	64	12	20	13	39	14	89	15	38	16	38	17	15	18	25	19	22	20	13	21	96	22	34	23	4	24	54	25	98	26	73	27	15	28	35	29	2
	0	22	1	50	2	32	3	44	4	95	5	5	6	75	7	28	8	45	9	54	10	47	11	78	12	44	13	53	14	85	15	45	16	4	17	67	18	6	19	60	20	46	21	35	22	35	23	90	24	50	25	32	26	16	27	30	28	37	29	3
	0	46	1	48	2	62	3	48	4	35	5	63	6	28	7	13	8	10	9	27	10	47	11	100	12	1	13	26	14	100	15	4	16	83	17	45	18	82	19	42	20	50	21	43	22	32	23	30	24	67	25	31	26	78	27	32	28	7	29	70
	0	56	1	59	2	70	3	14	4	79	5	32	6	61	7	68	8	53	9	12	10	44	11	39	12	94	13	57	14	23	15	94	16	68	17	77	18	10	19	72	20	60	21	83	22	68	23	84	24	65	25	61	26	63	27	22	28	30	29	9
	0	46	1	55	2	9	3	15	4	52	5	68	6	1	7	80	8	90	9	4	10	83	11	1	12	54	13	83	14	67	15	63	16	93	17	21	18	31	19	24	20	11	21	79	22	8	23	77	24	76	25	4	26	37	27	20	28	71	29	46
	0	5	1	84	2	25	3	75	4	33	5	92	6	85	7	4	8	90	9	36	10	25	11	16	12	37	13	15	14	11	15	55	16	29	17	70	18	62	19	98	20	29	21	86	22	76	23	52	24	28	25	73	26	10	27	23	28	46	29	37
	0	35	1	62	2	80	3	93	4	4	5	72	6	21	7	99	8	5	9	43	10	40	11	5	12	88	13	53	14	44	15	31	16	83	17	26	18	25	19	45	20	49	21	67	22	61	23	92	24	37	25	98	26	54	27	87	28	28	29	68
	0	99	1	83	2	95	3	3	4	19	5	83	6	14	7	38	8	26	9	37	10	94	11	34	12	77	13	60	14	22	15	64	16	38	17	64	18	31	19	44	20	83	21	69	22	48	23	20	24	83	25	61	26	76	27	56	28	57	29	94
	0	8	1	62	2	11	3	69	4	86	5	82	6	67	7	17	8	56	9	19	10	58	11	91	12	80	13	51	14	60	15	34	16	88	17	1	18	63	19	67	20	12	21	34	22	17	23	36	24	18	25	5	26	8	27	99	28	17	29	86
	0	35	1	39	2	47	3	33	4	2	5	41	6	37	7	87	8	50	9	73	10	3	11	10	12	86	13	41	14	35	15	95	16	83	17	28	18	70	19	16	20	70	21	34	22	81	23	98	24	19	25	56	26	93	27	17	28	9	29	4
	0	31	1	78	2	24	3	26	4	64	5	9	6	5	7	89	8	75	9	82	10	81	11	41	12	97	13	59	14	34	15	51	16	76	17	93	18	70	19	5	20	72	21	64	22	18	23	97	24	84	25	13	26	68	27	52	28	73	29	6
	0	16	1	61	2	32	3	49	4	89	5	27	6	97	7	20	8	56	9	38	10	20	11	9	12	53	13	26	14	48	15	65	16	86	17	77	18	69	19	100	20	79	21	91	22	17	23	99	24	73	25	27	26	65	27	33	28	22	29	60
	0	33	1	70	2	15	3	45	4	83	5	40	6	30	7	75	8	5	9	98	10	100	11	55	12	88	13	85	14	41	15	48	16	42	17	78	18	84	19	63	20	20	21	95	22	1	23	78	24	49	25	81	26	11	27	34	28	63	29	91
	0	24	1	31	2	14	3	62	4	53	5	20	6	90	7	20	8	80	9	68	10	67	11	76	12	92	13	43	14	90	15	4	16	5	17	39	18	29	19	2	20	27	21	42	22	85	23	87	24	59	25	22	26	32	27	68	28	13	29	68
	0	12	1	93	2	1	3	31	4	29	5	85	6	31	7	37	8	3	9	85	10	2	11	70	12	83	13	90	14	93	15	47	16	34	17	38	18	87	19	46	20	34	21	91	22	72	23	37	24	62	25	10	26	10	27	41	28	51	29	20
	0	70	1	16	2	41	3	24	4	60	5	39	6	63	7	93	8	12	9	41	10	20	11	58	12	95	13	6	14	72	15	74	16	72	17	50	18	20	19	34	20	12	21	31	22	50	23	48	24	34	25	59	26	96	27	22	28	44	29	20
	0	11	1	99	2	80	3	7	4	75	5	44	6	93	7	48	8	68	9	92	10	13	11	60	12	84	13	86	14	90	15	67	16	75	17	67	18	5	19	74	20	47	21	16	22	86	23	68	24	42	25	32	26	84	27	9	28	76	29	12
	0	81	1	5	2	37	3	69	4	49	5	7	6	34	7	91	8	73	9	65	10	69	11	41	12	11	13	16	14	81	15	44	16	49	17	7	18	51	19	9	20	78	21	79	22	7	23	84	24	2	25	49	26	42	27	52	28	54	29	76
	0	39	1	93	2	78	3	9	4	74	5	96	6	89	7	21	8	32	9	78	10	58	11	12	12	61	13	49	14	41	15	17	16	45	17	35	18	70	19	46	20	82	21	40	22	82	23	66	24	88	25	16	26	31	27	74	28	56	29	66
	0	32	1	39	2	64	3	5	4	20	5	6	6	90	7	46	8	23	9	94	10	82	11	97	12	86	13	24	14	7	15	77	16	94	17	62	18	53	19	87	20	81	21	66	22	69	23	4	24	19	25	75	26	73	27	66	28	30	29	64
	0	59	1	88	2	64	3	65	4	77	5	14	6	30	7	38	8	68	9	87	10	80	11	10	12	87	13	13	14	81	15	51	16	44	17	36	18	21	19	37	20	30	21	55	22	44	23	14	24	32	25	43	26	96	27	82	28	40	29	63
	0	37	1	47	2	96	3	80	4	54	5	12	6	50	7	14	8	60	9	7	10	17	11	89	12	97	13	92	14	51	15	71	16	47	17	56	18	75	19	92	20	29	21	19	22	43	23	20	24	53	25	100	26	14	27	5	28	29	29	6
	0	64	1	14	2	75	3	71	4	82	5	57	6	62	7	24	8	99	9	24	10	97	11	82	12	63	13	25	14	19	15	100	16	69	17	90	18	72	19	17	20	78	21	60	22	84	23	73	24	8	25	90	26	37	27	99	28	76	29	35
	0	43	1	2	2	14	3	4	4	47	5	95	6	3	7	85	8	10	9	37	10	85	11	90	12	58	13	94	14	53	15	66	16	98	17	37	18	33	19	68	20	28	21	26	22	97	23	7	24	9	25	54	26	83	27	99	28	55	29	51
	0	1	1	83	2	68	3	67	4	55	5	91	6	41	7	93	8	16	9	83	10	74	11	75	12	16	13	86	14	97	15	39	16	54	17	87	18	95	19	42	20	30	21	76	22	68	23	88	24	50	25	52	26	86	27	5	28	74	29	10
	0	100	1	58	2	91	3	100	4	44	5	35	6	45	7	12	8	27	9	52	10	45	11	20	12	89	13	50	14	44	15	11	16	96	17	78	18	55	19	65	20	78	21	93	22	43	23	67	24	29	25	23	26	22	27	64	28	53	29	59
	0	29	1	9	2	99	3	87	4	70	5	37	6	19	7	78	8	40	9	81	10	57	11	75	12	89	13	17	14	48	15	65	16	67	17	91	18	75	19	34	20	62	21	78	22	23	23	10	24	49	25	65	26	29	27	65	28	70	29	67
	0	7	1	36	2	46	3	10	4	11	5	71	6	79	7	48	8	46	9	11	10	91	11	87	12	68	13	76	14	15	15	47	16	1	17	11	18	27	19	78	20	82	21	96	22	6	23	4	24	14	25	49	26	22	27	73	28	71	29	62
	0	22	1	33	2	3	3	49	4	63	5	56	6	26	7	3	8	84	9	88	10	90	11	84	12	43	13	96	14	78	15	87	16	59	17	33	18	59	19	68	20	14	21	51	22	2	23	16	24	33	25	24	26	44	27	6	28	29	29	71
	0	40	1	76	2	75	3	87	4	54	5	96	6	68	7	12	8	69	9	43	10	68	11	13	12	21	13	87	14	38	15	51	16	88	17	51	18	29	19	53	20	85	21	5	22	60	23	17	24	48	25	10	26	14	27	21	28	11	29	17
	0	36	1	16	2	3	3	82	4	98	5	6	6	29	7	66	8	91	9	73	10	97	11	14	12	34	13	81	14	17	15	52	16	12	17	71	18	83	19	26	20	3	21	32	22	6	23	81	24	45	25	6	26	71	27	59	28	38	29	80
	0	23	1	56	2	100	3	39	4	11	5	72	6	27	7	18	8	56	9	37	10	10	11	59	12	100	13	4	14	7	15	53	16	64	17	47	18	95	19	53	20	28	21	85	22	30	23	50	24	3	25	43	26	93	27	79	28	52	29	7
	0	13	1	84	2	95	3	36	4	76	5	50	6	98	7	50	8	72	9	3	10	22	11	76	12	45	13	18	14	2	15	65	16	33	17	90	18	57	19	79	20	17	21	68	22	75	23	14	24	28	25	37	26	15	27	26	28	74	29	20
	0	4	1	62	2	71	3	22	4	49	5	10	6	13	7	35	8	79	9	33	10	11	11	92	12	71	13	39	14	65	15	22	16	57	17	11	18	76	19	55	20	97	21	95	22	98	23	65	24	56	25	12	26	86	27	76	28	40	29	58
	0	2	1	42	2	75	3	97	4	61	5	82	6	18	7	70	8	58	9	55	10	53	11	53	12	94	13	67	14	2	15	71	16	82	17	73	18	54	19	23	20	21	21	11	22	94	23	83	24	56	25	71	26	85	27	95	28	64	29	100
	0	34	1	52	2	37	3	82	4	44	5	49	6	53	7	55	8	39	9	44	10	49	11	50	12	3	13	58	14	39	15	64	16	77	17	5	18	53	19	97	20	15	21	43	22	74	23	26	24	67	25	66	26	4	27	88	28	61	29	90
	0	90	1	94	2	10	3	11	4	86	5	6	6	25	7	19	8	40	9	31	10	59	11	5	12	22	13	35	14	92	15	8	16	36	17	67	18	12	19	66	20	82	21	47	22	92	23	80	24	62	25	66	26	39	27	9	28	51	29	93
	0	66	1	41	2	65	3	95	4	38	5	29	6	98	7	5	8	62	9	70	10	31	11	5	12	32	13	59	14	9	15	2	16	68	17	77	18	46	19	15	20	82	21	65	22	17	23	3	24	74	25	6	26	31	27	1	28	44	29	14
	0	100	1	42	2	63	3	3	4	58	5	90	6	49	7	88	8	70	9	98	10	34	11	32	12	59	13	72	14	21	15	55	16	36	17	20	18	62	19	53	20	99	21	97	22	20	23	4	24	53	25	72	26	80	27	56	28	46	29	1
	0	23	1	26	2	50	3	68	4	98	5	48	6	11	7	21	8	27	9	57	10	44	11	29	12	52	13	98	14	74	15	27	16	94	17	80	18	23	19	34	20	86	21	40	22	95	23	53	24	17	25	72	26	27	27	86	28	62	29	30
	0	96	1	39	2	25	3	23	4	96	5	78	6	1	7	59	8	33	9	78	10	19	11	98	12	6	13	69	14	60	15	24	16	50	17	69	18	30	19	59	20	89	21	65	22	37	23	54	24	5	25	75	26	20	27	50	28	25	29	6
	0	5	1	92	2	87	3	88	4	7	5	28	6	25	7	58	8	84	9	36	10	7	11	4	12	26	13	58	14	88	15	17	16	34	17	32	18	79	19	98	20	14	21	58	22	44	23	12	24	92	25	26	26	71	27	7	28	36	29	5
	0	77	1	16	2	29	3	71	4	47	5	24	6	32	7	100	8	24	9	69	10	43	11	92	12	84	13	94	14	7	15	76	16	68	17	97	18	85	19	7	20	73	21	14	22	39	23	79	24	98	25	49	26	14	27	100	28	4	29	44
Reldue
-1	9107	-1	1
-1	17007	-1	1
-1	12381	-1	1
-1	9391	-1	1
-1	15441	-1	1
-1	12468	-1	1
-1	8581	-1	1
-1	8657	-1	1
-1	14432	-1	1
-1	10020	-1	1
-1	14288	-1	1
-1	11445	-1	1
-1	12126	-1	1
-1	11986	-1	1
-1	15628	-1	1
-1	16793	-1	1
-1	15430	-1	1
-1	14997	-1	1
-1	13799	-1	1
-1	12731	-1	1
-1	12062	-1	1
-1	17178	-1	1
-1	13481	-1	1
-1	8202	-1	1
-1	6654	-1	1
-1	13730	-1	1
-1	11749	-1	1
-1	9087	-1	1
-1	11224	-1	1
-1	9994	-1	1
-1	15835	-1	1
-1	9769	-1	1
-1	8128	-1	1
-1	13766	-1	1
-1	15708	-1	1
-1	16140	-1	1
-1	11722	-1	1
-1	6720	-1	1
-1	15838	-1	1
-1	13617	-1	1
-1	7127	-1	1
-1	14587	-1	1
-1	11181	-1	1
-1	7164	-1	1
-1	15111	-1	1
-1	12820	-1	1
-1	5896	-1	1
-1	5958	-1	1
-1	8859	-1	1
-1	15439	-1	1
-1	12472	-1	1
-1	15377	-1	1
-1	7657	-1	1
-1	7752	-1	1
-1	6972	-1	1
-1	8356	-1	1
-1	8942	-1	1
-1	6361	-1	1
-1	6110	-1	1
-1	14783	-1	1
-1	7732	-1	1
-1	6519	-1	1
-1	13840	-1	1
-1	14491	-1	1
-1	16314	-1	1
-1	12559	-1	1
-1	9020	-1	1
-1	12244	-1	1
-1	11614	-1	1
-1	10858	-1	1
-1	8314	-1	1
-1	9501	-1	1
-1	9630	-1	1
-1	16730	-1	1
-1	7567	-1	1
-1	11640	-1	1
-1	13106	-1	1
-1	13791	-1	1
-1	17048	-1	1
-1	13447	-1	1
-1	14259	-1	1
-1	16593	-1	1
-1	11341	-1	1
-1	13852	-1	1
-1	15115	-1	1
-1	10742	-1	1
-1	15135	-1	1
-1	8568	-1	1
-1	7514	-1	1
-1	7147	-1	1
-1	11202	-1	1
-1	17462	-1	1
-1	9809	-1	1
-1	17243	-1	1
-1	14609	-1	1
-1	7595	-1	1
-1	14655	-1	1
-1	16272	-1	1
-1	16987	-1	1
-1	8504	-1	1
-1	9193	-1	1
-1	11349	-1	1
-1	10428	-1	1
-1	5854	-1	1
-1	9740	-1	1
-1	6591	-1	1
-1	11169	-1	1
-1	9409	-1	1
-1	9186	-1	1
-1	11277	-1	1
-1	6127	-1	1
-1	15964	-1	1
-1	7230	-1	1
-1	6091	-1	1
-1	17262	-1	1
-1	11740	-1	1
-1	15816	-1	1
-1	7589	-1	1
-1	13879	-1	1
-1	9706	-1	1
-1	16935	-1	1
-1	11439	-1	1
-1	14012	-1	1
-1	14905	-1	1
-1	16604	-1	1
-1	7209	-1	1
-1	17299	-1	1
-1	12649	-1	1
-1	14291	-1	1
-1	14820	-1	1
-1	11110	-1	1
-1	7135	-1	1
-1	14069	-1	1
-1	13844	-1	1
-1	13895	-1	1
-1	12404	-1	1
-1	7858	-1	1
-1	13965	-1	1
-1	17470	-1	1
-1	17348	-1	1
-1	16112	-1	1
-1	14994	-1	1
-1	8560	-1	1
-1	7933	-1	1
-1	16909	-1	1
-1	17061	-1	1
-1	7308	-1	1
-1	15733	-1	1
-1	6667	-1	1
-1	10613	-1	1
-1	16570	-1	1
-1	12817	-1	1
-1	5907	-1	1
-1	7462	-1	1
-1	12670	-1	1
-1	13851	-1	1
-1	13559	-1	1
-1	13266	-1	1
-1	5905	-1	1
-1	12477	-1	1
-1	9733	-1	1
-1	8533	-1	1
-1	14964	-1	1
-1	13457	-1	1
-1	16298	-1	1
-1	8098	-1	1
-1	12802	-1	1
-1	15674	-1	1
-1	16998	-1	1
-1	14742	-1	1
-1	9709	-1	1
-1	14511	-1	1
-1	9552	-1	1
-1	12917	-1	1
-1	9531	-1	1
-1	13198	-1	1
-1	9029	-1	1
-1	11186	-1	1
-1	10627	-1	1
-1	12238	-1	1
-1	11804	-1	1
-1	16238	-1	1
-1	15560	-1	1
-1	7441	-1	1
-1	14211	-1	1
-1	11396	-1	1
-1	16455	-1	1
-1	6599	-1	1
-1	7497	-1	1
-1	15442	-1	1
-1	7724	-1	1
-1	7625	-1	1
-1	13946	-1	1
-1	8156	-1	1
-1	10646	-1	1
-1	12508	-1	1
-1	9775	-1	1
-1	14745	-1	1
-1	15308	-1	1
-1	14064	-1	1
-1	16001	-1	1
-1	12769	-1	1
-1	17354	-1	1
-1	12295	-1	1
-1	9942	-1	1
-1	6357	-1	1
-1	14135	-1	1
-1	14856	-1	1
-1	14554	-1	1
-1	7344	-1	1
-1	14890	-1	1
-1	14160	-1	1
-1	12423	-1	1
-1	16686	-1	1
-1	17272	-1	1
-1	6686	-1	1
-1	12375	-1	1
-1	8908	-1	1
-1	10706	-1	1
-1	6100	-1	1
-1	14924	-1	1
-1	7098	-1	1
-1	11501	-1	1
-1	16364	-1	1
-1	11576	-1	1
-1	11460	-1	1
-1	8942	-1	1
-1	15821	-1	1
-1	15621	-1	1
-1	15135	-1	1
-1	8558	-1	1
-1	6157	-1	1
-1	8014	-1	1
-1	16461	-1	1
-1	10855	-1	1
-1	7659	-1	1
-1	12316	-1	1
-1	9965	-1	1
-1	12306	-1	1
-1	13728	-1	1
-1	12737	-1	1
-1	11437	-1	1
-1	13066	-1	1
-1	14119	-1	1
-1	16944	-1	1
-1	11670	-1	1
-1	7115	-1	1
-1	12148	-1	1
-1	6925	-1	1
-1	13621	-1	1
-1	15300	-1	1
-1	10866	-1	1
-1	15254	-1	1
-1	6631	-1	1
-1	14202	-1	1
-1	16218	-1	1
-1	17415	-1	1
-1	14938	-1	1
-1	14240	-1	1
-1	14646	-1	1
-1	12015	-1	1
-1	9803	-1	1
-1	17155	-1	1
-1	14106	-1	1
-1	8788	-1	1
-1	15414	-1	1
-1	6889	-1	1
-1	6518	-1	1
-1	9704	-1	1
-1	16646	-1	1
-1	13891	-1	1
-1	16665	-1	1
-1	12982	-1	1
-1	16393	-1	1
-1	15119	-1	1
-1	7842	-1	1
-1	14237	-1	1
-1	8395	-1	1
-1	7956	-1	1
-1	13915	-1	1
-1	16993	-1	1
-1	8643	-1	1
-1	14481	-1	1
-1	16671	-1	1
-1	9279	-1	1
-1	10693	-1	1
-1	9322	-1	1
-1	14128	-1	1
-1	6240	-1	1
-1	13804	-1	1
-1	12842	-1	1
-1	15036	-1	1
-1	16058	-1	1
-1	6777	-1	1
-1	9607	-1	1
-1	13471	-1	1
-1	11601	-1	1
-1	15483	-1	1
-1	9891	-1	1
-1	12046	-1	1
-1	16508	-1	1
-1	9259	-1	1
-1	13573	-1	1
-1	13158	-1	1
-1	8065	-1	1
-1	13865	-1	1
-1	12921	-1	1
-1	5859	-1	1
-1	8703	-1	1
-1	9862	-1	1
-1	9956	-1	1
-1	13949	-1	1
-1	15850	-1	1
-1	16733	-1	1
-1	15333	-1	1
-1	16548	-1	1
-1	7477	-1	1
-1	5889	-1	1
-1	10272	-1	1
-1	11373	-1	1
-1	6367	-1	1
-1	13687	-1	1
-1	8041	-1	1
-1	14453	-1	1
-1	13605	-1	1
-1	9880	-1	1
-1	15269	-1	1
-1	15076	-1	1
-1	10645	-1	1
-1	15402	-1	1
-1	12055	-1	1
-1	12981	-1	1
-1	10042	-1	1
-1	7387	-1	1
-1	14257	-1	1
-1	10424	-1	1
-1	9214	-1	1
-1	5917	-1	1
-1	15338	-1	1
-1	10108	-1	1
-1	8581	-1	1
-1	14872	-1	1
-1	17344	-1	1
-1	14396	-1	1
-1	12761	-1	1
-1	6746	-1	1
-1	12700	-1	1
-1	12482	-1	1
-1	6618	-1	1
-1	15546	-1	1
LBCmax: 19489
