250  30
	0	70	1	17	2	23	3	100	4	28	5	96	6	99	7	68	8	8	9	32	10	95	11	56	12	85	13	95	14	36	15	22	16	77	17	39	18	48	19	76	20	57	21	57	22	49	23	34	24	24	25	77	26	6	27	20	28	100	29	55
	0	94	1	82	2	26	3	73	4	83	5	62	6	62	7	59	8	44	9	15	10	23	11	89	12	34	13	83	14	4	15	32	16	14	17	66	18	76	19	36	20	100	21	50	22	53	23	97	24	63	25	69	26	64	27	31	28	20	29	23
	0	84	1	50	2	78	3	85	4	3	5	20	6	36	7	52	8	36	9	36	10	43	11	33	12	5	13	56	14	75	15	85	16	55	17	76	18	83	19	26	20	64	21	30	22	10	23	90	24	76	25	56	26	95	27	17	28	72	29	60
	0	4	1	71	2	29	3	65	4	58	5	45	6	69	7	34	8	41	9	96	10	75	11	96	12	23	13	98	14	25	15	16	16	24	17	36	18	84	19	100	20	87	21	65	22	48	23	2	24	70	25	100	26	31	27	96	28	45	29	15
	0	32	1	29	2	77	3	84	4	34	5	40	6	26	7	65	8	23	9	52	10	75	11	25	12	14	13	45	14	8	15	63	16	33	17	68	18	58	19	58	20	96	21	63	22	18	23	75	24	71	25	96	26	94	27	83	28	31	29	19
	0	9	1	82	2	13	3	19	4	25	5	37	6	59	7	7	8	20	9	73	10	99	11	77	12	38	13	69	14	95	15	30	16	15	17	57	18	66	19	23	20	24	21	27	22	53	23	16	24	12	25	73	26	7	27	22	28	16	29	48
	0	96	1	66	2	79	3	9	4	67	5	23	6	6	7	56	8	19	9	84	10	24	11	25	12	62	13	76	14	48	15	60	16	67	17	37	18	59	19	87	20	40	21	7	22	42	23	69	24	76	25	97	26	50	27	3	28	63	29	53
	0	90	1	3	2	54	3	17	4	40	5	65	6	27	7	50	8	47	9	18	10	89	11	79	12	67	13	3	14	11	15	77	16	45	17	33	18	87	19	89	20	49	21	35	22	57	23	60	24	98	25	62	26	42	27	34	28	58	29	34
	0	79	1	27	2	90	3	56	4	43	5	90	6	75	7	97	8	11	9	21	10	48	11	53	12	2	13	90	14	24	15	16	16	78	17	77	18	89	19	23	20	21	21	50	22	89	23	60	24	99	25	37	26	51	27	36	28	88	29	44
	0	9	1	66	2	27	3	44	4	12	5	20	6	6	7	43	8	60	9	28	10	18	11	74	12	77	13	40	14	45	15	4	16	14	17	99	18	25	19	32	20	58	21	67	22	41	23	23	24	78	25	98	26	32	27	6	28	31	29	72
	0	7	1	33	2	19	3	20	4	14	5	72	6	70	7	7	8	94	9	73	10	67	11	55	12	32	13	58	14	72	15	11	16	68	17	96	18	1	19	15	20	52	21	67	22	54	23	4	24	28	25	48	26	11	27	62	28	7	29	49
	0	35	1	3	2	51	3	97	4	51	5	47	6	78	7	38	8	99	9	32	10	68	11	16	12	65	13	55	14	16	15	38	16	43	17	51	18	76	19	29	20	96	21	51	22	86	23	67	24	97	25	74	26	72	27	6	28	79	29	39
	0	54	1	63	2	33	3	13	4	29	5	18	6	14	7	24	8	90	9	38	10	56	11	11	12	96	13	48	14	16	15	80	16	20	17	91	18	70	19	94	20	31	21	59	22	55	23	23	24	92	25	83	26	28	27	19	28	68	29	17
	0	68	1	97	2	88	3	58	4	66	5	38	6	8	7	70	8	60	9	55	10	54	11	28	12	17	13	61	14	52	15	82	16	78	17	58	18	74	19	11	20	2	21	27	22	56	23	28	24	78	25	72	26	64	27	30	28	7	29	82
	0	20	1	40	2	58	3	75	4	6	5	58	6	43	7	66	8	13	9	16	10	87	11	68	12	7	13	30	14	77	15	1	16	19	17	71	18	5	19	95	20	92	21	5	22	59	23	88	24	28	25	66	26	11	27	67	28	31	29	87
	0	17	1	8	2	41	3	73	4	25	5	94	6	89	7	2	8	44	9	36	10	27	11	6	12	40	13	21	14	18	15	30	16	53	17	53	18	90	19	9	20	46	21	73	22	71	23	91	24	32	25	67	26	84	27	96	28	46	29	2
	0	53	1	96	2	60	3	44	4	51	5	51	6	42	7	48	8	100	9	43	10	20	11	39	12	90	13	81	14	7	15	97	16	91	17	78	18	83	19	38	20	61	21	26	22	45	23	49	24	91	25	6	26	82	27	6	28	19	29	27
	0	20	1	99	2	25	3	65	4	57	5	37	6	77	7	52	8	74	9	9	10	84	11	48	12	91	13	15	14	1	15	70	16	24	17	4	18	59	19	88	20	23	21	80	22	41	23	92	24	42	25	60	26	12	27	98	28	39	29	97
	0	86	1	58	2	15	3	5	4	73	5	64	6	50	7	38	8	54	9	90	10	84	11	25	12	70	13	96	14	50	15	60	16	16	17	93	18	69	19	80	20	93	21	38	22	52	23	5	24	43	25	17	26	70	27	16	28	82	29	30
	0	6	1	86	2	93	3	77	4	57	5	94	6	57	7	29	8	4	9	96	10	27	11	18	12	29	13	21	14	70	15	84	16	58	17	19	18	49	19	55	20	67	21	87	22	91	23	70	24	66	25	39	26	89	27	50	28	62	29	5
	0	27	1	79	2	53	3	67	4	10	5	60	6	20	7	68	8	70	9	58	10	100	11	66	12	45	13	31	14	63	15	99	16	78	17	19	18	46	19	88	20	71	21	54	22	90	23	13	24	89	25	91	26	85	27	11	28	10	29	79
	0	40	1	93	2	58	3	35	4	23	5	89	6	62	7	75	8	22	9	55	10	35	11	15	12	41	13	1	14	69	15	60	16	33	17	35	18	71	19	25	20	18	21	16	22	13	23	76	24	53	25	76	26	52	27	69	28	46	29	52
	0	43	1	29	2	28	3	20	4	68	5	3	6	29	7	51	8	32	9	75	10	27	11	7	12	12	13	27	14	53	15	58	16	64	17	76	18	82	19	85	20	9	21	39	22	44	23	3	24	62	25	95	26	16	27	17	28	81	29	41
	0	9	1	92	2	35	3	67	4	40	5	4	6	35	7	3	8	52	9	3	10	61	11	7	12	41	13	7	14	90	15	85	16	78	17	93	18	5	19	89	20	50	21	80	22	34	23	11	24	68	25	100	26	63	27	75	28	87	29	5
	0	6	1	3	2	53	3	65	4	38	5	97	6	88	7	39	8	16	9	68	10	47	11	49	12	50	13	1	14	21	15	61	16	95	17	45	18	80	19	66	20	76	21	50	22	71	23	27	24	73	25	8	26	4	27	11	28	19	29	68
	0	16	1	36	2	94	3	19	4	77	5	5	6	14	7	63	8	79	9	97	10	54	11	44	12	35	13	42	14	54	15	82	16	64	17	2	18	81	19	26	20	46	21	36	22	65	23	45	24	73	25	10	26	33	27	8	28	34	29	89
	0	91	1	18	2	100	3	32	4	41	5	14	6	100	7	50	8	31	9	48	10	14	11	25	12	74	13	94	14	11	15	86	16	89	17	61	18	16	19	92	20	38	21	12	22	78	23	67	24	71	25	4	26	81	27	91	28	6	29	4
	0	13	1	43	2	98	3	53	4	82	5	41	6	79	7	80	8	64	9	36	10	67	11	74	12	91	13	46	14	84	15	91	16	39	17	41	18	28	19	37	20	66	21	17	22	88	23	50	24	4	25	22	26	99	27	91	28	16	29	6
	0	65	1	3	2	64	3	28	4	16	5	96	6	50	7	39	8	71	9	70	10	28	11	4	12	7	13	3	14	3	15	62	16	73	17	26	18	53	19	13	20	100	21	1	22	50	23	91	24	87	25	51	26	67	27	66	28	64	29	14
	0	92	1	70	2	67	3	28	4	82	5	55	6	80	7	54	8	35	9	27	10	14	11	5	12	73	13	94	14	43	15	33	16	37	17	49	18	14	19	3	20	57	21	63	22	94	23	30	24	47	25	54	26	21	27	92	28	35	29	66
	0	86	1	15	2	21	3	72	4	53	5	14	6	31	7	85	8	81	9	25	10	17	11	33	12	35	13	65	14	100	15	49	16	75	17	5	18	77	19	61	20	65	21	38	22	26	23	3	24	55	25	94	26	85	27	71	28	11	29	12
	0	93	1	90	2	95	3	80	4	8	5	80	6	44	7	9	8	47	9	30	10	70	11	98	12	19	13	13	14	98	15	98	16	31	17	13	18	11	19	96	20	1	21	29	22	63	23	62	24	5	25	97	26	89	27	48	28	33	29	37
	0	10	1	14	2	48	3	8	4	28	5	30	6	54	7	37	8	45	9	78	10	35	11	53	12	54	13	48	14	9	15	48	16	96	17	16	18	7	19	31	20	68	21	24	22	84	23	59	24	30	25	23	26	11	27	58	28	56	29	38
	0	9	1	72	2	5	3	68	4	26	5	92	6	30	7	28	8	55	9	64	10	45	11	98	12	70	13	71	14	99	15	40	16	2	17	46	18	57	19	92	20	90	21	52	22	69	23	45	24	94	25	34	26	71	27	78	28	28	29	53
	0	76	1	100	2	75	3	20	4	14	5	4	6	74	7	15	8	54	9	74	10	5	11	56	12	14	13	61	14	98	15	52	16	29	17	30	18	57	19	42	20	42	21	65	22	62	23	23	24	45	25	55	26	95	27	15	28	73	29	3
	0	12	1	1	2	25	3	56	4	36	5	56	6	88	7	19	8	61	9	50	10	59	11	9	12	89	13	88	14	7	15	72	16	36	17	12	18	24	19	59	20	78	21	96	22	44	23	40	24	26	25	95	26	37	27	87	28	48	29	39
	0	6	1	85	2	91	3	70	4	41	5	20	6	46	7	78	8	14	9	73	10	73	11	75	12	15	13	11	14	90	15	9	16	59	17	52	18	71	19	24	20	23	21	62	22	17	23	96	24	88	25	82	26	4	27	21	28	91	29	16
	0	8	1	17	2	22	3	25	4	61	5	83	6	14	7	95	8	3	9	13	10	7	11	90	12	19	13	68	14	97	15	98	16	87	17	46	18	89	19	34	20	58	21	8	22	24	23	59	24	68	25	57	26	33	27	23	28	41	29	53
	0	62	1	54	2	25	3	41	4	58	5	39	6	88	7	10	8	96	9	70	10	48	11	14	12	18	13	57	14	28	15	6	16	89	17	28	18	51	19	1	20	1	21	67	22	26	23	39	24	80	25	61	26	71	27	20	28	71	29	58
	0	99	1	46	2	14	3	53	4	45	5	75	6	32	7	58	8	11	9	78	10	96	11	27	12	72	13	58	14	30	15	28	16	47	17	72	18	83	19	96	20	52	21	53	22	79	23	12	24	71	25	40	26	5	27	68	28	13	29	51
	0	26	1	47	2	62	3	58	4	16	5	3	6	9	7	63	8	46	9	26	10	36	11	61	12	79	13	34	14	6	15	52	16	58	17	18	18	46	19	48	20	79	21	39	22	54	23	60	24	89	25	45	26	62	27	90	28	69	29	69
	0	26	1	44	2	56	3	12	4	35	5	47	6	48	7	35	8	53	9	24	10	83	11	100	12	43	13	87	14	70	15	50	16	31	17	29	18	52	19	8	20	14	21	17	22	83	23	30	24	14	25	53	26	84	27	56	28	36	29	15
	0	99	1	40	2	85	3	21	4	50	5	41	6	41	7	71	8	95	9	16	10	9	11	54	12	10	13	53	14	78	15	34	16	52	17	23	18	71	19	46	20	92	21	43	22	61	23	65	24	12	25	82	26	88	27	42	28	97	29	50
	0	3	1	96	2	81	3	50	4	12	5	28	6	31	7	86	8	26	9	93	10	52	11	55	12	4	13	26	14	77	15	71	16	61	17	34	18	63	19	88	20	94	21	89	22	93	23	30	24	16	25	80	26	88	27	48	28	26	29	12
	0	43	1	45	2	40	3	63	4	60	5	54	6	76	7	39	8	54	9	62	10	55	11	76	12	20	13	100	14	60	15	88	16	17	17	54	18	81	19	68	20	1	21	70	22	16	23	71	24	2	25	43	26	31	27	50	28	42	29	20
	0	71	1	25	2	21	3	73	4	97	5	100	6	37	7	98	8	88	9	54	10	9	11	49	12	13	13	83	14	10	15	35	16	95	17	66	18	45	19	17	20	96	21	70	22	21	23	86	24	98	25	29	26	99	27	17	28	74	29	64
	0	12	1	28	2	65	3	21	4	13	5	81	6	94	7	41	8	71	9	14	10	6	11	100	12	16	13	90	14	6	15	81	16	38	17	86	18	22	19	62	20	59	21	88	22	37	23	24	24	38	25	38	26	44	27	28	28	95	29	55
	0	38	1	16	2	45	3	42	4	43	5	16	6	85	7	29	8	19	9	71	10	79	11	27	12	33	13	29	14	29	15	92	16	59	17	38	18	30	19	17	20	50	21	56	22	40	23	9	24	3	25	68	26	22	27	18	28	5	29	61
	0	38	1	19	2	34	3	98	4	96	5	70	6	36	7	100	8	83	9	91	10	34	11	29	12	36	13	49	14	19	15	23	16	36	17	29	18	20	19	22	20	20	21	32	22	80	23	1	24	52	25	37	26	64	27	90	28	1	29	9
	0	78	1	45	2	4	3	40	4	92	5	5	6	25	7	60	8	69	9	42	10	37	11	56	12	68	13	4	14	75	15	80	16	56	17	87	18	55	19	35	20	55	21	5	22	47	23	72	24	13	25	30	26	42	27	43	28	61	29	30
	0	63	1	82	2	5	3	26	4	5	5	10	6	65	7	34	8	4	9	99	10	66	11	88	12	60	13	27	14	21	15	35	16	86	17	12	18	83	19	54	20	40	21	11	22	50	23	58	24	62	25	20	26	43	27	51	28	39	29	12
	0	5	1	79	2	51	3	95	4	70	5	73	6	85	7	85	8	25	9	83	10	9	11	12	12	42	13	59	14	49	15	20	16	66	17	15	18	18	19	23	20	86	21	85	22	75	23	20	24	13	25	55	26	20	27	94	28	59	29	50
	0	55	1	41	2	76	3	80	4	69	5	99	6	8	7	86	8	21	9	88	10	64	11	50	12	27	13	66	14	10	15	54	16	82	17	67	18	42	19	89	20	78	21	82	22	94	23	64	24	80	25	91	26	72	27	72	28	86	29	56
	0	46	1	88	2	85	3	44	4	26	5	28	6	76	7	31	8	95	9	88	10	22	11	3	12	95	13	39	14	50	15	63	16	77	17	47	18	20	19	11	20	62	21	50	22	28	23	47	24	81	25	5	26	4	27	15	28	74	29	85
	0	32	1	3	2	84	3	2	4	8	5	47	6	77	7	68	8	91	9	18	10	54	11	31	12	31	13	78	14	51	15	50	16	79	17	47	18	45	19	90	20	8	21	12	22	8	23	47	24	91	25	64	26	69	27	47	28	31	29	48
	0	88	1	74	2	38	3	72	4	48	5	8	6	84	7	92	8	21	9	98	10	88	11	76	12	53	13	92	14	22	15	28	16	85	17	89	18	25	19	100	20	14	21	10	22	73	23	43	24	31	25	77	26	46	27	68	28	23	29	56
	0	78	1	12	2	2	3	18	4	92	5	42	6	10	7	97	8	56	9	34	10	20	11	68	12	2	13	11	14	5	15	75	16	3	17	29	18	72	19	61	20	2	21	43	22	76	23	12	24	24	25	91	26	55	27	90	28	32	29	85
	0	53	1	24	2	95	3	90	4	25	5	98	6	90	7	26	8	35	9	36	10	50	11	41	12	7	13	79	14	23	15	16	16	69	17	11	18	16	19	24	20	4	21	74	22	36	23	36	24	20	25	77	26	55	27	56	28	72	29	88
	0	42	1	28	2	17	3	70	4	62	5	30	6	86	7	99	8	35	9	81	10	85	11	70	12	77	13	97	14	85	15	82	16	1	17	76	18	48	19	56	20	33	21	16	22	97	23	37	24	60	25	79	26	30	27	63	28	41	29	55
	0	44	1	25	2	31	3	99	4	16	5	39	6	97	7	45	8	34	9	4	10	38	11	100	12	16	13	19	14	27	15	98	16	26	17	81	18	44	19	61	20	93	21	96	22	62	23	76	24	84	25	60	26	13	27	10	28	85	29	4
	0	40	1	15	2	6	3	4	4	8	5	92	6	96	7	5	8	45	9	11	10	40	11	1	12	18	13	15	14	80	15	82	16	76	17	56	18	76	19	33	20	15	21	35	22	98	23	40	24	41	25	37	26	22	27	55	28	43	29	6
	0	60	1	10	2	93	3	81	4	62	5	83	6	44	7	87	8	50	9	64	10	89	11	69	12	94	13	76	14	3	15	99	16	25	17	32	18	81	19	97	20	47	21	43	22	37	23	46	24	2	25	24	26	43	27	96	28	84	29	36
	0	7	1	84	2	26	3	69	4	25	5	9	6	85	7	68	8	64	9	53	10	16	11	43	12	41	13	23	14	5	15	20	16	27	17	63	18	93	19	19	20	82	21	59	22	23	23	71	24	91	25	35	26	90	27	14	28	72	29	16
	0	67	1	19	2	67	3	99	4	47	5	45	6	42	7	72	8	19	9	19	10	52	11	50	12	76	13	93	14	47	15	43	16	5	17	24	18	32	19	57	20	22	21	71	22	3	23	97	24	60	25	27	26	15	27	30	28	94	29	97
	0	66	1	21	2	87	3	19	4	95	5	47	6	83	7	78	8	34	9	54	10	81	11	48	12	51	13	26	14	58	15	93	16	86	17	60	18	44	19	79	20	69	21	70	22	45	23	92	24	49	25	76	26	82	27	72	28	4	29	50
	0	89	1	92	2	95	3	3	4	79	5	56	6	71	7	60	8	91	9	85	10	73	11	55	12	53	13	16	14	61	15	19	16	36	17	47	18	71	19	72	20	94	21	80	22	96	23	30	24	92	25	62	26	10	27	80	28	85	29	20
	0	14	1	100	2	96	3	41	4	62	5	13	6	1	7	49	8	81	9	12	10	23	11	59	12	14	13	88	14	92	15	38	16	39	17	53	18	29	19	87	20	46	21	39	22	46	23	23	24	79	25	4	26	85	27	37	28	57	29	3
	0	33	1	35	2	55	3	76	4	82	5	14	6	5	7	71	8	28	9	20	10	21	11	14	12	23	13	72	14	95	15	82	16	24	17	79	18	1	19	46	20	1	21	70	22	89	23	86	24	13	25	6	26	91	27	100	28	44	29	51
	0	44	1	56	2	62	3	34	4	97	5	64	6	58	7	8	8	91	9	58	10	58	11	91	12	93	13	17	14	36	15	68	16	38	17	77	18	44	19	56	20	20	21	1	22	61	23	82	24	9	25	2	26	27	27	26	28	15	29	61
	0	84	1	14	2	9	3	62	4	80	5	85	6	67	7	37	8	81	9	44	10	22	11	20	12	9	13	88	14	7	15	11	16	96	17	73	18	46	19	31	20	18	21	39	22	28	23	11	24	64	25	34	26	51	27	41	28	40	29	84
	0	40	1	74	2	14	3	13	4	71	5	58	6	61	7	8	8	51	9	59	10	54	11	73	12	33	13	67	14	18	15	37	16	82	17	26	18	38	19	85	20	5	21	11	22	83	23	47	24	13	25	60	26	10	27	62	28	89	29	19
	0	25	1	82	2	62	3	60	4	40	5	10	6	34	7	97	8	53	9	73	10	90	11	80	12	25	13	71	14	91	15	74	16	43	17	64	18	43	19	28	20	88	21	80	22	84	23	3	24	47	25	53	26	23	27	18	28	45	29	32
	0	32	1	17	2	75	3	25	4	88	5	83	6	61	7	46	8	84	9	44	10	73	11	3	12	87	13	43	14	86	15	39	16	96	17	78	18	63	19	100	20	26	21	26	22	70	23	13	24	37	25	4	26	85	27	79	28	62	29	46
	0	58	1	34	2	23	3	81	4	5	5	15	6	29	7	45	8	74	9	35	10	88	11	80	12	7	13	72	14	99	15	78	16	76	17	8	18	81	19	82	20	76	21	76	22	71	23	65	24	2	25	11	26	96	27	26	28	47	29	1
	0	92	1	95	2	86	3	86	4	35	5	19	6	47	7	62	8	6	9	86	10	69	11	72	12	99	13	99	14	15	15	7	16	43	17	3	18	79	19	32	20	13	21	52	22	1	23	23	24	29	25	31	26	98	27	82	28	82	29	96
	0	48	1	46	2	34	3	2	4	11	5	32	6	76	7	6	8	56	9	72	10	48	11	86	12	34	13	26	14	49	15	8	16	23	17	84	18	93	19	27	20	23	21	94	22	88	23	18	24	78	25	76	26	55	27	47	28	67	29	7
	0	93	1	53	2	78	3	90	4	65	5	96	6	58	7	41	8	85	9	79	10	6	11	55	12	92	13	63	14	49	15	41	16	57	17	29	18	31	19	32	20	80	21	48	22	82	23	3	24	40	25	75	26	66	27	70	28	17	29	78
	0	13	1	47	2	13	3	52	4	96	5	65	6	22	7	93	8	100	9	11	10	36	11	38	12	92	13	23	14	80	15	77	16	91	17	42	18	22	19	100	20	6	21	32	22	96	23	52	24	77	25	94	26	32	27	82	28	45	29	43
	0	86	1	26	2	36	3	36	4	8	5	60	6	29	7	51	8	98	9	100	10	55	11	66	12	33	13	50	14	29	15	88	16	65	17	23	18	34	19	26	20	26	21	70	22	87	23	16	24	87	25	13	26	72	27	28	28	61	29	60
	0	15	1	33	2	43	3	32	4	31	5	87	6	28	7	61	8	77	9	82	10	46	11	11	12	83	13	56	14	17	15	44	16	53	17	65	18	8	19	37	20	44	21	70	22	35	23	3	24	84	25	67	26	58	27	98	28	77	29	96
	0	56	1	97	2	97	3	80	4	78	5	77	6	88	7	90	8	3	9	50	10	9	11	41	12	73	13	11	14	95	15	58	16	56	17	14	18	19	19	71	20	74	21	96	22	85	23	25	24	96	25	79	26	77	27	21	28	73	29	59
	0	48	1	10	2	82	3	42	4	32	5	26	6	86	7	81	8	92	9	8	10	50	11	38	12	65	13	64	14	47	15	72	16	41	17	74	18	57	19	18	20	3	21	21	22	40	23	12	24	14	25	20	26	42	27	89	28	14	29	63
	0	54	1	39	2	86	3	14	4	32	5	12	6	80	7	14	8	72	9	1	10	25	11	85	12	64	13	50	14	54	15	39	16	94	17	57	18	22	19	35	20	54	21	76	22	2	23	37	24	89	25	39	26	86	27	61	28	86	29	40
	0	17	1	34	2	78	3	70	4	36	5	75	6	35	7	84	8	24	9	90	10	47	11	36	12	63	13	39	14	27	15	24	16	58	17	5	18	95	19	17	20	80	21	98	22	19	23	76	24	32	25	37	26	12	27	70	28	49	29	29
	0	24	1	53	2	76	3	22	4	83	5	73	6	91	7	88	8	53	9	2	10	65	11	99	12	32	13	23	14	78	15	64	16	1	17	12	18	27	19	53	20	92	21	92	22	6	23	45	24	54	25	67	26	30	27	46	28	7	29	35
	0	47	1	83	2	36	3	62	4	51	5	68	6	62	7	57	8	86	9	74	10	79	11	72	12	25	13	91	14	54	15	38	16	35	17	33	18	32	19	82	20	82	21	25	22	83	23	13	24	32	25	85	26	94	27	62	28	54	29	86
	0	81	1	5	2	20	3	58	4	84	5	15	6	73	7	66	8	69	9	21	10	5	11	81	12	40	13	66	14	47	15	13	16	50	17	95	18	98	19	94	20	49	21	13	22	13	23	14	24	24	25	96	26	40	27	56	28	6	29	41
	0	80	1	82	2	49	3	90	4	3	5	64	6	13	7	77	8	45	9	61	10	13	11	54	12	74	13	84	14	95	15	18	16	93	17	19	18	61	19	48	20	24	21	72	22	63	23	2	24	84	25	65	26	29	27	50	28	54	29	19
	0	93	1	44	2	8	3	63	4	32	5	38	6	25	7	91	8	51	9	23	10	37	11	47	12	63	13	32	14	65	15	83	16	37	17	27	18	47	19	59	20	39	21	91	22	65	23	67	24	68	25	57	26	24	27	77	28	70	29	72
	0	44	1	63	2	87	3	79	4	54	5	55	6	61	7	37	8	12	9	3	10	9	11	45	12	92	13	74	14	43	15	21	16	99	17	5	18	91	19	58	20	11	21	90	22	43	23	55	24	69	25	58	26	42	27	100	28	37	29	96
	0	76	1	46	2	27	3	6	4	56	5	15	6	58	7	90	8	73	9	13	10	86	11	41	12	80	13	47	14	22	15	39	16	38	17	77	18	36	19	6	20	15	21	36	22	10	23	65	24	41	25	12	26	81	27	100	28	45	29	69
	0	95	1	24	2	36	3	49	4	62	5	88	6	98	7	86	8	79	9	99	10	14	11	32	12	61	13	22	14	40	15	48	16	10	17	95	18	89	19	44	20	87	21	66	22	99	23	53	24	88	25	44	26	5	27	73	28	38	29	23
	0	19	1	14	2	42	3	11	4	93	5	42	6	57	7	80	8	46	9	92	10	95	11	15	12	38	13	99	14	50	15	42	16	49	17	83	18	8	19	43	20	94	21	56	22	4	23	91	24	68	25	66	26	8	27	84	28	20	29	85
	0	76	1	36	2	89	3	2	4	89	5	61	6	52	7	80	8	62	9	75	10	65	11	94	12	6	13	72	14	6	15	58	16	58	17	71	18	49	19	97	20	41	21	36	22	12	23	33	24	88	25	16	26	77	27	92	28	55	29	46
	0	74	1	39	2	22	3	21	4	65	5	11	6	21	7	29	8	73	9	3	10	76	11	98	12	52	13	18	14	31	15	8	16	87	17	91	18	89	19	56	20	64	21	51	22	1	23	82	24	56	25	89	26	82	27	1	28	15	29	16
	0	35	1	93	2	66	3	60	4	2	5	40	6	36	7	34	8	90	9	20	10	74	11	44	12	40	13	95	14	38	15	56	16	12	17	61	18	58	19	20	20	39	21	22	22	2	23	23	24	52	25	36	26	100	27	23	28	78	29	33
	0	6	1	84	2	72	3	88	4	2	5	16	6	35	7	31	8	78	9	78	10	23	11	92	12	33	13	22	14	41	15	43	16	87	17	62	18	8	19	68	20	3	21	7	22	1	23	69	24	53	25	99	26	30	27	7	28	73	29	25
	0	9	1	25	2	2	3	10	4	12	5	97	6	95	7	12	8	38	9	6	10	47	11	66	12	12	13	55	14	84	15	46	16	13	17	43	18	94	19	54	20	100	21	72	22	15	23	52	24	62	25	74	26	90	27	85	28	37	29	56
	0	64	1	73	2	56	3	18	4	94	5	68	6	22	7	85	8	67	9	93	10	20	11	57	12	83	13	32	14	22	15	70	16	18	17	14	18	33	19	23	20	90	21	15	22	88	23	15	24	95	25	93	26	7	27	91	28	70	29	97
	0	49	1	93	2	20	3	36	4	46	5	77	6	99	7	98	8	86	9	22	10	47	11	43	12	87	13	50	14	7	15	27	16	88	17	49	18	86	19	14	20	25	21	38	22	35	23	93	24	95	25	42	26	50	27	10	28	13	29	50
	0	31	1	67	2	12	3	83	4	43	5	70	6	49	7	97	8	73	9	3	10	12	11	78	12	72	13	83	14	42	15	30	16	26	17	12	18	17	19	57	20	95	21	21	22	59	23	70	24	24	25	97	26	62	27	97	28	97	29	18
	0	55	1	58	2	94	3	41	4	40	5	40	6	96	7	20	8	82	9	97	10	1	11	53	12	26	13	23	14	87	15	77	16	79	17	15	18	26	19	67	20	82	21	8	22	12	23	1	24	47	25	27	26	85	27	3	28	51	29	28
	0	58	1	75	2	1	3	98	4	65	5	78	6	20	7	31	8	97	9	22	10	6	11	22	12	1	13	78	14	75	15	31	16	45	17	25	18	91	19	4	20	80	21	83	22	31	23	70	24	59	25	9	26	50	27	43	28	79	29	50
	0	44	1	85	2	67	3	77	4	17	5	31	6	31	7	52	8	7	9	73	10	25	11	99	12	29	13	47	14	26	15	75	16	27	17	76	18	5	19	66	20	65	21	68	22	40	23	65	24	79	25	63	26	17	27	87	28	72	29	79
	0	97	1	40	2	43	3	17	4	62	5	56	6	61	7	92	8	61	9	51	10	29	11	36	12	14	13	65	14	3	15	70	16	60	17	3	18	70	19	35	20	37	21	80	22	84	23	58	24	44	25	34	26	13	27	55	28	26	29	69
	0	63	1	24	2	67	3	41	4	72	5	76	6	90	7	88	8	90	9	96	10	8	11	76	12	80	13	41	14	58	15	22	16	25	17	17	18	20	19	88	20	12	21	86	22	16	23	85	24	26	25	100	26	10	27	23	28	90	29	69
	0	82	1	76	2	18	3	90	4	46	5	84	6	74	7	15	8	7	9	84	10	53	11	30	12	9	13	44	14	30	15	61	16	6	17	60	18	40	19	41	20	57	21	16	22	81	23	7	24	27	25	39	26	63	27	98	28	40	29	80
	0	37	1	79	2	41	3	18	4	79	5	20	6	27	7	64	8	12	9	91	10	75	11	96	12	96	13	63	14	81	15	84	16	15	17	20	18	68	19	59	20	34	21	21	22	54	23	41	24	25	25	79	26	60	27	36	28	63	29	30
	0	20	1	67	2	52	3	9	4	13	5	96	6	31	7	80	8	33	9	40	10	70	11	59	12	65	13	15	14	61	15	36	16	26	17	41	18	42	19	93	20	10	21	90	22	42	23	63	24	25	25	78	26	14	27	86	28	17	29	12
	0	92	1	52	2	16	3	61	4	2	5	36	6	71	7	97	8	5	9	64	10	23	11	36	12	53	13	78	14	55	15	71	16	83	17	69	18	27	19	72	20	90	21	9	22	56	23	10	24	42	25	98	26	21	27	8	28	37	29	10
	0	3	1	43	2	6	3	98	4	81	5	51	6	25	7	88	8	41	9	1	10	78	11	93	12	85	13	39	14	84	15	7	16	32	17	32	18	95	19	58	20	53	21	50	22	7	23	45	24	88	25	67	26	59	27	86	28	21	29	75
	0	3	1	38	2	35	3	40	4	62	5	76	6	46	7	42	8	31	9	44	10	10	11	73	12	73	13	15	14	43	15	1	16	9	17	8	18	90	19	7	20	22	21	75	22	53	23	61	24	11	25	33	26	45	27	96	28	63	29	12
	0	41	1	88	2	43	3	56	4	34	5	57	6	8	7	72	8	29	9	51	10	97	11	37	12	21	13	70	14	55	15	1	16	52	17	36	18	92	19	44	20	30	21	42	22	89	23	69	24	59	25	5	26	92	27	54	28	26	29	24
	0	68	1	88	2	28	3	19	4	7	5	53	6	33	7	85	8	90	9	48	10	27	11	12	12	73	13	48	14	76	15	36	16	38	17	54	18	1	19	25	20	19	21	79	22	62	23	23	24	12	25	66	26	86	27	97	28	9	29	42
	0	86	1	66	2	35	3	52	4	60	5	5	6	64	7	20	8	69	9	54	10	47	11	44	12	24	13	70	14	78	15	13	16	35	17	6	18	80	19	99	20	11	21	12	22	96	23	78	24	5	25	76	26	3	27	67	28	33	29	65
	0	90	1	83	2	37	3	24	4	68	5	69	6	51	7	47	8	7	9	48	10	90	11	35	12	16	13	74	14	82	15	86	16	2	17	16	18	13	19	3	20	83	21	90	22	36	23	3	24	49	25	11	26	82	27	65	28	73	29	52
	0	81	1	51	2	37	3	12	4	52	5	91	6	19	7	31	8	47	9	9	10	47	11	30	12	48	13	35	14	27	15	31	16	51	17	35	18	5	19	96	20	87	21	39	22	97	23	6	24	63	25	71	26	23	27	45	28	28	29	92
	0	23	1	77	2	94	3	12	4	19	5	18	6	59	7	49	8	84	9	57	10	25	11	20	12	13	13	62	14	7	15	3	16	7	17	83	18	60	19	4	20	16	21	42	22	88	23	15	24	14	25	54	26	11	27	52	28	86	29	52
	0	83	1	100	2	53	3	71	4	18	5	19	6	76	7	41	8	44	9	69	10	5	11	90	12	97	13	73	14	60	15	40	16	36	17	25	18	77	19	76	20	22	21	97	22	38	23	93	24	9	25	22	26	75	27	68	28	33	29	45
	0	25	1	3	2	96	3	71	4	57	5	45	6	82	7	56	8	20	9	73	10	52	11	11	12	67	13	2	14	6	15	26	16	58	17	62	18	13	19	28	20	53	21	30	22	32	23	31	24	40	25	44	26	96	27	39	28	63	29	6
	0	14	1	15	2	46	3	73	4	24	5	25	6	24	7	83	8	99	9	22	10	31	11	55	12	85	13	23	14	4	15	91	16	30	17	98	18	100	19	27	20	23	21	76	22	49	23	45	24	71	25	36	26	64	27	36	28	56	29	35
	0	8	1	55	2	73	3	89	4	78	5	37	6	30	7	21	8	40	9	46	10	64	11	30	12	62	13	84	14	4	15	44	16	92	17	81	18	77	19	74	20	99	21	36	22	60	23	73	24	70	25	94	26	98	27	56	28	22	29	65
	0	53	1	66	2	86	3	28	4	59	5	59	6	68	7	71	8	88	9	58	10	84	11	73	12	55	13	6	14	33	15	5	16	26	17	1	18	55	19	24	20	90	21	5	22	88	23	94	24	24	25	62	26	21	27	30	28	58	29	52
	0	94	1	79	2	9	3	80	4	16	5	63	6	58	7	82	8	85	9	55	10	77	11	73	12	32	13	78	14	33	15	92	16	36	17	15	18	27	19	9	20	60	21	96	22	44	23	4	24	20	25	2	26	25	27	26	28	100	29	80
	0	79	1	95	2	35	3	76	4	4	5	12	6	65	7	26	8	86	9	78	10	16	11	69	12	85	13	43	14	55	15	52	16	40	17	42	18	35	19	63	20	40	21	74	22	20	23	2	24	48	25	46	26	69	27	69	28	80	29	85
	0	99	1	49	2	71	3	72	4	65	5	5	6	75	7	87	8	42	9	11	10	91	11	31	12	72	13	93	14	8	15	84	16	18	17	64	18	4	19	26	20	61	21	52	22	58	23	90	24	95	25	73	26	41	27	75	28	29	29	100
	0	12	1	99	2	7	3	18	4	25	5	86	6	79	7	69	8	17	9	18	10	5	11	35	12	56	13	89	14	80	15	12	16	49	17	51	18	83	19	57	20	33	21	26	22	18	23	32	24	28	25	41	26	87	27	65	28	98	29	94
	0	14	1	6	2	55	3	69	4	9	5	44	6	17	7	50	8	38	9	19	10	83	11	9	12	56	13	45	14	97	15	65	16	91	17	9	18	19	19	37	20	7	21	53	22	20	23	40	24	78	25	8	26	58	27	98	28	48	29	63
	0	24	1	74	2	59	3	95	4	48	5	33	6	83	7	61	8	7	9	95	10	77	11	62	12	84	13	52	14	40	15	11	16	60	17	36	18	74	19	72	20	38	21	75	22	42	23	48	24	38	25	79	26	87	27	35	28	14	29	24
	0	70	1	77	2	60	3	48	4	18	5	81	6	40	7	67	8	5	9	81	10	35	11	63	12	98	13	53	14	90	15	26	16	51	17	34	18	27	19	41	20	19	21	88	22	32	23	38	24	34	25	17	26	47	27	68	28	56	29	20
	0	16	1	68	2	94	3	43	4	77	5	14	6	68	7	78	8	86	9	88	10	44	11	91	12	24	13	11	14	77	15	100	16	25	17	3	18	25	19	38	20	10	21	85	22	37	23	47	24	36	25	35	26	27	27	11	28	85	29	47
	0	71	1	22	2	46	3	70	4	5	5	26	6	79	7	33	8	3	9	100	10	49	11	53	12	66	13	53	14	83	15	11	16	58	17	63	18	75	19	41	20	46	21	75	22	57	23	38	24	58	25	40	26	93	27	18	28	59	29	56
	0	76	1	68	2	87	3	51	4	43	5	59	6	33	7	15	8	5	9	30	10	39	11	64	12	3	13	55	14	31	15	10	16	99	17	49	18	55	19	52	20	82	21	89	22	42	23	24	24	45	25	31	26	34	27	58	28	53	29	76
	0	62	1	56	2	27	3	100	4	27	5	68	6	1	7	53	8	55	9	27	10	25	11	96	12	12	13	89	14	24	15	28	16	96	17	77	18	47	19	24	20	53	21	30	22	46	23	83	24	86	25	88	26	88	27	62	28	35	29	97
	0	73	1	36	2	65	3	92	4	25	5	24	6	87	7	88	8	75	9	58	10	92	11	4	12	42	13	85	14	80	15	94	16	1	17	45	18	10	19	49	20	80	21	50	22	8	23	10	24	25	25	50	26	97	27	100	28	29	29	91
	0	54	1	52	2	21	3	66	4	93	5	20	6	44	7	36	8	33	9	74	10	77	11	69	12	9	13	18	14	92	15	14	16	18	17	1	18	29	19	18	20	21	21	95	22	37	23	53	24	45	25	59	26	33	27	6	28	40	29	17
	0	46	1	43	2	2	3	20	4	70	5	73	6	64	7	74	8	36	9	45	10	1	11	43	12	76	13	73	14	20	15	63	16	45	17	65	18	24	19	33	20	9	21	98	22	71	23	63	24	39	25	76	26	60	27	94	28	45	29	54
	0	22	1	24	2	50	3	7	4	11	5	100	6	1	7	1	8	93	9	64	10	39	11	75	12	96	13	64	14	99	15	42	16	80	17	63	18	1	19	84	20	16	21	14	22	54	23	74	24	97	25	74	26	90	27	75	28	19	29	83
	0	91	1	88	2	1	3	33	4	83	5	37	6	35	7	93	8	3	9	35	10	89	11	76	12	74	13	63	14	94	15	55	16	32	17	40	18	92	19	68	20	96	21	81	22	30	23	72	24	80	25	75	26	31	27	30	28	75	29	20
	0	59	1	47	2	61	3	91	4	74	5	80	6	22	7	48	8	46	9	100	10	75	11	99	12	59	13	73	14	43	15	63	16	44	17	88	18	16	19	19	20	4	21	52	22	96	23	30	24	26	25	33	26	14	27	70	28	1	29	7
	0	65	1	93	2	88	3	58	4	1	5	33	6	88	7	31	8	74	9	23	10	36	11	25	12	21	13	55	14	1	15	95	16	32	17	38	18	61	19	85	20	54	21	19	22	8	23	20	24	2	25	70	26	81	27	26	28	90	29	66
	0	30	1	57	2	11	3	94	4	81	5	38	6	17	7	77	8	34	9	75	10	83	11	7	12	21	13	73	14	53	15	5	16	12	17	58	18	9	19	70	20	32	21	20	22	4	23	71	24	44	25	99	26	47	27	3	28	94	29	83
	0	50	1	9	2	37	3	9	4	48	5	34	6	86	7	63	8	70	9	71	10	47	11	31	12	21	13	8	14	33	15	50	16	93	17	90	18	83	19	55	20	26	21	53	22	17	23	20	24	81	25	95	26	95	27	45	28	96	29	95
	0	84	1	36	2	42	3	84	4	35	5	71	6	94	7	39	8	22	9	60	10	81	11	55	12	8	13	42	14	97	15	1	16	26	17	66	18	69	19	90	20	1	21	55	22	17	23	94	24	42	25	62	26	60	27	98	28	90	29	42
	0	49	1	76	2	90	3	20	4	26	5	15	6	33	7	24	8	49	9	50	10	77	11	7	12	27	13	55	14	45	15	79	16	50	17	22	18	76	19	29	20	17	21	22	22	46	23	4	24	99	25	16	26	6	27	74	28	74	29	78
	0	2	1	96	2	36	3	40	4	73	5	68	6	65	7	66	8	36	9	28	10	97	11	20	12	8	13	33	14	45	15	89	16	29	17	38	18	52	19	73	20	77	21	50	22	81	23	46	24	97	25	25	26	71	27	54	28	77	29	37
	0	11	1	22	2	52	3	45	4	21	5	47	6	11	7	19	8	33	9	40	10	43	11	18	12	4	13	18	14	45	15	19	16	29	17	64	18	77	19	44	20	11	21	20	22	44	23	44	24	14	25	57	26	25	27	16	28	16	29	60
	0	95	1	83	2	19	3	4	4	5	5	49	6	3	7	19	8	6	9	12	10	11	11	77	12	49	13	8	14	19	15	26	16	86	17	99	18	30	19	73	20	52	21	47	22	63	23	92	24	12	25	24	26	74	27	93	28	97	29	54
	0	99	1	98	2	68	3	96	4	5	5	89	6	70	7	97	8	9	9	43	10	77	11	86	12	86	13	58	14	45	15	84	16	74	17	41	18	2	19	56	20	56	21	1	22	62	23	23	24	81	25	82	26	37	27	5	28	30	29	28
	0	78	1	89	2	69	3	45	4	77	5	10	6	30	7	31	8	3	9	5	10	4	11	68	12	66	13	83	14	56	15	4	16	15	17	14	18	83	19	72	20	31	21	28	22	76	23	21	24	59	25	75	26	67	27	49	28	95	29	7
	0	56	1	76	2	24	3	52	4	57	5	95	6	70	7	13	8	17	9	73	10	5	11	13	12	83	13	10	14	33	15	47	16	25	17	71	18	42	19	39	20	43	21	45	22	84	23	100	24	14	25	95	26	43	27	34	28	60	29	14
	0	83	1	47	2	36	3	91	4	91	5	47	6	76	7	54	8	68	9	43	10	43	11	46	12	22	13	90	14	73	15	48	16	61	17	22	18	5	19	60	20	100	21	77	22	35	23	98	24	41	25	12	26	54	27	75	28	57	29	56
	0	29	1	63	2	16	3	47	4	61	5	65	6	25	7	55	8	23	9	43	10	62	11	89	12	46	13	71	14	46	15	31	16	36	17	24	18	50	19	55	20	15	21	5	22	63	23	24	24	23	25	84	26	53	27	56	28	35	29	1
	0	91	1	24	2	76	3	46	4	33	5	29	6	30	7	29	8	73	9	36	10	77	11	95	12	12	13	93	14	20	15	58	16	13	17	56	18	67	19	45	20	24	21	95	22	84	23	83	24	96	25	51	26	50	27	69	28	40	29	72
	0	55	1	2	2	78	3	48	4	36	5	77	6	90	7	17	8	48	9	54	10	72	11	25	12	1	13	61	14	50	15	48	16	17	17	6	18	6	19	15	20	90	21	83	22	24	23	90	24	47	25	9	26	61	27	7	28	48	29	34
	0	94	1	55	2	72	3	97	4	98	5	63	6	78	7	34	8	64	9	35	10	31	11	48	12	59	13	32	14	40	15	2	16	77	17	98	18	48	19	3	20	51	21	80	22	67	23	73	24	13	25	92	26	47	27	38	28	17	29	16
	0	26	1	74	2	76	3	50	4	99	5	93	6	77	7	32	8	3	9	59	10	55	11	11	12	1	13	61	14	62	15	46	16	21	17	96	18	64	19	40	20	80	21	25	22	22	23	54	24	88	25	13	26	75	27	53	28	35	29	61
	0	15	1	80	2	79	3	98	4	19	5	54	6	8	7	87	8	85	9	45	10	44	11	58	12	79	13	74	14	88	15	80	16	8	17	32	18	56	19	33	20	53	21	21	22	39	23	40	24	36	25	63	26	81	27	66	28	12	29	28
	0	70	1	11	2	5	3	76	4	84	5	28	6	24	7	15	8	29	9	64	10	37	11	17	12	68	13	1	14	76	15	54	16	29	17	32	18	18	19	31	20	37	21	19	22	58	23	41	24	9	25	1	26	57	27	62	28	1	29	61
	0	48	1	73	2	19	3	59	4	28	5	59	6	1	7	2	8	65	9	33	10	49	11	99	12	94	13	91	14	74	15	23	16	4	17	81	18	71	19	83	20	6	21	60	22	42	23	72	24	60	25	49	26	30	27	54	28	93	29	31
	0	41	1	88	2	28	3	45	4	57	5	16	6	25	7	61	8	74	9	71	10	83	11	60	12	13	13	56	14	63	15	36	16	94	17	22	18	42	19	90	20	66	21	37	22	85	23	14	24	29	25	26	26	13	27	49	28	3	29	32
	0	99	1	78	2	24	3	2	4	16	5	2	6	66	7	31	8	29	9	88	10	26	11	99	12	91	13	100	14	24	15	88	16	96	17	46	18	94	19	60	20	90	21	15	22	76	23	37	24	62	25	64	26	40	27	28	28	39	29	94
	0	84	1	56	2	73	3	36	4	6	5	23	6	95	7	7	8	35	9	92	10	70	11	26	12	67	13	67	14	75	15	5	16	43	17	36	18	88	19	45	20	70	21	63	22	68	23	93	24	70	25	68	26	38	27	57	28	99	29	38
	0	33	1	90	2	87	3	39	4	60	5	66	6	76	7	35	8	72	9	20	10	64	11	26	12	71	13	33	14	88	15	67	16	86	17	84	18	90	19	32	20	83	21	81	22	55	23	23	24	15	25	60	26	25	27	51	28	10	29	17
	0	16	1	33	2	58	3	94	4	86	5	81	6	50	7	55	8	56	9	85	10	71	11	5	12	57	13	1	14	53	15	49	16	63	17	7	18	49	19	94	20	40	21	96	22	68	23	29	24	10	25	94	26	93	27	58	28	26	29	47
	0	72	1	45	2	78	3	1	4	49	5	15	6	11	7	71	8	79	9	16	10	1	11	85	12	38	13	28	14	29	15	21	16	32	17	87	18	48	19	8	20	59	21	43	22	27	23	35	24	76	25	91	26	33	27	94	28	81	29	26
	0	65	1	56	2	11	3	18	4	61	5	46	6	10	7	11	8	50	9	89	10	26	11	89	12	100	13	9	14	38	15	55	16	1	17	31	18	18	19	36	20	83	21	5	22	80	23	93	24	44	25	50	26	85	27	95	28	53	29	7
	0	81	1	7	2	42	3	17	4	10	5	89	6	20	7	86	8	15	9	96	10	49	11	1	12	18	13	40	14	71	15	99	16	59	17	55	18	1	19	16	20	16	21	65	22	91	23	48	24	47	25	57	26	41	27	27	28	18	29	95
	0	30	1	78	2	14	3	46	4	66	5	8	6	49	7	90	8	94	9	51	10	11	11	33	12	11	13	64	14	25	15	63	16	69	17	58	18	6	19	97	20	68	21	97	22	28	23	17	24	77	25	100	26	66	27	98	28	26	29	41
	0	45	1	74	2	61	3	20	4	22	5	88	6	53	7	48	8	100	9	26	10	4	11	88	12	12	13	36	14	100	15	24	16	65	17	78	18	80	19	54	20	6	21	54	22	46	23	36	24	51	25	11	26	28	27	40	28	12	29	33
	0	64	1	59	2	79	3	40	4	72	5	5	6	67	7	81	8	25	9	91	10	33	11	81	12	55	13	57	14	5	15	72	16	33	17	17	18	99	19	31	20	22	21	18	22	6	23	97	24	87	25	35	26	76	27	45	28	16	29	58
	0	31	1	27	2	78	3	35	4	79	5	26	6	23	7	75	8	31	9	72	10	16	11	33	12	12	13	15	14	34	15	30	16	45	17	58	18	89	19	65	20	33	21	94	22	47	23	47	24	74	25	3	26	53	27	33	28	91	29	92
	0	94	1	61	2	39	3	1	4	50	5	13	6	51	7	94	8	9	9	31	10	16	11	13	12	64	13	10	14	98	15	65	16	11	17	96	18	58	19	65	20	3	21	83	22	21	23	68	24	40	25	100	26	98	27	46	28	11	29	10
	0	77	1	1	2	99	3	69	4	23	5	24	6	18	7	24	8	45	9	32	10	54	11	41	12	45	13	56	14	17	15	94	16	46	17	43	18	40	19	56	20	43	21	12	22	66	23	71	24	60	25	77	26	17	27	2	28	85	29	5
	0	37	1	83	2	14	3	99	4	50	5	15	6	40	7	18	8	80	9	90	10	55	11	55	12	17	13	36	14	62	15	53	16	29	17	98	18	5	19	39	20	54	21	27	22	64	23	74	24	31	25	21	26	92	27	75	28	30	29	41
	0	63	1	58	2	16	3	9	4	73	5	89	6	49	7	46	8	16	9	57	10	91	11	23	12	23	13	1	14	91	15	10	16	31	17	61	18	63	19	74	20	21	21	21	22	74	23	38	24	61	25	74	26	5	27	14	28	7	29	41
	0	61	1	69	2	83	3	87	4	39	5	85	6	23	7	50	8	81	9	26	10	50	11	65	12	61	13	21	14	34	15	40	16	99	17	24	18	34	19	36	20	91	21	12	22	37	23	29	24	1	25	34	26	40	27	88	28	55	29	18
	0	39	1	80	2	26	3	3	4	12	5	75	6	6	7	46	8	28	9	38	10	14	11	31	12	10	13	19	14	63	15	74	16	21	17	66	18	98	19	1	20	76	21	35	22	90	23	42	24	87	25	84	26	18	27	73	28	80	29	43
	0	6	1	92	2	65	3	24	4	73	5	23	6	39	7	4	8	24	9	65	10	47	11	87	12	98	13	49	14	32	15	48	16	23	17	59	18	58	19	97	20	79	21	28	22	82	23	19	24	46	25	33	26	4	27	81	28	93	29	26
	0	28	1	19	2	38	3	83	4	10	5	33	6	84	7	73	8	75	9	61	10	9	11	58	12	34	13	4	14	66	15	87	16	27	17	31	18	28	19	43	20	69	21	83	22	64	23	56	24	96	25	49	26	55	27	93	28	15	29	93
	0	75	1	80	2	4	3	44	4	92	5	27	6	44	7	92	8	72	9	61	10	50	11	33	12	82	13	75	14	40	15	76	16	35	17	61	18	72	19	98	20	22	21	82	22	20	23	95	24	9	25	1	26	84	27	88	28	17	29	69
	0	41	1	69	2	96	3	35	4	96	5	3	6	66	7	51	8	81	9	12	10	86	11	61	12	13	13	8	14	76	15	9	16	8	17	65	18	4	19	4	20	16	21	34	22	5	23	21	24	25	25	35	26	2	27	43	28	30	29	100
	0	42	1	47	2	1	3	34	4	73	5	6	6	64	7	28	8	15	9	68	10	83	11	32	12	5	13	9	14	34	15	76	16	28	17	90	18	79	19	11	20	54	21	62	22	80	23	72	24	38	25	95	26	40	27	30	28	65	29	25
	0	41	1	51	2	49	3	51	4	8	5	91	6	4	7	20	8	36	9	4	10	51	11	82	12	53	13	17	14	41	15	5	16	6	17	30	18	86	19	88	20	89	21	27	22	51	23	97	24	52	25	99	26	37	27	26	28	69	29	31
	0	51	1	55	2	43	3	9	4	61	5	47	6	70	7	18	8	68	9	21	10	14	11	68	12	47	13	86	14	44	15	58	16	40	17	15	18	39	19	63	20	3	21	10	22	68	23	7	24	40	25	82	26	93	27	51	28	77	29	26
	0	61	1	21	2	48	3	5	4	81	5	43	6	13	7	37	8	89	9	71	10	31	11	66	12	66	13	8	14	31	15	61	16	51	17	75	18	80	19	67	20	65	21	70	22	41	23	6	24	44	25	19	26	54	27	6	28	33	29	18
	0	91	1	97	2	9	3	4	4	74	5	10	6	23	7	24	8	46	9	63	10	66	11	82	12	39	13	23	14	34	15	65	16	89	17	79	18	16	19	11	20	72	21	53	22	35	23	46	24	70	25	62	26	36	27	8	28	4	29	71
	0	72	1	40	2	70	3	30	4	53	5	13	6	84	7	70	8	55	9	24	10	7	11	8	12	94	13	58	14	21	15	79	16	28	17	29	18	67	19	99	20	25	21	37	22	60	23	32	24	22	25	91	26	69	27	3	28	63	29	95
	0	86	1	95	2	82	3	10	4	62	5	2	6	77	7	9	8	61	9	50	10	84	11	17	12	54	13	91	14	63	15	84	16	89	17	32	18	29	19	44	20	65	21	70	22	11	23	52	24	21	25	23	26	17	27	3	28	21	29	95
	0	36	1	80	2	80	3	8	4	3	5	71	6	74	7	84	8	10	9	78	10	24	11	77	12	39	13	77	14	52	15	71	16	58	17	23	18	39	19	94	20	90	21	3	22	46	23	29	24	51	25	81	26	65	27	12	28	34	29	84
	0	22	1	42	2	63	3	36	4	46	5	55	6	48	7	19	8	68	9	32	10	27	11	32	12	24	13	44	14	67	15	83	16	71	17	48	18	59	19	12	20	48	21	93	22	30	23	54	24	25	25	6	26	67	27	73	28	33	29	49
	0	6	1	37	2	71	3	87	4	46	5	15	6	29	7	94	8	98	9	100	10	67	11	93	12	50	13	10	14	44	15	6	16	37	17	12	18	93	19	59	20	40	21	67	22	78	23	70	24	44	25	94	26	80	27	14	28	28	29	7
	0	100	1	45	2	86	3	66	4	78	5	11	6	84	7	45	8	56	9	100	10	6	11	13	12	51	13	3	14	43	15	78	16	2	17	85	18	36	19	45	20	5	21	80	22	74	23	77	24	71	25	78	26	92	27	71	28	43	29	59
	0	46	1	86	2	76	3	79	4	47	5	77	6	60	7	36	8	71	9	31	10	37	11	57	12	93	13	8	14	58	15	86	16	18	17	29	18	46	19	63	20	74	21	63	22	3	23	27	24	25	25	11	26	54	27	89	28	7	29	87
	0	7	1	36	2	82	3	41	4	100	5	92	6	85	7	76	8	40	9	23	10	93	11	53	12	65	13	69	14	53	15	87	16	81	17	56	18	30	19	82	20	59	21	89	22	80	23	50	24	90	25	56	26	56	27	14	28	35	29	83
	0	93	1	95	2	19	3	28	4	38	5	30	6	46	7	89	8	12	9	74	10	52	11	70	12	37	13	69	14	15	15	49	16	49	17	2	18	75	19	16	20	82	21	81	22	55	23	77	24	3	25	90	26	77	27	59	28	23	29	5
	0	8	1	60	2	23	3	97	4	87	5	8	6	63	7	37	8	20	9	39	10	64	11	81	12	35	13	15	14	81	15	13	16	45	17	28	18	14	19	58	20	50	21	58	22	21	23	100	24	83	25	1	26	13	27	69	28	84	29	70
	0	77	1	83	2	47	3	29	4	40	5	49	6	77	7	35	8	53	9	70	10	62	11	76	12	95	13	8	14	38	15	38	16	99	17	97	18	97	19	48	20	52	21	12	22	75	23	63	24	38	25	36	26	22	27	4	28	100	29	76
	0	38	1	61	2	68	3	22	4	8	5	17	6	58	7	59	8	10	9	62	10	47	11	69	12	44	13	98	14	81	15	70	16	17	17	53	18	62	19	6	20	94	21	66	22	38	23	71	24	76	25	100	26	71	27	15	28	88	29	88
	0	75	1	99	2	73	3	42	4	36	5	71	6	34	7	62	8	62	9	85	10	66	11	28	12	31	13	95	14	70	15	65	16	18	17	81	18	34	19	16	20	35	21	6	22	44	23	55	24	14	25	95	26	38	27	29	28	3	29	89
	0	25	1	24	2	68	3	31	4	31	5	64	6	19	7	60	8	46	9	18	10	6	11	38	12	85	13	61	14	34	15	39	16	78	17	5	18	20	19	59	20	62	21	23	22	79	23	36	24	35	25	98	26	97	27	94	28	4	29	98
	0	62	1	36	2	12	3	43	4	30	5	63	6	63	7	17	8	52	9	90	10	50	11	53	12	14	13	78	14	62	15	79	16	33	17	18	18	38	19	6	20	25	21	21	22	79	23	6	24	49	25	14	26	41	27	97	28	71	29	31
	0	71	1	44	2	22	3	60	4	62	5	43	6	32	7	89	8	28	9	27	10	63	11	42	12	37	13	47	14	83	15	19	16	51	17	88	18	49	19	74	20	55	21	23	22	89	23	89	24	73	25	38	26	96	27	33	28	16	29	64
	0	91	1	21	2	100	3	94	4	1	5	94	6	20	7	84	8	67	9	6	10	91	11	63	12	75	13	73	14	76	15	97	16	77	17	26	18	64	19	85	20	49	21	78	22	63	23	73	24	88	25	82	26	38	27	32	28	68	29	63
	0	99	1	28	2	83	3	28	4	5	5	62	6	64	7	95	8	62	9	91	10	46	11	10	12	25	13	30	14	8	15	17	16	24	17	13	18	32	19	15	20	69	21	54	22	43	23	25	24	32	25	37	26	20	27	25	28	78	29	38
	0	6	1	51	2	11	3	29	4	43	5	70	6	59	7	54	8	20	9	48	10	99	11	53	12	1	13	100	14	13	15	75	16	75	17	83	18	16	19	17	20	54	21	55	22	96	23	69	24	89	25	39	26	63	27	63	28	2	29	41
	0	2	1	46	2	47	3	20	4	54	5	24	6	38	7	15	8	94	9	62	10	23	11	64	12	74	13	23	14	85	15	77	16	44	17	81	18	88	19	58	20	73	21	48	22	21	23	65	24	27	25	93	26	90	27	69	28	92	29	60
	0	73	1	57	2	30	3	84	4	23	5	70	6	16	7	82	8	3	9	85	10	98	11	69	12	74	13	80	14	63	15	19	16	71	17	43	18	15	19	73	20	51	21	5	22	98	23	57	24	77	25	15	26	7	27	79	28	93	29	91
	0	84	1	3	2	88	3	1	4	86	5	22	6	63	7	77	8	66	9	87	10	46	11	50	12	19	13	46	14	18	15	61	16	75	17	21	18	52	19	1	20	31	21	12	22	65	23	64	24	76	25	11	26	41	27	30	28	36	29	67
	0	92	1	7	2	41	3	28	4	29	5	2	6	6	7	67	8	90	9	95	10	56	11	37	12	44	13	35	14	62	15	55	16	46	17	98	18	51	19	74	20	42	21	56	22	5	23	1	24	24	25	50	26	76	27	89	28	100	29	81
	0	73	1	87	2	24	3	47	4	96	5	40	6	92	7	91	8	30	9	63	10	21	11	52	12	20	13	45	14	44	15	13	16	88	17	45	18	94	19	8	20	65	21	88	22	74	23	15	24	57	25	79	26	21	27	57	28	50	29	85
	0	11	1	97	2	34	3	59	4	73	5	66	6	13	7	3	8	97	9	100	10	8	11	97	12	71	13	54	14	77	15	36	16	64	17	13	18	17	19	54	20	42	21	34	22	26	23	36	24	2	25	85	26	17	27	28	28	42	29	54
	0	31	1	9	2	3	3	53	4	92	5	91	6	68	7	46	8	92	9	49	10	83	11	63	12	98	13	93	14	48	15	85	16	27	17	50	18	92	19	11	20	29	21	11	22	18	23	49	24	72	25	56	26	2	27	78	28	19	29	65
	0	68	1	87	2	36	3	80	4	74	5	79	6	81	7	81	8	83	9	97	10	65	11	71	12	10	13	16	14	65	15	14	16	58	17	3	18	53	19	42	20	87	21	38	22	58	23	33	24	93	25	47	26	77	27	49	28	67	29	4
	0	10	1	49	2	76	3	78	4	65	5	37	6	91	7	55	8	90	9	14	10	38	11	53	12	94	13	29	14	58	15	96	16	82	17	63	18	99	19	45	20	22	21	79	22	78	23	75	24	99	25	25	26	85	27	54	28	46	29	80
	0	13	1	75	2	39	3	77	4	39	5	26	6	1	7	29	8	95	9	14	10	67	11	66	12	98	13	76	14	78	15	45	16	27	17	41	18	30	19	81	20	66	21	22	22	82	23	45	24	63	25	54	26	3	27	82	28	57	29	19
	0	18	1	80	2	75	3	7	4	67	5	84	6	24	7	7	8	9	9	21	10	95	11	38	12	16	13	2	14	73	15	55	16	46	17	4	18	37	19	92	20	96	21	49	22	50	23	23	24	65	25	35	26	12	27	60	28	79	29	88
	0	15	1	19	2	63	3	41	4	10	5	16	6	62	7	45	8	94	9	73	10	37	11	90	12	69	13	63	14	1	15	76	16	19	17	5	18	60	19	59	20	30	21	91	22	78	23	86	24	37	25	14	26	86	27	60	28	65	29	29
	0	95	1	17	2	14	3	58	4	86	5	21	6	92	7	18	8	98	9	76	10	8	11	52	12	17	13	30	14	68	15	76	16	44	17	29	18	36	19	68	20	17	21	24	22	66	23	80	24	81	25	52	26	7	27	37	28	43	29	44
	0	31	1	49	2	75	3	31	4	51	5	65	6	24	7	43	8	18	9	33	10	60	11	29	12	19	13	51	14	61	15	47	16	12	17	15	18	22	19	94	20	70	21	11	22	44	23	77	24	27	25	5	26	15	27	43	28	36	29	10
	0	15	1	26	2	91	3	57	4	2	5	81	6	71	7	96	8	47	9	91	10	5	11	83	12	37	13	95	14	76	15	50	16	67	17	61	18	91	19	69	20	74	21	92	22	13	23	30	24	3	25	62	26	15	27	12	28	1	29	96
	0	97	1	28	2	65	3	59	4	96	5	46	6	16	7	7	8	62	9	35	10	56	11	17	12	90	13	88	14	29	15	8	16	22	17	9	18	14	19	7	20	67	21	81	22	92	23	32	24	2	25	45	26	87	27	85	28	52	29	49
	0	66	1	88	2	55	3	63	4	40	5	10	6	65	7	57	8	17	9	39	10	59	11	92	12	87	13	33	14	30	15	73	16	42	17	36	18	98	19	61	20	64	21	35	22	69	23	43	24	30	25	14	26	19	27	4	28	23	29	17
	0	80	1	67	2	46	3	34	4	73	5	64	6	67	7	58	8	92	9	84	10	60	11	95	12	42	13	1	14	9	15	19	16	3	17	63	18	91	19	90	20	39	21	19	22	62	23	6	24	1	25	99	26	97	27	24	28	90	29	83
	0	71	1	94	2	63	3	15	4	85	5	87	6	9	7	54	8	59	9	99	10	37	11	72	12	59	13	83	14	36	15	27	16	21	17	15	18	6	19	86	20	98	21	19	22	73	23	71	24	37	25	97	26	33	27	46	28	62	29	41
	0	90	1	81	2	23	3	14	4	82	5	47	6	33	7	40	8	15	9	36	10	10	11	42	12	32	13	18	14	86	15	99	16	11	17	58	18	59	19	28	20	59	21	69	22	92	23	8	24	28	25	81	26	99	27	100	28	7	29	32
	0	49	1	31	2	35	3	27	4	3	5	41	6	42	7	17	8	49	9	26	10	39	11	88	12	97	13	10	14	79	15	71	16	71	17	29	18	83	19	10	20	88	21	28	22	98	23	43	24	13	25	86	26	23	27	90	28	41	29	20
	0	36	1	55	2	44	3	48	4	89	5	74	6	71	7	2	8	66	9	81	10	100	11	15	12	25	13	63	14	79	15	39	16	51	17	30	18	1	19	47	20	13	21	25	22	8	23	50	24	83	25	39	26	4	27	18	28	75	29	17
	0	39	1	75	2	3	3	66	4	86	5	37	6	61	7	3	8	16	9	88	10	99	11	96	12	61	13	19	14	11	15	93	16	99	17	81	18	91	19	48	20	22	21	18	22	6	23	73	24	50	25	92	26	94	27	91	28	20	29	9
	0	95	1	55	2	54	3	98	4	59	5	68	6	76	7	31	8	4	9	22	10	63	11	54	12	3	13	21	14	14	15	86	16	32	17	85	18	84	19	100	20	11	21	26	22	35	23	94	24	15	25	49	26	81	27	17	28	29	29	33
	0	23	1	2	2	89	3	76	4	26	5	37	6	30	7	15	8	70	9	52	10	19	11	63	12	68	13	21	14	65	15	17	16	49	17	4	18	16	19	24	20	40	21	77	22	96	23	20	24	4	25	17	26	37	27	75	28	97	29	49
	0	9	1	2	2	80	3	80	4	61	5	27	6	80	7	53	8	8	9	12	10	83	11	12	12	49	13	88	14	19	15	71	16	88	17	47	18	63	19	2	20	89	21	71	22	60	23	4	24	99	25	37	26	45	27	18	28	13	29	99
	0	30	1	82	2	74	3	35	4	70	5	67	6	6	7	31	8	25	9	21	10	57	11	15	12	87	13	12	14	85	15	84	16	39	17	52	18	99	19	72	20	64	21	45	22	70	23	62	24	18	25	89	26	43	27	33	28	35	29	16
	0	32	1	97	2	42	3	68	4	83	5	73	6	76	7	21	8	17	9	90	10	50	11	31	12	11	13	35	14	13	15	40	16	60	17	63	18	84	19	75	20	43	21	59	22	65	23	39	24	75	25	11	26	69	27	53	28	24	29	19
	0	10	1	22	2	26	3	70	4	30	5	26	6	18	7	55	8	91	9	44	10	84	11	81	12	29	13	85	14	75	15	30	16	49	17	76	18	58	19	66	20	39	21	17	22	85	23	75	24	86	25	29	26	14	27	10	28	55	29	31
	0	6	1	54	2	60	3	33	4	73	5	48	6	24	7	39	8	79	9	25	10	16	11	75	12	88	13	57	14	17	15	2	16	24	17	12	18	42	19	87	20	2	21	59	22	26	23	17	24	12	25	88	26	57	27	98	28	93	29	24
	0	96	1	72	2	24	3	53	4	36	5	37	6	97	7	84	8	84	9	55	10	89	11	26	12	59	13	92	14	8	15	49	16	53	17	13	18	3	19	46	20	94	21	30	22	63	23	36	24	99	25	79	26	30	27	68	28	16	29	70
	0	14	1	98	2	99	3	42	4	83	5	78	6	46	7	9	8	67	9	60	10	5	11	83	12	88	13	5	14	35	15	12	16	18	17	63	18	60	19	64	20	27	21	44	22	69	23	51	24	60	25	16	26	42	27	70	28	66	29	85
	0	7	1	5	2	72	3	51	4	51	5	16	6	59	7	45	8	55	9	15	10	96	11	84	12	16	13	99	14	38	15	8	16	69	17	91	18	88	19	83	20	41	21	13	22	82	23	75	24	84	25	84	26	53	27	46	28	76	29	24
	0	67	1	15	2	82	3	5	4	60	5	81	6	23	7	88	8	98	9	22	10	87	11	9	12	45	13	90	14	76	15	41	16	23	17	85	18	92	19	25	20	82	21	68	22	84	23	36	24	25	25	56	26	18	27	53	28	49	29	98
	0	51	1	34	2	1	3	30	4	3	5	10	6	65	7	60	8	69	9	61	10	16	11	27	12	22	13	35	14	17	15	41	16	78	17	13	18	43	19	85	20	43	21	49	22	59	23	56	24	58	25	19	26	81	27	56	28	5	29	72
	0	100	1	72	2	52	3	62	4	55	5	7	6	37	7	99	8	69	9	38	10	26	11	58	12	100	13	30	14	100	15	25	16	63	17	23	18	49	19	82	20	23	21	61	22	70	23	35	24	75	25	59	26	17	27	65	28	47	29	97
	0	39	1	43	2	5	3	94	4	97	5	32	6	37	7	24	8	61	9	90	10	50	11	42	12	12	13	10	14	7	15	54	16	18	17	2	18	78	19	51	20	47	21	78	22	6	23	67	24	27	25	97	26	80	27	68	28	96	29	89
	0	91	1	51	2	70	3	55	4	6	5	16	6	36	7	32	8	76	9	59	10	58	11	39	12	82	13	74	14	29	15	66	16	63	17	72	18	30	19	74	20	3	21	65	22	63	23	98	24	54	25	57	26	78	27	86	28	20	29	47
	0	14	1	21	2	50	3	42	4	7	5	91	6	92	7	17	8	51	9	14	10	21	11	95	12	21	13	44	14	31	15	14	16	64	17	89	18	66	19	9	20	49	21	43	22	24	23	33	24	22	25	100	26	53	27	87	28	93	29	93
	0	37	1	40	2	72	3	6	4	31	5	46	6	15	7	18	8	97	9	4	10	59	11	95	12	40	13	14	14	48	15	38	16	64	17	19	18	82	19	54	20	85	21	41	22	44	23	97	24	72	25	49	26	81	27	7	28	5	29	17
	0	51	1	48	2	65	3	67	4	54	5	2	6	12	7	91	8	20	9	96	10	98	11	7	12	8	13	54	14	22	15	98	16	48	17	98	18	37	19	20	20	36	21	51	22	57	23	96	24	44	25	14	26	24	27	33	28	30	29	8
	0	35	1	6	2	37	3	19	4	37	5	23	6	28	7	80	8	42	9	55	10	3	11	71	12	21	13	87	14	79	15	37	16	78	17	34	18	35	19	36	20	6	21	26	22	57	23	85	24	90	25	55	26	36	27	60	28	2	29	32
	0	93	1	52	2	89	3	15	4	46	5	14	6	81	7	80	8	42	9	27	10	39	11	69	12	4	13	81	14	36	15	28	16	87	17	51	18	36	19	10	20	32	21	3	22	20	23	25	24	63	25	73	26	64	27	48	28	61	29	92
	0	72	1	21	2	23	3	57	4	31	5	7	6	80	7	81	8	18	9	88	10	30	11	43	12	93	13	15	14	21	15	49	16	56	17	42	18	78	19	69	20	49	21	12	22	71	23	93	24	24	25	77	26	52	27	49	28	27	29	58
Reldue
-1	6344	-1	1
-1	9029	-1	1
-1	8473	-1	1
-1	12919	-1	1
-1	5252	-1	1
-1	4463	-1	1
-1	8397	-1	1
-1	8334	-1	1
-1	8578	-1	1
-1	4713	-1	1
-1	10014	-1	1
-1	10591	-1	1
-1	4867	-1	1
-1	8052	-1	1
-1	9657	-1	1
-1	6595	-1	1
-1	5025	-1	1
-1	12355	-1	1
-1	7988	-1	1
-1	10252	-1	1
-1	7171	-1	1
-1	6825	-1	1
-1	11711	-1	1
-1	7199	-1	1
-1	12125	-1	1
-1	7434	-1	1
-1	9479	-1	1
-1	6186	-1	1
-1	4846	-1	1
-1	9386	-1	1
-1	12968	-1	1
-1	6055	-1	1
-1	11328	-1	1
-1	11389	-1	1
-1	11869	-1	1
-1	12360	-1	1
-1	10976	-1	1
-1	6870	-1	1
-1	7956	-1	1
-1	12953	-1	1
-1	10369	-1	1
-1	5266	-1	1
-1	7528	-1	1
-1	7308	-1	1
-1	10405	-1	1
-1	9067	-1	1
-1	10831	-1	1
-1	11990	-1	1
-1	11277	-1	1
-1	5398	-1	1
-1	13046	-1	1
-1	10487	-1	1
-1	9846	-1	1
-1	6901	-1	1
-1	7426	-1	1
-1	9837	-1	1
-1	7289	-1	1
-1	13060	-1	1
-1	9556	-1	1
-1	10798	-1	1
-1	12152	-1	1
-1	9643	-1	1
-1	10392	-1	1
-1	5986	-1	1
-1	8671	-1	1
-1	12683	-1	1
-1	12333	-1	1
-1	9115	-1	1
-1	10777	-1	1
-1	8482	-1	1
-1	7980	-1	1
-1	7192	-1	1
-1	10181	-1	1
-1	9881	-1	1
-1	7841	-1	1
-1	9002	-1	1
-1	4420	-1	1
-1	6101	-1	1
-1	7179	-1	1
-1	7547	-1	1
-1	4893	-1	1
-1	4573	-1	1
-1	11337	-1	1
-1	7959	-1	1
-1	5668	-1	1
-1	7524	-1	1
-1	5406	-1	1
-1	12732	-1	1
-1	9473	-1	1
-1	12644	-1	1
-1	9366	-1	1
-1	6687	-1	1
-1	8724	-1	1
-1	7142	-1	1
-1	12922	-1	1
-1	12458	-1	1
-1	4915	-1	1
-1	5248	-1	1
-1	5367	-1	1
-1	10155	-1	1
-1	12236	-1	1
-1	6835	-1	1
-1	12513	-1	1
-1	5813	-1	1
-1	10909	-1	1
-1	10112	-1	1
-1	11266	-1	1
-1	11766	-1	1
-1	9936	-1	1
-1	12816	-1	1
-1	4823	-1	1
-1	9696	-1	1
-1	5843	-1	1
-1	8285	-1	1
-1	11252	-1	1
-1	12980	-1	1
-1	10193	-1	1
-1	11207	-1	1
-1	8400	-1	1
-1	6711	-1	1
-1	6637	-1	1
-1	10353	-1	1
-1	11197	-1	1
-1	8565	-1	1
-1	5927	-1	1
-1	9612	-1	1
-1	5745	-1	1
-1	7062	-1	1
-1	11645	-1	1
-1	6650	-1	1
-1	7885	-1	1
-1	7312	-1	1
-1	8341	-1	1
-1	5055	-1	1
-1	9915	-1	1
-1	6257	-1	1
-1	7397	-1	1
-1	9648	-1	1
-1	8973	-1	1
-1	9651	-1	1
-1	4838	-1	1
-1	9190	-1	1
-1	7295	-1	1
-1	4459	-1	1
-1	12966	-1	1
-1	5256	-1	1
-1	7680	-1	1
-1	11996	-1	1
-1	6933	-1	1
-1	8599	-1	1
-1	12200	-1	1
-1	8924	-1	1
-1	4878	-1	1
-1	5036	-1	1
-1	8200	-1	1
-1	11641	-1	1
-1	4898	-1	1
-1	8555	-1	1
-1	6374	-1	1
-1	10797	-1	1
-1	10583	-1	1
-1	7316	-1	1
-1	5844	-1	1
-1	12196	-1	1
-1	12401	-1	1
-1	11862	-1	1
-1	7776	-1	1
-1	6103	-1	1
-1	12631	-1	1
-1	6860	-1	1
-1	9184	-1	1
-1	12116	-1	1
-1	9151	-1	1
-1	11338	-1	1
-1	6809	-1	1
-1	8540	-1	1
-1	12684	-1	1
-1	9439	-1	1
-1	8194	-1	1
-1	11228	-1	1
-1	8446	-1	1
-1	4668	-1	1
-1	5643	-1	1
-1	10469	-1	1
-1	10975	-1	1
-1	7677	-1	1
-1	10572	-1	1
-1	9077	-1	1
-1	5274	-1	1
-1	5427	-1	1
-1	12270	-1	1
-1	5525	-1	1
-1	5950	-1	1
-1	5446	-1	1
-1	6611	-1	1
-1	12548	-1	1
-1	5676	-1	1
-1	6652	-1	1
-1	6729	-1	1
-1	11793	-1	1
-1	5365	-1	1
-1	12256	-1	1
-1	10981	-1	1
-1	9121	-1	1
-1	6487	-1	1
-1	10423	-1	1
-1	10442	-1	1
-1	8234	-1	1
-1	5199	-1	1
-1	7646	-1	1
-1	6863	-1	1
-1	10488	-1	1
-1	12698	-1	1
-1	9974	-1	1
-1	5525	-1	1
-1	11312	-1	1
-1	6207	-1	1
-1	6488	-1	1
-1	10644	-1	1
-1	9447	-1	1
-1	5190	-1	1
-1	11639	-1	1
-1	9578	-1	1
-1	12519	-1	1
-1	7015	-1	1
-1	7014	-1	1
-1	12781	-1	1
-1	7158	-1	1
-1	7202	-1	1
-1	9327	-1	1
-1	9181	-1	1
-1	12451	-1	1
-1	8675	-1	1
-1	4842	-1	1
-1	13037	-1	1
-1	6033	-1	1
-1	5144	-1	1
-1	7558	-1	1
-1	5223	-1	1
-1	11788	-1	1
-1	4483	-1	1
-1	11920	-1	1
-1	10442	-1	1
-1	11906	-1	1
-1	11791	-1	1
-1	5755	-1	1
-1	12956	-1	1
-1	11554	-1	1
-1	7443	-1	1
-1	10546	-1	1
LBCmax: 14544
